0,319.13,1702,764,10.16,70.38,0,44.07,17.05.2024 11:00:01
0,320.63,1710,764,10.16,70.38,0,44.86,17.05.2024 11:00:03
0,323.44,1725,764,10.14,70.36,0,46.44,17.05.2024 11:00:06
0,318.19,1697,764,10.17,70.37,0,43.55,17.05.2024 11:00:08
0,325.13,1734,764,10.13,70.40,0,47.38,17.05.2024 11:00:10
0,318.75,1700,765,10.14,70.38,0,43.91,17.05.2024 11:00:12
0,321.94,1717,764,10.16,70.38,0,45.57,17.05.2024 11:00:14
0,325.50,1736,765,10.16,70.42,0,47.50,17.05.2024 11:00:16
0,322.50,1720,764,10.16,70.43,0,45.85,17.05.2024 11:00:18
0,320.44,1709,764,10.16,70.40,0,44.76,17.05.2024 11:00:20
0,324.19,1729,765,10.16,70.42,0,46.78,17.05.2024 11:00:23
0,317.63,1694,765,10.14,70.39,0,43.32,17.05.2024 11:00:25
0,318.19,1697,765,10.16,70.39,0,43.57,17.05.2024 11:00:27
0,315.00,1680,765,10.16,70.40,0,41.92,17.05.2024 11:00:29
0,319.88,1706,765,10.14,70.41,0,44.49,17.05.2024 11:00:31
0,322.50,1720,766,10.14,70.39,0,45.91,17.05.2024 11:00:33
0,321.94,1717,766,10.14,70.37,0,45.62,17.05.2024 11:00:36
0,319.88,1706,766,10.16,70.39,0,44.46,17.05.2024 11:00:38
0,320.06,1707,766,10.14,70.39,0,44.60,17.05.2024 11:00:40
0,321.38,1714,765,10.16,70.41,0,45.25,17.05.2024 11:00:42
0,321.56,1715,765,10.16,70.41,0,45.35,17.05.2024 11:00:44
0,319.50,1704,765,10.14,70.39,0,44.30,17.05.2024 11:00:46
0,320.44,1709,765,10.13,70.40,0,44.83,17.05.2024 11:00:49
0,322.50,1720,765,10.17,70.42,0,45.82,17.05.2024 11:00:51
0,321.75,1716,765,10.16,70.38,0,45.47,17.05.2024 11:00:53
0,318.75,1700,766,10.16,70.41,0,43.86,17.05.2024 11:00:55
0,323.06,1723,766,10.16,70.42,0,46.16,17.05.2024 11:00:57
0,321.00,1712,766,10.16,70.40,0,45.06,17.05.2024 11:00:59
0,318.75,1700,766,10.16,70.39,0,43.87,17.05.2024 11:01:01
0,324.38,1730,766,10.14,70.40,0,46.93,17.05.2024 11:01:03
0,320.06,1707,765,10.16,70.42,0,44.55,17.05.2024 11:01:06
0,321.19,1713,765,10.16,70.38,0,45.17,17.05.2024 11:01:08
0,322.88,1722,764,10.14,70.38,0,46.12,17.05.2024 11:01:10
0,315.75,1684,763,10.17,70.40,0,42.27,17.05.2024 11:01:12
0,319.50,1704,764,10.16,70.39,0,44.26,17.05.2024 11:01:14
0,318.94,1701,764,10.14,70.35,0,44.03,17.05.2024 11:01:16
0,320.25,1708,764,10.16,70.41,0,44.65,17.05.2024 11:01:18
0,320.63,1710,764,10.14,70.37,0,44.91,17.05.2024 11:01:20
0,320.81,1711,764,10.16,70.38,0,44.96,17.05.2024 11:01:23
0,318.38,1698,765,10.16,70.42,0,43.66,17.05.2024 11:01:25
0,318.19,1697,764,10.16,70.38,0,43.58,17.05.2024 11:01:27
0,321.56,1715,764,10.14,70.40,0,45.40,17.05.2024 11:01:29
0,321.94,1717,763,10.16,70.41,0,45.56,17.05.2024 11:01:31
0,318.00,1696,763,10.19,70.40,0,43.40,17.05.2024 11:01:33
0,317.81,1695,763,10.13,70.38,0,43.45,17.05.2024 11:01:35
0,321.94,1717,764,10.16,70.41,0,45.56,17.05.2024 11:01:37
0,318.56,1699,764,10.13,70.38,0,43.85,17.05.2024 11:01:39
0,321.75,1716,764,10.14,70.38,0,45.51,17.05.2024 11:01:44
0,319.69,1705,764,10.16,70.40,0,44.36,17.05.2024 11:01:46
0,316.50,1688,764,10.16,70.37,0,42.71,17.05.2024 11:01:48
0,318.00,1696,764,10.16,70.39,0,43.47,17.05.2024 11:01:50
0,315.94,1685,764,10.19,70.43,0,42.33,17.05.2024 11:01:52
0,315.38,1682,764,10.16,70.41,0,42.11,17.05.2024 11:01:54
0,315.75,1684,764,10.16,70.42,0,42.30,17.05.2024 11:01:56
0,314.63,1678,764,10.16,70.40,0,41.73,17.05.2024 11:01:58
0,314.63,1678,764,10.14,70.39,0,41.78,17.05.2024 11:02:01
0,319.50,1704,764,10.14,70.39,0,44.30,17.05.2024 11:02:03
0,316.88,1690,764,10.16,70.40,0,42.89,17.05.2024 11:02:05
0,316.13,1686,764,10.16,70.40,0,42.50,17.05.2024 11:02:07
0,319.50,1704,764,10.13,70.40,0,44.33,17.05.2024 11:02:09
0,321.19,1713,765,10.16,70.43,0,45.14,17.05.2024 11:02:11
0,323.25,1724,764,10.16,70.38,0,46.28,17.05.2024 11:02:13
0,320.06,1707,764,10.14,70.39,0,44.60,17.05.2024 11:02:15
0,321.94,1717,764,10.14,70.38,0,45.61,17.05.2024 11:02:18
0,320.44,1709,764,10.16,70.38,0,44.76,17.05.2024 11:02:20
0,321.38,1714,764,10.14,70.39,0,45.31,17.05.2024 11:02:22
0,323.63,1726,764,10.14,70.39,0,46.53,17.05.2024 11:02:24
0,321.38,1714,763,10.16,70.37,0,45.28,17.05.2024 11:02:26
0,321.38,1714,764,10.16,70.40,0,45.26,17.05.2024 11:02:28
0,321.19,1713,763,10.14,70.41,0,45.20,17.05.2024 11:02:30
0,320.06,1707,763,10.16,70.38,0,44.57,17.05.2024 11:02:32
0,320.63,1710,763,10.14,70.40,0,44.90,17.05.2024 11:02:34
0,322.69,1721,763,10.16,70.38,0,45.98,17.05.2024 11:02:37
0,320.63,1710,763,10.14,70.38,0,44.91,17.05.2024 11:02:39
0,323.06,1723,763,10.16,70.40,0,46.17,17.05.2024 11:02:41
0,321.19,1713,763,10.13,70.36,0,45.25,17.05.2024 11:02:43
0,321.75,1716,763,10.16,70.40,0,45.46,17.05.2024 11:02:45
0,320.81,1711,762,10.13,70.39,0,45.03,17.05.2024 11:02:47
0,321.19,1713,762,10.14,70.41,0,45.20,17.05.2024 11:02:49
0,322.50,1720,763,10.14,70.39,0,45.91,17.05.2024 11:02:51
0,327.19,1745,762,10.16,70.39,0,48.46,17.05.2024 11:02:54
0,324.00,1728,762,10.14,70.40,0,46.73,17.05.2024 11:02:56
0,325.50,1736,762,10.17,70.39,0,47.48,17.05.2024 11:02:58
0,325.31,1735,762,10.16,70.37,0,47.43,17.05.2024 11:03:00
0,321.38,1714,761,10.14,70.40,0,45.30,17.05.2024 11:03:02
0,319.31,1703,761,10.16,70.35,0,44.18,17.05.2024 11:03:04
0,321.00,1712,760,10.14,70.38,0,45.11,17.05.2024 11:03:06
0,320.44,1709,760,10.16,70.41,0,44.75,17.05.2024 11:03:08
0,320.44,1709,760,10.16,70.37,0,44.77,17.05.2024 11:03:11
0,319.88,1706,759,10.16,70.39,0,44.46,17.05.2024 11:03:13
0,319.31,1703,759,10.14,70.38,0,44.21,17.05.2024 11:03:15
0,320.06,1707,760,10.16,70.39,0,44.56,17.05.2024 11:03:17
0,318.00,1696,760,10.14,70.38,0,43.52,17.05.2024 11:03:19
0,319.50,1704,760,10.13,70.39,0,44.33,17.05.2024 11:03:21
0,320.44,1709,760,10.17,70.39,0,44.73,17.05.2024 11:03:23
0,320.63,1710,760,10.16,70.36,0,44.88,17.05.2024 11:03:25
0,322.50,1720,761,10.20,70.38,0,45.77,17.05.2024 11:03:28
0,320.25,1708,761,10.13,70.36,0,44.75,17.05.2024 11:03:30
0,318.00,1696,762,10.14,70.38,0,43.52,17.05.2024 11:03:32
0,322.13,1718,762,10.14,70.38,0,45.71,17.05.2024 11:03:34
0,318.00,1696,761,10.16,70.40,0,43.47,17.05.2024 11:03:36
0,321.94,1717,761,10.14,70.37,0,45.62,17.05.2024 11:03:38
0,322.31,1719,761,10.14,70.38,0,45.82,17.05.2024 11:03:40
0,319.69,1705,761,10.14,70.40,0,44.40,17.05.2024 11:03:42
0,319.88,1706,761,10.14,70.37,0,44.51,17.05.2024 11:03:44
0,318.19,1697,761,10.14,70.37,0,43.62,17.05.2024 11:03:47
0,321.19,1713,761,10.14,70.38,0,45.21,17.05.2024 11:03:51
0,318.75,1700,761,10.13,70.36,0,43.95,17.05.2024 11:03:53
0,318.00,1696,761,10.16,70.37,0,43.49,17.05.2024 11:03:55
0,315.75,1684,760,10.16,70.37,0,42.32,17.05.2024 11:03:57
0,316.88,1690,760,10.13,70.35,0,42.98,17.05.2024 11:03:59
0,313.88,1674,761,10.16,70.40,0,41.35,17.05.2024 11:04:01
0,315.00,1680,761,10.14,70.36,0,41.98,17.05.2024 11:04:03
0,318.38,1698,761,10.14,70.36,0,43.72,17.05.2024 11:04:06
0,315.94,1685,761,10.14,70.38,0,42.45,17.05.2024 11:04:08
0,316.31,1687,760,10.14,70.40,0,42.64,17.05.2024 11:04:10
0,317.25,1692,760,10.14,70.35,0,43.14,17.05.2024 11:04:12
0,315.19,1681,760,10.16,70.39,0,42.02,17.05.2024 11:04:14
0,310.88,1658,760,10.12,70.37,0,39.96,17.05.2024 11:04:16
0,317.81,1695,761,10.14,70.37,0,43.43,17.05.2024 11:04:18
0,317.25,1692,760,10.13,70.34,0,43.18,17.05.2024 11:04:20
0,323.81,1727,761,10.13,70.36,0,46.68,17.05.2024 11:04:23
0,320.63,1710,760,10.16,70.38,0,44.86,17.05.2024 11:04:25
0,320.25,1708,761,10.16,70.38,0,44.66,17.05.2024 11:04:27
0,321.94,1717,761,10.17,70.38,0,45.53,17.05.2024 11:04:29
0,321.38,1714,760,10.13,70.38,0,45.34,17.05.2024 11:04:31
0,320.81,1711,760,10.14,70.36,0,45.02,17.05.2024 11:04:33
0,321.94,1717,760,10.13,70.36,0,45.66,17.05.2024 11:04:35
0,321.00,1712,760,10.14,70.38,0,45.11,17.05.2024 11:04:37
0,322.13,1718,760,10.17,70.37,0,45.64,17.05.2024 11:04:39
0,321.75,1716,761,10.14,70.35,0,45.53,17.05.2024 11:04:42
0,321.00,1712,762,10.14,70.36,0,45.12,17.05.2024 11:04:44
0,320.25,1708,762,10.13,70.36,0,44.75,17.05.2024 11:04:46
0,325.88,1738,763,10.14,70.38,0,47.77,17.05.2024 11:04:48
0,323.44,1725,762,10.13,70.39,0,46.45,17.05.2024 11:04:50
0,322.31,1719,762,10.14,70.39,0,45.81,17.05.2024 11:04:52
0,321.56,1715,761,10.16,70.37,0,45.38,17.05.2024 11:04:54
0,320.25,1708,761,10.13,70.36,0,44.75,17.05.2024 11:04:56
0,322.31,1719,761,10.12,70.36,0,45.89,17.05.2024 11:04:59
0,323.63,1726,760,10.13,70.36,0,46.57,17.05.2024 11:05:01
0,321.19,1713,760,10.16,70.37,0,45.17,17.05.2024 11:05:03
0,321.19,1713,760,10.16,70.39,0,45.16,17.05.2024 11:05:05
0,322.88,1722,759,10.14,70.39,0,46.12,17.05.2024 11:05:07
0,319.31,1703,760,10.14,70.38,0,44.21,17.05.2024 11:05:09
0,325.69,1737,760,10.14,70.34,0,47.69,17.05.2024 11:05:11
0,321.38,1714,760,10.16,70.35,0,45.28,17.05.2024 11:05:13
0,319.88,1706,760,10.16,70.39,0,44.46,17.05.2024 11:05:16
0,323.81,1727,760,10.13,70.36,0,46.68,17.05.2024 11:05:18
0,319.31,1703,761,10.13,70.36,0,44.25,17.05.2024 11:05:20
0,321.19,1713,761,10.14,70.37,0,45.21,17.05.2024 11:05:22
0,321.56,1715,760,10.13,70.38,0,45.44,17.05.2024 11:05:24
0,321.75,1716,760,10.14,70.37,0,45.52,17.05.2024 11:05:26
0,322.88,1722,760,10.13,70.38,0,46.16,17.05.2024 11:05:28
0,318.94,1701,760,10.16,70.38,0,43.97,17.05.2024 11:05:30
0,315.75,1684,760,10.14,70.38,0,42.35,17.05.2024 11:05:33
0,319.31,1703,759,10.16,70.34,0,44.19,17.05.2024 11:05:35
0,318.19,1697,760,10.13,70.38,0,43.65,17.05.2024 11:05:37
0,321.19,1713,760,10.13,70.38,0,45.24,17.05.2024 11:05:39
0,319.69,1705,760,10.14,70.36,0,44.42,17.05.2024 11:05:41
0,318.94,1701,760,10.14,70.36,0,44.02,17.05.2024 11:05:43
0,320.44,1709,760,10.13,70.36,0,44.85,17.05.2024 11:05:45
0,319.13,1702,760,10.16,70.37,0,44.08,17.05.2024 11:05:47
0,321.56,1715,760,10.14,70.36,0,45.42,17.05.2024 11:05:49
0,321.19,1713,759,10.14,70.34,0,45.23,17.05.2024 11:05:52
0,320.44,1709,759,10.14,70.35,0,44.82,17.05.2024 11:05:54
0,319.50,1704,759,10.12,70.36,0,44.38,17.05.2024 11:05:56
0,318.94,1701,759,10.14,70.34,0,44.03,17.05.2024 11:05:58
0,318.38,1698,758,10.14,70.37,0,43.72,17.05.2024 11:06:00
0,320.25,1708,758,10.14,70.37,0,44.71,17.05.2024 11:06:02
0,322.13,1718,758,10.12,70.34,0,45.80,17.05.2024 11:06:06
0,319.50,1704,758,10.16,70.36,0,44.28,17.05.2024 11:06:08
0,319.13,1702,758,10.14,70.36,0,44.12,17.05.2024 11:06:11
0,316.31,1687,758,10.13,70.34,0,42.69,17.05.2024 11:06:13
0,313.50,1672,759,10.14,70.38,0,41.21,17.05.2024 11:06:15
0,317.25,1692,759,10.14,70.35,0,43.14,17.05.2024 11:06:17
0,317.25,1692,759,10.13,70.35,0,43.17,17.05.2024 11:06:19
0,315.38,1682,760,10.17,70.37,0,42.09,17.05.2024 11:06:21
0,317.63,1694,760,10.14,70.33,0,43.34,17.05.2024 11:06:23
0,316.88,1690,760,10.13,70.36,0,42.97,17.05.2024 11:06:25
0,315.56,1683,760,10.13,70.36,0,42.30,17.05.2024 11:06:28
0,314.63,1678,761,10.16,70.35,0,41.76,17.05.2024 11:06:30
0,316.13,1686,760,10.14,70.36,0,42.55,17.05.2024 11:06:32
0,316.50,1688,761,10.16,70.36,0,42.71,17.05.2024 11:06:34
0,319.50,1704,761,10.16,70.36,0,44.28,17.05.2024 11:06:36
0,322.88,1722,761,10.13,70.35,0,46.17,17.05.2024 11:06:38
0,321.75,1716,762,10.13,70.35,0,45.56,17.05.2024 11:06:40
0,321.19,1713,762,10.13,70.35,0,45.26,17.05.2024 11:06:42
0,319.50,1704,762,10.13,70.32,0,44.37,17.05.2024 11:06:44
0,321.94,1717,763,10.14,70.35,0,45.63,17.05.2024 11:06:47
0,320.06,1707,763,10.16,70.37,0,44.57,17.05.2024 11:06:49
0,319.69,1705,763,10.12,70.36,0,44.48,17.05.2024 11:06:51
0,320.63,1710,763,10.14,70.37,0,44.91,17.05.2024 11:06:53
0,319.88,1706,764,10.13,70.34,0,44.56,17.05.2024 11:06:55
0,323.25,1724,764,10.10,70.32,0,46.45,17.05.2024 11:06:57
0,321.38,1714,764,10.12,70.37,0,45.38,17.05.2024 11:06:59
0,322.69,1721,764,10.14,70.36,0,46.03,17.05.2024 11:07:01
0,321.19,1713,764,10.12,70.34,0,45.29,17.05.2024 11:07:04
0,323.63,1726,764,10.16,70.36,0,46.50,17.05.2024 11:07:06
0,318.56,1699,765,10.13,70.36,0,43.85,17.05.2024 11:07:08
0,322.88,1722,765,10.14,70.36,0,46.13,17.05.2024 11:07:10
0,322.50,1720,765,10.12,70.34,0,46.00,17.05.2024 11:07:12
0,321.00,1712,766,10.13,70.36,0,45.15,17.05.2024 11:07:14
0,322.88,1722,766,10.13,70.36,0,46.16,17.05.2024 11:07:16
0,319.13,1702,766,10.14,70.34,0,44.13,17.05.2024 11:07:18
0,317.63,1694,766,10.14,70.36,0,43.33,17.05.2024 11:07:21
0,322.69,1721,766,10.14,70.33,0,46.04,17.05.2024 11:07:23
0,322.31,1719,766,10.13,70.33,0,45.88,17.05.2024 11:07:25
0,318.94,1701,766,10.14,70.35,0,44.03,17.05.2024 11:07:27
0,318.75,1700,766,10.14,70.35,0,43.93,17.05.2024 11:07:29
0,323.06,1723,766,10.14,70.37,0,46.23,17.05.2024 11:07:31
0,319.31,1703,766,10.14,70.36,0,44.22,17.05.2024 11:07:33
0,322.13,1718,766,10.13,70.34,0,45.77,17.05.2024 11:07:35
0,321.00,1712,766,10.16,70.37,0,45.07,17.05.2024 11:07:38
0,318.38,1698,766,10.14,70.34,0,43.73,17.05.2024 11:07:40
0,322.31,1719,766,10.13,70.34,0,45.87,17.05.2024 11:07:42
0,322.31,1719,766,10.14,70.33,0,45.84,17.05.2024 11:07:44
0,322.31,1719,766,10.14,70.36,0,45.82,17.05.2024 11:07:46
0,320.63,1710,766,10.14,70.36,0,44.92,17.05.2024 11:07:48
0,321.19,1713,766,10.14,70.33,0,45.23,17.05.2024 11:07:50
0,318.94,1701,765,10.14,70.36,0,44.02,17.05.2024 11:07:52
0,319.88,1706,766,10.13,70.34,0,44.56,17.05.2024 11:07:54
0,317.81,1695,766,10.13,70.34,0,43.47,17.05.2024 11:07:57
0,319.69,1705,766,10.13,70.34,0,44.46,17.05.2024 11:07:59
0,319.69,1705,766,10.14,70.36,0,44.42,17.05.2024 11:08:01
0,320.06,1707,766,10.14,70.36,0,44.62,17.05.2024 11:08:03
0,323.06,1723,765,10.13,70.35,0,46.27,17.05.2024 11:08:05
0,319.69,1705,765,10.12,70.34,0,44.49,17.05.2024 11:08:07
0,321.94,1717,765,10.14,70.35,0,45.63,17.05.2024 11:08:09
0,321.00,1712,765,10.12,70.36,0,45.18,17.05.2024 11:08:11
0,316.13,1686,765,10.17,70.34,0,42.50,17.05.2024 11:08:14
0,320.81,1711,765,10.14,70.34,0,45.02,17.05.2024 11:08:16
0,318.00,1696,765,10.13,70.35,0,43.57,17.05.2024 11:08:18
0,317.06,1691,765,10.13,70.35,0,43.08,17.05.2024 11:08:22
0,321.75,1716,765,10.16,70.36,0,45.48,17.05.2024 11:08:24
0,317.25,1692,765,10.13,70.36,0,43.17,17.05.2024 11:08:26
0,319.69,1705,765,10.14,70.34,0,44.43,17.05.2024 11:08:28
0,313.50,1672,765,10.13,70.34,0,41.26,17.05.2024 11:08:30
0,317.25,1692,765,10.13,70.33,0,43.19,17.05.2024 11:08:33
0,314.63,1678,765,10.12,70.34,0,41.86,17.05.2024 11:08:35
0,315.56,1683,766,10.13,70.29,0,42.33,17.05.2024 11:08:37
0,317.63,1694,766,10.14,70.32,0,43.35,17.05.2024 11:08:39
0,315.19,1681,766,10.16,70.32,0,42.05,17.05.2024 11:08:41
0,313.69,1673,766,10.13,70.35,0,41.35,17.05.2024 11:08:43
0,316.31,1687,766,10.12,70.38,0,42.70,17.05.2024 11:08:45
0,318.00,1696,766,10.14,70.35,0,43.54,17.05.2024 11:08:47
0,317.81,1695,766,10.13,70.36,0,43.46,17.05.2024 11:08:49
0,318.94,1701,766,10.14,70.34,0,44.03,17.05.2024 11:08:52
0,317.63,1694,766,10.13,70.34,0,43.37,17.05.2024 11:08:54
0,319.69,1705,766,10.12,70.34,0,44.49,17.05.2024 11:08:56
0,323.44,1725,766,10.13,70.33,0,46.49,17.05.2024 11:08:58
0,322.88,1722,766,10.12,70.34,0,46.21,17.05.2024 11:09:00
0,320.25,1708,766,10.12,70.32,0,44.80,17.05.2024 11:09:02
0,322.50,1720,766,10.13,70.36,0,45.96,17.05.2024 11:09:04
0,324.56,1731,766,10.12,70.36,0,47.12,17.05.2024 11:09:06
0,321.19,1713,766,10.12,70.36,0,45.29,17.05.2024 11:09:09
0,321.19,1713,767,10.12,70.29,0,45.32,17.05.2024 11:09:11
0,319.69,1705,767,10.12,70.34,0,44.49,17.05.2024 11:09:13
0,321.00,1712,767,10.13,70.34,0,45.16,17.05.2024 11:09:15
0,320.06,1707,767,10.14,70.34,0,44.62,17.05.2024 11:09:17
0,320.81,1711,767,10.13,70.30,0,45.08,17.05.2024 11:09:19
0,319.13,1702,767,10.14,70.34,0,44.13,17.05.2024 11:09:21
0,322.50,1720,767,10.12,70.32,0,46.02,17.05.2024 11:09:23
0,321.19,1713,767,10.14,70.33,0,45.23,17.05.2024 11:09:26
0,319.88,1706,767,10.14,70.35,0,44.52,17.05.2024 11:09:28
0,316.88,1690,767,10.12,70.36,0,43.01,17.05.2024 11:09:30
0,319.13,1702,766,10.14,70.33,0,44.13,17.05.2024 11:09:32
0,318.56,1699,767,10.12,70.34,0,43.90,17.05.2024 11:09:34
0,317.06,1691,767,10.13,70.33,0,43.09,17.05.2024 11:09:36
0,321.56,1715,767,10.13,70.36,0,45.45,17.05.2024 11:09:38
0,322.13,1718,767,10.14,70.33,0,45.74,17.05.2024 11:09:40
0,318.38,1698,767,10.14,70.32,0,43.75,17.05.2024 11:09:43
0,320.06,1707,766,10.14,70.37,0,44.61,17.05.2024 11:09:45
0,321.56,1715,766,10.14,70.34,0,45.43,17.05.2024 11:09:47
0,318.19,1697,766,10.14,70.34,0,43.63,17.05.2024 11:09:49
0,320.06,1707,766,10.10,70.35,0,44.72,17.05.2024 11:09:51
0,322.88,1722,766,10.13,70.31,0,46.19,17.05.2024 11:09:53
0,321.56,1715,767,10.13,70.35,0,45.46,17.05.2024 11:09:55
0,315.94,1685,767,10.13,70.34,0,42.50,17.05.2024 11:09:57
0,319.88,1706,767,10.13,70.29,0,44.58,17.05.2024 11:09:59
0,319.88,1706,768,10.14,70.34,0,44.52,17.05.2024 11:10:02
0,321.00,1712,768,10.14,70.35,0,45.13,17.05.2024 11:10:04
0,321.75,1716,768,10.14,70.34,0,45.53,17.05.2024 11:10:06
0,317.44,1693,768,10.12,70.33,0,43.31,17.05.2024 11:10:08
0,323.06,1723,768,10.13,70.34,0,46.28,17.05.2024 11:10:10
0,316.31,1687,768,10.13,70.31,0,42.71,17.05.2024 11:10:12
0,318.94,1701,768,10.12,70.34,0,44.10,17.05.2024 11:10:14
0,321.56,1715,768,10.12,70.31,0,45.51,17.05.2024 11:10:16
0,316.88,1690,769,10.12,70.34,0,43.02,17.05.2024 11:10:19
0,316.69,1689,769,10.13,70.33,0,42.89,17.05.2024 11:10:21
0,317.06,1691,769,10.13,70.31,0,43.10,17.05.2024 11:10:23
0,318.00,1696,769,10.13,70.33,0,43.58,17.05.2024 11:10:25
0,318.94,1701,770,10.12,70.33,0,44.10,17.05.2024 11:10:27
0,320.25,1708,770,10.13,70.32,0,44.77,17.05.2024 11:10:29
0,320.25,1708,770,10.16,70.35,0,44.68,17.05.2024 11:10:31
0,315.19,1681,769,10.13,70.35,0,42.11,17.05.2024 11:10:33
0,318.00,1696,770,10.10,70.30,0,43.66,17.05.2024 11:10:36
0,317.63,1694,770,10.12,70.31,0,43.42,17.05.2024 11:10:40
0,321.94,1717,769,10.13,70.32,0,45.68,17.05.2024 11:10:42
0,317.25,1692,769,10.13,70.30,0,43.20,17.05.2024 11:10:44
0,312.19,1665,769,10.14,70.31,0,40.58,17.05.2024 11:10:46
0,313.50,1672,769,10.13,70.32,0,41.27,17.05.2024 11:10:48
0,314.63,1678,769,10.12,70.33,0,41.86,17.05.2024 11:10:50
0,317.44,1693,768,10.10,70.32,0,43.35,17.05.2024 11:10:52
0,316.69,1689,768,10.14,70.30,0,42.87,17.05.2024 11:10:54
0,314.63,1678,768,10.13,70.32,0,41.84,17.05.2024 11:10:57
0,319.69,1705,768,10.10,70.30,0,44.55,17.05.2024 11:10:59
0,318.19,1697,768,10.13,70.31,0,43.68,17.05.2024 11:11:01
0,316.69,1689,768,10.13,70.33,0,42.89,17.05.2024 11:11:03
0,317.81,1695,768,10.12,70.29,0,43.53,17.05.2024 11:11:05
0,317.81,1695,768,10.13,70.28,0,43.50,17.05.2024 11:11:07
0,318.19,1697,768,10.13,70.33,0,43.68,17.05.2024 11:11:09
0,320.63,1710,768,10.13,70.31,0,44.98,17.05.2024 11:11:11
0,327.00,1744,767,10.12,70.28,0,48.53,17.05.2024 11:11:14
0,323.81,1727,768,10.14,70.31,0,46.67,17.05.2024 11:11:16
0,321.00,1712,768,10.10,70.30,0,45.25,17.05.2024 11:11:18
0,321.38,1714,768,10.13,70.31,0,45.38,17.05.2024 11:11:20
0,321.75,1716,768,10.12,70.29,0,45.62,17.05.2024 11:11:22
0,321.00,1712,768,10.14,70.32,0,45.14,17.05.2024 11:11:24
0,321.00,1712,768,10.13,70.30,0,45.18,17.05.2024 11:11:26
0,324.00,1728,767,10.13,70.32,0,46.80,17.05.2024 11:11:28
0,321.56,1715,767,10.13,70.31,0,45.48,17.05.2024 11:11:31
0,326.25,1740,768,10.13,70.32,0,48.05,17.05.2024 11:11:33
0,319.88,1706,767,10.13,70.31,0,44.58,17.05.2024 11:11:35
0,320.63,1710,768,10.13,70.32,0,44.97,17.05.2024 11:11:37
0,318.38,1698,768,10.12,70.33,0,43.80,17.05.2024 11:11:39
0,321.94,1717,768,10.13,70.35,0,45.66,17.05.2024 11:11:41
0,323.06,1723,767,10.12,70.29,0,46.34,17.05.2024 11:11:43
0,319.88,1706,767,10.14,70.31,0,44.54,17.05.2024 11:11:45
0,321.75,1716,767,10.13,70.35,0,45.56,17.05.2024 11:11:48
0,321.19,1713,767,10.14,70.33,0,45.23,17.05.2024 11:11:50
0,318.38,1698,766,10.12,70.31,0,43.82,17.05.2024 11:11:52
0,320.06,1707,767,10.13,70.35,0,44.65,17.05.2024 11:11:54
0,317.63,1694,767,10.12,70.33,0,43.41,17.05.2024 11:11:56
0,320.44,1709,768,10.09,70.30,0,44.98,17.05.2024 11:11:58
0,320.44,1709,768,10.14,70.34,0,44.82,17.05.2024 11:12:00
0,318.75,1700,767,10.12,70.31,0,44.01,17.05.2024 11:12:02
0,318.75,1700,767,10.14,70.31,0,43.95,17.05.2024 11:12:04
0,317.63,1694,767,10.13,70.32,0,43.39,17.05.2024 11:12:07
0,321.00,1712,767,10.12,70.31,0,45.21,17.05.2024 11:12:09
0,315.94,1685,766,10.12,70.31,0,42.55,17.05.2024 11:12:11
0,322.31,1719,766,10.12,70.33,0,45.91,17.05.2024 11:12:13
0,323.25,1724,766,10.12,70.30,0,46.44,17.05.2024 11:12:15
0,321.56,1715,766,10.12,70.30,0,45.52,17.05.2024 11:12:17
0,323.06,1723,766,10.10,70.33,0,46.35,17.05.2024 11:12:19
0,319.31,1703,766,10.12,70.36,0,44.29,17.05.2024 11:12:21
0,320.81,1711,766,10.12,70.32,0,45.11,17.05.2024 11:12:24
0,318.19,1697,765,10.13,70.31,0,43.68,17.05.2024 11:12:26
0,318.00,1696,765,10.13,70.30,0,43.59,17.05.2024 11:12:28
0,320.44,1709,766,10.13,70.34,0,44.86,17.05.2024 11:12:30
0,318.38,1698,766,10.12,70.32,0,43.81,17.05.2024 11:12:32
0,318.19,1697,767,10.16,70.32,0,43.61,17.05.2024 11:12:34
0,318.38,1698,766,10.13,70.31,0,43.78,17.05.2024 11:12:36
0,317.44,1693,766,10.13,70.32,0,43.29,17.05.2024 11:12:38
0,317.06,1691,766,10.12,70.29,0,43.14,17.05.2024 11:12:41
0,320.06,1707,766,10.14,70.31,0,44.64,17.05.2024 11:12:43
0,316.69,1689,766,10.13,70.32,0,42.90,17.05.2024 11:12:45
0,317.81,1695,766,10.13,70.32,0,43.48,17.05.2024 11:12:49
0,317.06,1691,765,10.12,70.30,0,43.13,17.05.2024 11:12:51
0,319.69,1705,765,10.12,70.33,0,44.50,17.05.2024 11:12:53
0,314.81,1679,766,10.12,70.31,0,41.97,17.05.2024 11:12:55
0,319.31,1703,766,10.13,70.30,0,44.28,17.05.2024 11:12:57
0,316.50,1688,766,10.12,70.31,0,42.84,17.05.2024 11:12:59
0,315.56,1683,766,10.13,70.30,0,42.33,17.05.2024 11:13:02
0,312.75,1668,766,10.09,70.30,0,40.99,17.05.2024 11:13:04
0,313.31,1671,767,10.12,70.33,0,41.20,17.05.2024 11:13:06
0,312.94,1669,767,10.12,70.30,0,41.03,17.05.2024 11:13:08
0,313.31,1671,767,10.12,70.32,0,41.21,17.05.2024 11:13:10
0,316.31,1687,767,10.12,70.32,0,42.74,17.05.2024 11:13:12
0,318.00,1696,768,10.14,70.30,0,43.56,17.05.2024 11:13:14
0,314.25,1676,768,10.12,70.30,0,41.69,17.05.2024 11:13:16
0,321.00,1712,767,10.09,70.31,0,45.28,17.05.2024 11:13:19
0,317.44,1693,768,10.12,70.31,0,43.32,17.05.2024 11:13:21
0,319.69,1705,768,10.13,70.33,0,44.47,17.05.2024 11:13:23
0,319.31,1703,768,10.13,70.32,0,44.27,17.05.2024 11:13:25
0,321.75,1716,767,10.12,70.31,0,45.62,17.05.2024 11:13:27
0,321.75,1716,768,10.10,70.31,0,45.65,17.05.2024 11:13:29
0,320.44,1709,768,10.12,70.32,0,44.91,17.05.2024 11:13:31
0,319.88,1706,768,10.12,70.30,0,44.61,17.05.2024 11:13:33
0,318.38,1698,767,10.10,70.30,0,43.85,17.05.2024 11:13:36
0,322.31,1719,767,10.13,70.31,0,45.89,17.05.2024 11:13:38
0,325.69,1737,767,10.13,70.36,0,47.72,17.05.2024 11:13:40
0,321.94,1717,767,10.12,70.31,0,45.72,17.05.2024 11:13:42
0,320.81,1711,766,10.10,70.31,0,45.14,17.05.2024 11:13:44
0,321.56,1715,766,10.10,70.31,0,45.54,17.05.2024 11:13:46
0,319.69,1705,766,10.12,70.32,0,44.51,17.05.2024 11:13:48
0,324.00,1728,766,10.10,70.33,0,46.86,17.05.2024 11:13:50
0,322.88,1722,766,10.10,70.31,0,46.26,17.05.2024 11:13:53
0,321.38,1714,765,10.10,70.31,0,45.44,17.05.2024 11:13:55
0,323.81,1727,765,10.10,70.31,0,46.77,17.05.2024 11:13:57
0,320.81,1711,766,10.12,70.33,0,45.10,17.05.2024 11:13:59
0,322.69,1721,766,10.10,70.33,0,46.14,17.05.2024 11:14:01
0,318.00,1696,766,10.12,70.32,0,43.61,17.05.2024 11:14:03
0,321.00,1712,765,10.10,70.31,0,45.24,17.05.2024 11:14:05
0,323.63,1726,766,10.12,70.34,0,46.62,17.05.2024 11:14:07
0,321.56,1715,766,10.10,70.35,0,45.52,17.05.2024 11:14:09
0,324.19,1729,766,10.10,70.31,0,46.98,17.05.2024 11:14:12
0,326.63,1742,766,10.12,70.32,0,48.30,17.05.2024 11:14:14
0,328.31,1751,766,10.12,70.33,0,49.25,17.05.2024 11:14:16
0,323.81,1727,766,10.10,70.30,0,46.78,17.05.2024 11:14:18
0,330.75,1764,766,10.10,70.34,0,50.68,17.05.2024 11:14:20
0,329.25,1756,766,10.10,70.34,0,49.81,17.05.2024 11:14:22
0,333.56,1779,766,10.12,70.32,0,52.31,17.05.2024 11:14:24
0,332.06,1771,765,10.09,70.33,0,51.50,17.05.2024 11:14:26
0,332.81,1775,766,10.12,70.33,0,51.86,17.05.2024 11:14:29
0,333.00,1776,767,10.12,70.36,0,51.96,17.05.2024 11:14:31
0,339.94,1813,767,10.10,70.34,0,56.23,17.05.2024 11:14:33
0,338.63,1806,767,10.12,70.33,0,55.38,17.05.2024 11:14:35
0,343.88,1834,767,10.12,70.33,0,58.70,17.05.2024 11:14:37
0,339.94,1813,767,10.09,70.33,0,56.28,17.05.2024 11:14:39
0,346.69,1849,767,10.12,70.33,0,60.53,17.05.2024 11:14:41
0,346.50,1848,767,10.12,70.34,0,60.40,17.05.2024 11:14:43
0,346.13,1846,767,10.10,70.36,0,60.18,17.05.2024 11:14:46
0,345.00,1840,766,10.09,70.36,0,59.50,17.05.2024 11:14:48
0,348.00,1856,766,10.09,70.33,0,61.50,17.05.2024 11:14:50
0,345.00,1840,766,10.10,70.33,0,59.46,17.05.2024 11:14:52
0,352.31,1879,766,10.10,70.34,0,64.36,17.05.2024 11:14:56
0,355.31,1895,766,10.12,70.34,0,66.40,17.05.2024 11:14:58
0,355.13,1894,766,10.10,70.34,0,66.31,17.05.2024 11:15:00
0,350.44,1869,766,10.10,70.36,0,63.06,17.05.2024 11:15:02
0,350.63,1870,766,10.10,70.34,0,63.20,17.05.2024 11:15:04
0,355.88,1898,766,10.12,70.36,0,66.79,17.05.2024 11:15:07
0,352.88,1882,765,10.10,70.36,0,64.73,17.05.2024 11:15:09
0,356.63,1902,765,10.10,70.36,0,67.36,17.05.2024 11:15:11
0,360.38,1922,765,10.12,70.38,0,70.01,17.05.2024 11:15:13
0,358.13,1910,766,10.12,70.36,0,68.39,17.05.2024 11:15:15
0,355.13,1894,765,10.10,70.35,0,66.31,17.05.2024 11:15:17
0,359.81,1919,766,10.13,70.38,0,69.54,17.05.2024 11:15:19
0,361.50,1928,765,10.12,70.36,0,70.84,17.05.2024 11:15:21
0,363.38,1938,765,10.10,70.37,0,72.28,17.05.2024 11:15:24
0,363.19,1937,765,10.07,70.37,0,72.25,17.05.2024 11:15:26
0,369.38,1970,765,10.12,70.38,0,76.81,17.05.2024 11:15:28
0,370.31,1975,765,10.09,70.37,0,77.68,17.05.2024 11:15:30
0,370.31,1975,765,10.10,70.35,0,77.63,17.05.2024 11:15:32
0,372.56,1987,765,10.13,70.38,0,79.28,17.05.2024 11:15:34
0,373.69,1993,764,10.12,70.38,0,80.24,17.05.2024 11:15:36
0,369.19,1969,765,10.10,70.41,0,76.69,17.05.2024 11:15:38
0,372.75,1988,764,10.12,70.36,0,79.50,17.05.2024 11:15:41
0,371.25,1980,764,10.12,70.36,0,78.30,17.05.2024 11:15:43
0,371.06,1979,765,10.10,70.41,0,78.17,17.05.2024 11:15:45
0,369.75,1972,765,10.10,70.39,0,77.15,17.05.2024 11:15:47
0,372.00,1984,765,10.12,70.40,0,78.86,17.05.2024 11:15:49
0,370.50,1976,766,10.12,70.39,0,77.69,17.05.2024 11:15:51
0,371.06,1979,766,10.12,70.40,0,78.12,17.05.2024 11:15:53
0,372.94,1989,766,10.10,70.41,0,79.66,17.05.2024 11:15:55
0,371.06,1979,766,10.10,70.41,0,78.17,17.05.2024 11:15:58
0,370.50,1976,766,10.13,70.40,0,77.62,17.05.2024 11:16:00
0,373.13,1990,766,10.10,70.41,0,79.81,17.05.2024 11:16:02
0,372.38,1986,766,10.13,70.41,0,79.09,17.05.2024 11:16:04
0,371.81,1983,766,10.13,70.43,0,78.63,17.05.2024 11:16:06
0,372.94,1989,766,10.12,70.43,0,79.59,17.05.2024 11:16:08
0,371.63,1982,766,10.10,70.41,0,78.61,17.05.2024 11:16:10
0,369.56,1971,766,10.14,70.41,0,76.82,17.05.2024 11:16:12
0,370.13,1974,765,10.12,70.38,0,77.40,17.05.2024 11:16:14
0,373.13,1990,766,10.10,70.42,0,79.80,17.05.2024 11:16:17
0,369.19,1969,766,10.10,70.41,0,76.69,17.05.2024 11:16:19
0,371.06,1979,765,10.13,70.41,0,78.05,17.05.2024 11:16:21
0,368.81,1967,765,10.10,70.43,0,76.38,17.05.2024 11:16:23
0,373.13,1990,765,10.12,70.40,0,79.76,17.05.2024 11:16:25
0,370.31,1975,765,10.12,70.43,0,77.50,17.05.2024 11:16:27
0,372.56,1987,765,10.12,70.44,0,79.28,17.05.2024 11:16:29
0,372.75,1988,764,10.14,70.43,0,79.32,17.05.2024 11:16:31
0,370.13,1974,764,10.10,70.40,0,77.44,17.05.2024 11:16:34
0,366.19,1953,765,10.13,70.45,0,74.24,17.05.2024 11:16:36
0,367.69,1961,764,10.09,70.41,0,75.60,17.05.2024 11:16:38
0,368.06,1963,764,10.10,70.41,0,75.82,17.05.2024 11:16:40
0,374.25,1996,765,10.10,70.39,0,80.74,17.05.2024 11:16:42
0,368.25,1964,765,10.10,70.42,0,75.96,17.05.2024 11:16:44
0,371.44,1981,764,10.09,70.38,0,78.56,17.05.2024 11:16:46
0,370.88,1978,764,10.12,70.44,0,77.94,17.05.2024 11:16:48
0,367.13,1958,764,10.12,70.40,0,75.05,17.05.2024 11:16:51
0,369.19,1969,764,10.12,70.43,0,76.62,17.05.2024 11:16:53
0,365.06,1947,765,10.13,70.45,0,73.38,17.05.2024 11:16:55
0,366.19,1953,765,10.12,70.40,0,74.33,17.05.2024 11:16:57
0,366.94,1957,765,10.10,70.44,0,74.92,17.05.2024 11:16:59
0,366.75,1956,766,10.14,70.45,0,74.61,17.05.2024 11:17:01
0,364.50,1944,766,10.13,70.43,0,72.97,17.05.2024 11:17:05
0,367.69,1961,765,10.09,70.43,0,75.58,17.05.2024 11:17:07
0,362.81,1935,765,10.10,70.42,0,71.82,17.05.2024 11:17:09
0,364.69,1945,764,10.12,70.44,0,73.16,17.05.2024 11:17:12
0,366.56,1955,765,10.12,70.43,0,74.59,17.05.2024 11:17:14
0,361.88,1930,764,10.12,70.40,0,71.09,17.05.2024 11:17:16
0,362.06,1931,764,10.10,70.42,0,71.27,17.05.2024 11:17:18
0,356.44,1901,764,10.12,70.42,0,67.14,17.05.2024 11:17:20
0,362.63,1934,765,10.10,70.41,0,71.69,17.05.2024 11:17:22
0,364.50,1944,765,10.10,70.44,0,73.07,17.05.2024 11:17:24
0,366.94,1957,765,10.12,70.44,0,74.87,17.05.2024 11:17:26
0,363.75,1940,765,10.09,70.39,0,72.61,17.05.2024 11:17:29
0,372.00,1984,764,10.10,70.43,0,78.89,17.05.2024 11:17:31
0,372.94,1989,764,10.10,70.44,0,79.63,17.05.2024 11:17:33
0,367.50,1960,764,10.09,70.41,0,75.45,17.05.2024 11:17:35
0,370.13,1974,764,10.10,70.44,0,77.40,17.05.2024 11:17:37
0,371.06,1979,764,10.12,70.42,0,78.10,17.05.2024 11:17:39
0,367.50,1960,764,10.10,70.44,0,75.36,17.05.2024 11:17:41
0,369.00,1968,764,10.12,70.44,0,76.47,17.05.2024 11:17:43
0,371.63,1982,764,10.10,70.45,0,78.58,17.05.2024 11:17:46
0,367.13,1958,764,10.10,70.43,0,75.08,17.05.2024 11:17:48
0,364.31,1943,764,10.12,70.41,0,72.90,17.05.2024 11:17:50
0,368.44,1965,765,10.12,70.44,0,76.03,17.05.2024 11:17:52
0,369.94,1973,765,10.10,70.43,0,77.26,17.05.2024 11:17:54
0,366.94,1957,765,10.13,70.45,0,74.81,17.05.2024 11:17:56
0,368.81,1967,764,10.13,70.47,0,76.25,17.05.2024 11:17:58
0,369.19,1969,764,10.10,70.43,0,76.67,17.05.2024 11:18:00
0,366.19,1953,764,10.12,70.45,0,74.29,17.05.2024 11:18:03
0,368.25,1964,764,10.12,70.45,0,75.88,17.05.2024 11:18:05
0,370.31,1975,764,10.10,70.45,0,77.54,17.05.2024 11:18:07
0,366.00,1952,764,10.09,70.45,0,74.26,17.05.2024 11:18:09
0,364.50,1944,763,10.12,70.44,0,73.02,17.05.2024 11:18:11
0,369.38,1970,764,10.12,70.45,0,76.75,17.05.2024 11:18:13
0,367.31,1959,764,10.12,70.42,0,75.18,17.05.2024 11:18:15
0,365.25,1948,764,10.09,70.43,0,73.71,17.05.2024 11:18:17
0,369.75,1972,764,10.09,70.46,0,77.15,17.05.2024 11:18:19
0,367.69,1961,764,10.10,70.45,0,75.49,17.05.2024 11:18:22
0,366.56,1955,764,10.12,70.45,0,74.58,17.05.2024 11:18:24
0,369.75,1972,764,10.12,70.43,0,77.06,17.05.2024 11:18:26
0,364.50,1944,764,10.12,70.46,0,73.01,17.05.2024 11:18:28
0,370.69,1977,764,10.07,70.45,0,77.96,17.05.2024 11:18:30
0,366.56,1955,764,10.13,70.46,0,74.52,17.05.2024 11:18:32
0,365.44,1949,764,10.12,70.45,0,73.72,17.05.2024 11:18:34
0,369.19,1969,764,10.10,70.45,0,76.66,17.05.2024 11:18:36
0,365.44,1949,763,10.10,70.44,0,73.78,17.05.2024 11:18:39
0,366.75,1956,763,10.10,70.44,0,74.78,17.05.2024 11:18:41
0,365.44,1949,763,10.12,70.45,0,73.72,17.05.2024 11:18:43
0,367.50,1960,763,10.10,70.45,0,75.35,17.05.2024 11:18:45
0,367.13,1958,763,10.12,70.47,0,74.98,17.05.2024 11:18:47
0,368.44,1965,763,10.12,70.45,0,76.02,17.05.2024 11:18:49
0,365.81,1951,764,10.13,70.44,0,73.96,17.05.2024 11:18:51
0,367.69,1961,764,10.10,70.42,0,75.52,17.05.2024 11:18:53
0,368.44,1965,764,10.12,70.46,0,76.02,17.05.2024 11:18:56
0,367.88,1962,764,10.12,70.42,0,75.61,17.05.2024 11:18:58
0,367.13,1958,764,10.13,70.45,0,74.96,17.05.2024 11:19:00
0,368.81,1967,764,10.10,70.45,0,76.37,17.05.2024 11:19:02
0,365.44,1949,764,10.12,70.45,0,73.72,17.05.2024 11:19:04
0,366.94,1957,764,10.10,70.44,0,74.92,17.05.2024 11:19:06
0,368.06,1963,764,10.10,70.44,0,75.79,17.05.2024 11:19:08
0,366.38,1954,764,10.12,70.46,0,74.43,17.05.2024 11:19:12
0,361.88,1930,765,10.12,70.46,0,71.05,17.05.2024 11:19:14
0,366.94,1957,765,10.09,70.44,0,74.99,17.05.2024 11:19:17
0,368.44,1965,765,10.10,70.47,0,76.06,17.05.2024 11:19:19
0,360.56,1923,765,10.10,70.44,0,70.14,17.05.2024 11:19:21
0,362.25,1932,766,10.09,70.45,0,71.44,17.05.2024 11:19:23
0,362.25,1932,766,10.13,70.41,0,71.31,17.05.2024 11:19:25
0,362.81,1935,766,10.13,70.46,0,71.69,17.05.2024 11:19:27
0,362.06,1931,766,10.12,70.44,0,71.20,17.05.2024 11:19:29
0,363.94,1941,766,10.12,70.43,0,72.60,17.05.2024 11:19:31
0,364.13,1942,766,10.12,70.46,0,72.73,17.05.2024 11:19:34
0,365.25,1948,766,10.10,70.44,0,73.64,17.05.2024 11:19:36
0,363.38,1938,766,10.10,70.42,0,72.24,17.05.2024 11:19:38
0,362.06,1931,767,10.10,70.41,0,71.27,17.05.2024 11:19:40
0,367.31,1959,767,10.13,70.43,0,75.11,17.05.2024 11:19:42
0,367.88,1962,766,10.10,70.44,0,75.65,17.05.2024 11:19:44
0,364.50,1944,767,10.10,70.45,0,73.06,17.05.2024 11:19:46
0,370.50,1976,767,10.10,70.42,0,77.72,17.05.2024 11:19:48
0,371.63,1982,767,10.10,70.46,0,78.57,17.05.2024 11:19:51
0,366.19,1953,767,10.12,70.46,0,74.29,17.05.2024 11:19:53
0,368.44,1965,767,10.12,70.46,0,76.02,17.05.2024 11:19:55
0,365.81,1951,767,10.12,70.44,0,74.01,17.05.2024 11:19:57
0,369.75,1972,767,10.12,70.44,0,77.05,17.05.2024 11:19:59
0,367.69,1961,767,10.12,70.46,0,75.44,17.05.2024 11:20:01
0,369.19,1969,767,10.13,70.46,0,76.54,17.05.2024 11:20:03
0,371.81,1983,767,10.10,70.44,0,78.73,17.05.2024 11:20:05
0,370.31,1975,767,10.09,70.44,0,77.61,17.05.2024 11:20:08
0,368.81,1967,768,10.10,70.44,0,76.37,17.05.2024 11:20:10
0,364.13,1942,768,10.12,70.47,0,72.72,17.05.2024 11:20:12
0,366.19,1953,768,10.10,70.45,0,74.34,17.05.2024 11:20:14
0,369.00,1968,768,10.09,70.47,0,76.56,17.05.2024 11:20:16
0,370.13,1974,768,10.12,70.46,0,77.33,17.05.2024 11:20:18
0,370.50,1976,768,10.12,70.43,0,77.65,17.05.2024 11:20:20
0,371.25,1980,768,10.09,70.42,0,78.37,17.05.2024 11:20:22
0,371.25,1980,768,10.10,70.47,0,78.26,17.05.2024 11:20:24
0,367.31,1959,769,10.12,70.47,0,75.14,17.05.2024 11:20:27
0,368.25,1964,769,10.12,70.44,0,75.89,17.05.2024 11:20:29
0,369.56,1971,769,10.12,70.47,0,76.87,17.05.2024 11:20:31
0,367.69,1961,768,10.12,70.42,0,75.47,17.05.2024 11:20:33
0,368.81,1967,768,10.12,70.45,0,76.32,17.05.2024 11:20:35
0,362.81,1935,768,10.07,70.44,0,71.92,17.05.2024 11:20:37
0,371.63,1982,768,10.12,70.45,0,78.53,17.05.2024 11:20:39
0,368.06,1963,769,10.12,70.47,0,75.72,17.05.2024 11:20:41
0,370.69,1977,769,10.12,70.45,0,77.78,17.05.2024 11:20:44
0,369.38,1970,770,10.09,70.45,0,76.87,17.05.2024 11:20:46
0,366.75,1956,770,10.13,70.46,0,74.66,17.05.2024 11:20:48
0,368.81,1967,770,10.10,70.44,0,76.37,17.05.2024 11:20:50
0,366.38,1954,770,10.10,70.43,0,74.51,17.05.2024 11:20:52
0,369.38,1970,770,10.12,70.45,0,76.75,17.05.2024 11:20:54
0,366.38,1954,770,10.12,70.44,0,74.44,17.05.2024 11:20:56
0,366.00,1952,770,10.10,70.43,0,74.22,17.05.2024 11:20:58
0,369.94,1973,770,10.12,70.44,0,77.20,17.05.2024 11:21:01
0,366.19,1953,770,10.12,70.46,0,74.29,17.05.2024 11:21:03
0,369.19,1969,770,10.10,70.44,0,76.66,17.05.2024 11:21:05
0,369.19,1969,770,10.12,70.45,0,76.61,17.05.2024 11:21:07
0,366.38,1954,770,10.09,70.42,0,74.57,17.05.2024 11:21:09
0,367.88,1962,769,10.10,70.43,0,75.66,17.05.2024 11:21:11
0,369.94,1973,769,10.10,70.43,0,77.27,17.05.2024 11:21:13
0,370.88,1978,769,10.13,70.42,0,77.90,17.05.2024 11:21:15
0,366.94,1957,769,10.10,70.47,0,74.90,17.05.2024 11:21:18
0,367.13,1958,770,10.09,70.42,0,75.15,17.05.2024 11:21:20
0,367.13,1958,770,10.12,70.43,0,75.03,17.05.2024 11:21:22
0,367.31,1959,770,10.12,70.45,0,75.16,17.05.2024 11:21:24
0,367.50,1960,770,10.12,70.45,0,75.30,17.05.2024 11:21:26
0,369.19,1969,771,10.10,70.44,0,76.66,17.05.2024 11:21:28
0,367.50,1960,770,10.12,70.43,0,75.31,17.05.2024 11:21:30
0,367.69,1961,771,10.13,70.44,0,75.40,17.05.2024 11:21:32
0,366.00,1952,771,10.12,70.42,0,74.17,17.05.2024 11:21:35
0,366.19,1953,770,10.12,70.41,0,74.32,17.05.2024 11:21:37
0,366.19,1953,771,10.14,70.41,0,74.21,17.05.2024 11:21:41
0,369.38,1970,770,10.13,70.43,0,76.71,17.05.2024 11:21:43
0,364.31,1943,770,10.12,70.42,0,72.89,17.05.2024 11:21:45
0,367.31,1959,771,10.12,70.44,0,75.16,17.05.2024 11:21:47
0,363.38,1938,771,10.12,70.42,0,72.19,17.05.2024 11:21:49
0,359.06,1915,771,10.12,70.43,0,69.01,17.05.2024 11:21:51
0,353.81,1887,772,10.12,70.46,0,65.27,17.05.2024 11:21:54
0,362.63,1934,772,10.10,70.42,0,71.68,17.05.2024 11:21:56
0,363.75,1940,772,10.10,70.43,0,72.51,17.05.2024 11:21:58
0,363.00,1936,771,10.12,70.43,0,71.90,17.05.2024 11:22:00
0,357.19,1905,771,10.12,70.42,0,67.67,17.05.2024 11:22:02
0,365.44,1949,771,10.12,70.45,0,73.72,17.05.2024 11:22:04
0,363.19,1937,771,10.10,70.43,0,72.10,17.05.2024 11:22:06
0,361.31,1927,771,10.12,70.43,0,70.65,17.05.2024 11:22:08
0,365.44,1949,771,10.10,70.40,0,73.82,17.05.2024 11:22:11
0,368.81,1967,772,10.13,70.45,0,76.26,17.05.2024 11:22:13
0,371.44,1981,771,10.10,70.42,0,78.46,17.05.2024 11:22:15
0,370.88,1978,771,10.12,70.44,0,77.94,17.05.2024 11:22:17
0,366.75,1956,770,10.12,70.42,0,74.74,17.05.2024 11:22:19
0,370.50,1976,770,10.12,70.41,0,77.67,17.05.2024 11:22:21
0,370.88,1978,770,10.12,70.43,0,77.95,17.05.2024 11:22:23
0,370.13,1974,770,10.12,70.44,0,77.35,17.05.2024 11:22:25
0,368.25,1964,769,10.10,70.46,0,75.92,17.05.2024 11:22:28
0,368.06,1963,769,10.13,70.42,0,75.70,17.05.2024 11:22:30
0,367.50,1960,768,10.10,70.44,0,75.36,17.05.2024 11:22:32
0,367.88,1962,767,10.12,70.44,0,75.60,17.05.2024 11:22:34
0,366.75,1956,767,10.10,70.43,0,74.79,17.05.2024 11:22:36
0,369.56,1971,767,10.13,70.46,0,76.84,17.05.2024 11:22:38
0,368.81,1967,767,10.10,70.44,0,76.37,17.05.2024 11:22:40
0,370.88,1978,766,10.12,70.44,0,77.94,17.05.2024 11:22:42
0,367.69,1961,765,10.13,70.44,0,75.40,17.05.2024 11:22:44
0,366.94,1957,764,10.12,70.44,0,74.87,17.05.2024 11:22:47
0,369.56,1971,765,10.13,70.44,0,76.85,17.05.2024 11:22:49
0,368.06,1963,765,10.12,70.45,0,75.73,17.05.2024 11:22:51
0,368.25,1964,765,10.10,70.42,0,75.96,17.05.2024 11:22:53
0,371.06,1979,765,10.10,70.43,0,78.15,17.05.2024 11:22:55
0,368.63,1966,765,10.10,70.43,0,76.23,17.05.2024 11:22:57
0,369.38,1970,765,10.12,70.43,0,76.77,17.05.2024 11:22:59
0,366.56,1955,765,10.12,70.47,0,74.57,17.05.2024 11:23:01
0,370.31,1975,765,10.13,70.44,0,77.44,17.05.2024 11:23:04
0,366.00,1952,765,10.12,70.42,0,74.17,17.05.2024 11:23:06
0,368.06,1963,766,10.12,70.43,0,75.75,17.05.2024 11:23:08
0,369.56,1971,766,10.13,70.47,0,76.83,17.05.2024 11:23:10
0,368.81,1967,766,10.10,70.43,0,76.38,17.05.2024 11:23:12
0,368.81,1967,766,10.12,70.44,0,76.32,17.05.2024 11:23:14
0,368.81,1967,766,10.12,70.41,0,76.34,17.05.2024 11:23:16
0,371.06,1979,766,10.13,70.42,0,78.04,17.05.2024 11:23:18
0,365.63,1950,766,10.10,70.40,0,73.96,17.05.2024 11:23:21
0,368.63,1966,766,10.09,70.43,0,76.30,17.05.2024 11:23:23
0,367.50,1960,766,10.10,70.42,0,75.38,17.05.2024 11:23:25
0,366.19,1953,766,10.10,70.43,0,74.36,17.05.2024 11:23:27
0,364.31,1943,766,10.10,70.41,0,72.95,17.05.2024 11:23:29
0,366.75,1956,766,10.12,70.45,0,74.72,17.05.2024 11:23:31
0,370.69,1977,766,10.13,70.40,0,77.77,17.05.2024 11:23:33
0,369.38,1970,766,10.12,70.42,0,76.78,17.05.2024 11:23:35
0,369.38,1970,766,10.10,70.43,0,76.82,17.05.2024 11:23:38
0,368.06,1963,765,10.12,70.43,0,75.75,17.05.2024 11:23:40
0,372.75,1988,765,10.10,70.43,0,79.50,17.05.2024 11:23:42
0,370.50,1976,765,10.10,70.41,0,77.72,17.05.2024 11:23:44
0,369.19,1969,765,10.12,70.44,0,76.62,17.05.2024 11:23:46
0,366.75,1956,765,10.13,70.40,0,74.71,17.05.2024 11:23:48
0,369.00,1968,766,10.13,70.43,0,76.42,17.05.2024 11:23:50
0,366.94,1957,766,10.12,70.42,0,74.89,17.05.2024 11:23:52
0,366.00,1952,765,10.10,70.43,0,74.22,17.05.2024 11:23:57
0,363.94,1941,765,10.10,70.43,0,72.66,17.05.2024 11:23:59
0,365.44,1949,766,10.10,70.40,0,73.82,17.05.2024 11:24:01
0,362.63,1934,766,10.14,70.41,0,71.53,17.05.2024 11:24:03
0,367.69,1961,766,10.12,70.42,0,75.47,17.05.2024 11:24:05
0,360.19,1921,766,10.13,70.41,0,69.79,17.05.2024 11:24:07
0,360.38,1922,765,10.12,70.41,0,69.98,17.05.2024 11:24:09
0,362.81,1935,765,10.09,70.43,0,71.88,17.05.2024 11:24:11
0,362.06,1931,766,10.12,70.42,0,71.21,17.05.2024 11:24:14
0,365.81,1951,766,10.12,70.41,0,74.04,17.05.2024 11:24:16
0,363.00,1936,766,10.10,70.42,0,71.96,17.05.2024 11:24:18
0,362.44,1933,766,10.09,70.41,0,71.61,17.05.2024 11:24:20
0,365.63,1950,767,10.10,70.42,0,73.94,17.05.2024 11:24:22
0,365.81,1951,767,10.13,70.42,0,73.97,17.05.2024 11:24:24
0,364.13,1942,766,10.12,70.43,0,72.75,17.05.2024 11:24:26
0,369.56,1971,766,10.12,70.42,0,76.92,17.05.2024 11:24:28
0,368.25,1964,766,10.12,70.42,0,75.90,17.05.2024 11:24:31
0,367.69,1961,766,10.12,70.43,0,75.46,17.05.2024 11:24:33
0,372.38,1986,766,10.10,70.43,0,79.19,17.05.2024 11:24:35
0,367.69,1961,766,10.10,70.42,0,75.52,17.05.2024 11:24:37
0,367.69,1961,765,10.10,70.43,0,75.51,17.05.2024 11:24:39
0,368.06,1963,766,10.13,70.43,0,75.69,17.05.2024 11:24:41
0,372.19,1985,766,10.10,70.44,0,79.03,17.05.2024 11:24:43
0,369.94,1973,766,10.10,70.42,0,77.27,17.05.2024 11:24:45
0,369.38,1970,766,10.12,70.41,0,76.78,17.05.2024 11:24:47
0,370.69,1977,766,10.12,70.43,0,77.80,17.05.2024 11:24:50
0,367.88,1962,766,10.10,70.41,0,75.67,17.05.2024 11:24:52
0,369.38,1970,766,10.10,70.43,0,76.83,17.05.2024 11:24:54
0,370.69,1977,766,10.10,70.42,0,77.86,17.05.2024 11:24:56
0,366.00,1952,766,10.13,70.43,0,74.11,17.05.2024 11:24:58
0,370.50,1976,766,10.10,70.44,0,77.69,17.05.2024 11:25:00
0,368.25,1964,766,10.10,70.44,0,75.94,17.05.2024 11:25:02
0,372.56,1987,766,10.10,70.43,0,79.34,17.05.2024 11:25:04
0,371.25,1980,766,10.10,70.41,0,78.32,17.05.2024 11:25:07
0,369.75,1972,767,10.13,70.42,0,77.01,17.05.2024 11:25:09
0,367.69,1961,767,10.12,70.45,0,75.44,17.05.2024 11:25:11
0,365.25,1948,768,10.10,70.43,0,73.65,17.05.2024 11:25:13
0,369.38,1970,767,10.12,70.45,0,76.75,17.05.2024 11:25:15
0,365.81,1951,767,10.10,70.41,0,74.09,17.05.2024 11:25:17
0,363.19,1937,767,10.12,70.41,0,72.06,17.05.2024 11:25:19
0,371.06,1979,767,10.13,70.41,0,78.05,17.05.2024 11:25:21
0,366.00,1952,767,10.13,70.43,0,74.11,17.05.2024 11:25:24
0,364.31,1943,766,10.13,70.42,0,72.84,17.05.2024 11:25:26
0,366.56,1955,766,10.10,70.43,0,74.65,17.05.2024 11:25:28
0,367.31,1959,766,10.12,70.42,0,75.18,17.05.2024 11:25:30
0,367.50,1960,765,10.10,70.42,0,75.38,17.05.2024 11:25:32
0,363.00,1936,765,10.09,70.41,0,72.03,17.05.2024 11:25:34
0,364.50,1944,765,10.13,70.38,0,73.01,17.05.2024 11:25:36
0,369.56,1971,766,10.09,70.39,0,77.06,17.05.2024 11:25:38
0,367.50,1960,766,10.12,70.40,0,75.33,17.05.2024 11:25:41
0,366.19,1953,766,10.12,70.42,0,74.31,17.05.2024 11:25:43
0,366.38,1954,766,10.12,70.40,0,74.47,17.05.2024 11:25:45
0,366.56,1955,766,10.12,70.41,0,74.61,17.05.2024 11:25:47
0,366.19,1953,766,10.13,70.44,0,74.25,17.05.2024 11:25:49
0,365.44,1949,766,10.12,70.43,0,73.74,17.05.2024 11:25:51
0,364.13,1942,766,10.10,70.41,0,72.81,17.05.2024 11:25:53
0,367.69,1961,766,10.13,70.42,0,75.41,17.05.2024 11:25:55
0,364.88,1946,766,10.12,70.39,0,73.34,17.05.2024 11:25:58
0,366.19,1953,766,10.10,70.43,0,74.36,17.05.2024 11:26:00
0,365.25,1948,765,10.12,70.40,0,73.62,17.05.2024 11:26:02
0,365.06,1947,765,10.10,70.41,0,73.52,17.05.2024 11:26:04
0,366.56,1955,765,10.12,70.41,0,74.61,17.05.2024 11:26:06
0,365.06,1947,766,10.12,70.41,0,73.47,17.05.2024 11:26:08
0,365.44,1949,766,10.10,70.42,0,73.80,17.05.2024 11:26:12
0,366.38,1954,766,10.10,70.41,0,74.52,17.05.2024 11:26:14
0,364.69,1945,766,10.10,70.40,0,73.25,17.05.2024 11:26:17
0,361.13,1926,766,10.13,70.44,0,70.46,17.05.2024 11:26:19
0,363.00,1936,765,10.10,70.38,0,72.00,17.05.2024 11:26:21
0,363.75,1940,765,10.10,70.37,0,72.57,17.05.2024 11:26:23
0,362.06,1931,765,10.12,70.38,0,71.25,17.05.2024 11:26:25
0,364.13,1942,764,10.12,70.39,0,72.78,17.05.2024 11:26:27
0,361.69,1929,764,10.12,70.41,0,70.94,17.05.2024 11:26:29
0,363.38,1938,763,10.12,70.38,0,72.22,17.05.2024 11:26:31
0,361.69,1929,763,10.12,70.39,0,70.96,17.05.2024 11:26:34
0,363.94,1941,763,10.12,70.43,0,72.60,17.05.2024 11:26:36
0,363.75,1940,763,10.13,70.39,0,72.44,17.05.2024 11:26:38
0,363.19,1937,763,10.12,70.40,0,72.06,17.05.2024 11:26:40
0,365.06,1947,764,10.12,70.38,0,73.49,17.05.2024 11:26:42
0,367.69,1961,763,10.10,70.41,0,75.53,17.05.2024 11:26:44
0,370.88,1978,764,10.10,70.43,0,78.00,17.05.2024 11:26:46
0,366.38,1954,764,10.12,70.42,0,74.46,17.05.2024 11:26:48
0,367.13,1958,764,10.10,70.38,0,75.12,17.05.2024 11:26:51
0,369.38,1970,764,10.10,70.39,0,76.86,17.05.2024 11:26:53
0,369.94,1973,764,10.12,70.40,0,77.23,17.05.2024 11:26:55
0,367.69,1961,764,10.10,70.41,0,75.53,17.05.2024 11:26:57
0,366.75,1956,764,10.10,70.42,0,74.80,17.05.2024 11:26:59
0,368.06,1963,764,10.09,70.39,0,75.90,17.05.2024 11:27:01
0,367.88,1962,763,10.10,70.37,0,75.71,17.05.2024 11:27:03
0,368.06,1963,762,10.12,70.40,0,75.77,17.05.2024 11:27:05
0,366.56,1955,762,10.10,70.40,0,74.68,17.05.2024 11:27:07
0,367.88,1962,762,10.10,70.42,0,75.67,17.05.2024 11:27:10
0,367.69,1961,762,10.12,70.41,0,75.47,17.05.2024 11:27:12
0,369.38,1970,762,10.12,70.40,0,76.79,17.05.2024 11:27:14
0,364.88,1946,762,10.10,70.40,0,73.39,17.05.2024 11:27:16
0,367.88,1962,762,10.12,70.38,0,75.65,17.05.2024 11:27:18
0,368.81,1967,762,10.10,70.41,0,76.40,17.05.2024 11:27:20
0,367.50,1960,762,10.10,70.40,0,75.40,17.05.2024 11:27:22
0,368.44,1965,762,10.12,70.41,0,76.05,17.05.2024 11:27:24
0,369.94,1973,762,10.12,70.40,0,77.23,17.05.2024 11:27:27
0,366.38,1954,762,10.12,70.39,0,74.49,17.05.2024 11:27:29
0,369.00,1968,762,10.07,70.38,0,76.69,17.05.2024 11:27:31
0,362.25,1932,761,10.13,70.40,0,71.32,17.05.2024 11:27:33
0,368.63,1966,762,10.10,70.43,0,76.23,17.05.2024 11:27:35
0,366.75,1956,761,10.10,70.40,0,74.82,17.05.2024 11:27:37
0,369.56,1971,761,10.12,70.41,0,76.93,17.05.2024 11:27:39
0,366.56,1955,761,10.10,70.40,0,74.68,17.05.2024 11:27:41
0,368.81,1967,761,10.12,70.41,0,76.34,17.05.2024 11:27:44
0,367.50,1960,761,10.10,70.37,0,75.42,17.05.2024 11:27:46
0,367.88,1962,762,10.12,70.39,0,75.64,17.05.2024 11:27:48
0,365.06,1947,762,10.10,70.38,0,73.55,17.05.2024 11:27:50
0,367.13,1958,762,10.09,70.38,0,75.19,17.05.2024 11:27:52
0,365.81,1951,762,10.12,70.40,0,74.04,17.05.2024 11:27:54
0,367.13,1958,763,10.12,70.42,0,75.03,17.05.2024 11:27:56
0,368.44,1965,763,10.10,70.36,0,76.15,17.05.2024 11:27:58
0,363.19,1937,763,10.12,70.36,0,72.10,17.05.2024 11:28:01
0,367.50,1960,763,10.10,70.39,0,75.40,17.05.2024 11:28:03
0,365.06,1947,763,10.10,70.36,0,73.56,17.05.2024 11:28:05
0,366.94,1957,764,10.12,70.39,0,74.92,17.05.2024 11:28:07
0,367.88,1962,764,10.12,70.40,0,75.62,17.05.2024 11:28:09
0,364.50,1944,764,10.10,70.38,0,73.12,17.05.2024 11:28:11
0,366.94,1957,765,10.12,70.38,0,74.92,17.05.2024 11:28:13
0,365.25,1948,764,10.12,70.39,0,73.63,17.05.2024 11:28:15
0,368.06,1963,764,10.09,70.39,0,75.90,17.05.2024 11:28:18
0,365.06,1947,763,10.09,70.37,0,73.62,17.05.2024 11:28:20
0,364.69,1945,763,10.12,70.37,0,73.22,17.05.2024 11:28:22
0,364.50,1944,762,10.13,70.40,0,73.00,17.05.2024 11:28:26
0,365.44,1949,763,10.13,70.40,0,73.71,17.05.2024 11:28:28
0,362.44,1933,763,10.12,70.40,0,71.51,17.05.2024 11:28:30
0,359.81,1919,763,10.12,70.39,0,69.59,17.05.2024 11:28:32
0,363.75,1940,763,10.10,70.35,0,72.58,17.05.2024 11:28:34
0,358.31,1911,763,10.12,70.40,0,68.49,17.05.2024 11:28:37
0,365.25,1948,763,10.10,70.40,0,73.68,17.05.2024 11:28:39
0,360.00,1920,763,10.10,70.36,0,69.80,17.05.2024 11:28:41
0,359.81,1919,764,10.12,70.42,0,69.56,17.05.2024 11:28:43
0,361.31,1927,764,10.12,70.38,0,70.69,17.05.2024 11:28:45
0,363.00,1936,763,10.10,70.38,0,72.00,17.05.2024 11:28:47
0,364.13,1942,764,10.10,70.40,0,72.83,17.05.2024 11:28:49
0,367.50,1960,764,10.12,70.39,0,75.35,17.05.2024 11:28:51
0,364.69,1945,764,10.12,70.38,0,73.21,17.05.2024 11:28:54
0,364.31,1943,764,10.09,70.41,0,73.02,17.05.2024 11:28:56
0,364.88,1946,765,10.13,70.40,0,73.28,17.05.2024 11:28:58
0,366.38,1954,765,10.10,70.38,0,74.55,17.05.2024 11:29:00
0,367.13,1958,765,10.10,70.39,0,75.12,17.05.2024 11:29:02
0,369.19,1969,765,10.10,70.38,0,76.72,17.05.2024 11:29:04
0,370.69,1977,765,10.10,70.40,0,77.89,17.05.2024 11:29:06
0,369.38,1970,764,10.12,70.39,0,76.80,17.05.2024 11:29:08
0,366.94,1957,764,10.12,70.37,0,74.93,17.05.2024 11:29:10
0,364.69,1945,764,10.07,70.39,0,73.37,17.05.2024 11:29:13
0,365.44,1949,763,10.12,70.37,0,73.78,17.05.2024 11:29:15
0,365.63,1950,764,10.10,70.36,0,73.99,17.05.2024 11:29:17
0,369.19,1969,764,10.07,70.37,0,76.84,17.05.2024 11:29:19
0,368.44,1965,764,10.12,70.39,0,76.07,17.05.2024 11:29:21
0,369.38,1970,764,10.12,70.39,0,76.80,17.05.2024 11:29:23
0,369.56,1971,764,10.10,70.39,0,77.01,17.05.2024 11:29:25
0,369.19,1969,764,10.09,70.42,0,76.75,17.05.2024 11:29:27
0,369.75,1972,764,10.10,70.38,0,77.16,17.05.2024 11:29:30
0,364.31,1943,764,10.10,70.37,0,72.99,17.05.2024 11:29:32
0,361.31,1927,764,10.12,70.40,0,70.67,17.05.2024 11:29:34
0,364.88,1946,764,10.10,70.40,0,73.39,17.05.2024 11:29:36
0,366.75,1956,764,10.09,70.41,0,74.88,17.05.2024 11:29:38
0,366.38,1954,764,10.09,70.37,0,74.62,17.05.2024 11:29:40
0,367.69,1961,764,10.12,70.41,0,75.47,17.05.2024 11:29:42
0,368.81,1967,764,10.12,70.41,0,76.34,17.05.2024 11:29:44
0,369.75,1972,763,10.10,70.38,0,77.16,17.05.2024 11:29:47
0,365.81,1951,763,10.12,70.40,0,74.04,17.05.2024 11:29:49
0,368.25,1964,762,10.12,70.41,0,75.91,17.05.2024 11:29:51
0,368.44,1965,762,10.07,70.41,0,76.23,17.05.2024 11:29:53
0,365.81,1951,763,10.12,70.42,0,74.03,17.05.2024 11:29:55
0,365.81,1951,763,10.10,70.42,0,74.08,17.05.2024 11:29:57
0,367.69,1961,763,10.13,70.41,0,75.42,17.05.2024 11:29:59
0,366.56,1955,763,10.10,70.39,0,74.68,17.05.2024 11:30:01
0,368.25,1964,763,10.09,70.39,0,76.04,17.05.2024 11:30:04
0,369.19,1969,763,10.10,70.40,0,76.71,17.05.2024 11:30:06
0,371.81,1983,763,10.12,70.43,0,78.69,17.05.2024 11:30:08
0,371.44,1981,763,10.12,70.41,0,78.41,17.05.2024 11:30:10
0,366.94,1957,763,10.10,70.41,0,74.95,17.05.2024 11:30:12
0,371.63,1982,762,10.13,70.39,0,78.52,17.05.2024 11:30:14
0,372.94,1989,762,10.12,70.44,0,79.58,17.05.2024 11:30:16
0,373.69,1993,762,10.13,70.38,0,80.18,17.05.2024 11:30:18
0,373.69,1993,762,10.09,70.39,0,80.35,17.05.2024 11:30:21
0,372.94,1989,762,10.10,70.39,0,79.68,17.05.2024 11:30:23
0,375.38,2002,762,10.12,70.41,0,81.57,17.05.2024 11:30:25
0,377.06,2011,762,10.12,70.42,0,82.95,17.05.2024 11:30:27
0,377.25,2012,762,10.12,70.42,0,83.11,17.05.2024 11:30:29
0,377.25,2012,762,10.12,70.41,0,83.11,17.05.2024 11:30:31
0,382.13,2038,761,10.10,70.43,0,87.27,17.05.2024 11:30:33
0,381.56,2035,761,10.12,70.40,0,86.75,17.05.2024 11:30:35
0,382.31,2039,761,10.09,70.41,0,87.52,17.05.2024 11:30:38
0,385.13,2054,761,10.13,70.40,0,89.77,17.05.2024 11:30:42
0,390.75,2084,761,10.13,70.43,0,94.75,17.05.2024 11:30:44
0,385.13,2054,761,10.10,70.40,0,89.90,17.05.2024 11:30:46
0,385.88,2058,762,10.09,70.43,0,90.60,17.05.2024 11:30:48
0,383.44,2045,762,10.12,70.44,0,88.32,17.05.2024 11:30:50
0,383.25,2044,762,10.13,70.41,0,88.12,17.05.2024 11:30:52
0,387.38,2066,762,10.09,70.41,0,91.95,17.05.2024 11:30:54
0,385.69,2057,761,10.13,70.42,0,90.23,17.05.2024 11:30:57
0,387.94,2069,762,10.12,70.42,0,92.29,17.05.2024 11:30:59
0,387.56,2067,761,10.12,70.41,0,91.97,17.05.2024 11:31:01
0,388.69,2073,761,10.12,70.44,0,92.95,17.05.2024 11:31:03
0,389.06,2075,761,10.10,70.43,0,93.36,17.05.2024 11:31:05
0,388.88,2074,761,10.10,70.43,0,93.19,17.05.2024 11:31:07
0,390.75,2084,761,10.10,70.43,0,94.89,17.05.2024 11:31:09
0,391.69,2089,761,10.13,70.46,0,95.58,17.05.2024 11:31:11
0,391.50,2088,761,10.10,70.46,0,95.54,17.05.2024 11:31:14
0,396.94,2117,761,10.09,70.41,0,100.74,17.05.2024 11:31:16
0,396.94,2117,760,10.10,70.45,0,100.62,17.05.2024 11:31:18
0,396.56,2115,760,10.12,70.45,0,100.20,17.05.2024 11:31:20
0,398.25,2124,760,10.09,70.47,0,101.93,17.05.2024 11:31:22
0,400.13,2134,760,10.10,70.46,0,103.67,17.05.2024 11:31:24
0,399.38,2130,760,10.09,70.44,0,103.05,17.05.2024 11:31:26
0,397.13,2118,760,10.10,70.47,0,100.78,17.05.2024 11:31:28
0,398.44,2125,760,10.10,70.44,0,102.06,17.05.2024 11:31:31
0,400.13,2134,760,10.12,70.44,0,103.62,17.05.2024 11:31:33
0,400.88,2138,760,10.09,70.44,0,104.50,17.05.2024 11:31:35
0,398.44,2125,761,10.09,70.43,0,102.16,17.05.2024 11:31:37
0,399.19,2129,761,10.10,70.44,0,102.78,17.05.2024 11:31:39
0,399.94,2133,761,10.10,70.44,0,103.50,17.05.2024 11:31:41
0,400.50,2136,761,10.12,70.46,0,103.97,17.05.2024 11:31:43
0,394.69,2105,761,10.09,70.46,0,98.57,17.05.2024 11:31:45
0,399.00,2128,761,10.10,70.45,0,102.59,17.05.2024 11:31:47
0,397.69,2121,761,10.12,70.47,0,101.23,17.05.2024 11:31:50
0,398.63,2126,761,10.10,70.47,0,102.21,17.05.2024 11:31:52
0,399.75,2132,761,10.10,70.47,0,103.29,17.05.2024 11:31:54
0,397.50,2120,762,10.10,70.46,0,101.14,17.05.2024 11:31:56
0,400.31,2135,761,10.12,70.47,0,103.76,17.05.2024 11:31:58
0,398.25,2124,761,10.12,70.48,0,101.76,17.05.2024 11:32:00
0,398.25,2124,761,10.10,70.46,0,101.86,17.05.2024 11:32:02
0,397.69,2121,761,10.12,70.47,0,101.25,17.05.2024 11:32:04
0,399.56,2131,761,10.10,70.46,0,103.12,17.05.2024 11:32:07
0,396.38,2114,761,10.10,70.45,0,100.08,17.05.2024 11:32:09
0,402.56,2147,761,10.09,70.43,0,106.18,17.05.2024 11:32:11
0,399.56,2131,760,10.10,70.45,0,103.13,17.05.2024 11:32:13
0,396.56,2115,760,10.10,70.46,0,100.25,17.05.2024 11:32:15
0,396.94,2117,760,10.12,70.47,0,100.51,17.05.2024 11:32:17
0,396.56,2115,760,10.10,70.45,0,100.26,17.05.2024 11:32:19
0,395.06,2107,760,10.12,70.49,0,98.73,17.05.2024 11:32:21
0,396.75,2116,760,10.12,70.48,0,100.33,17.05.2024 11:32:24
0,395.44,2109,760,10.12,70.47,0,99.10,17.05.2024 11:32:26
0,400.88,2138,760,10.10,70.49,0,104.36,17.05.2024 11:32:28
0,398.81,2127,760,10.12,70.47,0,102.31,17.05.2024 11:32:30
0,397.50,2120,760,10.12,70.47,0,101.07,17.05.2024 11:32:32
0,396.19,2113,760,10.12,70.49,0,99.79,17.05.2024 11:32:34
0,397.13,2118,760,10.12,70.48,0,100.68,17.05.2024 11:32:36
0,398.44,2125,760,10.12,70.49,0,101.93,17.05.2024 11:32:38
0,393.75,2100,759,10.10,70.49,0,97.58,17.05.2024 11:32:41
0,399.19,2129,759,10.10,70.49,0,102.72,17.05.2024 11:32:43
0,396.75,2116,758,10.10,70.49,0,100.39,17.05.2024 11:32:45
0,394.13,2102,759,10.10,70.48,0,97.93,17.05.2024 11:32:47
0,395.63,2110,759,10.13,70.48,0,99.19,17.05.2024 11:32:49
0,394.69,2105,760,10.12,70.50,0,98.37,17.05.2024 11:32:51
0,395.81,2111,760,10.12,70.50,0,99.42,17.05.2024 11:32:53
0,392.06,2091,761,10.12,70.50,0,95.94,17.05.2024 11:32:55
0,393.56,2099,761,10.07,70.48,0,97.56,17.05.2024 11:33:00
0,394.88,2106,761,10.12,70.48,0,98.56,17.05.2024 11:33:02
0,392.81,2095,760,10.12,70.48,0,96.65,17.05.2024 11:33:04
0,388.31,2071,760,10.12,70.49,0,92.55,17.05.2024 11:33:06
0,390.56,2083,760,10.12,70.50,0,94.57,17.05.2024 11:33:08
0,387.56,2067,760,10.12,70.52,0,91.86,17.05.2024 11:33:10
0,390.75,2084,761,10.10,70.50,0,94.81,17.05.2024 11:33:12
0,389.81,2079,761,10.13,70.49,0,93.83,17.05.2024 11:33:14
0,389.63,2078,762,10.12,70.51,0,93.71,17.05.2024 11:33:17
0,388.50,2072,762,10.12,70.52,0,92.69,17.05.2024 11:33:19
0,391.69,2089,762,10.12,70.52,0,95.58,17.05.2024 11:33:21
0,391.31,2087,762,10.10,70.51,0,95.31,17.05.2024 11:33:23
0,392.25,2092,762,10.09,70.49,0,96.27,17.05.2024 11:33:25
0,391.50,2088,762,10.12,70.51,0,95.41,17.05.2024 11:33:27
0,394.50,2104,762,10.09,70.52,0,98.32,17.05.2024 11:33:29
0,399.19,2129,762,10.10,70.53,0,102.69,17.05.2024 11:33:31
0,394.69,2105,763,10.10,70.52,0,98.42,17.05.2024 11:33:34
0,397.31,2119,763,10.10,70.53,0,100.89,17.05.2024 11:33:36
0,396.19,2113,763,10.12,70.53,0,99.75,17.05.2024 11:33:38
0,399.75,2132,763,10.12,70.54,0,103.14,17.05.2024 11:33:40
0,396.75,2116,763,10.12,70.54,0,100.27,17.05.2024 11:33:42
0,397.31,2119,763,10.13,70.54,0,100.73,17.05.2024 11:33:44
0,401.44,2141,764,10.09,70.52,0,104.97,17.05.2024 11:33:46
0,398.25,2124,765,10.12,70.54,0,101.70,17.05.2024 11:33:48
0,395.81,2111,765,10.13,70.54,0,99.31,17.05.2024 11:33:50
0,396.00,2112,765,10.10,70.53,0,99.65,17.05.2024 11:33:53
0,394.50,2104,765,10.12,70.53,0,98.17,17.05.2024 11:33:55
0,397.13,2118,764,10.13,70.52,0,100.57,17.05.2024 11:33:57
0,395.63,2110,764,10.10,70.53,0,99.29,17.05.2024 11:33:59
0,396.75,2116,764,10.10,70.53,0,100.35,17.05.2024 11:34:01
0,397.13,2118,764,10.09,70.54,0,100.78,17.05.2024 11:34:03
0,395.06,2107,764,10.12,70.54,0,98.68,17.05.2024 11:34:05
0,397.31,2119,765,10.12,70.54,0,100.81,17.05.2024 11:34:07
0,392.81,2095,765,10.14,70.53,0,96.46,17.05.2024 11:34:10
0,399.38,2130,765,10.12,70.54,0,102.78,17.05.2024 11:34:12
0,398.63,2126,766,10.12,70.57,0,102.01,17.05.2024 11:34:14
0,395.63,2110,766,10.12,70.57,0,99.17,17.05.2024 11:34:16
0,396.38,2114,766,10.10,70.54,0,99.98,17.05.2024 11:34:18
0,397.69,2121,766,10.12,70.52,0,101.18,17.05.2024 11:34:20
0,394.88,2106,766,10.13,70.56,0,98.42,17.05.2024 11:34:22
0,396.75,2116,766,10.13,70.55,0,100.19,17.05.2024 11:34:24
0,396.75,2116,766,10.10,70.57,0,100.30,17.05.2024 11:34:27
0,395.63,2110,766,10.12,70.56,0,99.18,17.05.2024 11:34:29
0,396.38,2114,766,10.12,70.51,0,99.94,17.05.2024 11:34:31
0,393.56,2099,766,10.10,70.54,0,97.35,17.05.2024 11:34:33
0,399.94,2133,767,10.10,70.57,0,103.35,17.05.2024 11:34:35
0,396.75,2116,767,10.12,70.56,0,100.24,17.05.2024 11:34:37
0,394.88,2106,767,10.12,70.57,0,98.46,17.05.2024 11:34:39
0,387.56,2067,767,10.14,70.55,0,91.69,17.05.2024 11:34:41
0,396.56,2115,767,10.13,70.55,0,100.01,17.05.2024 11:34:44
0,396.00,2112,767,10.12,70.57,0,99.53,17.05.2024 11:34:46
0,397.50,2120,767,10.12,70.55,0,100.98,17.05.2024 11:34:48
0,396.38,2114,767,10.12,70.54,0,99.92,17.05.2024 11:34:50
0,394.88,2106,767,10.10,70.56,0,98.54,17.05.2024 11:34:52
0,395.44,2109,767,10.10,70.57,0,99.06,17.05.2024 11:34:54
0,391.69,2089,767,10.10,70.54,0,95.62,17.05.2024 11:34:56
0,393.38,2098,767,10.12,70.54,0,97.11,17.05.2024 11:34:58
0,393.56,2099,767,10.13,70.57,0,97.18,17.05.2024 11:35:01
0,395.63,2110,767,10.13,70.56,0,99.12,17.05.2024 11:35:03
0,395.44,2109,767,10.12,70.56,0,99.01,17.05.2024 11:35:05
0,393.94,2101,767,10.12,70.56,0,97.61,17.05.2024 11:35:07
0,394.13,2102,767,10.09,70.57,0,97.92,17.05.2024 11:35:09
0,391.31,2087,766,10.12,70.56,0,95.19,17.05.2024 11:35:11
0,396.94,2117,766,10.13,70.58,0,100.33,17.05.2024 11:35:15
0,392.06,2091,765,10.10,70.56,0,95.94,17.05.2024 11:35:17
0,390.75,2084,765,10.10,70.54,0,94.77,17.05.2024 11:35:20
0,390.19,2081,765,10.12,70.57,0,94.15,17.05.2024 11:35:22
0,390.94,2085,765,10.09,70.55,0,95.01,17.05.2024 11:35:24
0,387.00,2064,765,10.12,70.57,0,91.30,17.05.2024 11:35:26
0,391.88,2090,765,10.12,70.57,0,95.70,17.05.2024 11:35:28
0,388.69,2073,765,10.14,70.57,0,92.67,17.05.2024 11:35:30
0,387.00,2064,764,10.13,70.58,0,91.23,17.05.2024 11:35:32
0,392.81,2095,764,10.12,70.58,0,96.54,17.05.2024 11:35:34
0,390.75,2084,764,10.12,70.56,0,94.68,17.05.2024 11:35:37
0,391.88,2090,764,10.10,70.55,0,95.77,17.05.2024 11:35:39
0,389.63,2078,764,10.13,70.60,0,93.55,17.05.2024 11:35:41
0,392.44,2093,764,10.12,70.56,0,96.22,17.05.2024 11:35:43
0,396.00,2112,765,10.12,70.56,0,99.54,17.05.2024 11:35:45
0,398.25,2124,765,10.13,70.58,0,101.58,17.05.2024 11:35:47
0,394.88,2106,765,10.12,70.55,0,98.50,17.05.2024 11:35:49
0,398.63,2126,765,10.12,70.57,0,102.01,17.05.2024 11:35:51
0,396.56,2115,765,10.12,70.60,0,100.02,17.05.2024 11:35:54
0,396.00,2112,764,10.12,70.57,0,99.52,17.05.2024 11:35:56
0,397.13,2118,765,10.12,70.56,0,100.60,17.05.2024 11:35:58
0,397.31,2119,765,10.12,70.58,0,100.75,17.05.2024 11:36:00
0,399.19,2129,765,10.10,70.57,0,102.63,17.05.2024 11:36:02
0,396.38,2114,765,10.12,70.58,0,99.86,17.05.2024 11:36:04
0,398.25,2124,766,10.12,70.57,0,101.66,17.05.2024 11:36:06
0,398.63,2126,766,10.13,70.59,0,101.93,17.05.2024 11:36:08
0,397.50,2120,767,10.14,70.61,0,100.76,17.05.2024 11:36:10
0,397.50,2120,766,10.13,70.57,0,100.87,17.05.2024 11:36:13
0,398.06,2123,766,10.13,70.59,0,101.39,17.05.2024 11:36:15
0,402.00,2144,766,10.12,70.57,0,105.29,17.05.2024 11:36:17
0,395.63,2110,766,10.12,70.59,0,99.15,17.05.2024 11:36:19
0,399.94,2133,766,10.13,70.58,0,103.20,17.05.2024 11:36:21
0,396.94,2117,766,10.12,70.60,0,100.38,17.05.2024 11:36:23
0,399.75,2132,766,10.12,70.57,0,103.10,17.05.2024 11:36:25
0,396.19,2113,767,10.13,70.56,0,99.65,17.05.2024 11:36:27
0,396.75,2116,766,10.12,70.57,0,100.23,17.05.2024 11:36:30
0,399.38,2130,766,10.13,70.60,0,102.63,17.05.2024 11:36:32
0,393.94,2101,766,10.13,70.59,0,97.51,17.05.2024 11:36:34
0,399.00,2128,767,10.10,70.59,0,102.43,17.05.2024 11:36:36
0,397.50,2120,767,10.14,70.61,0,100.76,17.05.2024 11:36:38
0,395.81,2111,767,10.12,70.59,0,99.32,17.05.2024 11:36:40
0,399.56,2131,767,10.12,70.56,0,102.93,17.05.2024 11:36:42
0,397.13,2118,767,10.13,70.60,0,100.48,17.05.2024 11:36:44
0,392.44,2093,767,10.13,70.56,0,96.16,17.05.2024 11:36:47
0,396.38,2114,767,10.13,70.58,0,99.80,17.05.2024 11:36:49
0,399.38,2130,768,10.13,70.58,0,102.66,17.05.2024 11:36:51
0,397.13,2118,768,10.13,70.59,0,100.50,17.05.2024 11:36:53
0,393.75,2100,768,10.14,70.59,0,97.26,17.05.2024 11:36:55
0,398.81,2127,767,10.13,70.59,0,102.11,17.05.2024 11:36:57
0,397.88,2122,767,10.12,70.59,0,101.28,17.05.2024 11:36:59
0,396.00,2112,767,10.12,70.58,0,99.51,17.05.2024 11:37:01
0,392.63,2094,768,10.14,70.58,0,96.23,17.05.2024 11:37:04
0,393.56,2099,768,10.12,70.56,0,97.26,17.05.2024 11:37:06
0,398.25,2124,768,10.12,70.57,0,101.66,17.05.2024 11:37:08
0,395.63,2110,768,10.13,70.59,0,99.07,17.05.2024 11:37:10
0,395.44,2109,769,10.12,70.57,0,98.99,17.05.2024 11:37:12
0,397.31,2119,769,10.13,70.57,0,100.70,17.05.2024 11:37:14
0,396.00,2112,769,10.13,70.56,0,99.47,17.05.2024 11:37:16
0,395.44,2109,769,10.14,70.58,0,98.84,17.05.2024 11:37:18
0,398.81,2127,769,10.13,70.59,0,102.10,17.05.2024 11:37:21
0,396.19,2113,769,10.13,70.57,0,99.63,17.05.2024 11:37:23
0,395.44,2109,769,10.14,70.55,0,98.87,17.05.2024 11:37:25
0,392.25,2092,769,10.14,70.56,0,95.91,17.05.2024 11:37:29
0,393.56,2099,769,10.13,70.56,0,97.20,17.05.2024 11:37:31
0,395.06,2107,769,10.13,70.58,0,98.57,17.05.2024 11:37:33
0,391.50,2088,770,10.12,70.57,0,95.35,17.05.2024 11:37:35
0,389.25,2076,770,10.13,70.57,0,93.25,17.05.2024 11:37:37
0,391.13,2086,770,10.12,70.58,0,94.99,17.05.2024 11:37:40
0,387.56,2067,770,10.12,70.57,0,91.80,17.05.2024 11:37:42
0,390.56,2083,770,10.13,70.58,0,94.42,17.05.2024 11:37:44
0,387.94,2069,770,10.13,70.57,0,92.07,17.05.2024 11:37:46
0,390.00,2080,770,10.12,70.56,0,94.00,17.05.2024 11:37:48
0,389.25,2076,770,10.14,70.57,0,93.18,17.05.2024 11:37:50
0,391.13,2086,770,10.13,70.55,0,94.97,17.05.2024 11:37:52
0,390.75,2084,770,10.14,70.56,0,94.54,17.05.2024 11:37:54
0,395.25,2108,770,10.12,70.57,0,98.81,17.05.2024 11:37:57
0,395.25,2108,769,10.13,70.58,0,98.74,17.05.2024 11:37:59
0,397.13,2118,769,10.10,70.54,0,100.69,17.05.2024 11:38:01
0,399.00,2128,770,10.10,70.55,0,102.47,17.05.2024 11:38:03
0,397.88,2122,770,10.12,70.59,0,101.28,17.05.2024 11:38:05
0,397.13,2118,769,10.14,70.56,0,100.45,17.05.2024 11:38:07
0,396.19,2113,769,10.13,70.57,0,99.63,17.05.2024 11:38:09
0,395.81,2111,769,10.13,70.56,0,99.30,17.05.2024 11:38:11
0,395.44,2109,769,10.13,70.56,0,98.94,17.05.2024 11:38:13
0,394.50,2104,769,10.12,70.61,0,98.08,17.05.2024 11:38:16
0,397.69,2121,769,10.10,70.56,0,101.20,17.05.2024 11:38:18
0,394.50,2104,769,10.12,70.57,0,98.12,17.05.2024 11:38:20
0,398.44,2125,769,10.12,70.60,0,101.81,17.05.2024 11:38:22
0,395.25,2108,769,10.14,70.57,0,98.68,17.05.2024 11:38:24
0,396.19,2113,768,10.13,70.56,0,99.65,17.05.2024 11:38:26
0,397.31,2119,768,10.10,70.53,0,100.89,17.05.2024 11:38:28
0,396.00,2112,769,10.13,70.59,0,99.43,17.05.2024 11:38:30
0,394.31,2103,769,10.13,70.58,0,97.87,17.05.2024 11:38:33
0,398.81,2127,769,10.14,70.57,0,102.05,17.05.2024 11:38:35
0,396.94,2117,769,10.12,70.57,0,100.41,17.05.2024 11:38:37
0,395.81,2111,769,10.13,70.58,0,99.27,17.05.2024 11:38:39
0,397.31,2119,770,10.12,70.55,0,100.80,17.05.2024 11:38:41
0,398.06,2123,770,10.14,70.55,0,101.35,17.05.2024 11:38:43
0,393.94,2101,770,10.12,70.56,0,97.61,17.05.2024 11:38:45
0,397.88,2122,770,10.12,70.57,0,101.30,17.05.2024 11:38:47
0,397.69,2121,770,10.13,70.57,0,101.05,17.05.2024 11:38:50
0,394.50,2104,770,10.13,70.55,0,98.08,17.05.2024 11:38:52
0,394.88,2106,770,10.13,70.55,0,98.43,17.05.2024 11:38:54
0,400.69,2137,770,10.12,70.54,0,104.05,17.05.2024 11:38:56
0,397.88,2122,771,10.13,70.54,0,101.27,17.05.2024 11:38:58
0,395.44,2109,770,10.12,70.57,0,98.99,17.05.2024 11:39:00
0,394.13,2102,770,10.13,70.54,0,97.74,17.05.2024 11:39:02
0,396.00,2112,771,10.14,70.57,0,99.38,17.05.2024 11:39:04
0,396.75,2116,771,10.12,70.57,0,100.24,17.05.2024 11:39:07
0,396.00,2112,771,10.13,70.55,0,99.48,17.05.2024 11:39:09
0,393.00,2096,771,10.12,70.56,0,96.74,17.05.2024 11:39:11
0,394.13,2102,771,10.12,70.53,0,97.82,17.05.2024 11:39:13
0,396.19,2113,771,10.13,70.55,0,99.66,17.05.2024 11:39:15
0,395.81,2111,771,10.14,70.55,0,99.22,17.05.2024 11:39:17
0,395.63,2110,772,10.14,70.55,0,99.05,17.05.2024 11:39:19
0,393.94,2101,772,10.16,70.56,0,97.39,17.05.2024 11:39:21
0,394.31,2103,772,10.14,70.53,0,97.85,17.05.2024 11:39:24
0,399.19,2129,772,10.16,70.54,0,102.36,17.05.2024 11:39:26
0,397.13,2118,771,10.14,70.55,0,100.46,17.05.2024 11:39:28
0,393.38,2098,772,10.13,70.54,0,97.04,17.05.2024 11:39:30
0,400.50,2136,771,10.09,70.52,0,104.05,17.05.2024 11:39:32
0,393.75,2100,771,10.12,70.56,0,97.43,17.05.2024 11:39:34
0,392.25,2092,771,10.14,70.54,0,95.93,17.05.2024 11:39:36
0,397.69,2121,771,10.12,70.55,0,101.15,17.05.2024 11:39:38
0,392.44,2093,771,10.13,70.52,0,96.19,17.05.2024 11:39:43
0,396.38,2114,771,10.13,70.52,0,99.86,17.05.2024 11:39:45
0,392.44,2093,771,10.13,70.55,0,96.17,17.05.2024 11:39:47
0,387.19,2065,771,10.13,70.56,0,91.42,17.05.2024 11:39:49
0,387.38,2066,771,10.12,70.54,0,91.67,17.05.2024 11:39:51
0,388.13,2070,771,10.14,70.54,0,92.20,17.05.2024 11:39:53
0,387.75,2068,771,10.13,70.53,0,91.95,17.05.2024 11:39:55
0,389.44,2077,772,10.13,70.53,0,93.46,17.05.2024 11:39:57
0,389.44,2077,772,10.13,70.51,0,93.47,17.05.2024 11:40:00
0,388.88,2074,772,10.12,70.53,0,93.02,17.05.2024 11:40:02
0,388.88,2074,771,10.09,70.55,0,93.14,17.05.2024 11:40:04
0,394.13,2102,771,10.12,70.54,0,97.81,17.05.2024 11:40:06
0,391.13,2086,771,10.13,70.52,0,94.99,17.05.2024 11:40:08
0,394.88,2106,771,10.14,70.54,0,98.36,17.05.2024 11:40:10
0,392.81,2095,771,10.13,70.51,0,96.55,17.05.2024 11:40:12
0,394.50,2104,771,10.14,70.53,0,98.02,17.05.2024 11:40:14
0,397.69,2121,771,10.13,70.53,0,101.10,17.05.2024 11:40:17
0,398.63,2126,771,10.13,70.53,0,101.99,17.05.2024 11:40:19
0,396.94,2117,770,10.13,70.52,0,100.39,17.05.2024 11:40:21
0,396.56,2115,770,10.12,70.51,0,100.12,17.05.2024 11:40:23
0,396.94,2117,771,10.12,70.56,0,100.42,17.05.2024 11:40:25
0,398.81,2127,771,10.16,70.53,0,102.02,17.05.2024 11:40:27
0,398.44,2125,771,10.14,70.52,0,101.76,17.05.2024 11:40:29
0,396.94,2117,771,10.13,70.51,0,100.40,17.05.2024 11:40:31
0,396.94,2117,772,10.13,70.51,0,100.40,17.05.2024 11:40:33
0,396.38,2114,772,10.13,70.52,0,99.86,17.05.2024 11:40:36
0,396.19,2113,772,10.13,70.50,0,99.70,17.05.2024 11:40:38
0,395.63,2110,771,10.12,70.52,0,99.23,17.05.2024 11:40:40
0,397.88,2122,771,10.13,70.49,0,101.31,17.05.2024 11:40:42
0,399.19,2129,771,10.14,70.52,0,102.47,17.05.2024 11:40:44
0,395.63,2110,771,10.13,70.54,0,99.14,17.05.2024 11:40:46
0,396.56,2115,771,10.12,70.52,0,100.11,17.05.2024 11:40:48
0,394.31,2103,771,10.14,70.50,0,97.88,17.05.2024 11:40:50
0,394.88,2106,771,10.13,70.55,0,98.43,17.05.2024 11:40:53
0,394.88,2106,771,10.13,70.56,0,98.42,17.05.2024 11:40:55
0,395.06,2107,771,10.13,70.55,0,98.60,17.05.2024 11:40:57
0,396.56,2115,771,10.13,70.55,0,100.01,17.05.2024 11:40:59
0,397.88,2122,772,10.13,70.51,0,101.30,17.05.2024 11:41:01
0,392.44,2093,772,10.13,70.49,0,96.22,17.05.2024 11:41:03
0,394.50,2104,772,10.12,70.50,0,98.19,17.05.2024 11:41:05
0,396.56,2115,772,10.13,70.54,0,100.02,17.05.2024 11:41:07
0,393.56,2099,773,10.13,70.50,0,97.25,17.05.2024 11:41:10
0,393.75,2100,773,10.12,70.50,0,97.49,17.05.2024 11:41:12
0,396.00,2112,774,10.16,70.48,0,99.40,17.05.2024 11:41:14
0,397.13,2118,773,10.10,70.54,0,100.69,17.05.2024 11:41:16
0,397.69,2121,774,10.14,70.51,0,101.05,17.05.2024 11:41:18
0,398.44,2125,773,10.12,70.51,0,101.91,17.05.2024 11:41:20
0,394.31,2103,773,10.16,70.53,0,97.77,17.05.2024 11:41:22
0,394.69,2105,773,10.13,70.51,0,98.29,17.05.2024 11:41:24
0,394.50,2104,773,10.13,70.51,0,98.11,17.05.2024 11:41:27
0,391.69,2089,773,10.13,70.54,0,95.49,17.05.2024 11:41:29
0,395.06,2107,772,10.14,70.50,0,98.58,17.05.2024 11:41:31
0,393.19,2097,773,10.13,70.50,0,96.90,17.05.2024 11:41:33
0,394.31,2103,772,10.14,70.51,0,97.87,17.05.2024 11:41:35
0,396.75,2116,772,10.13,70.50,0,100.24,17.05.2024 11:41:37
0,393.38,2098,772,10.12,70.53,0,97.12,17.05.2024 11:41:39
0,394.50,2104,772,10.14,70.55,0,98.00,17.05.2024 11:41:41
0,394.50,2104,772,10.14,70.52,0,98.04,17.05.2024 11:41:44
0,393.56,2099,772,10.14,70.50,0,97.19,17.05.2024 11:41:46
0,396.00,2112,772,10.14,70.50,0,99.46,17.05.2024 11:41:48
0,395.06,2107,772,10.13,70.50,0,98.65,17.05.2024 11:41:50
0,393.94,2101,772,10.12,70.50,0,97.67,17.05.2024 11:41:52
0,393.94,2101,772,10.14,70.50,0,97.53,17.05.2024 11:41:54
0,393.75,2100,772,10.14,70.50,0,97.36,17.05.2024 11:41:58
0,397.31,2119,772,10.12,70.47,0,100.87,17.05.2024 11:42:00
0,392.81,2095,772,10.14,70.50,0,96.49,17.05.2024 11:42:03
0,389.25,2076,772,10.16,70.52,0,93.15,17.05.2024 11:42:05
0,389.81,2079,772,10.14,70.53,0,93.73,17.05.2024 11:42:07
0,385.31,2055,772,10.13,70.51,0,89.81,17.05.2024 11:42:09
0,389.63,2078,772,10.13,70.49,0,93.66,17.05.2024 11:42:11
0,386.25,2060,772,10.14,70.48,0,90.61,17.05.2024 11:42:13
0,387.56,2067,773,10.16,70.51,0,91.66,17.05.2024 11:42:15
0,392.44,2093,772,10.17,70.48,0,96.02,17.05.2024 11:42:17
0,390.38,2082,772,10.14,70.48,0,94.29,17.05.2024 11:42:20
0,392.25,2092,772,10.12,70.48,0,96.13,17.05.2024 11:42:22
0,387.56,2067,772,10.12,70.49,0,91.88,17.05.2024 11:42:24
0,389.63,2078,772,10.13,70.49,0,93.66,17.05.2024 11:42:26
0,394.31,2103,772,10.13,70.48,0,97.96,17.05.2024 11:42:28
0,395.25,2108,772,10.14,70.50,0,98.76,17.05.2024 11:42:30
0,396.19,2113,772,10.14,70.50,0,99.64,17.05.2024 11:42:32
0,399.00,2128,773,10.12,70.49,0,102.47,17.05.2024 11:42:34
0,396.00,2112,773,10.14,70.48,0,99.49,17.05.2024 11:42:36
0,394.50,2104,772,10.13,70.50,0,98.12,17.05.2024 11:42:39
0,398.06,2123,772,10.14,70.48,0,101.45,17.05.2024 11:42:41
0,397.13,2118,772,10.12,70.50,0,100.66,17.05.2024 11:42:43
0,396.00,2112,772,10.14,70.48,0,99.49,17.05.2024 11:42:45
0,395.81,2111,772,10.13,70.50,0,99.35,17.05.2024 11:42:47
0,393.38,2098,772,10.13,70.50,0,97.08,17.05.2024 11:42:49
0,395.81,2111,772,10.13,70.51,0,99.34,17.05.2024 11:42:51
0,397.13,2118,772,10.13,70.48,0,100.61,17.05.2024 11:42:53
0,397.31,2119,772,10.13,70.47,0,100.82,17.05.2024 11:42:56
0,396.19,2113,772,10.13,70.48,0,99.72,17.05.2024 11:42:58
0,398.81,2127,772,10.13,70.50,0,102.20,17.05.2024 11:43:00
0,395.25,2108,772,10.14,70.52,0,98.73,17.05.2024 11:43:02
0,392.63,2094,772,10.14,70.51,0,96.31,17.05.2024 11:43:04
0,399.94,2133,772,10.14,70.51,0,103.21,17.05.2024 11:43:06
0,394.69,2105,772,10.13,70.49,0,98.30,17.05.2024 11:43:08
0,393.56,2099,772,10.14,70.52,0,97.16,17.05.2024 11:43:10
0,396.38,2114,771,10.13,70.50,0,99.88,17.05.2024 11:43:13
0,394.50,2104,771,10.14,70.49,0,98.07,17.05.2024 11:43:15
0,396.94,2117,771,10.12,70.48,0,100.51,17.05.2024 11:43:17
0,397.50,2120,771,10.13,70.49,0,100.96,17.05.2024 11:43:19
0,397.69,2121,771,10.14,70.47,0,101.10,17.05.2024 11:43:21
0,397.88,2122,771,10.14,70.50,0,101.24,17.05.2024 11:43:23
0,393.75,2100,771,10.12,70.48,0,97.51,17.05.2024 11:43:25
0,396.38,2114,771,10.13,70.48,0,99.92,17.05.2024 11:43:27
0,395.44,2109,771,10.13,70.48,0,99.02,17.05.2024 11:43:30
0,392.06,2091,771,10.14,70.48,0,95.83,17.05.2024 11:43:32
0,395.63,2110,771,10.14,70.48,0,99.14,17.05.2024 11:43:34
0,397.50,2120,771,10.12,70.48,0,101.04,17.05.2024 11:43:36
0,397.69,2121,771,10.13,70.50,0,101.13,17.05.2024 11:43:38
0,392.06,2091,771,10.13,70.48,0,95.88,17.05.2024 11:43:40
0,393.19,2097,771,10.14,70.49,0,96.85,17.05.2024 11:43:42
0,396.19,2113,771,10.13,70.47,0,99.75,17.05.2024 11:43:44
0,396.94,2117,771,10.13,70.48,0,100.43,17.05.2024 11:43:47
0,394.50,2104,771,10.13,70.48,0,98.14,17.05.2024 11:43:49
0,394.88,2106,771,10.13,70.49,0,98.48,17.05.2024 11:43:51
0,393.75,2100,771,10.14,70.48,0,97.39,17.05.2024 11:43:53
0,395.63,2110,771,10.13,70.46,0,99.23,17.05.2024 11:43:55
0,395.44,2109,771,10.14,70.49,0,98.94,17.05.2024 11:43:57
0,397.69,2121,772,10.13,70.49,0,101.14,17.05.2024 11:43:59
0,398.06,2123,771,10.13,70.47,0,101.53,17.05.2024 11:44:01
0,394.69,2105,772,10.13,70.48,0,98.31,17.05.2024 11:44:04
0,393.75,2100,772,10.12,70.49,0,97.50,17.05.2024 11:44:06
0,394.50,2104,772,10.16,70.48,0,98.00,17.05.2024 11:44:08
0,391.69,2089,773,10.12,70.47,0,95.62,17.05.2024 11:44:12
0,396.56,2115,772,10.13,70.46,0,100.11,17.05.2024 11:44:14
0,392.06,2091,772,10.14,70.48,0,95.83,17.05.2024 11:44:16
0,389.63,2078,772,10.12,70.48,0,93.74,17.05.2024 11:44:18
0,385.69,2057,773,10.12,70.47,0,90.24,17.05.2024 11:44:20
0,390.75,2084,772,10.13,70.47,0,94.71,17.05.2024 11:44:23
0,388.50,2072,772,10.13,70.45,0,92.70,17.05.2024 11:44:25
0,386.81,2063,772,10.14,70.46,0,91.12,17.05.2024 11:44:27
0,389.44,2077,772,10.13,70.48,0,93.52,17.05.2024 11:44:29
0,384.00,2048,772,10.13,70.48,0,88.70,17.05.2024 11:44:31
0,390.00,2080,772,10.14,70.51,0,93.92,17.05.2024 11:44:33
0,389.25,2076,771,10.16,70.47,0,93.20,17.05.2024 11:44:35
0,395.25,2108,771,10.13,70.45,0,98.89,17.05.2024 11:44:37
0,394.69,2105,771,10.16,70.47,0,98.18,17.05.2024 11:44:40
0,396.19,2113,771,10.13,70.48,0,99.72,17.05.2024 11:44:42
0,397.88,2122,771,10.13,70.48,0,101.34,17.05.2024 11:44:44
0,400.13,2134,771,10.13,70.47,0,103.52,17.05.2024 11:44:46
0,396.94,2117,771,10.14,70.45,0,100.40,17.05.2024 11:44:48
0,394.88,2106,771,10.13,70.47,0,98.52,17.05.2024 11:44:50
0,395.63,2110,771,10.13,70.48,0,99.21,17.05.2024 11:44:52
0,399.19,2129,771,10.14,70.46,0,102.54,17.05.2024 11:44:54
0,396.56,2115,771,10.14,70.44,0,100.06,17.05.2024 11:44:56
0,397.69,2121,770,10.13,70.47,0,101.17,17.05.2024 11:44:59
0,398.44,2125,770,10.14,70.48,0,101.81,17.05.2024 11:45:01
0,395.25,2108,770,10.14,70.46,0,98.80,17.05.2024 11:45:03
0,399.56,2131,771,10.13,70.49,0,102.93,17.05.2024 11:45:05
0,397.31,2119,771,10.16,70.48,0,100.64,17.05.2024 11:45:07
0,399.56,2131,770,10.13,70.47,0,102.97,17.05.2024 11:45:09
0,398.63,2126,771,10.14,70.47,0,101.99,17.05.2024 11:45:11
0,399.94,2133,771,10.12,70.47,0,103.41,17.05.2024 11:45:13
0,398.25,2124,770,10.14,70.48,0,101.63,17.05.2024 11:45:16
0,393.38,2098,770,10.12,70.44,0,97.22,17.05.2024 11:45:18
0,394.50,2104,770,10.14,70.49,0,98.07,17.05.2024 11:45:20
0,393.56,2099,770,10.14,70.46,0,97.23,17.05.2024 11:45:22
0,392.06,2091,771,10.13,70.46,0,95.92,17.05.2024 11:45:24
0,390.94,2085,770,10.12,70.48,0,94.93,17.05.2024 11:45:26
0,393.38,2098,770,10.13,70.46,0,97.13,17.05.2024 11:45:28
0,397.13,2118,770,10.12,70.47,0,100.71,17.05.2024 11:45:30
0,398.81,2127,771,10.13,70.48,0,102.24,17.05.2024 11:45:33
0,398.25,2124,770,10.12,70.47,0,101.77,17.05.2024 11:45:35
0,395.81,2111,770,10.13,70.48,0,99.39,17.05.2024 11:45:37
0,394.50,2104,769,10.13,70.48,0,98.16,17.05.2024 11:45:39
0,396.19,2113,769,10.14,70.45,0,99.69,17.05.2024 11:45:41
0,396.38,2114,769,10.13,70.48,0,99.90,17.05.2024 11:45:43
0,394.88,2106,769,10.12,70.47,0,98.59,17.05.2024 11:45:45
0,399.38,2130,769,10.16,70.50,0,102.58,17.05.2024 11:45:47
0,395.06,2107,769,10.13,70.44,0,98.72,17.05.2024 11:45:50
0,397.50,2120,769,10.12,70.45,0,101.09,17.05.2024 11:45:52
0,394.69,2105,769,10.12,70.46,0,98.42,17.05.2024 11:45:54
0,395.63,2110,769,10.13,70.49,0,99.18,17.05.2024 11:45:56
0,392.06,2091,769,10.13,70.45,0,95.93,17.05.2024 11:45:58
0,395.06,2107,770,10.12,70.45,0,98.78,17.05.2024 11:46:00
0,392.63,2094,771,10.14,70.49,0,96.33,17.05.2024 11:46:02
0,397.13,2118,771,10.14,70.44,0,100.59,17.05.2024 11:46:04
0,397.31,2119,771,10.13,70.44,0,100.84,17.05.2024 11:46:07
0,396.94,2117,771,10.13,70.47,0,100.46,17.05.2024 11:46:09
0,393.38,2098,771,10.13,70.46,0,97.13,17.05.2024 11:46:11
0,392.44,2093,771,10.13,70.46,0,96.26,17.05.2024 11:46:13
0,394.50,2104,771,10.13,70.48,0,98.16,17.05.2024 11:46:15
0,393.94,2101,771,10.13,70.44,0,97.67,17.05.2024 11:46:17
0,392.81,2095,772,10.12,70.46,0,96.68,17.05.2024 11:46:19
0,396.56,2115,771,10.12,70.48,0,100.15,17.05.2024 11:46:23
0,394.31,2103,771,10.13,70.48,0,97.96,17.05.2024 11:46:26
0,398.25,2124,771,10.13,70.47,0,101.71,17.05.2024 11:46:28
0,390.94,2085,771,10.12,70.46,0,94.96,17.05.2024 11:46:30
0,393.94,2101,771,10.14,70.48,0,97.56,17.05.2024 11:46:32
0,395.25,2108,771,10.13,70.48,0,98.84,17.05.2024 11:46:34
0,396.19,2113,771,10.13,70.48,0,99.72,17.05.2024 11:46:36
0,399.00,2128,771,10.14,70.49,0,102.33,17.05.2024 11:46:38
0,400.69,2137,770,10.12,70.47,0,104.12,17.05.2024 11:46:40
0,399.94,2133,771,10.12,70.50,0,103.36,17.05.2024 11:46:43
0,402.38,2146,771,10.14,70.48,0,105.63,17.05.2024 11:46:45
0,412.50,2200,770,10.13,70.49,0,115.99,17.05.2024 11:46:47
0,409.88,2186,770,10.13,70.51,0,113.23,17.05.2024 11:46:49
0,409.69,2185,769,10.14,70.45,0,113.03,17.05.2024 11:46:51
0,413.81,2207,770,10.16,70.48,0,117.22,17.05.2024 11:46:53
0,423.00,2256,769,10.12,70.47,0,127.58,17.05.2024 11:46:55
0,423.94,2261,770,10.13,70.48,0,128.52,17.05.2024 11:46:57
0,426.19,2273,771,10.13,70.50,0,131.07,17.05.2024 11:47:00
0,427.50,2280,771,10.13,70.50,0,132.59,17.05.2024 11:47:02
0,430.50,2296,771,10.12,70.50,0,136.21,17.05.2024 11:47:04
0,434.25,2316,771,10.13,70.47,0,140.67,17.05.2024 11:47:06
0,439.88,2346,771,10.14,70.50,0,147.46,17.05.2024 11:47:08
0,439.13,2342,770,10.13,70.50,0,146.62,17.05.2024 11:47:10
0,439.13,2342,770,10.12,70.48,0,146.75,17.05.2024 11:47:12
0,440.81,2351,770,10.13,70.51,0,148.73,17.05.2024 11:47:14
0,444.38,2370,770,10.12,70.51,0,153.40,17.05.2024 11:47:16
0,447.19,2385,770,10.13,70.50,0,156.97,17.05.2024 11:47:19
0,444.00,2368,770,10.13,70.50,0,152.81,17.05.2024 11:47:21
0,449.63,2398,770,10.14,70.51,0,160.09,17.05.2024 11:47:23
0,445.31,2375,770,10.13,70.48,0,154.54,17.05.2024 11:47:25
0,448.13,2390,770,10.10,70.47,0,158.50,17.05.2024 11:47:27
0,452.44,2413,771,10.14,70.50,0,163.89,17.05.2024 11:47:29
0,453.38,2418,770,10.13,70.49,0,165.29,17.05.2024 11:47:31
0,456.94,2437,770,10.13,70.49,0,170.22,17.05.2024 11:47:33
0,454.88,2426,770,10.14,70.52,0,167.20,17.05.2024 11:47:36
0,455.25,2428,771,10.13,70.49,0,167.87,17.05.2024 11:47:38
0,455.44,2429,771,10.16,70.53,0,167.81,17.05.2024 11:47:40
0,457.50,2440,771,10.13,70.50,0,170.99,17.05.2024 11:47:42
0,455.63,2430,771,10.13,70.51,0,168.36,17.05.2024 11:47:44
0,458.44,2445,770,10.13,70.50,0,172.31,17.05.2024 11:47:46
0,455.81,2431,770,10.12,70.51,0,168.74,17.05.2024 11:47:48
0,457.88,2442,770,10.13,70.52,0,171.49,17.05.2024 11:47:50
0,459.19,2449,771,10.13,70.49,0,173.39,17.05.2024 11:47:53
0,459.38,2450,770,10.12,70.50,0,173.76,17.05.2024 11:47:55
0,459.75,2452,771,10.14,70.52,0,174.03,17.05.2024 11:47:57
0,459.38,2450,771,10.13,70.50,0,173.64,17.05.2024 11:47:59
0,455.06,2427,771,10.14,70.52,0,167.46,17.05.2024 11:48:01
0,457.88,2442,770,10.14,70.51,0,171.39,17.05.2024 11:48:03
0,454.50,2424,769,10.13,70.50,0,166.82,17.05.2024 11:48:05
0,463.88,2474,769,10.13,70.50,0,180.11,17.05.2024 11:48:07
0,457.88,2442,769,10.14,70.50,0,171.41,17.05.2024 11:48:10
0,459.38,2450,770,10.13,70.54,0,173.57,17.05.2024 11:48:12
0,460.69,2457,770,10.13,70.50,0,175.51,17.05.2024 11:48:14
0,457.50,2440,770,10.13,70.54,0,170.93,17.05.2024 11:48:16
0,458.06,2443,770,10.13,70.53,0,171.73,17.05.2024 11:48:18
0,459.19,2449,770,10.12,70.53,0,173.45,17.05.2024 11:48:20
0,458.63,2446,770,10.13,70.52,0,172.54,17.05.2024 11:48:22
0,457.31,2439,770,10.13,70.52,0,170.70,17.05.2024 11:48:24
0,456.38,2434,770,10.13,70.51,0,169.40,17.05.2024 11:48:27
0,455.63,2430,770,10.14,70.51,0,168.25,17.05.2024 11:48:29
0,454.31,2423,771,10.13,70.55,0,166.49,17.05.2024 11:48:31
0,453.56,2419,771,10.14,70.54,0,165.35,17.05.2024 11:48:33
0,452.25,2412,771,10.14,70.52,0,163.61,17.05.2024 11:48:37
0,452.06,2411,770,10.12,70.51,0,163.59,17.05.2024 11:48:39
0,454.13,2422,771,10.13,70.52,0,166.27,17.05.2024 11:48:41
0,447.19,2385,771,10.14,70.52,0,156.83,17.05.2024 11:48:43
0,450.56,2403,770,10.13,70.51,0,161.45,17.05.2024 11:48:46
0,449.06,2395,770,10.12,70.52,0,159.54,17.05.2024 11:48:48
0,449.63,2398,770,10.13,70.52,0,160.17,17.05.2024 11:48:50
0,447.56,2387,770,10.13,70.53,0,157.42,17.05.2024 11:48:52
0,448.31,2391,769,10.13,70.51,0,158.44,17.05.2024 11:48:54
0,448.31,2391,769,10.14,70.50,0,158.36,17.05.2024 11:48:56
0,446.81,2383,770,10.13,70.53,0,156.43,17.05.2024 11:48:58
0,446.81,2383,770,10.13,70.50,0,156.48,17.05.2024 11:49:00
0,447.56,2387,770,10.12,70.55,0,157.51,17.05.2024 11:49:03
0,447.94,2389,769,10.14,70.52,0,157.82,17.05.2024 11:49:05
0,451.31,2407,769,10.12,70.53,0,162.55,17.05.2024 11:49:07
0,450.94,2405,769,10.13,70.53,0,161.92,17.05.2024 11:49:09
0,455.63,2430,768,10.12,70.51,0,168.48,17.05.2024 11:49:11
0,451.69,2409,768,10.13,70.52,0,162.95,17.05.2024 11:49:13
0,451.31,2407,768,10.12,70.53,0,162.55,17.05.2024 11:49:15
0,456.56,2435,768,10.13,70.51,0,169.66,17.05.2024 11:49:17
0,452.63,2414,768,10.13,70.53,0,164.21,17.05.2024 11:49:19
0,452.81,2415,769,10.13,70.50,0,164.51,17.05.2024 11:49:22
0,453.38,2418,768,10.13,70.52,0,165.25,17.05.2024 11:49:24
0,450.94,2405,768,10.14,70.53,0,161.80,17.05.2024 11:49:26
0,452.63,2414,769,10.10,70.53,0,164.45,17.05.2024 11:49:28
0,453.19,2417,768,10.13,70.53,0,164.97,17.05.2024 11:49:30
0,454.31,2423,768,10.14,70.56,0,166.34,17.05.2024 11:49:32
0,453.00,2416,768,10.10,70.50,0,165.00,17.05.2024 11:49:34
0,453.19,2417,769,10.13,70.50,0,165.02,17.05.2024 11:49:36
0,452.06,2411,769,10.12,70.55,0,163.53,17.05.2024 11:49:39
0,452.06,2411,769,10.14,70.55,0,163.28,17.05.2024 11:49:41
0,452.06,2411,770,10.14,70.49,0,163.40,17.05.2024 11:49:43
0,453.56,2419,769,10.14,70.53,0,165.37,17.05.2024 11:49:45
0,453.94,2421,769,10.14,70.54,0,165.87,17.05.2024 11:49:47
0,450.38,2402,769,10.10,70.52,0,161.41,17.05.2024 11:49:49
0,451.13,2406,770,10.14,70.52,0,162.07,17.05.2024 11:49:51
0,451.31,2407,769,10.13,70.53,0,162.43,17.05.2024 11:49:53
0,450.94,2405,769,10.14,70.52,0,161.82,17.05.2024 11:49:56
0,455.25,2428,770,10.12,70.53,0,167.93,17.05.2024 11:49:58
0,452.63,2414,770,10.13,70.57,0,164.13,17.05.2024 11:50:00
0,456.19,2433,770,10.12,70.52,0,169.25,17.05.2024 11:50:02
0,450.19,2401,770,10.12,70.55,0,161.00,17.05.2024 11:50:04
0,451.13,2406,770,10.12,70.55,0,162.26,17.05.2024 11:50:06
0,450.56,2403,770,10.14,70.55,0,161.26,17.05.2024 11:50:08
0,450.19,2401,771,10.13,70.52,0,160.93,17.05.2024 11:50:10
0,453.56,2419,770,10.13,70.53,0,165.49,17.05.2024 11:50:13
0,450.00,2400,770,10.13,70.52,0,160.68,17.05.2024 11:50:15
0,446.06,2379,770,10.13,70.53,0,155.45,17.05.2024 11:50:17
0,450.00,2400,770,10.14,70.54,0,160.53,17.05.2024 11:50:19
0,448.50,2392,770,10.13,70.54,0,158.65,17.05.2024 11:50:21
0,452.81,2415,770,10.14,70.53,0,164.34,17.05.2024 11:50:23
0,450.94,2405,771,10.14,70.52,0,161.82,17.05.2024 11:50:25
0,453.94,2421,771,10.13,70.54,0,165.99,17.05.2024 11:50:27
0,450.19,2401,771,10.14,70.52,0,160.81,17.05.2024 11:50:30
0,450.00,2400,770,10.13,70.53,0,160.66,17.05.2024 11:50:32
0,451.88,2410,770,10.12,70.52,0,163.32,17.05.2024 11:50:34
0,450.19,2401,770,10.13,70.55,0,160.88,17.05.2024 11:50:36
0,449.44,2397,770,10.13,70.53,0,159.91,17.05.2024 11:50:38
0,449.63,2398,770,10.14,70.53,0,160.04,17.05.2024 11:50:40
0,450.19,2401,770,10.13,70.53,0,160.91,17.05.2024 11:50:42
0,450.00,2400,770,10.13,70.49,0,160.72,17.05.2024 11:50:44
0,447.94,2389,771,10.13,70.51,0,157.95,17.05.2024 11:50:47
0,450.00,2400,771,10.13,70.55,0,160.63,17.05.2024 11:50:49
0,451.13,2406,771,10.14,70.53,0,162.06,17.05.2024 11:50:51
0,450.75,2404,771,10.13,70.52,0,161.68,17.05.2024 11:50:55
0,449.06,2395,771,10.14,70.52,0,159.31,17.05.2024 11:50:57
0,449.63,2398,771,10.14,70.52,0,160.06,17.05.2024 11:50:59
0,448.88,2394,771,10.12,70.52,0,159.29,17.05.2024 11:51:01
0,442.31,2359,771,10.13,70.52,0,150.62,17.05.2024 11:51:03
0,442.69,2361,771,10.13,70.53,0,151.09,17.05.2024 11:51:06
0,444.56,2371,771,10.14,70.54,0,153.37,17.05.2024 11:51:08
0,445.50,2376,772,10.14,70.54,0,154.59,17.05.2024 11:51:10
0,444.56,2371,772,10.14,70.54,0,153.37,17.05.2024 11:51:12
0,442.50,2360,772,10.13,70.52,0,150.86,17.05.2024 11:51:14
0,441.94,2357,772,10.12,70.53,0,150.24,17.05.2024 11:51:16
0,444.75,2372,771,10.13,70.53,0,153.74,17.05.2024 11:51:18
0,446.81,2383,772,10.14,70.51,0,156.36,17.05.2024 11:51:20
0,449.06,2395,772,10.13,70.53,0,159.41,17.05.2024 11:51:23
0,450.75,2404,773,10.14,70.54,0,161.54,17.05.2024 11:51:25
0,452.25,2412,773,10.16,70.54,0,163.42,17.05.2024 11:51:27
0,452.81,2415,773,10.13,70.53,0,164.46,17.05.2024 11:51:29
0,449.25,2396,773,10.12,70.55,0,159.75,17.05.2024 11:51:31
0,454.31,2423,773,10.13,70.52,0,166.53,17.05.2024 11:51:33
0,451.13,2406,773,10.13,70.52,0,162.19,17.05.2024 11:51:35
0,450.94,2405,774,10.13,70.53,0,161.92,17.05.2024 11:51:37
0,452.81,2415,774,10.12,70.52,0,164.60,17.05.2024 11:51:39
0,454.50,2424,774,10.12,70.54,0,166.88,17.05.2024 11:51:42
0,455.44,2429,774,10.13,70.51,0,168.10,17.05.2024 11:51:44
0,454.88,2426,774,10.13,70.50,0,167.34,17.05.2024 11:51:46
0,451.88,2410,773,10.13,70.52,0,163.20,17.05.2024 11:51:48
0,455.06,2427,773,10.12,70.53,0,167.67,17.05.2024 11:51:50
0,450.75,2404,773,10.13,70.49,0,161.73,17.05.2024 11:51:52
0,450.56,2403,773,10.14,70.54,0,161.28,17.05.2024 11:51:54
0,453.19,2417,773,10.13,70.54,0,164.96,17.05.2024 11:51:56
0,450.94,2405,774,10.13,70.52,0,161.94,17.05.2024 11:51:59
0,455.06,2427,773,10.12,70.55,0,167.64,17.05.2024 11:52:01
0,452.63,2414,773,10.14,70.52,0,164.10,17.05.2024 11:52:03
0,449.44,2397,773,10.14,70.52,0,159.82,17.05.2024 11:52:05
0,450.38,2402,774,10.16,70.52,0,160.93,17.05.2024 11:52:07
0,453.94,2421,774,10.14,70.52,0,165.90,17.05.2024 11:52:09
0,452.25,2412,773,10.14,70.52,0,163.61,17.05.2024 11:52:11
0,451.50,2408,773,10.13,70.55,0,162.65,17.05.2024 11:52:13
0,453.94,2421,773,10.12,70.51,0,166.15,17.05.2024 11:52:16
0,452.44,2413,772,10.13,70.51,0,163.98,17.05.2024 11:52:18
0,452.44,2413,772,10.12,70.52,0,164.09,17.05.2024 11:52:20
0,451.31,2407,772,10.12,70.54,0,162.53,17.05.2024 11:52:22
0,454.31,2423,772,10.12,70.51,0,166.67,17.05.2024 11:52:24
0,450.38,2402,772,10.14,70.50,0,161.11,17.05.2024 11:52:26
0,448.88,2394,772,10.13,70.49,0,159.22,17.05.2024 11:52:28
0,450.75,2404,772,10.13,70.51,0,161.70,17.05.2024 11:52:30
0,454.31,2423,772,10.14,70.53,0,166.40,17.05.2024 11:52:33
0,448.13,2390,772,10.13,70.51,0,158.19,17.05.2024 11:52:35
0,448.88,2394,772,10.13,70.51,0,159.19,17.05.2024 11:52:37
0,453.75,2420,772,10.14,70.52,0,165.64,17.05.2024 11:52:39
0,452.44,2413,772,10.13,70.49,0,164.01,17.05.2024 11:52:41
0,451.31,2407,772,10.14,70.52,0,162.32,17.05.2024 11:52:43
0,449.06,2395,772,10.13,70.50,0,159.45,17.05.2024 11:52:45
0,451.13,2406,772,10.14,70.50,0,162.12,17.05.2024 11:52:47
0,453.19,2417,773,10.16,70.50,0,164.76,17.05.2024 11:52:50
0,447.56,2387,773,10.13,70.53,0,157.42,17.05.2024 11:52:52
0,449.81,2399,772,10.16,70.52,0,160.18,17.05.2024 11:52:54
0,447.75,2388,772,10.13,70.51,0,157.70,17.05.2024 11:52:56
0,448.88,2394,772,10.13,70.49,0,159.22,17.05.2024 11:52:58
0,447.38,2386,772,10.13,70.54,0,157.16,17.05.2024 11:53:00
0,446.44,2381,772,10.13,70.50,0,155.98,17.05.2024 11:53:02
0,447.75,2388,772,10.14,70.52,0,157.58,17.05.2024 11:53:06
0,447.94,2389,772,10.17,70.48,0,157.64,17.05.2024 11:53:09
0,447.56,2387,772,10.16,70.53,0,157.18,17.05.2024 11:53:11
0,442.13,2358,772,10.16,70.52,0,150.15,17.05.2024 11:53:13
0,441.00,2352,772,10.13,70.51,0,148.96,17.05.2024 11:53:15
0,442.50,2360,772,10.12,70.48,0,151.02,17.05.2024 11:53:17
0,443.25,2364,772,10.14,70.52,0,151.72,17.05.2024 11:53:19
0,445.13,2374,773,10.13,70.53,0,154.23,17.05.2024 11:53:21
0,446.63,2382,772,10.14,70.51,0,156.12,17.05.2024 11:53:23
0,451.50,2408,771,10.13,70.50,0,162.72,17.05.2024 11:53:26
0,443.44,2365,771,10.14,70.51,0,151.98,17.05.2024 11:53:28
0,443.25,2364,772,10.12,70.47,0,152.00,17.05.2024 11:53:30
0,447.19,2385,772,10.14,70.51,0,156.86,17.05.2024 11:53:32
0,446.25,2380,771,10.13,70.50,0,155.74,17.05.2024 11:53:34
0,449.25,2396,771,10.13,70.50,0,159.70,17.05.2024 11:53:36
0,452.44,2413,771,10.13,70.53,0,163.95,17.05.2024 11:53:38
0,451.31,2407,772,10.14,70.50,0,162.37,17.05.2024 11:53:40
0,455.81,2431,772,10.12,70.50,0,168.76,17.05.2024 11:53:42
0,447.75,2388,772,10.13,70.50,0,157.71,17.05.2024 11:53:45
0,450.00,2400,772,10.14,70.50,0,160.60,17.05.2024 11:53:47
0,453.19,2417,771,10.13,70.53,0,164.97,17.05.2024 11:53:49
0,452.81,2415,770,10.16,70.52,0,164.22,17.05.2024 11:53:51
0,450.19,2401,769,10.13,70.51,0,160.94,17.05.2024 11:53:53
0,452.81,2415,770,10.13,70.52,0,164.48,17.05.2024 11:53:55
0,453.56,2419,770,10.13,70.50,0,165.53,17.05.2024 11:53:57
0,451.50,2408,770,10.14,70.50,0,162.62,17.05.2024 11:53:59
0,452.25,2412,770,10.14,70.53,0,163.58,17.05.2024 11:54:02
0,454.69,2425,769,10.13,70.47,0,167.15,17.05.2024 11:54:04
0,450.56,2403,769,10.13,70.53,0,161.42,17.05.2024 11:54:06
0,451.50,2408,768,10.13,70.53,0,162.68,17.05.2024 11:54:08
0,452.44,2413,767,10.14,70.51,0,163.88,17.05.2024 11:54:10
0,456.00,2432,765,10.13,70.50,0,168.90,17.05.2024 11:54:12
0,451.88,2410,766,10.13,70.49,0,163.25,17.05.2024 11:54:14
0,451.50,2408,767,10.13,70.51,0,162.71,17.05.2024 11:54:16
0,453.38,2418,767,10.16,70.49,0,165.05,17.05.2024 11:54:19
0,450.00,2400,765,10.16,70.49,0,160.49,17.05.2024 11:54:21
0,448.88,2394,766,10.14,70.47,0,159.16,17.05.2024 11:54:23
0,453.56,2419,767,10.13,70.53,0,165.49,17.05.2024 11:54:25
0,453.56,2419,766,10.12,70.47,0,165.73,17.05.2024 11:54:27
0,454.31,2423,767,10.12,70.47,0,166.73,17.05.2024 11:54:29
0,449.44,2397,768,10.13,70.51,0,159.94,17.05.2024 11:54:31
0,452.81,2415,768,10.12,70.50,0,164.63,17.05.2024 11:54:33
0,450.94,2405,768,10.13,70.52,0,161.94,17.05.2024 11:54:36
0,451.50,2408,768,10.13,70.49,0,162.74,17.05.2024 11:54:38
0,455.44,2429,768,10.13,70.48,0,168.18,17.05.2024 11:54:40
0,451.13,2406,769,10.16,70.51,0,161.97,17.05.2024 11:54:42
0,448.88,2394,770,10.16,70.48,0,159.00,17.05.2024 11:54:44
0,450.56,2403,770,10.13,70.49,0,161.48,17.05.2024 11:54:46
0,448.31,2391,771,10.16,70.51,0,158.21,17.05.2024 11:54:48
0,449.25,2396,771,10.13,70.50,0,159.70,17.05.2024 11:54:50
0,453.75,2420,772,10.14,70.52,0,165.65,17.05.2024 11:54:53
0,449.44,2397,771,10.13,70.48,0,160.01,17.05.2024 11:54:55
0,449.63,2398,771,10.13,70.50,0,160.20,17.05.2024 11:54:57
0,449.25,2396,770,10.16,70.49,0,159.49,17.05.2024 11:54:59
0,449.44,2397,771,10.12,70.48,0,160.10,17.05.2024 11:55:01
0,449.81,2399,772,10.16,70.50,0,160.21,17.05.2024 11:55:03
0,451.88,2410,771,10.14,70.51,0,163.11,17.05.2024 11:55:05
0,447.00,2384,771,10.14,70.50,0,156.62,17.05.2024 11:55:07
0,448.50,2392,771,10.12,70.48,0,158.85,17.05.2024 11:55:10
0,455.06,2427,771,10.12,70.48,0,167.75,17.05.2024 11:55:12
0,448.69,2393,771,10.13,70.49,0,158.97,17.05.2024 11:55:14
0,448.31,2391,771,10.13,70.48,0,158.48,17.05.2024 11:55:18
0,449.63,2398,771,10.13,70.50,0,160.20,17.05.2024 11:55:20
0,450.19,2401,772,10.13,70.48,0,160.99,17.05.2024 11:55:22
0,443.25,2364,771,10.13,70.47,0,151.92,17.05.2024 11:55:24
0,443.63,2366,771,10.14,70.50,0,152.23,17.05.2024 11:55:26
0,444.94,2373,770,10.14,70.50,0,153.93,17.05.2024 11:55:29
0,443.25,2364,771,10.13,70.48,0,151.88,17.05.2024 11:55:31
0,440.63,2350,771,10.12,70.48,0,148.64,17.05.2024 11:55:33
0,447.75,2388,770,10.12,70.50,0,157.83,17.05.2024 11:55:35
0,445.13,2374,769,10.14,70.48,0,154.22,17.05.2024 11:55:37
0,443.81,2367,769,10.12,70.47,0,152.75,17.05.2024 11:55:39
0,441.75,2356,769,10.13,70.50,0,149.93,17.05.2024 11:55:41
0,441.00,2352,769,10.13,70.49,0,148.99,17.05.2024 11:55:43
0,445.88,2378,769,10.14,70.50,0,155.15,17.05.2024 11:55:46
0,452.06,2411,769,10.14,70.52,0,163.34,17.05.2024 11:55:48
0,451.88,2410,769,10.12,70.48,0,163.38,17.05.2024 11:55:50
0,449.81,2399,768,10.14,70.47,0,160.41,17.05.2024 11:55:52
0,451.50,2408,769,10.14,70.49,0,162.64,17.05.2024 11:55:54
0,450.00,2400,769,10.14,70.48,0,160.65,17.05.2024 11:55:56
0,450.00,2400,768,10.12,70.50,0,160.82,17.05.2024 11:55:58
0,448.50,2392,768,10.13,70.51,0,158.69,17.05.2024 11:56:00
0,452.81,2415,769,10.13,70.47,0,164.58,17.05.2024 11:56:02
0,448.50,2392,770,10.14,70.49,0,158.62,17.05.2024 11:56:05
0,453.19,2417,770,10.14,70.48,0,164.96,17.05.2024 11:56:07
0,453.38,2418,769,10.14,70.49,0,165.19,17.05.2024 11:56:09
0,450.38,2402,770,10.12,70.49,0,161.34,17.05.2024 11:56:11
0,455.25,2428,770,10.13,70.50,0,167.86,17.05.2024 11:56:13
0,453.00,2416,770,10.13,70.51,0,164.75,17.05.2024 11:56:15
0,448.69,2393,770,10.14,70.50,0,158.85,17.05.2024 11:56:17
0,451.13,2406,770,10.14,70.48,0,162.16,17.05.2024 11:56:19
0,450.75,2404,770,10.13,70.46,0,161.80,17.05.2024 11:56:22
0,451.31,2407,770,10.13,70.50,0,162.47,17.05.2024 11:56:24
0,453.19,2417,769,10.12,70.47,0,165.18,17.05.2024 11:56:26
0,450.75,2404,769,10.12,70.48,0,161.86,17.05.2024 11:56:28
0,451.50,2408,769,10.16,70.47,0,162.53,17.05.2024 11:56:30
0,454.88,2426,769,10.12,70.47,0,167.53,17.05.2024 11:56:32
0,451.50,2408,769,10.13,70.50,0,162.72,17.05.2024 11:56:34
0,449.44,2397,769,10.13,70.51,0,159.94,17.05.2024 11:56:36
0,452.81,2415,770,10.14,70.48,0,164.45,17.05.2024 11:56:39
0,449.63,2398,770,10.14,70.50,0,160.10,17.05.2024 11:56:41
0,452.81,2415,770,10.13,70.48,0,164.57,17.05.2024 11:56:43
0,450.75,2404,770,10.13,70.48,0,161.74,17.05.2024 11:56:45
0,448.69,2393,770,10.10,70.46,0,159.26,17.05.2024 11:56:47
0,449.06,2395,770,10.14,70.50,0,159.35,17.05.2024 11:56:49
0,452.63,2414,769,10.12,70.49,0,164.39,17.05.2024 11:56:51
0,450.38,2402,769,10.13,70.49,0,161.22,17.05.2024 11:56:53
0,450.38,2402,769,10.13,70.48,0,161.27,17.05.2024 11:56:56
0,449.06,2395,769,10.14,70.49,0,159.37,17.05.2024 11:56:58
0,449.63,2398,769,10.12,70.47,0,160.39,17.05.2024 11:57:00
0,451.31,2407,770,10.12,70.48,0,162.62,17.05.2024 11:57:02
0,449.44,2397,770,10.12,70.47,0,160.11,17.05.2024 11:57:04
0,452.44,2413,769,10.12,70.50,0,164.12,17.05.2024 11:57:06
0,449.25,2396,769,10.14,70.50,0,159.60,17.05.2024 11:57:08
0,448.69,2393,769,10.13,70.49,0,158.97,17.05.2024 11:57:10
0,449.06,2395,769,10.14,70.51,0,159.34,17.05.2024 11:57:13
0,450.75,2404,769,10.10,70.50,0,161.95,17.05.2024 11:57:15
0,451.31,2407,769,10.10,70.47,0,162.77,17.05.2024 11:57:17
0,447.00,2384,768,10.13,70.49,0,156.74,17.05.2024 11:57:19
0,447.94,2389,768,10.13,70.48,0,158.02,17.05.2024 11:57:21
0,449.81,2399,768,10.14,70.50,0,160.35,17.05.2024 11:57:23
0,448.69,2393,767,10.14,70.50,0,158.85,17.05.2024 11:57:25
0,450.38,2402,767,10.14,70.51,0,161.09,17.05.2024 11:57:27
0,447.94,2389,766,10.12,70.50,0,158.07,17.05.2024 11:57:30
0,447.94,2389,767,10.13,70.50,0,157.96,17.05.2024 11:57:34
0,447.38,2386,766,10.12,70.51,0,157.32,17.05.2024 11:57:36
0,447.19,2385,766,10.13,70.51,0,156.96,17.05.2024 11:57:38
0,443.06,2363,766,10.16,70.50,0,151.37,17.05.2024 11:57:40
0,442.88,2362,766,10.13,70.51,0,151.35,17.05.2024 11:57:42
0,444.38,2370,766,10.16,70.51,0,153.06,17.05.2024 11:57:44
0,444.00,2368,766,10.13,70.54,0,152.76,17.05.2024 11:57:46
0,444.94,2373,766,10.14,70.52,0,153.89,17.05.2024 11:57:49
0,445.50,2376,767,10.12,70.52,0,154.84,17.05.2024 11:57:51
0,445.13,2374,767,10.13,70.48,0,154.30,17.05.2024 11:57:53
0,447.00,2384,766,10.13,70.52,0,156.69,17.05.2024 11:57:55
0,446.81,2383,767,10.13,70.50,0,156.48,17.05.2024 11:57:57
0,455.44,2429,767,10.14,70.52,0,167.96,17.05.2024 11:57:59
0,449.44,2397,767,10.13,70.49,0,159.97,17.05.2024 11:58:01
0,449.44,2397,767,10.14,70.53,0,159.79,17.05.2024 11:58:03
0,455.25,2428,767,10.10,70.50,0,168.10,17.05.2024 11:58:05
0,452.44,2413,767,10.13,70.50,0,164.00,17.05.2024 11:58:08
0,452.63,2414,766,10.10,70.53,0,164.45,17.05.2024 11:58:10
0,451.50,2408,767,10.14,70.54,0,162.55,17.05.2024 11:58:12
0,451.31,2407,766,10.14,70.55,0,162.27,17.05.2024 11:58:14
0,454.13,2422,766,10.14,70.52,0,166.15,17.05.2024 11:58:16
0,451.88,2410,766,10.16,70.53,0,162.94,17.05.2024 11:58:18
0,454.13,2422,765,10.13,70.53,0,166.26,17.05.2024 11:58:20
0,451.31,2407,766,10.14,70.54,0,162.29,17.05.2024 11:58:22
0,450.19,2401,766,10.13,70.51,0,160.94,17.05.2024 11:58:25
0,447.00,2384,766,10.12,70.55,0,156.77,17.05.2024 11:58:27
0,448.88,2394,765,10.13,70.54,0,159.15,17.05.2024 11:58:29
0,450.75,2404,765,10.14,70.52,0,161.58,17.05.2024 11:58:31
0,453.75,2420,765,10.13,70.55,0,165.71,17.05.2024 11:58:33
0,448.88,2394,765,10.13,70.56,0,159.12,17.05.2024 11:58:35
0,455.06,2427,765,10.12,70.53,0,167.67,17.05.2024 11:58:37
0,450.00,2400,764,10.14,70.53,0,160.55,17.05.2024 11:58:39
0,452.63,2414,764,10.13,70.53,0,164.21,17.05.2024 11:58:42
0,451.13,2406,765,10.14,70.58,0,161.97,17.05.2024 11:58:44
0,451.69,2409,764,10.13,70.55,0,162.90,17.05.2024 11:58:46
0,451.69,2409,765,10.14,70.55,0,162.77,17.05.2024 11:58:48
0,453.00,2416,765,10.14,70.57,0,164.52,17.05.2024 11:58:50
0,453.00,2416,765,10.13,70.55,0,164.69,17.05.2024 11:58:52
0,451.50,2408,765,10.13,70.55,0,162.65,17.05.2024 11:58:54
0,450.94,2405,765,10.14,70.56,0,161.75,17.05.2024 11:58:56
0,452.06,2411,764,10.13,70.56,0,163.40,17.05.2024 11:58:59
0,449.81,2399,765,10.16,70.54,0,160.15,17.05.2024 11:59:01
0,450.19,2401,764,10.14,70.57,0,160.72,17.05.2024 11:59:03
0,451.13,2406,764,10.13,70.56,0,162.13,17.05.2024 11:59:05
0,452.06,2411,764,10.14,70.57,0,163.25,17.05.2024 11:59:07
0,451.50,2408,763,10.12,70.56,0,162.74,17.05.2024 11:59:09
0,452.06,2411,764,10.13,70.57,0,163.37,17.05.2024 11:59:11
0,448.69,2393,763,10.13,70.55,0,158.88,17.05.2024 11:59:13
0,449.81,2399,763,10.14,70.58,0,160.21,17.05.2024 11:59:16
0,449.63,2398,763,10.14,70.54,0,160.03,17.05.2024 11:59:18
0,448.69,2393,764,10.14,70.56,0,158.74,17.05.2024 11:59:20
0,449.81,2399,764,10.13,70.57,0,160.34,17.05.2024 11:59:22
0,452.06,2411,763,10.14,70.58,0,163.24,17.05.2024 11:59:24
0,448.50,2392,764,10.10,70.54,0,158.88,17.05.2024 11:59:26
0,444.56,2371,764,10.13,70.56,0,153.46,17.05.2024 11:59:28
0,451.31,2407,764,10.14,70.57,0,162.24,17.05.2024 11:59:30
0,448.69,2393,764,10.14,70.59,0,158.69,17.05.2024 11:59:33
0,450.75,2404,764,10.12,70.58,0,161.68,17.05.2024 11:59:35
0,450.19,2401,764,10.13,70.57,0,160.84,17.05.2024 11:59:37
0,453.56,2419,764,10.12,70.58,0,165.50,17.05.2024 11:59:39
0,451.13,2406,764,10.12,70.56,0,162.23,17.05.2024 11:59:41
0,447.56,2387,764,10.13,70.54,0,157.41,17.05.2024 11:59:43
0,446.06,2379,764,10.14,70.57,0,155.27,17.05.2024 11:59:45
0,448.69,2393,765,10.13,70.56,0,158.87,17.05.2024 11:59:47
0,447.38,2386,765,10.14,70.57,0,156.99,17.05.2024 11:59:52
0,448.69,2393,765,10.14,70.55,0,158.75,17.05.2024 11:59:54
0,446.63,2382,765,10.14,70.57,0,156.00,17.05.2024 11:59:56
0,444.00,2368,765,10.13,70.58,0,152.69,17.05.2024 11:59:58
