0,166.31,887,1008,14.70,67.51,0,0.90,16.05.2024 19:00:00
0,170.63,910,1008,14.67,67.48,0,1.26,16.05.2024 19:00:02
0,167.44,893,1008,14.68,67.51,0,0.99,16.05.2024 19:00:04
0,167.81,895,1009,14.66,67.53,0,1.03,16.05.2024 19:00:06
0,168.19,897,1009,14.68,67.52,0,1.05,16.05.2024 19:00:08
0,169.31,903,1009,14.68,67.55,0,1.14,16.05.2024 19:00:11
0,165.56,883,1009,14.68,67.52,0,0.84,16.05.2024 19:00:13
0,168.75,900,1008,14.68,67.49,0,1.10,16.05.2024 19:00:15
0,169.69,905,1009,14.67,67.50,0,1.18,16.05.2024 19:00:17
0,167.44,893,1009,14.67,67.51,0,1.00,16.05.2024 19:00:19
0,165.75,884,1010,14.66,67.53,0,0.86,16.05.2024 19:00:21
0,167.06,891,1010,14.67,67.56,0,0.96,16.05.2024 19:00:23
0,163.88,874,1010,14.67,67.52,0,0.71,16.05.2024 19:00:25
0,164.06,875,1011,14.67,67.55,0,0.73,16.05.2024 19:00:28
0,168.19,897,1010,14.66,67.51,0,1.06,16.05.2024 19:00:30
0,168.75,900,1011,14.67,67.48,0,1.10,16.05.2024 19:00:32
0,167.44,893,1011,14.67,67.53,0,0.99,16.05.2024 19:00:34
0,168.38,898,1011,14.67,67.53,0,1.07,16.05.2024 19:00:36
0,169.88,906,1011,14.67,67.50,0,1.20,16.05.2024 19:00:38
0,168.38,898,1011,14.67,67.53,0,1.07,16.05.2024 19:00:40
0,165.94,885,1010,14.67,67.47,0,0.88,16.05.2024 19:00:42
0,166.31,887,1010,14.66,67.50,0,0.91,16.05.2024 19:00:44
0,167.25,892,1010,14.66,67.53,0,0.98,16.05.2024 19:00:47
0,167.44,893,1010,14.66,67.51,0,1.00,16.05.2024 19:00:49
0,164.63,878,1010,14.66,67.51,0,0.77,16.05.2024 19:00:51
0,169.88,906,1010,14.64,67.54,0,1.20,16.05.2024 19:00:53
0,164.25,876,1010,14.66,67.53,0,0.74,16.05.2024 19:00:55
0,164.06,875,1010,14.66,67.54,0,0.73,16.05.2024 19:00:57
0,164.81,879,1010,14.66,67.55,0,0.79,16.05.2024 19:00:59
0,166.50,888,1010,14.67,67.53,0,0.92,16.05.2024 19:01:01
0,166.69,889,1009,14.66,67.53,0,0.94,16.05.2024 19:01:04
0,170.06,907,1009,14.66,67.53,0,1.21,16.05.2024 19:01:06
0,166.50,888,1009,14.67,67.52,0,0.92,16.05.2024 19:01:08
0,168.38,898,1008,14.64,67.53,0,1.08,16.05.2024 19:01:10
0,162.56,867,1008,14.66,67.50,0,0.62,16.05.2024 19:01:12
0,168.94,901,1009,14.66,67.50,0,1.12,16.05.2024 19:01:14
0,169.31,903,1009,14.66,67.53,0,1.15,16.05.2024 19:01:16
0,166.88,890,1009,14.66,67.53,0,0.95,16.05.2024 19:01:18
0,165.56,883,1008,14.63,67.52,0,0.85,16.05.2024 19:01:20
0,168.19,897,1008,14.66,67.53,0,1.06,16.05.2024 19:01:23
0,170.06,907,1008,14.64,67.52,0,1.22,16.05.2024 19:01:27
0,166.31,887,1008,14.64,67.54,0,0.91,16.05.2024 19:01:29
0,166.69,889,1007,14.66,67.50,0,0.94,16.05.2024 19:01:31
0,165.00,880,1008,14.64,67.53,0,0.81,16.05.2024 19:01:33
0,163.31,871,1007,14.64,67.51,0,0.68,16.05.2024 19:01:35
0,163.31,871,1007,14.66,67.51,0,0.67,16.05.2024 19:01:37
0,164.63,878,1007,14.63,67.51,0,0.78,16.05.2024 19:01:39
0,161.25,860,1007,14.63,67.55,0,0.52,16.05.2024 19:01:42
0,163.31,871,1007,14.64,67.51,0,0.68,16.05.2024 19:01:44
0,163.69,873,1007,14.66,67.54,0,0.70,16.05.2024 19:01:46
0,163.69,873,1007,14.66,67.51,0,0.70,16.05.2024 19:01:48
0,165.00,880,1008,14.63,67.55,0,0.81,16.05.2024 19:01:50
0,160.69,857,1008,14.63,67.53,0,0.48,16.05.2024 19:01:52
0,168.19,897,1008,14.64,67.54,0,1.06,16.05.2024 19:01:54
0,166.31,887,1008,14.62,67.54,0,0.92,16.05.2024 19:01:56
0,167.06,891,1008,14.63,67.53,0,0.97,16.05.2024 19:01:58
0,164.81,879,1008,14.63,67.54,0,0.79,16.05.2024 19:02:01
0,165.94,885,1008,14.63,67.56,0,0.88,16.05.2024 19:02:03
0,167.44,893,1007,14.63,67.54,0,1.00,16.05.2024 19:02:05
0,167.06,891,1008,14.63,67.57,0,0.97,16.05.2024 19:02:07
0,167.44,893,1007,14.62,67.55,0,1.01,16.05.2024 19:02:09
0,162.75,868,1006,14.62,67.56,0,0.64,16.05.2024 19:02:11
0,167.06,891,1006,14.60,67.57,0,0.98,16.05.2024 19:02:13
0,165.00,880,1006,14.64,67.53,0,0.81,16.05.2024 19:02:15
0,166.69,889,1006,14.63,67.56,0,0.94,16.05.2024 19:02:18
0,164.81,879,1006,14.64,67.55,0,0.79,16.05.2024 19:02:20
0,168.94,901,1006,14.62,67.56,0,1.13,16.05.2024 19:02:22
0,163.69,873,1006,14.63,67.57,0,0.71,16.05.2024 19:02:24
0,170.06,907,1005,14.63,67.56,0,1.22,16.05.2024 19:02:26
0,170.81,911,1005,14.63,67.56,0,1.28,16.05.2024 19:02:28
0,168.94,901,1005,14.62,67.56,0,1.13,16.05.2024 19:02:30
0,165.56,883,1005,14.63,67.56,0,0.85,16.05.2024 19:02:32
0,167.06,891,1006,14.64,67.59,0,0.97,16.05.2024 19:02:34
0,169.31,903,1006,14.63,67.59,0,1.16,16.05.2024 19:02:37
0,164.44,877,1006,14.63,67.54,0,0.77,16.05.2024 19:02:39
0,168.19,897,1006,14.63,67.56,0,1.06,16.05.2024 19:02:41
0,166.88,890,1006,14.62,67.55,0,0.96,16.05.2024 19:02:43
0,167.63,894,1006,14.63,67.60,0,1.02,16.05.2024 19:02:45
0,164.81,879,1006,14.64,67.59,0,0.79,16.05.2024 19:02:47
0,165.56,883,1006,14.62,67.56,0,0.86,16.05.2024 19:02:49
0,169.69,905,1006,14.62,67.58,0,1.19,16.05.2024 19:02:51
0,169.50,904,1006,14.62,67.58,0,1.17,16.05.2024 19:02:54
0,164.06,875,1006,14.63,67.57,0,0.73,16.05.2024 19:02:56
0,167.81,895,1006,14.63,67.60,0,1.03,16.05.2024 19:02:58
0,165.38,882,1006,14.63,67.59,0,0.84,16.05.2024 19:03:00
0,168.00,896,1006,14.60,67.60,0,1.05,16.05.2024 19:03:02
0,167.06,891,1006,14.60,67.59,0,0.98,16.05.2024 19:03:04
0,168.56,899,1006,14.63,67.59,0,1.09,16.05.2024 19:03:06
0,166.50,888,1007,14.63,67.60,0,0.92,16.05.2024 19:03:08
0,171.19,913,1006,14.63,67.56,0,1.32,16.05.2024 19:03:10
0,165.75,884,1006,14.60,67.59,0,0.87,16.05.2024 19:03:13
0,165.19,881,1006,14.62,67.58,0,0.82,16.05.2024 19:03:15
0,166.88,890,1006,14.60,67.62,0,0.96,16.05.2024 19:03:17
0,165.38,882,1007,14.62,67.58,0,0.84,16.05.2024 19:03:19
0,166.50,888,1007,14.62,67.57,0,0.93,16.05.2024 19:03:21
0,165.75,884,1007,14.62,67.58,0,0.87,16.05.2024 19:03:23
0,164.25,876,1007,14.62,67.59,0,0.75,16.05.2024 19:03:25
0,166.13,886,1007,14.60,67.61,0,0.90,16.05.2024 19:03:27
0,166.13,886,1007,14.62,67.60,0,0.90,16.05.2024 19:03:30
0,169.13,902,1007,14.62,67.58,0,1.14,16.05.2024 19:03:32
0,165.19,881,1006,14.62,67.56,0,0.83,16.05.2024 19:03:34
0,168.75,900,1006,14.60,67.59,0,1.11,16.05.2024 19:03:36
0,164.63,878,1006,14.60,67.61,0,0.78,16.05.2024 19:03:38
0,164.81,879,1007,14.60,67.59,0,0.80,16.05.2024 19:03:40
0,166.31,887,1006,14.60,67.62,0,0.91,16.05.2024 19:03:42
0,165.19,881,1006,14.60,67.62,0,0.83,16.05.2024 19:03:44
0,166.31,887,1007,14.63,67.60,0,0.91,16.05.2024 19:03:46
0,165.38,882,1006,14.60,67.64,0,0.84,16.05.2024 19:03:51
0,164.81,879,1006,14.62,67.62,0,0.79,16.05.2024 19:03:53
0,167.25,892,1005,14.60,67.62,0,0.99,16.05.2024 19:03:55
0,162.00,864,1005,14.57,67.59,0,0.59,16.05.2024 19:03:57
0,164.25,876,1006,14.62,67.59,0,0.75,16.05.2024 19:03:59
0,159.75,852,1005,14.60,67.57,0,0.42,16.05.2024 19:04:01
0,163.31,871,1005,14.63,67.58,0,0.68,16.05.2024 19:04:03
0,162.94,869,1006,14.63,67.64,0,0.65,16.05.2024 19:04:05
0,162.38,866,1005,14.57,67.59,0,0.62,16.05.2024 19:04:08
0,162.38,866,1005,14.59,67.62,0,0.61,16.05.2024 19:04:10
0,162.75,868,1006,14.60,67.65,0,0.64,16.05.2024 19:04:12
0,166.31,887,1005,14.60,67.64,0,0.91,16.05.2024 19:04:14
0,164.06,875,1005,14.60,67.61,0,0.74,16.05.2024 19:04:16
0,165.19,881,1005,14.60,67.64,0,0.82,16.05.2024 19:04:18
0,164.25,876,1006,14.60,67.63,0,0.75,16.05.2024 19:04:20
0,169.13,902,1005,14.57,67.61,0,1.15,16.05.2024 19:04:22
0,165.38,882,1005,14.60,67.67,0,0.84,16.05.2024 19:04:24
0,163.88,874,1006,14.59,67.64,0,0.73,16.05.2024 19:04:27
0,165.19,881,1006,14.59,67.66,0,0.83,16.05.2024 19:04:29
0,166.69,889,1006,14.60,67.65,0,0.94,16.05.2024 19:04:31
0,168.19,897,1005,14.59,67.64,0,1.07,16.05.2024 19:04:33
0,168.56,899,1005,14.59,67.64,0,1.10,16.05.2024 19:04:35
0,167.63,894,1005,14.59,67.67,0,1.02,16.05.2024 19:04:37
0,166.50,888,1004,14.59,67.67,0,0.93,16.05.2024 19:04:39
0,165.00,880,1005,14.57,67.66,0,0.82,16.05.2024 19:04:41
0,168.75,900,1005,14.60,67.67,0,1.11,16.05.2024 19:04:44
0,168.00,896,1005,14.59,67.65,0,1.05,16.05.2024 19:04:46
0,166.50,888,1005,14.57,67.69,0,0.93,16.05.2024 19:04:48
0,165.19,881,1005,14.60,67.64,0,0.82,16.05.2024 19:04:50
0,166.31,887,1005,14.60,67.64,0,0.91,16.05.2024 19:04:52
0,169.31,903,1005,14.59,67.66,0,1.16,16.05.2024 19:04:54
0,164.44,877,1005,14.57,67.65,0,0.77,16.05.2024 19:04:56
0,166.88,890,1005,14.59,67.68,0,0.96,16.05.2024 19:04:58
0,167.06,891,1005,14.60,67.67,0,0.97,16.05.2024 19:05:00
0,167.25,892,1005,14.56,67.63,0,1.00,16.05.2024 19:05:03
0,169.50,904,1005,14.57,67.67,0,1.18,16.05.2024 19:05:05
0,165.00,880,1005,14.57,67.67,0,0.81,16.05.2024 19:05:07
0,169.31,903,1005,14.59,67.65,0,1.16,16.05.2024 19:05:09
0,165.00,880,1005,14.56,67.67,0,0.82,16.05.2024 19:05:11
0,166.88,890,1005,14.60,67.66,0,0.96,16.05.2024 19:05:13
0,168.75,900,1004,14.59,67.69,0,1.11,16.05.2024 19:05:15
0,166.69,889,1004,14.57,67.67,0,0.95,16.05.2024 19:05:17
0,166.69,889,1003,14.57,67.69,0,0.95,16.05.2024 19:05:20
0,163.69,873,1003,14.56,67.66,0,0.72,16.05.2024 19:05:22
0,169.13,902,1002,14.56,67.67,0,1.15,16.05.2024 19:05:24
0,169.13,902,1003,14.59,67.70,0,1.14,16.05.2024 19:05:26
0,167.25,892,1003,14.57,67.69,0,0.99,16.05.2024 19:05:28
0,164.63,878,1003,14.59,67.70,0,0.78,16.05.2024 19:05:30
0,163.88,874,1003,14.60,67.68,0,0.72,16.05.2024 19:05:32
0,161.63,862,1003,14.59,67.70,0,0.55,16.05.2024 19:05:34
0,167.06,891,1003,14.59,67.68,0,0.98,16.05.2024 19:05:36
0,166.13,886,1003,14.59,67.64,0,0.90,16.05.2024 19:05:39
0,170.63,910,1002,14.57,67.68,0,1.27,16.05.2024 19:05:41
0,168.75,900,1002,14.56,67.67,0,1.12,16.05.2024 19:05:43
0,165.56,883,1002,14.59,67.69,0,0.86,16.05.2024 19:05:45
0,164.25,876,1002,14.57,67.67,0,0.76,16.05.2024 19:05:47
0,167.06,891,1001,14.60,67.70,0,0.97,16.05.2024 19:05:49
0,167.44,893,1000,14.56,67.66,0,1.01,16.05.2024 19:05:51
0,165.00,880,1000,14.59,67.69,0,0.81,16.05.2024 19:05:53
0,167.63,894,1000,14.57,67.69,0,1.02,16.05.2024 19:05:56
0,165.19,881,1000,14.56,67.68,0,0.83,16.05.2024 19:05:58
0,168.75,900,1000,14.57,67.71,0,1.12,16.05.2024 19:06:00
0,163.31,871,1000,14.56,67.69,0,0.69,16.05.2024 19:06:02
0,166.50,888,1000,14.54,67.70,0,0.94,16.05.2024 19:06:06
0,171.38,914,1000,14.57,67.69,0,1.34,16.05.2024 19:06:08
0,167.63,894,1000,14.57,67.67,0,1.02,16.05.2024 19:06:10
0,164.81,879,999,14.59,67.70,0,0.80,16.05.2024 19:06:12
0,164.63,878,999,14.54,67.73,0,0.79,16.05.2024 19:06:14
0,166.88,890,999,14.56,67.69,0,0.97,16.05.2024 19:06:17
0,162.75,868,999,14.54,67.71,0,0.65,16.05.2024 19:06:19
0,167.44,893,999,14.54,67.67,0,1.02,16.05.2024 19:06:21
0,165.75,884,999,14.56,67.69,0,0.88,16.05.2024 19:06:23
0,165.94,885,998,14.56,67.67,0,0.89,16.05.2024 19:06:25
0,165.19,881,998,14.56,67.71,0,0.83,16.05.2024 19:06:27
0,166.31,887,998,14.57,67.71,0,0.92,16.05.2024 19:06:29
0,164.63,878,999,14.57,67.72,0,0.78,16.05.2024 19:06:31
0,169.31,903,998,14.56,67.71,0,1.16,16.05.2024 19:06:34
0,165.56,883,998,14.57,67.71,0,0.86,16.05.2024 19:06:36
0,166.50,888,998,14.56,67.71,0,0.93,16.05.2024 19:06:38
0,165.94,885,997,14.53,67.71,0,0.90,16.05.2024 19:06:40
0,165.94,885,997,14.56,67.71,0,0.89,16.05.2024 19:06:42
0,166.88,890,998,14.57,67.71,0,0.96,16.05.2024 19:06:44
0,167.44,893,998,14.56,67.70,0,1.01,16.05.2024 19:06:46
0,165.00,880,998,14.56,67.74,0,0.81,16.05.2024 19:06:48
0,168.94,901,997,14.53,67.70,0,1.14,16.05.2024 19:06:50
0,167.25,892,997,14.53,67.75,0,1.00,16.05.2024 19:06:53
0,170.25,908,997,14.53,67.71,0,1.25,16.05.2024 19:06:55
0,168.56,899,998,14.52,67.72,0,1.11,16.05.2024 19:06:57
0,167.44,893,997,14.54,67.72,0,1.01,16.05.2024 19:06:59
0,168.19,897,997,14.53,67.70,0,1.08,16.05.2024 19:07:01
0,167.25,892,997,14.56,67.75,0,0.99,16.05.2024 19:07:03
0,163.88,874,997,14.53,67.75,0,0.73,16.05.2024 19:07:05
0,168.56,899,997,14.56,67.75,0,1.10,16.05.2024 19:07:07
0,170.63,910,997,14.56,67.75,0,1.27,16.05.2024 19:07:10
0,167.06,891,997,14.56,67.72,0,0.98,16.05.2024 19:07:12
0,165.56,883,996,14.54,67.74,0,0.86,16.05.2024 19:07:14
0,167.25,892,997,14.54,67.73,0,1.00,16.05.2024 19:07:16
0,167.81,895,997,14.53,67.75,0,1.05,16.05.2024 19:07:18
0,165.19,881,996,14.54,67.74,0,0.83,16.05.2024 19:07:20
0,167.81,895,997,14.53,67.75,0,1.05,16.05.2024 19:07:22
0,167.63,894,998,14.53,67.78,0,1.03,16.05.2024 19:07:24
0,163.69,873,997,14.54,67.76,0,0.72,16.05.2024 19:07:26
0,170.63,910,998,14.54,67.73,0,1.28,16.05.2024 19:07:29
0,165.38,882,997,14.54,67.76,0,0.85,16.05.2024 19:07:31
0,170.44,909,997,14.54,67.75,0,1.26,16.05.2024 19:07:33
0,169.13,902,998,14.52,67.78,0,1.16,16.05.2024 19:07:35
0,168.38,898,997,14.56,67.78,0,1.08,16.05.2024 19:07:37
0,164.63,878,997,14.54,67.79,0,0.79,16.05.2024 19:07:39
0,165.38,882,998,14.53,67.77,0,0.85,16.05.2024 19:07:41
0,164.81,879,998,14.54,67.75,0,0.80,16.05.2024 19:07:43
0,167.81,895,998,14.54,67.78,0,1.04,16.05.2024 19:07:46
0,167.63,894,998,14.53,67.78,0,1.03,16.05.2024 19:07:48
0,168.00,896,998,14.54,67.78,0,1.06,16.05.2024 19:07:50
0,168.38,898,999,14.56,67.78,0,1.08,16.05.2024 19:07:52
0,165.38,882,998,14.54,67.76,0,0.85,16.05.2024 19:07:54
0,167.63,894,999,14.53,67.77,0,1.03,16.05.2024 19:07:56
0,168.00,896,999,14.52,67.76,0,1.06,16.05.2024 19:07:58
0,164.44,877,999,14.52,67.75,0,0.78,16.05.2024 19:08:00
0,166.69,889,999,14.53,67.76,0,0.95,16.05.2024 19:08:02
0,167.81,895,999,14.52,67.77,0,1.05,16.05.2024 19:08:05
0,165.94,885,999,14.54,67.77,0,0.89,16.05.2024 19:08:07
0,166.50,888,999,14.53,67.77,0,0.94,16.05.2024 19:08:09
0,167.44,893,1000,14.53,67.78,0,1.01,16.05.2024 19:08:11
0,167.81,895,999,14.52,67.78,0,1.05,16.05.2024 19:08:13
0,167.81,895,999,14.52,67.77,0,1.05,16.05.2024 19:08:15
0,168.19,897,999,14.54,67.80,0,1.07,16.05.2024 19:08:17
0,166.31,887,999,14.54,67.80,0,0.92,16.05.2024 19:08:21
0,168.56,899,999,14.54,67.81,0,1.10,16.05.2024 19:08:24
0,165.19,881,999,14.53,67.82,0,0.83,16.05.2024 19:08:26
0,165.75,884,998,14.52,67.77,0,0.88,16.05.2024 19:08:28
0,162.00,864,999,14.54,67.81,0,0.58,16.05.2024 19:08:30
0,164.63,878,999,14.52,67.81,0,0.79,16.05.2024 19:08:32
0,162.94,869,999,14.54,67.81,0,0.66,16.05.2024 19:08:34
0,163.88,874,999,14.53,67.77,0,0.73,16.05.2024 19:08:36
0,165.38,882,999,14.54,67.81,0,0.84,16.05.2024 19:08:38
0,162.19,865,1000,14.52,67.79,0,0.61,16.05.2024 19:08:40
0,165.75,884,1000,14.53,67.78,0,0.88,16.05.2024 19:08:43
0,167.63,894,1000,14.52,67.78,0,1.03,16.05.2024 19:08:45
0,166.88,890,1000,14.53,67.79,0,0.97,16.05.2024 19:08:47
0,165.19,881,1000,14.53,67.81,0,0.83,16.05.2024 19:08:49
0,166.50,888,1000,14.53,67.80,0,0.94,16.05.2024 19:08:51
0,166.69,889,999,14.54,67.83,0,0.95,16.05.2024 19:08:53
0,167.63,894,999,14.53,67.79,0,1.03,16.05.2024 19:08:55
0,167.06,891,1000,14.52,67.79,0,0.99,16.05.2024 19:08:57
0,167.25,892,1000,14.52,67.79,0,1.00,16.05.2024 19:09:00
0,164.06,875,1000,14.53,67.79,0,0.75,16.05.2024 19:09:02
0,168.56,899,1000,14.54,67.81,0,1.10,16.05.2024 19:09:04
0,168.75,900,1000,14.50,67.80,0,1.13,16.05.2024 19:09:06
0,166.13,886,1000,14.53,67.79,0,0.91,16.05.2024 19:09:08
0,166.50,888,1000,14.52,67.84,0,0.94,16.05.2024 19:09:10
0,171.00,912,1000,14.52,67.81,0,1.31,16.05.2024 19:09:12
0,166.50,888,1000,14.52,67.84,0,0.94,16.05.2024 19:09:14
0,164.25,876,999,14.53,67.85,0,0.76,16.05.2024 19:09:16
0,166.88,890,999,14.52,67.83,0,0.97,16.05.2024 19:09:19
0,169.69,905,999,14.53,67.84,0,1.20,16.05.2024 19:09:21
0,168.56,899,999,14.52,67.84,0,1.11,16.05.2024 19:09:23
0,168.75,900,999,14.52,67.82,0,1.12,16.05.2024 19:09:25
0,167.44,893,999,14.52,67.82,0,1.01,16.05.2024 19:09:27
0,168.00,896,998,14.50,67.85,0,1.06,16.05.2024 19:09:29
0,167.06,891,999,14.50,67.84,0,0.99,16.05.2024 19:09:31
0,167.06,891,999,14.52,67.83,0,0.98,16.05.2024 19:09:33
0,168.38,898,999,14.52,67.85,0,1.09,16.05.2024 19:09:36
0,170.25,908,999,14.52,67.85,0,1.25,16.05.2024 19:09:38
0,164.63,878,998,14.52,67.85,0,0.79,16.05.2024 19:09:40
0,166.69,889,998,14.52,67.84,0,0.95,16.05.2024 19:09:42
0,167.63,894,998,14.52,67.87,0,1.03,16.05.2024 19:09:44
0,165.38,882,998,14.49,67.82,0,0.86,16.05.2024 19:09:46
0,168.19,897,998,14.53,67.83,0,1.07,16.05.2024 19:09:48
0,166.31,887,998,14.50,67.86,0,0.92,16.05.2024 19:09:50
0,166.69,889,998,14.50,67.84,0,0.96,16.05.2024 19:09:52
0,166.69,889,998,14.50,67.86,0,0.95,16.05.2024 19:09:55
0,165.19,881,997,14.49,67.83,0,0.84,16.05.2024 19:09:57
0,169.88,906,996,14.50,67.83,0,1.22,16.05.2024 19:09:59
0,166.31,887,997,14.52,67.87,0,0.92,16.05.2024 19:10:01
0,165.94,885,997,14.50,67.87,0,0.89,16.05.2024 19:10:03
0,170.44,909,997,14.50,67.84,0,1.27,16.05.2024 19:10:05
0,164.25,876,998,14.52,67.86,0,0.76,16.05.2024 19:10:07
0,166.31,887,997,14.49,67.85,0,0.93,16.05.2024 19:10:09
0,168.19,897,998,14.50,67.83,0,1.08,16.05.2024 19:10:12
0,168.19,897,998,14.49,67.85,0,1.08,16.05.2024 19:10:14
0,165.94,885,998,14.52,67.90,0,0.89,16.05.2024 19:10:16
0,165.94,885,998,14.49,67.84,0,0.90,16.05.2024 19:10:18
0,164.81,879,998,14.49,67.89,0,0.81,16.05.2024 19:10:20
0,163.88,874,998,14.52,67.88,0,0.73,16.05.2024 19:10:22
0,166.13,886,999,14.52,67.91,0,0.90,16.05.2024 19:10:24
0,168.00,896,998,14.49,67.88,0,1.06,16.05.2024 19:10:26
0,166.69,889,998,14.49,67.86,0,0.96,16.05.2024 19:10:28
0,166.13,886,998,14.50,67.87,0,0.91,16.05.2024 19:10:31
0,166.31,887,998,14.50,67.87,0,0.92,16.05.2024 19:10:35
0,167.06,891,999,14.49,67.92,0,0.99,16.05.2024 19:10:37
0,165.75,884,999,14.50,67.87,0,0.88,16.05.2024 19:10:39
0,164.44,877,999,14.49,67.87,0,0.78,16.05.2024 19:10:41
0,159.56,851,999,14.50,67.88,0,0.41,16.05.2024 19:10:43
0,166.50,888,999,14.49,67.90,0,0.94,16.05.2024 19:10:45
0,163.50,872,999,14.49,67.89,0,0.71,16.05.2024 19:10:47
0,164.44,877,999,14.47,67.88,0,0.78,16.05.2024 19:10:50
0,164.44,877,1000,14.52,67.91,0,0.77,16.05.2024 19:10:52
0,165.19,881,1000,14.49,67.92,0,0.84,16.05.2024 19:10:54
0,167.63,894,1000,14.47,67.88,0,1.04,16.05.2024 19:10:56
0,164.63,878,1000,14.49,67.90,0,0.79,16.05.2024 19:10:58
0,166.69,889,1000,14.49,67.91,0,0.96,16.05.2024 19:11:00
0,163.69,873,1000,14.49,67.89,0,0.72,16.05.2024 19:11:02
0,166.31,887,1000,14.49,67.90,0,0.93,16.05.2024 19:11:04
0,169.88,906,1001,14.49,67.90,0,1.22,16.05.2024 19:11:06
0,167.44,893,1002,14.49,67.92,0,1.02,16.05.2024 19:11:09
0,165.00,880,1001,14.49,67.88,0,0.82,16.05.2024 19:11:11
0,165.56,883,1001,14.49,67.91,0,0.87,16.05.2024 19:11:13
0,166.88,890,1001,14.44,67.88,0,0.98,16.05.2024 19:11:15
0,168.19,897,1001,14.49,67.91,0,1.08,16.05.2024 19:11:17
0,166.31,887,1001,14.47,67.92,0,0.93,16.05.2024 19:11:19
0,168.94,901,1002,14.50,67.92,0,1.14,16.05.2024 19:11:21
0,169.50,904,1002,14.50,67.95,0,1.18,16.05.2024 19:11:23
0,167.25,892,1001,14.47,67.92,0,1.00,16.05.2024 19:11:26
0,167.63,894,1001,14.49,67.94,0,1.03,16.05.2024 19:11:28
0,165.75,884,1002,14.50,67.92,0,0.88,16.05.2024 19:11:30
0,165.94,885,1001,14.49,67.94,0,0.89,16.05.2024 19:11:32
0,165.38,882,1001,14.50,67.93,0,0.85,16.05.2024 19:11:34
0,164.63,878,1001,14.49,67.94,0,0.79,16.05.2024 19:11:36
0,165.75,884,1002,14.47,67.94,0,0.88,16.05.2024 19:11:38
0,167.63,894,1001,14.49,67.95,0,1.03,16.05.2024 19:11:40
0,165.19,881,1001,14.50,67.92,0,0.83,16.05.2024 19:11:42
0,165.94,885,1001,14.49,67.94,0,0.89,16.05.2024 19:11:45
0,169.31,903,1001,14.50,67.95,0,1.17,16.05.2024 19:11:47
0,164.06,875,1001,14.46,67.93,0,0.75,16.05.2024 19:11:49
0,167.44,893,1001,14.49,67.96,0,1.01,16.05.2024 19:11:51
0,168.00,896,1000,14.49,67.94,0,1.06,16.05.2024 19:11:53
0,165.38,882,1000,14.49,67.94,0,0.85,16.05.2024 19:11:55
0,166.13,886,1001,14.50,67.93,0,0.91,16.05.2024 19:11:57
0,167.06,891,1001,14.50,67.97,0,0.98,16.05.2024 19:11:59
0,163.50,872,1000,14.49,67.95,0,0.70,16.05.2024 19:12:02
0,167.25,892,1000,14.50,67.94,0,1.00,16.05.2024 19:12:04
0,166.31,887,999,14.49,67.95,0,0.92,16.05.2024 19:12:06
0,167.81,895,1000,14.47,67.94,0,1.05,16.05.2024 19:12:08
0,167.63,894,1000,14.49,67.94,0,1.03,16.05.2024 19:12:10
0,166.13,886,1000,14.47,67.95,0,0.91,16.05.2024 19:12:12
0,165.19,881,999,14.47,67.94,0,0.84,16.05.2024 19:12:14
0,167.25,892,999,14.47,67.94,0,1.00,16.05.2024 19:12:16
0,169.31,903,1000,14.49,67.93,0,1.17,16.05.2024 19:12:18
0,163.88,874,999,14.47,67.96,0,0.73,16.05.2024 19:12:21
0,168.75,900,1000,14.49,67.94,0,1.12,16.05.2024 19:12:23
0,167.63,894,1000,14.47,67.95,0,1.03,16.05.2024 19:12:25
0,169.69,905,999,14.50,67.95,0,1.20,16.05.2024 19:12:27
0,163.13,870,999,14.47,67.97,0,0.68,16.05.2024 19:12:29
0,168.00,896,998,14.49,67.95,0,1.06,16.05.2024 19:12:31
0,166.31,887,998,14.47,67.97,0,0.93,16.05.2024 19:12:33
0,164.63,878,999,14.49,67.96,0,0.79,16.05.2024 19:12:35
0,169.31,903,999,14.49,67.96,0,1.17,16.05.2024 19:12:38
0,168.00,896,999,14.47,67.95,0,1.06,16.05.2024 19:12:40
0,167.81,895,999,14.49,67.94,0,1.05,16.05.2024 19:12:42
0,166.69,889,999,14.47,67.98,0,0.96,16.05.2024 19:12:44
0,166.50,888,999,14.50,67.97,0,0.93,16.05.2024 19:12:46
0,164.44,877,998,14.47,67.97,0,0.78,16.05.2024 19:12:50
0,164.25,876,998,14.49,67.97,0,0.76,16.05.2024 19:12:52
0,164.81,879,998,14.47,67.96,0,0.81,16.05.2024 19:12:54
0,163.88,874,998,14.49,67.95,0,0.73,16.05.2024 19:12:56
0,163.50,872,998,14.47,67.99,0,0.70,16.05.2024 19:12:59
0,164.44,877,998,14.50,67.99,0,0.77,16.05.2024 19:13:01
0,166.69,889,998,14.47,67.98,0,0.96,16.05.2024 19:13:03
0,162.19,865,999,14.46,67.98,0,0.61,16.05.2024 19:13:05
0,162.94,869,999,14.47,68.02,0,0.66,16.05.2024 19:13:07
0,165.38,882,999,14.47,67.98,0,0.85,16.05.2024 19:13:09
0,164.81,879,999,14.46,68.00,0,0.81,16.05.2024 19:13:11
0,167.44,893,999,14.44,67.96,0,1.03,16.05.2024 19:13:13
0,167.25,892,999,14.46,67.98,0,1.00,16.05.2024 19:13:16
0,166.13,886,999,14.49,67.97,0,0.91,16.05.2024 19:13:18
0,165.75,884,999,14.47,67.99,0,0.88,16.05.2024 19:13:20
0,165.94,885,999,14.47,67.99,0,0.90,16.05.2024 19:13:22
0,168.00,896,1000,14.50,67.97,0,1.06,16.05.2024 19:13:24
0,165.38,882,999,14.47,68.02,0,0.85,16.05.2024 19:13:26
0,168.75,900,1000,14.50,67.99,0,1.12,16.05.2024 19:13:28
0,170.44,909,999,14.49,68.01,0,1.26,16.05.2024 19:13:30
0,169.88,906,999,14.47,68.03,0,1.22,16.05.2024 19:13:32
0,166.69,889,999,14.47,68.02,0,0.95,16.05.2024 19:13:35
0,166.13,886,1000,14.44,67.98,0,0.92,16.05.2024 19:13:37
0,168.94,901,1000,14.47,68.01,0,1.14,16.05.2024 19:13:39
0,163.50,872,1000,14.49,68.03,0,0.70,16.05.2024 19:13:41
0,167.06,891,1000,14.43,67.99,0,1.00,16.05.2024 19:13:43
0,165.00,880,1000,14.47,68.03,0,0.82,16.05.2024 19:13:45
0,166.13,886,1000,14.46,68.00,0,0.91,16.05.2024 19:13:47
0,168.38,898,1000,14.44,68.00,0,1.10,16.05.2024 19:13:49
0,168.19,897,1001,14.46,68.03,0,1.08,16.05.2024 19:13:52
0,165.38,882,1001,14.47,68.01,0,0.85,16.05.2024 19:13:54
0,168.00,896,1001,14.46,68.03,0,1.06,16.05.2024 19:13:56
0,167.06,891,1001,14.46,68.03,0,0.99,16.05.2024 19:13:58
0,165.00,880,1001,14.44,67.99,0,0.83,16.05.2024 19:14:00
0,168.94,901,1001,14.47,68.02,0,1.14,16.05.2024 19:14:02
0,167.63,894,1001,14.46,68.01,0,1.03,16.05.2024 19:14:04
0,169.13,902,1002,14.47,68.04,0,1.15,16.05.2024 19:14:06
0,167.81,895,1002,14.47,68.04,0,1.04,16.05.2024 19:14:08
0,165.19,881,1002,14.46,68.04,0,0.84,16.05.2024 19:14:11
0,168.19,897,1002,14.44,68.04,0,1.08,16.05.2024 19:14:13
0,168.19,897,1002,14.44,68.00,0,1.08,16.05.2024 19:14:15
0,165.94,885,1002,14.47,68.06,0,0.89,16.05.2024 19:14:17
0,167.44,893,1001,14.46,68.04,0,1.02,16.05.2024 19:14:19
0,167.06,891,1001,14.49,68.07,0,0.98,16.05.2024 19:14:21
0,168.19,897,1001,14.44,68.03,0,1.08,16.05.2024 19:14:23
0,165.94,885,1001,14.46,68.04,0,0.90,16.05.2024 19:14:25
0,168.19,897,1002,14.47,68.05,0,1.07,16.05.2024 19:14:28
0,166.88,890,1003,14.47,68.04,0,0.97,16.05.2024 19:14:30
0,164.63,878,1003,14.46,68.04,0,0.79,16.05.2024 19:14:32
0,169.88,906,1003,14.47,68.05,0,1.21,16.05.2024 19:14:34
0,165.56,883,1003,14.49,68.04,0,0.86,16.05.2024 19:14:36
0,168.19,897,1004,14.44,68.02,0,1.08,16.05.2024 19:14:38
0,166.88,890,1003,14.44,68.06,0,0.97,16.05.2024 19:14:40
0,167.44,893,1003,14.43,68.02,0,1.02,16.05.2024 19:14:42
0,168.19,897,1002,14.47,68.06,0,1.07,16.05.2024 19:14:44
0,169.88,906,1002,14.44,68.04,0,1.22,16.05.2024 19:14:47
0,166.31,887,1002,14.46,68.03,0,0.93,16.05.2024 19:14:49
0,168.00,896,1002,14.47,68.06,0,1.06,16.05.2024 19:14:51
0,168.75,900,1003,14.46,68.03,0,1.13,16.05.2024 19:14:53
0,165.94,885,1002,14.44,68.04,0,0.90,16.05.2024 19:14:55
0,163.69,873,1002,14.44,68.03,0,0.72,16.05.2024 19:14:57
0,166.13,886,1002,14.46,68.03,0,0.91,16.05.2024 19:14:59
0,162.94,869,1002,14.47,68.04,0,0.66,16.05.2024 19:15:01
0,165.38,882,1002,14.46,68.04,0,0.85,16.05.2024 19:15:06
0,164.06,875,1002,14.49,68.06,0,0.74,16.05.2024 19:15:08
0,165.00,880,1001,14.44,68.04,0,0.83,16.05.2024 19:15:10
0,164.06,875,1001,14.46,68.06,0,0.75,16.05.2024 19:15:12
0,165.19,881,1001,14.47,68.06,0,0.83,16.05.2024 19:15:14
0,160.69,857,1000,14.44,68.07,0,0.50,16.05.2024 19:15:16
0,163.13,870,1000,14.44,68.07,0,0.68,16.05.2024 19:15:18
0,164.06,875,1000,14.46,68.07,0,0.75,16.05.2024 19:15:20
0,164.06,875,999,14.46,68.08,0,0.75,16.05.2024 19:15:22
0,164.44,877,998,14.46,68.04,0,0.78,16.05.2024 19:15:25
0,167.06,891,999,14.44,68.07,0,0.99,16.05.2024 19:15:27
0,165.00,880,999,14.46,68.06,0,0.82,16.05.2024 19:15:29
0,166.50,888,997,14.44,68.07,0,0.94,16.05.2024 19:15:31
0,161.63,862,997,14.46,68.08,0,0.56,16.05.2024 19:15:33
0,169.69,905,997,14.44,68.09,0,1.20,16.05.2024 19:15:35
0,167.25,892,997,14.46,68.09,0,1.00,16.05.2024 19:15:37
0,166.69,889,997,14.46,68.08,0,0.95,16.05.2024 19:15:39
0,168.94,901,998,14.47,68.08,0,1.13,16.05.2024 19:15:42
0,165.19,881,997,14.46,68.09,0,0.83,16.05.2024 19:15:44
0,167.63,894,997,14.44,68.07,0,1.03,16.05.2024 19:15:46
0,170.63,910,997,14.44,68.08,0,1.28,16.05.2024 19:15:48
0,164.63,878,997,14.43,68.08,0,0.80,16.05.2024 19:15:50
0,167.25,892,996,14.44,68.10,0,1.00,16.05.2024 19:15:52
0,166.50,888,996,14.46,68.08,0,0.94,16.05.2024 19:15:54
0,165.56,883,996,14.47,68.10,0,0.86,16.05.2024 19:15:56
0,165.56,883,996,14.44,68.09,0,0.87,16.05.2024 19:15:58
0,167.25,892,996,14.46,68.09,0,1.00,16.05.2024 19:16:01
0,167.06,891,996,14.44,68.09,0,0.99,16.05.2024 19:16:03
0,168.19,897,996,14.43,68.10,0,1.08,16.05.2024 19:16:05
0,164.81,879,996,14.44,68.09,0,0.81,16.05.2024 19:16:07
0,168.00,896,995,14.44,68.07,0,1.07,16.05.2024 19:16:09
0,168.75,900,995,14.43,68.10,0,1.13,16.05.2024 19:16:11
0,165.75,884,995,14.44,68.08,0,0.88,16.05.2024 19:16:13
0,165.56,883,995,14.46,68.12,0,0.86,16.05.2024 19:16:15
0,170.06,907,994,14.43,68.07,0,1.24,16.05.2024 19:16:18
0,169.13,902,995,14.44,68.09,0,1.16,16.05.2024 19:16:20
0,168.94,901,994,14.41,68.13,0,1.15,16.05.2024 19:16:22
0,167.06,891,994,14.44,68.10,0,0.99,16.05.2024 19:16:24
0,166.88,890,994,14.44,68.10,0,0.97,16.05.2024 19:16:26
0,167.06,891,994,14.44,68.10,0,0.99,16.05.2024 19:16:28
0,169.50,904,994,14.46,68.08,0,1.19,16.05.2024 19:16:30
0,169.13,902,994,14.43,68.08,0,1.16,16.05.2024 19:16:32
0,169.69,905,995,14.43,68.08,0,1.21,16.05.2024 19:16:34
0,169.50,904,994,14.43,68.08,0,1.19,16.05.2024 19:16:37
0,169.13,902,994,14.44,68.13,0,1.16,16.05.2024 19:16:39
0,170.63,910,994,14.47,68.13,0,1.27,16.05.2024 19:16:41
0,166.50,888,994,14.44,68.10,0,0.94,16.05.2024 19:16:43
0,167.44,893,994,14.44,68.14,0,1.02,16.05.2024 19:16:45
0,166.69,889,994,14.44,68.14,0,0.95,16.05.2024 19:16:47
0,167.63,894,995,14.44,68.08,0,1.03,16.05.2024 19:16:49
0,165.94,885,995,14.43,68.10,0,0.90,16.05.2024 19:16:51
0,167.25,892,995,14.46,68.11,0,1.00,16.05.2024 19:16:54
0,167.06,891,995,14.44,68.10,0,0.99,16.05.2024 19:16:56
0,163.31,871,996,14.46,68.10,0,0.69,16.05.2024 19:16:58
0,165.00,880,996,14.43,68.08,0,0.83,16.05.2024 19:17:00
0,163.88,874,996,14.43,68.13,0,0.74,16.05.2024 19:17:02
0,168.56,899,996,14.44,68.14,0,1.11,16.05.2024 19:17:04
0,165.75,884,996,14.41,68.11,0,0.89,16.05.2024 19:17:06
0,165.19,881,996,14.41,68.12,0,0.84,16.05.2024 19:17:08
0,167.63,894,996,14.44,68.09,0,1.03,16.05.2024 19:17:10
0,165.94,885,996,14.43,68.08,0,0.90,16.05.2024 19:17:13
0,164.06,875,996,14.44,68.10,0,0.75,16.05.2024 19:17:15
0,167.06,891,996,14.44,68.13,0,0.99,16.05.2024 19:17:17
0,168.94,901,996,14.43,68.10,0,1.14,16.05.2024 19:17:21
0,166.88,890,997,14.41,68.15,0,0.98,16.05.2024 19:17:23
0,162.94,869,997,14.44,68.10,0,0.66,16.05.2024 19:17:25
0,164.63,878,996,14.41,68.07,0,0.80,16.05.2024 19:17:27
0,162.00,864,997,14.40,68.10,0,0.60,16.05.2024 19:17:29
0,169.50,904,997,14.43,68.10,0,1.19,16.05.2024 19:17:32
0,164.06,875,997,14.41,68.13,0,0.75,16.05.2024 19:17:34
0,166.13,886,997,14.43,68.08,0,0.92,16.05.2024 19:17:36
0,164.63,878,997,14.41,68.12,0,0.80,16.05.2024 19:17:38
0,159.19,849,997,14.43,68.14,0,0.39,16.05.2024 19:17:40
0,162.75,868,997,14.44,68.10,0,0.65,16.05.2024 19:17:42
0,163.31,871,998,14.44,68.13,0,0.69,16.05.2024 19:17:44
0,163.88,874,998,14.43,68.13,0,0.74,16.05.2024 19:17:46
0,165.75,884,998,14.43,68.11,0,0.88,16.05.2024 19:17:49
0,167.81,895,998,14.44,68.12,0,1.05,16.05.2024 19:17:51
0,164.63,878,997,14.46,68.12,0,0.79,16.05.2024 19:17:53
0,167.44,893,997,14.43,68.10,0,1.02,16.05.2024 19:17:55
0,168.19,897,997,14.43,68.14,0,1.08,16.05.2024 19:17:57
0,163.88,874,997,14.44,68.10,0,0.73,16.05.2024 19:17:59
0,169.69,905,997,14.44,68.12,0,1.20,16.05.2024 19:18:01
0,168.75,900,997,14.41,68.13,0,1.13,16.05.2024 19:18:03
0,169.31,903,997,14.43,68.12,0,1.17,16.05.2024 19:18:05
0,164.63,878,996,14.43,68.10,0,0.80,16.05.2024 19:18:08
0,169.50,904,996,14.41,68.17,0,1.19,16.05.2024 19:18:10
0,167.25,892,996,14.41,68.11,0,1.01,16.05.2024 19:18:12
0,170.06,907,995,14.40,68.12,0,1.24,16.05.2024 19:18:14
0,168.38,898,996,14.43,68.12,0,1.10,16.05.2024 19:18:16
0,169.69,905,996,14.41,68.17,0,1.21,16.05.2024 19:18:18
0,167.44,893,996,14.39,68.14,0,1.03,16.05.2024 19:18:20
0,164.06,875,997,14.43,68.16,0,0.75,16.05.2024 19:18:22
0,169.31,903,997,14.41,68.15,0,1.18,16.05.2024 19:18:25
0,169.31,903,997,14.41,68.18,0,1.17,16.05.2024 19:18:27
0,169.69,905,998,14.43,68.15,0,1.20,16.05.2024 19:18:29
0,167.25,892,998,14.40,68.14,0,1.01,16.05.2024 19:18:31
0,165.56,883,998,14.40,68.14,0,0.87,16.05.2024 19:18:33
0,168.56,899,998,14.40,68.15,0,1.12,16.05.2024 19:18:35
0,167.63,894,998,14.41,68.17,0,1.04,16.05.2024 19:18:37
0,165.75,884,998,14.40,68.15,0,0.89,16.05.2024 19:18:39
0,167.06,891,997,14.40,68.15,0,0.99,16.05.2024 19:18:41
0,168.75,900,998,14.41,68.13,0,1.13,16.05.2024 19:18:44
0,167.25,892,999,14.41,68.17,0,1.00,16.05.2024 19:18:46
0,170.06,907,999,14.40,68.15,0,1.24,16.05.2024 19:18:48
0,168.19,897,998,14.41,68.18,0,1.08,16.05.2024 19:18:50
0,170.06,907,998,14.44,68.15,0,1.23,16.05.2024 19:18:52
0,164.63,878,998,14.41,68.18,0,0.80,16.05.2024 19:18:54
0,166.88,890,998,14.41,68.15,0,0.98,16.05.2024 19:18:56
0,168.94,901,998,14.41,68.17,0,1.14,16.05.2024 19:18:58
0,169.31,903,998,14.41,68.15,0,1.18,16.05.2024 19:19:01
0,166.31,887,998,14.41,68.15,0,0.93,16.05.2024 19:19:03
0,165.75,884,998,14.41,68.15,0,0.89,16.05.2024 19:19:05
0,163.13,870,998,14.41,68.13,0,0.68,16.05.2024 19:19:07
0,166.50,888,997,14.40,68.14,0,0.95,16.05.2024 19:19:09
0,166.31,887,997,14.40,68.15,0,0.93,16.05.2024 19:19:11
0,167.44,893,998,14.41,68.14,0,1.02,16.05.2024 19:19:13
0,165.56,883,998,14.41,68.17,0,0.87,16.05.2024 19:19:15
0,166.31,887,998,14.41,68.16,0,0.93,16.05.2024 19:19:17
0,166.50,888,998,14.39,68.14,0,0.95,16.05.2024 19:19:20
0,169.88,906,998,14.40,68.17,0,1.23,16.05.2024 19:19:22
0,165.00,880,999,14.41,68.17,0,0.83,16.05.2024 19:19:24
0,164.25,876,998,14.43,68.17,0,0.76,16.05.2024 19:19:26
0,163.88,874,997,14.41,68.16,0,0.74,16.05.2024 19:19:28
0,162.94,869,997,14.43,68.14,0,0.66,16.05.2024 19:19:30
0,166.31,887,997,14.40,68.15,0,0.93,16.05.2024 19:19:32
0,167.81,895,997,14.41,68.16,0,1.05,16.05.2024 19:19:34
0,164.06,875,997,14.41,68.18,0,0.75,16.05.2024 19:19:39
0,165.75,884,996,14.39,68.14,0,0.89,16.05.2024 19:19:41
0,165.75,884,996,14.41,68.15,0,0.89,16.05.2024 19:19:43
0,162.19,865,996,14.40,68.15,0,0.61,16.05.2024 19:19:45
0,165.56,883,995,14.40,68.15,0,0.87,16.05.2024 19:19:47
0,164.06,875,995,14.40,68.18,0,0.75,16.05.2024 19:19:49
0,165.56,883,995,14.41,68.14,0,0.87,16.05.2024 19:19:51
0,163.69,873,995,14.40,68.15,0,0.73,16.05.2024 19:19:53
0,163.13,870,995,14.41,68.15,0,0.68,16.05.2024 19:19:55
0,164.06,875,995,14.40,68.15,0,0.76,16.05.2024 19:19:58
0,163.31,871,995,14.41,68.16,0,0.69,16.05.2024 19:20:00
0,161.06,859,995,14.40,68.15,0,0.53,16.05.2024 19:20:02
0,165.19,881,995,14.40,68.15,0,0.84,16.05.2024 19:20:04
0,166.13,886,995,14.41,68.19,0,0.91,16.05.2024 19:20:06
0,169.69,905,995,14.41,68.18,0,1.21,16.05.2024 19:20:08
0,167.81,895,995,14.41,68.18,0,1.05,16.05.2024 19:20:10
0,166.13,886,995,14.40,68.15,0,0.92,16.05.2024 19:20:12
0,167.44,893,995,14.40,68.15,0,1.02,16.05.2024 19:20:15
0,165.19,881,994,14.41,68.19,0,0.84,16.05.2024 19:20:17
0,169.31,903,994,14.43,68.18,0,1.17,16.05.2024 19:20:19
0,162.94,869,994,14.40,68.18,0,0.67,16.05.2024 19:20:21
0,166.31,887,993,14.37,68.18,0,0.94,16.05.2024 19:20:23
0,170.06,907,994,14.40,68.20,0,1.24,16.05.2024 19:20:25
0,168.19,897,993,14.39,68.19,0,1.09,16.05.2024 19:20:27
0,163.13,870,993,14.41,68.17,0,0.68,16.05.2024 19:20:29
0,165.56,883,993,14.39,68.16,0,0.88,16.05.2024 19:20:31
0,165.75,884,994,14.39,68.17,0,0.89,16.05.2024 19:20:34
0,168.38,898,994,14.40,68.19,0,1.10,16.05.2024 19:20:36
0,168.75,900,994,14.43,68.22,0,1.12,16.05.2024 19:20:38
0,164.63,878,994,14.39,68.17,0,0.80,16.05.2024 19:20:40
0,164.63,878,994,14.39,68.20,0,0.80,16.05.2024 19:20:42
0,164.81,879,994,14.39,68.19,0,0.82,16.05.2024 19:20:44
0,166.50,888,994,14.39,68.22,0,0.95,16.05.2024 19:20:46
0,163.50,872,995,14.39,68.19,0,0.71,16.05.2024 19:20:48
0,165.19,881,994,14.40,68.22,0,0.84,16.05.2024 19:20:51
0,166.69,889,994,14.39,68.21,0,0.96,16.05.2024 19:20:53
0,165.75,884,994,14.39,68.20,0,0.89,16.05.2024 19:20:55
0,165.56,883,994,14.39,68.21,0,0.87,16.05.2024 19:20:57
0,167.81,895,994,14.39,68.25,0,1.05,16.05.2024 19:20:59
0,168.19,897,994,14.37,68.21,0,1.09,16.05.2024 19:21:01
0,169.88,906,994,14.40,68.21,0,1.22,16.05.2024 19:21:03
0,168.00,896,994,14.40,68.22,0,1.07,16.05.2024 19:21:05
0,169.31,903,994,14.40,68.22,0,1.18,16.05.2024 19:21:07
0,170.06,907,994,14.39,68.22,0,1.24,16.05.2024 19:21:10
0,168.38,898,994,14.37,68.24,0,1.10,16.05.2024 19:21:12
0,168.94,901,994,14.40,68.22,0,1.14,16.05.2024 19:21:14
0,168.94,901,994,14.37,68.27,0,1.15,16.05.2024 19:21:16
0,164.06,875,994,14.37,68.23,0,0.76,16.05.2024 19:21:18
0,167.44,893,994,14.37,68.21,0,1.03,16.05.2024 19:21:20
0,162.38,866,994,14.37,68.23,0,0.63,16.05.2024 19:21:22
0,166.31,887,993,14.39,68.24,0,0.93,16.05.2024 19:21:24
0,167.44,893,993,14.41,68.23,0,1.02,16.05.2024 19:21:27
0,163.31,871,992,14.41,68.27,0,0.69,16.05.2024 19:21:29
0,167.06,891,992,14.39,68.24,0,0.99,16.05.2024 19:21:31
0,164.25,876,991,14.39,68.26,0,0.77,16.05.2024 19:21:33
0,166.31,887,991,14.37,68.25,0,0.93,16.05.2024 19:21:35
0,168.56,899,991,14.40,68.25,0,1.11,16.05.2024 19:21:37
0,164.63,878,990,14.39,68.26,0,0.80,16.05.2024 19:21:39
0,170.25,908,991,14.39,68.26,0,1.26,16.05.2024 19:21:41
0,167.44,893,991,14.39,68.26,0,1.02,16.05.2024 19:21:44
0,165.94,885,991,14.39,68.28,0,0.90,16.05.2024 19:21:46
0,170.63,910,991,14.39,68.28,0,1.29,16.05.2024 19:21:48
0,167.81,895,992,14.37,68.26,0,1.06,16.05.2024 19:21:50
0,165.56,883,991,14.39,68.30,0,0.87,16.05.2024 19:21:52
0,162.75,868,990,14.39,68.26,0,0.65,16.05.2024 19:21:54
0,165.94,885,990,14.37,68.27,0,0.90,16.05.2024 19:21:58
0,167.44,893,990,14.39,68.26,0,1.02,16.05.2024 19:22:00
0,163.31,871,991,14.37,68.27,0,0.70,16.05.2024 19:22:03
0,165.94,885,990,14.37,68.28,0,0.90,16.05.2024 19:22:05
0,162.56,867,989,14.37,68.28,0,0.64,16.05.2024 19:22:07
0,167.25,892,990,14.39,68.29,0,1.00,16.05.2024 19:22:09
0,167.06,891,989,14.37,68.27,0,0.99,16.05.2024 19:22:11
0,165.56,883,989,14.36,68.29,0,0.88,16.05.2024 19:22:13
0,163.69,873,990,14.39,68.30,0,0.72,16.05.2024 19:22:15
0,165.56,883,989,14.39,68.30,0,0.87,16.05.2024 19:22:17
0,164.44,877,989,14.37,68.28,0,0.78,16.05.2024 19:22:19
0,162.00,864,990,14.40,68.30,0,0.59,16.05.2024 19:22:22
0,166.69,889,989,14.40,68.30,0,0.96,16.05.2024 19:22:24
0,165.38,882,989,14.36,68.32,0,0.86,16.05.2024 19:22:26
0,166.88,890,989,14.36,68.30,0,0.98,16.05.2024 19:22:28
0,164.63,878,990,14.37,68.30,0,0.80,16.05.2024 19:22:30
0,167.44,893,990,14.40,68.30,0,1.02,16.05.2024 19:22:32
0,166.88,890,990,14.39,68.31,0,0.97,16.05.2024 19:22:34
0,165.75,884,990,14.40,68.30,0,0.88,16.05.2024 19:22:36
0,167.63,894,989,14.37,68.29,0,1.04,16.05.2024 19:22:39
0,170.25,908,989,14.37,68.29,0,1.26,16.05.2024 19:22:41
0,166.69,889,990,14.40,68.33,0,0.95,16.05.2024 19:22:43
0,165.00,880,990,14.37,68.31,0,0.83,16.05.2024 19:22:45
0,168.00,896,990,14.37,68.33,0,1.07,16.05.2024 19:22:47
0,170.44,909,989,14.39,68.34,0,1.27,16.05.2024 19:22:49
0,168.00,896,989,14.37,68.33,0,1.07,16.05.2024 19:22:51
0,171.19,913,990,14.37,68.34,0,1.34,16.05.2024 19:22:53
0,168.00,896,990,14.37,68.30,0,1.07,16.05.2024 19:22:55
0,169.13,902,990,14.40,68.32,0,1.15,16.05.2024 19:22:58
0,166.13,886,990,14.37,68.30,0,0.92,16.05.2024 19:23:00
0,165.38,882,991,14.39,68.35,0,0.85,16.05.2024 19:23:02
0,166.50,888,991,14.39,68.35,0,0.94,16.05.2024 19:23:04
0,167.81,895,991,14.37,68.32,0,1.05,16.05.2024 19:23:06
0,168.56,899,991,14.39,68.36,0,1.11,16.05.2024 19:23:08
0,167.63,894,991,14.39,68.36,0,1.03,16.05.2024 19:23:10
0,168.00,896,991,14.39,68.34,0,1.06,16.05.2024 19:23:12
0,167.81,895,991,14.37,68.37,0,1.05,16.05.2024 19:23:15
0,166.13,886,990,14.37,68.35,0,0.91,16.05.2024 19:23:17
0,169.50,904,990,14.36,68.33,0,1.20,16.05.2024 19:23:19
0,166.88,890,990,14.36,68.33,0,0.98,16.05.2024 19:23:21
0,168.38,898,991,14.39,68.37,0,1.09,16.05.2024 19:23:23
0,165.75,884,990,14.37,68.35,0,0.88,16.05.2024 19:23:25
0,168.75,900,991,14.36,68.35,0,1.13,16.05.2024 19:23:27
0,167.63,894,991,14.39,68.39,0,1.03,16.05.2024 19:23:29
0,163.88,874,992,14.36,68.35,0,0.74,16.05.2024 19:23:32
0,168.00,896,992,14.39,68.34,0,1.06,16.05.2024 19:23:34
0,169.69,905,991,14.37,68.34,0,1.21,16.05.2024 19:23:36
0,167.06,891,991,14.34,68.35,0,1.00,16.05.2024 19:23:38
0,170.44,909,991,14.37,68.37,0,1.27,16.05.2024 19:23:40
0,167.81,895,991,14.34,68.37,0,1.06,16.05.2024 19:23:42
0,167.25,892,991,14.36,68.37,0,1.01,16.05.2024 19:23:44
0,168.56,899,991,14.37,68.36,0,1.11,16.05.2024 19:23:46
0,167.44,893,991,14.40,68.39,0,1.01,16.05.2024 19:23:48
0,169.13,902,990,14.37,68.37,0,1.16,16.05.2024 19:23:51
0,165.00,880,990,14.37,68.37,0,0.82,16.05.2024 19:23:53
0,168.38,898,990,14.37,68.35,0,1.10,16.05.2024 19:23:55
0,165.94,885,991,14.36,68.36,0,0.90,16.05.2024 19:23:57
0,166.88,890,991,14.36,68.35,0,0.98,16.05.2024 19:23:59
0,167.25,892,991,14.39,68.37,0,1.00,16.05.2024 19:24:01
0,166.69,889,991,14.37,68.37,0,0.96,16.05.2024 19:24:03
0,168.94,901,991,14.36,68.37,0,1.15,16.05.2024 19:24:05
0,168.19,897,991,14.37,68.38,0,1.08,16.05.2024 19:24:08
0,164.06,875,991,14.36,68.35,0,0.76,16.05.2024 19:24:10
0,168.00,896,991,14.39,68.39,0,1.06,16.05.2024 19:24:12
0,168.56,899,991,14.36,68.38,0,1.11,16.05.2024 19:24:14
0,164.81,879,991,14.39,68.40,0,0.81,16.05.2024 19:24:16
0,168.56,899,991,14.36,68.37,0,1.11,16.05.2024 19:24:18
0,163.50,872,991,14.39,68.41,0,0.70,16.05.2024 19:24:20
0,165.19,881,991,14.36,68.38,0,0.84,16.05.2024 19:24:24
0,166.31,887,991,14.37,68.38,0,0.93,16.05.2024 19:24:27
0,165.75,884,991,14.36,68.38,0,0.89,16.05.2024 19:24:29
0,164.44,877,991,14.37,68.39,0,0.78,16.05.2024 19:24:31
0,163.13,870,992,14.36,68.36,0,0.68,16.05.2024 19:24:33
0,160.31,855,992,14.37,68.37,0,0.47,16.05.2024 19:24:35
0,163.31,871,992,14.36,68.36,0,0.70,16.05.2024 19:24:37
0,165.00,880,992,14.34,68.37,0,0.83,16.05.2024 19:24:39
0,165.19,881,992,14.36,68.38,0,0.84,16.05.2024 19:24:41
0,164.06,875,992,14.36,68.36,0,0.75,16.05.2024 19:24:43
0,165.38,882,992,14.37,68.39,0,0.85,16.05.2024 19:24:46
0,166.31,887,992,14.37,68.39,0,0.93,16.05.2024 19:24:48
0,167.25,892,991,14.34,68.37,0,1.01,16.05.2024 19:24:50
0,168.19,897,990,14.34,68.38,0,1.09,16.05.2024 19:24:52
0,165.00,880,991,14.37,68.37,0,0.82,16.05.2024 19:24:54
0,167.25,892,991,14.36,68.39,0,1.01,16.05.2024 19:24:56
0,166.31,887,992,14.34,68.35,0,0.94,16.05.2024 19:24:58
0,169.13,902,992,14.37,68.40,0,1.16,16.05.2024 19:25:00
0,167.06,891,993,14.34,68.37,0,1.00,16.05.2024 19:25:03
0,166.13,886,993,14.36,68.38,0,0.92,16.05.2024 19:25:05
0,165.38,882,993,14.36,68.42,0,0.85,16.05.2024 19:25:07
0,165.00,880,993,14.33,68.40,0,0.83,16.05.2024 19:25:09
0,167.06,891,994,14.36,68.41,0,0.99,16.05.2024 19:25:11
0,169.50,904,992,14.36,68.40,0,1.19,16.05.2024 19:25:13
0,166.50,888,992,14.36,68.39,0,0.95,16.05.2024 19:25:15
0,169.50,904,993,14.39,68.41,0,1.18,16.05.2024 19:25:17
0,167.81,895,992,14.37,68.40,0,1.05,16.05.2024 19:25:20
0,168.19,897,992,14.36,68.38,0,1.08,16.05.2024 19:25:22
0,170.25,908,991,14.37,68.40,0,1.25,16.05.2024 19:25:24
0,168.00,896,991,14.37,68.41,0,1.06,16.05.2024 19:25:26
0,169.31,903,991,14.34,68.42,0,1.18,16.05.2024 19:25:28
0,171.75,916,991,14.36,68.41,0,1.38,16.05.2024 19:25:30
0,167.81,895,991,14.33,68.42,0,1.06,16.05.2024 19:25:32
0,165.19,881,990,14.37,68.41,0,0.84,16.05.2024 19:25:34
0,167.25,892,989,14.33,68.43,0,1.01,16.05.2024 19:25:36
0,169.13,902,989,14.34,68.43,0,1.16,16.05.2024 19:25:39
0,170.81,911,989,14.33,68.42,0,1.31,16.05.2024 19:25:41
0,166.50,888,988,14.34,68.40,0,0.95,16.05.2024 19:25:43
0,169.50,904,988,14.33,68.44,0,1.20,16.05.2024 19:25:45
0,168.94,901,988,14.37,68.41,0,1.14,16.05.2024 19:25:47
0,168.94,901,989,14.34,68.42,0,1.15,16.05.2024 19:25:49
0,167.25,892,989,14.36,68.40,0,1.01,16.05.2024 19:25:51
0,168.00,896,989,14.33,68.44,0,1.07,16.05.2024 19:25:53
0,166.13,886,989,14.34,68.42,0,0.92,16.05.2024 19:25:56
0,164.63,878,989,14.36,68.45,0,0.79,16.05.2024 19:25:58
0,164.81,879,989,14.37,68.42,0,0.81,16.05.2024 19:26:00
0,166.13,886,988,14.34,68.44,0,0.92,16.05.2024 19:26:02
0,165.00,880,987,14.34,68.43,0,0.83,16.05.2024 19:26:04
0,169.69,905,987,14.33,68.43,0,1.21,16.05.2024 19:26:06
0,169.13,902,987,14.36,68.44,0,1.16,16.05.2024 19:26:08
0,170.25,908,986,14.34,68.42,0,1.26,16.05.2024 19:26:10
0,167.44,893,986,14.37,68.44,0,1.02,16.05.2024 19:26:13
0,164.63,878,987,14.37,68.45,0,0.79,16.05.2024 19:26:15
0,165.75,884,987,14.32,68.48,0,0.89,16.05.2024 19:26:17
0,164.06,875,987,14.34,68.44,0,0.75,16.05.2024 19:26:19
0,169.31,903,986,14.33,68.45,0,1.18,16.05.2024 19:26:21
0,168.75,900,985,14.33,68.47,0,1.13,16.05.2024 19:26:23
0,165.56,883,985,14.32,68.43,0,0.88,16.05.2024 19:26:25
0,167.81,895,985,14.34,68.47,0,1.05,16.05.2024 19:26:27
0,168.19,897,984,14.37,68.52,0,1.07,16.05.2024 19:26:29
0,164.63,878,984,14.33,68.49,0,0.80,16.05.2024 19:26:32
0,166.88,890,984,14.32,68.47,0,0.98,16.05.2024 19:26:34
0,167.25,892,984,14.34,68.51,0,1.00,16.05.2024 19:26:36
0,167.06,891,984,14.33,68.50,0,0.99,16.05.2024 19:26:38
0,167.44,893,984,14.34,68.49,0,1.02,16.05.2024 19:26:40
0,164.25,876,985,14.34,68.49,0,0.77,16.05.2024 19:26:42
0,163.69,873,985,14.34,68.51,0,0.72,16.05.2024 19:26:46
0,165.56,883,984,14.33,68.48,0,0.87,16.05.2024 19:26:48
0,168.00,896,985,14.32,68.52,0,1.07,16.05.2024 19:26:51
0,168.75,900,984,14.33,68.53,0,1.13,16.05.2024 19:26:53
0,165.19,881,985,14.33,68.53,0,0.84,16.05.2024 19:26:55
0,163.50,872,984,14.34,68.55,0,0.71,16.05.2024 19:26:57
0,160.50,856,984,14.32,68.54,0,0.49,16.05.2024 19:26:59
0,164.44,877,985,14.34,68.59,0,0.78,16.05.2024 19:27:01
0,164.63,878,985,14.36,68.55,0,0.79,16.05.2024 19:27:03
0,166.13,886,986,14.32,68.55,0,0.92,16.05.2024 19:27:05
0,167.81,895,986,14.32,68.57,0,1.05,16.05.2024 19:27:08
0,167.25,892,987,14.33,68.58,0,1.00,16.05.2024 19:27:10
0,163.13,870,988,14.33,68.59,0,0.68,16.05.2024 19:27:12
0,165.19,881,989,14.36,68.60,0,0.83,16.05.2024 19:27:14
0,168.56,899,989,14.34,68.60,0,1.11,16.05.2024 19:27:16
0,168.56,899,989,14.33,68.61,0,1.11,16.05.2024 19:27:18
0,165.38,882,989,14.34,68.60,0,0.85,16.05.2024 19:27:20
0,168.00,896,989,14.33,68.63,0,1.06,16.05.2024 19:27:22
0,168.19,897,989,14.34,68.63,0,1.07,16.05.2024 19:27:24
0,166.69,889,988,14.34,68.63,0,0.95,16.05.2024 19:27:27
0,170.44,909,988,14.34,68.65,0,1.26,16.05.2024 19:27:29
0,166.13,886,989,14.32,68.63,0,0.91,16.05.2024 19:27:31
0,168.00,896,989,14.32,68.64,0,1.06,16.05.2024 19:27:33
0,168.00,896,988,14.33,68.66,0,1.06,16.05.2024 19:27:35
0,167.44,893,987,14.32,68.64,0,1.02,16.05.2024 19:27:37
0,167.06,891,988,14.36,68.70,0,0.97,16.05.2024 19:27:39
0,165.75,884,988,14.33,68.69,0,0.88,16.05.2024 19:27:41
0,166.50,888,988,14.33,68.69,0,0.94,16.05.2024 19:27:44
0,167.06,891,987,14.30,68.69,0,0.99,16.05.2024 19:27:46
0,171.19,913,987,14.32,68.72,0,1.33,16.05.2024 19:27:48
0,167.25,892,987,14.33,68.69,0,1.00,16.05.2024 19:27:50
0,162.94,869,987,14.33,68.69,0,0.66,16.05.2024 19:27:52
0,163.31,871,986,14.32,68.70,0,0.69,16.05.2024 19:27:54
0,169.31,903,986,14.32,68.70,0,1.17,16.05.2024 19:27:56
0,167.25,892,987,14.32,68.75,0,1.00,16.05.2024 19:27:58
0,167.81,895,986,14.30,68.74,0,1.05,16.05.2024 19:28:01
0,166.50,888,986,14.30,68.73,0,0.94,16.05.2024 19:28:03
0,166.13,886,986,14.30,68.72,0,0.91,16.05.2024 19:28:05
0,168.38,898,986,14.32,68.74,0,1.09,16.05.2024 19:28:07
0,167.25,892,986,14.33,68.74,0,0.99,16.05.2024 19:28:09
0,166.50,888,986,14.30,68.75,0,0.94,16.05.2024 19:28:11
0,170.81,911,986,14.32,68.75,0,1.29,16.05.2024 19:28:13
0,165.19,881,987,14.29,68.76,0,0.84,16.05.2024 19:28:15
0,167.25,892,986,14.32,68.78,0,1.00,16.05.2024 19:28:17
0,168.94,901,985,14.29,68.75,0,1.14,16.05.2024 19:28:20
0,169.50,904,985,14.32,68.77,0,1.18,16.05.2024 19:28:22
0,171.00,912,985,14.29,68.78,0,1.32,16.05.2024 19:28:24
0,163.31,871,985,14.30,68.79,0,0.69,16.05.2024 19:28:26
0,168.75,900,985,14.33,68.77,0,1.12,16.05.2024 19:28:28
0,170.06,907,985,14.33,68.79,0,1.22,16.05.2024 19:28:30
0,167.63,894,984,14.33,68.81,0,1.02,16.05.2024 19:28:32
0,167.63,894,984,14.32,68.79,0,1.03,16.05.2024 19:28:34
0,167.63,894,984,14.30,68.79,0,1.03,16.05.2024 19:28:37
0,166.69,889,983,14.30,68.81,0,0.95,16.05.2024 19:28:39
0,168.38,898,982,14.32,68.81,0,1.09,16.05.2024 19:28:41
0,165.56,883,983,14.34,68.83,0,0.85,16.05.2024 19:28:43
0,168.00,896,982,14.32,68.82,0,1.05,16.05.2024 19:28:45
0,167.44,893,982,14.32,68.83,0,1.01,16.05.2024 19:28:47
0,166.88,890,982,14.30,68.82,0,0.97,16.05.2024 19:28:49
0,166.69,889,982,14.32,68.85,0,0.95,16.05.2024 19:28:51
0,166.69,889,981,14.30,68.85,0,0.95,16.05.2024 19:28:54
0,168.00,896,981,14.32,68.82,0,1.05,16.05.2024 19:28:56
0,167.81,895,982,14.32,68.85,0,1.04,16.05.2024 19:28:58
0,166.13,886,982,14.30,68.86,0,0.90,16.05.2024 19:29:00
0,168.38,898,982,14.33,68.86,0,1.08,16.05.2024 19:29:02
0,162.94,869,982,14.32,68.87,0,0.65,16.05.2024 19:29:04
0,166.69,889,981,14.33,68.83,0,0.94,16.05.2024 19:29:08
0,164.63,878,981,14.33,68.86,0,0.78,16.05.2024 19:29:10
0,167.44,893,981,14.32,68.89,0,1.00,16.05.2024 19:29:12
0,162.56,867,981,14.33,68.89,0,0.62,16.05.2024 19:29:15
0,165.19,881,981,14.30,68.89,0,0.83,16.05.2024 19:29:17
0,167.63,894,981,14.29,68.87,0,1.03,16.05.2024 19:29:19
0,164.81,879,981,14.29,68.89,0,0.80,16.05.2024 19:29:21
0,165.00,880,980,14.30,68.91,0,0.81,16.05.2024 19:29:23
0,167.25,892,980,14.30,68.93,0,0.99,16.05.2024 19:29:25
0,164.44,877,981,14.32,68.89,0,0.77,16.05.2024 19:29:27
0,164.06,875,980,14.30,68.92,0,0.74,16.05.2024 19:29:29
0,166.50,888,980,14.30,68.91,0,0.93,16.05.2024 19:29:32
0,164.25,876,980,14.30,68.92,0,0.75,16.05.2024 19:29:34
0,171.56,915,980,14.32,68.91,0,1.35,16.05.2024 19:29:36
0,166.13,886,980,14.30,68.97,0,0.90,16.05.2024 19:29:38
0,162.00,864,980,14.29,68.96,0,0.58,16.05.2024 19:29:40
0,169.50,904,980,14.30,68.98,0,1.17,16.05.2024 19:29:42
0,169.69,905,980,14.30,68.95,0,1.19,16.05.2024 19:29:44
0,169.69,905,980,14.30,68.96,0,1.19,16.05.2024 19:29:46
0,169.69,905,979,14.29,68.96,0,1.19,16.05.2024 19:29:48
0,168.94,901,979,14.27,68.98,0,1.13,16.05.2024 19:29:51
0,168.00,896,980,14.29,68.94,0,1.05,16.05.2024 19:29:53
0,164.81,879,980,14.29,68.99,0,0.80,16.05.2024 19:29:55
0,165.38,882,979,14.29,68.97,0,0.84,16.05.2024 19:29:57
0,167.06,891,980,14.29,68.99,0,0.98,16.05.2024 19:29:59
0,165.56,883,979,14.29,68.97,0,0.86,16.05.2024 19:30:01
0,167.81,895,979,14.27,68.99,0,1.04,16.05.2024 19:30:03
0,167.06,891,980,14.29,69.00,0,0.98,16.05.2024 19:30:05
0,167.81,895,980,14.27,68.98,0,1.04,16.05.2024 19:30:08
0,166.31,887,980,14.32,69.01,0,0.91,16.05.2024 19:30:10
0,170.06,907,980,14.30,69.02,0,1.22,16.05.2024 19:30:12
0,168.56,899,980,14.27,69.02,0,1.10,16.05.2024 19:30:14
0,167.81,895,980,14.27,69.01,0,1.04,16.05.2024 19:30:16
0,170.06,907,980,14.27,69.00,0,1.23,16.05.2024 19:30:18
0,165.94,885,980,14.29,69.05,0,0.88,16.05.2024 19:30:20
0,165.00,880,980,14.27,69.04,0,0.81,16.05.2024 19:30:22
0,165.56,883,980,14.29,69.06,0,0.85,16.05.2024 19:30:25
0,166.50,888,980,14.30,69.05,0,0.92,16.05.2024 19:30:27
0,168.94,901,980,14.29,69.04,0,1.13,16.05.2024 19:30:29
0,170.81,911,980,14.27,69.07,0,1.29,16.05.2024 19:30:31
0,167.44,893,981,14.26,69.05,0,1.01,16.05.2024 19:30:33
0,168.75,900,981,14.27,69.11,0,1.11,16.05.2024 19:30:35
0,168.38,898,980,14.29,69.09,0,1.08,16.05.2024 19:30:37
0,166.88,890,981,14.26,69.07,0,0.96,16.05.2024 19:30:39
0,168.94,901,981,14.29,69.10,0,1.12,16.05.2024 19:30:41
0,168.75,900,981,14.27,69.07,0,1.11,16.05.2024 19:30:44
0,171.56,915,981,14.26,69.07,0,1.35,16.05.2024 19:30:46
0,170.25,908,981,14.26,69.10,0,1.24,16.05.2024 19:30:48
0,169.31,903,981,14.27,69.10,0,1.16,16.05.2024 19:30:50
0,166.13,886,981,14.27,69.11,0,0.90,16.05.2024 19:30:52
0,165.94,885,981,14.29,69.09,0,0.88,16.05.2024 19:30:54
0,169.69,905,981,14.27,69.10,0,1.19,16.05.2024 19:30:56
0,170.44,909,981,14.27,69.12,0,1.25,16.05.2024 19:30:58
0,168.00,896,981,14.27,69.11,0,1.05,16.05.2024 19:31:01
0,165.19,881,981,14.27,69.11,0,0.82,16.05.2024 19:31:03
0,168.38,898,982,14.29,69.13,0,1.08,16.05.2024 19:31:05
0,168.19,897,981,14.26,69.12,0,1.07,16.05.2024 19:31:07
0,167.44,893,981,14.27,69.11,0,1.00,16.05.2024 19:31:09
0,170.25,908,982,14.27,69.09,0,1.24,16.05.2024 19:31:11
0,168.19,897,982,14.29,69.13,0,1.06,16.05.2024 19:31:13
0,165.38,882,981,14.27,69.11,0,0.84,16.05.2024 19:31:15
0,165.38,882,980,14.27,69.12,0,0.84,16.05.2024 19:31:18
0,166.13,886,980,14.27,69.12,0,0.90,16.05.2024 19:31:20
0,168.19,897,981,14.26,69.13,0,1.07,16.05.2024 19:31:22
0,167.44,893,981,14.29,69.10,0,1.00,16.05.2024 19:31:24
0,166.31,887,981,14.27,69.12,0,0.91,16.05.2024 19:31:28
0,165.56,883,981,14.26,69.13,0,0.86,16.05.2024 19:31:30
0,165.56,883,981,14.29,69.13,0,0.85,16.05.2024 19:31:32
0,165.00,880,981,14.27,69.12,0,0.81,16.05.2024 19:31:34
0,164.81,879,981,14.27,69.13,0,0.79,16.05.2024 19:31:36
0,170.06,907,981,14.27,69.13,0,1.22,16.05.2024 19:31:39
0,167.44,893,981,14.27,69.14,0,1.00,16.05.2024 19:31:41
0,165.94,885,981,14.27,69.15,0,0.88,16.05.2024 19:31:43
0,162.38,866,981,14.26,69.15,0,0.61,16.05.2024 19:31:45
0,168.94,901,981,14.26,69.16,0,1.13,16.05.2024 19:31:47
0,165.75,884,981,14.24,69.15,0,0.87,16.05.2024 19:31:49
0,166.50,888,980,14.24,69.14,0,0.93,16.05.2024 19:31:51
0,167.06,891,981,14.24,69.17,0,0.98,16.05.2024 19:31:53
0,169.13,902,981,14.24,69.16,0,1.15,16.05.2024 19:31:56
0,164.06,875,980,14.27,69.17,0,0.73,16.05.2024 19:31:58
0,166.31,887,980,14.27,69.15,0,0.91,16.05.2024 19:32:00
0,167.44,893,980,14.24,69.16,0,1.01,16.05.2024 19:32:02
0,169.50,904,980,14.27,69.20,0,1.17,16.05.2024 19:32:04
0,169.88,906,980,14.26,69.19,0,1.20,16.05.2024 19:32:06
0,169.88,906,980,14.27,69.18,0,1.20,16.05.2024 19:32:08
0,171.38,914,980,14.27,69.16,0,1.33,16.05.2024 19:32:10
0,170.81,911,979,14.26,69.22,0,1.28,16.05.2024 19:32:13
0,167.63,894,980,14.26,69.21,0,1.02,16.05.2024 19:32:15
0,168.00,896,979,14.24,69.18,0,1.05,16.05.2024 19:32:17
0,173.44,925,979,14.23,69.19,0,1.52,16.05.2024 19:32:19
0,167.81,895,979,14.24,69.17,0,1.04,16.05.2024 19:32:21
0,168.75,900,979,14.24,69.20,0,1.11,16.05.2024 19:32:23
0,168.19,897,979,14.24,69.20,0,1.07,16.05.2024 19:32:25
0,166.50,888,979,14.26,69.22,0,0.93,16.05.2024 19:32:27
0,169.50,904,979,14.26,69.23,0,1.17,16.05.2024 19:32:29
0,171.75,916,979,14.26,69.22,0,1.36,16.05.2024 19:32:32
0,170.06,907,979,14.23,69.20,0,1.23,16.05.2024 19:32:34
0,169.50,904,979,14.26,69.23,0,1.17,16.05.2024 19:32:36
0,169.88,906,979,14.27,69.24,0,1.20,16.05.2024 19:32:38
0,165.94,885,978,14.24,69.23,0,0.88,16.05.2024 19:32:40
0,167.25,892,978,14.24,69.22,0,0.99,16.05.2024 19:32:42
0,166.50,888,977,14.24,69.22,0,0.93,16.05.2024 19:32:44
0,167.25,892,977,14.26,69.23,0,0.98,16.05.2024 19:32:46
0,168.00,896,978,14.26,69.22,0,1.05,16.05.2024 19:32:49
0,166.69,889,978,14.23,69.24,0,0.95,16.05.2024 19:32:51
0,171.00,912,978,14.26,69.23,0,1.30,16.05.2024 19:32:53
0,166.69,889,978,14.24,69.20,0,0.94,16.05.2024 19:32:55
0,171.94,917,978,14.24,69.26,0,1.38,16.05.2024 19:32:57
0,165.94,885,977,14.23,69.24,0,0.89,16.05.2024 19:32:59
0,169.50,904,978,14.24,69.22,0,1.17,16.05.2024 19:33:01
0,167.06,891,978,14.23,69.23,0,0.98,16.05.2024 19:33:03
0,168.19,897,978,14.23,69.22,0,1.07,16.05.2024 19:33:06
0,167.44,893,978,14.23,69.24,0,1.01,16.05.2024 19:33:08
0,169.50,904,978,14.23,69.25,0,1.18,16.05.2024 19:33:10
0,168.38,898,978,14.24,69.27,0,1.08,16.05.2024 19:33:12
0,168.75,900,978,14.23,69.26,0,1.11,16.05.2024 19:33:14
0,164.44,877,978,14.22,69.26,0,0.77,16.05.2024 19:33:16
0,166.50,888,978,14.24,69.24,0,0.93,16.05.2024 19:33:18
0,164.81,879,978,14.23,69.26,0,0.80,16.05.2024 19:33:20
0,166.13,886,977,14.20,69.27,0,0.91,16.05.2024 19:33:22
0,164.81,879,977,14.24,69.24,0,0.79,16.05.2024 19:33:25
0,166.88,890,977,14.22,69.26,0,0.96,16.05.2024 19:33:27
0,169.50,904,977,14.23,69.24,0,1.18,16.05.2024 19:33:29
0,165.56,883,977,14.24,69.26,0,0.85,16.05.2024 19:33:31
0,164.63,878,977,14.22,69.29,0,0.78,16.05.2024 19:33:33
0,169.31,903,977,14.23,69.28,0,1.16,16.05.2024 19:33:35
0,166.69,889,977,14.20,69.28,0,0.95,16.05.2024 19:33:37
0,165.94,885,977,14.22,69.29,0,0.89,16.05.2024 19:33:39
0,167.06,891,976,14.23,69.27,0,0.97,16.05.2024 19:33:42
0,167.81,895,976,14.23,69.27,0,1.04,16.05.2024 19:33:44
0,169.50,904,976,14.22,69.27,0,1.18,16.05.2024 19:33:48
0,164.63,878,976,14.23,69.26,0,0.78,16.05.2024 19:33:50
0,163.69,873,976,14.26,69.30,0,0.70,16.05.2024 19:33:52
0,165.38,882,976,14.24,69.31,0,0.83,16.05.2024 19:33:54
0,169.88,906,976,14.23,69.32,0,1.20,16.05.2024 19:33:56
0,167.81,895,976,14.23,69.29,0,1.03,16.05.2024 19:33:58
0,155.63,830,976,14.23,69.29,0,0.13,16.05.2024 19:34:01
0,161.81,863,976,14.23,69.29,0,0.57,16.05.2024 19:34:03
0,167.44,893,976,14.23,69.30,0,1.00,16.05.2024 19:34:05
0,164.63,878,975,14.23,69.30,0,0.78,16.05.2024 19:34:07
0,166.13,886,975,14.24,69.32,0,0.89,16.05.2024 19:34:09
0,165.19,881,976,14.24,69.29,0,0.82,16.05.2024 19:34:11
0,165.38,882,976,14.24,69.35,0,0.83,16.05.2024 19:34:13
0,163.13,870,976,14.19,69.32,0,0.67,16.05.2024 19:34:15
0,166.13,886,976,14.22,69.34,0,0.90,16.05.2024 19:34:17
0,169.31,903,975,14.23,69.31,0,1.16,16.05.2024 19:34:20
0,168.38,898,975,14.20,69.34,0,1.08,16.05.2024 19:34:22
0,165.75,884,975,14.22,69.32,0,0.87,16.05.2024 19:34:24
0,166.69,889,976,14.23,69.33,0,0.94,16.05.2024 19:34:26
0,168.00,896,975,14.22,69.33,0,1.05,16.05.2024 19:34:28
0,166.69,889,976,14.23,69.35,0,0.94,16.05.2024 19:34:30
0,168.94,901,975,14.23,69.35,0,1.12,16.05.2024 19:34:32
0,167.44,893,975,14.22,69.35,0,1.00,16.05.2024 19:34:34
0,168.94,901,976,14.22,69.35,0,1.13,16.05.2024 19:34:37
0,167.81,895,976,14.22,69.37,0,1.03,16.05.2024 19:34:39
0,168.75,900,975,14.23,69.37,0,1.11,16.05.2024 19:34:41
0,168.38,898,975,14.22,69.38,0,1.08,16.05.2024 19:34:43
0,165.94,885,975,14.20,69.37,0,0.89,16.05.2024 19:34:45
0,167.06,891,974,14.23,69.36,0,0.97,16.05.2024 19:34:47
0,168.00,896,974,14.20,69.36,0,1.05,16.05.2024 19:34:49
0,171.38,914,974,14.22,69.38,0,1.33,16.05.2024 19:34:51
0,170.63,910,975,14.20,69.37,0,1.27,16.05.2024 19:34:54
0,168.00,896,975,14.20,69.39,0,1.05,16.05.2024 19:34:56
0,166.31,887,976,14.23,69.40,0,0.91,16.05.2024 19:34:58
0,171.19,913,976,14.20,69.35,0,1.32,16.05.2024 19:35:00
0,166.31,887,976,14.19,69.39,0,0.92,16.05.2024 19:35:02
0,171.75,916,977,14.20,69.39,0,1.37,16.05.2024 19:35:04
0,166.50,888,977,14.20,69.39,0,0.93,16.05.2024 19:35:06
0,168.00,896,977,14.20,69.38,0,1.05,16.05.2024 19:35:08
0,171.38,914,977,14.20,69.38,0,1.33,16.05.2024 19:35:10
0,169.69,905,977,14.22,69.41,0,1.19,16.05.2024 19:35:13
0,168.56,899,977,14.22,69.40,0,1.09,16.05.2024 19:35:15
0,168.94,901,976,14.22,69.40,0,1.12,16.05.2024 19:35:17
0,165.94,885,976,14.20,69.40,0,0.88,16.05.2024 19:35:19
0,169.13,902,977,14.20,69.38,0,1.14,16.05.2024 19:35:21
0,170.06,907,976,14.22,69.44,0,1.22,16.05.2024 19:35:23
0,168.56,899,976,14.22,69.40,0,1.09,16.05.2024 19:35:25
0,167.06,891,975,14.23,69.43,0,0.97,16.05.2024 19:35:27
0,169.31,903,975,14.20,69.42,0,1.16,16.05.2024 19:35:30
0,166.88,890,975,14.20,69.40,0,0.96,16.05.2024 19:35:32
0,171.75,916,975,14.23,69.42,0,1.36,16.05.2024 19:35:34
0,168.19,897,975,14.20,69.39,0,1.07,16.05.2024 19:35:36
0,164.25,876,974,14.22,69.43,0,0.75,16.05.2024 19:35:38
0,167.44,893,974,14.20,69.41,0,1.00,16.05.2024 19:35:40
0,165.75,884,974,14.20,69.41,0,0.87,16.05.2024 19:35:42
0,169.13,902,974,14.17,69.41,0,1.15,16.05.2024 19:35:44
0,168.56,899,973,14.19,69.42,0,1.10,16.05.2024 19:35:47
0,167.06,891,973,14.20,69.40,0,0.97,16.05.2024 19:35:49
0,167.25,892,973,14.19,69.43,0,0.99,16.05.2024 19:35:51
0,167.63,894,972,14.20,69.44,0,1.02,16.05.2024 19:35:53
0,165.19,881,973,14.20,69.40,0,0.82,16.05.2024 19:35:55
0,164.25,876,972,14.20,69.42,0,0.75,16.05.2024 19:35:57
0,167.44,893,972,14.20,69.45,0,1.00,16.05.2024 19:35:59
0,164.06,875,972,14.19,69.46,0,0.74,16.05.2024 19:36:03
0,164.44,877,972,14.22,69.42,0,0.76,16.05.2024 19:36:05
0,162.19,865,972,14.17,69.43,0,0.60,16.05.2024 19:36:08
0,167.06,891,972,14.20,69.47,0,0.97,16.05.2024 19:36:10
0,164.63,878,973,14.19,69.44,0,0.78,16.05.2024 19:36:12
0,166.88,890,973,14.20,69.46,0,0.96,16.05.2024 19:36:14
0,168.19,897,974,14.19,69.42,0,1.07,16.05.2024 19:36:16
0,163.13,870,974,14.19,69.43,0,0.67,16.05.2024 19:36:18
0,166.13,886,974,14.19,69.46,0,0.90,16.05.2024 19:36:20
0,166.50,888,975,14.19,69.46,0,0.93,16.05.2024 19:36:22
0,163.69,873,976,14.19,69.45,0,0.71,16.05.2024 19:36:25
0,165.19,881,976,14.20,69.49,0,0.82,16.05.2024 19:36:27
0,163.13,870,976,14.20,69.44,0,0.66,16.05.2024 19:36:29
0,166.13,886,976,14.20,69.43,0,0.90,16.05.2024 19:36:31
0,165.19,881,977,14.19,69.48,0,0.82,16.05.2024 19:36:33
0,169.13,902,977,14.17,69.48,0,1.15,16.05.2024 19:36:35
0,172.69,921,976,14.17,69.48,0,1.45,16.05.2024 19:36:37
0,171.56,915,976,14.19,69.44,0,1.35,16.05.2024 19:36:39
0,167.44,893,976,14.20,69.49,0,1.00,16.05.2024 19:36:42
0,168.19,897,977,14.19,69.48,0,1.07,16.05.2024 19:36:44
0,167.63,894,977,14.17,69.48,0,1.02,16.05.2024 19:36:46
0,169.88,906,977,14.20,69.49,0,1.20,16.05.2024 19:36:48
0,167.63,894,977,14.19,69.48,0,1.02,16.05.2024 19:36:50
0,168.00,896,977,14.19,69.48,0,1.05,16.05.2024 19:36:52
0,168.56,899,977,14.17,69.49,0,1.10,16.05.2024 19:36:54
0,168.19,897,977,14.16,69.47,0,1.07,16.05.2024 19:36:56
0,167.44,893,978,14.17,69.47,0,1.01,16.05.2024 19:36:58
0,165.75,884,976,14.16,69.50,0,0.87,16.05.2024 19:37:01
0,167.06,891,977,14.19,69.50,0,0.97,16.05.2024 19:37:03
0,169.50,904,976,14.19,69.53,0,1.17,16.05.2024 19:37:05
0,166.50,888,976,14.17,69.51,0,0.93,16.05.2024 19:37:07
0,169.69,905,976,14.19,69.49,0,1.19,16.05.2024 19:37:09
0,173.81,927,976,14.17,69.54,0,1.55,16.05.2024 19:37:11
0,168.38,898,975,14.19,69.50,0,1.08,16.05.2024 19:37:13
0,169.13,902,976,14.17,69.50,0,1.14,16.05.2024 19:37:15
0,167.81,895,975,14.16,69.53,0,1.04,16.05.2024 19:37:18
0,168.56,899,976,14.16,69.53,0,1.10,16.05.2024 19:37:20
0,168.56,899,976,14.17,69.51,0,1.10,16.05.2024 19:37:22
0,166.88,890,975,14.17,69.54,0,0.96,16.05.2024 19:37:24
0,168.75,900,975,14.16,69.51,0,1.12,16.05.2024 19:37:26
0,168.94,901,974,14.19,69.50,0,1.13,16.05.2024 19:37:28
0,167.81,895,974,14.19,69.53,0,1.03,16.05.2024 19:37:30
0,168.19,897,974,14.17,69.55,0,1.06,16.05.2024 19:37:32
0,168.56,899,973,14.17,69.52,0,1.10,16.05.2024 19:37:35
0,165.75,884,974,14.17,69.49,0,0.87,16.05.2024 19:37:37
0,170.06,907,974,14.16,69.54,0,1.22,16.05.2024 19:37:39
0,165.56,883,974,14.17,69.53,0,0.85,16.05.2024 19:37:41
0,169.88,906,974,14.17,69.55,0,1.21,16.05.2024 19:37:43
0,166.13,886,975,14.17,69.55,0,0.90,16.05.2024 19:37:45
0,165.94,885,975,14.17,69.55,0,0.88,16.05.2024 19:37:47
0,166.69,889,976,14.16,69.53,0,0.95,16.05.2024 19:37:49
0,166.88,890,975,14.16,69.53,0,0.96,16.05.2024 19:37:51
0,166.69,889,975,14.16,69.53,0,0.95,16.05.2024 19:37:54
0,170.81,911,975,14.19,69.52,0,1.28,16.05.2024 19:37:56
0,167.63,894,975,14.16,69.54,0,1.02,16.05.2024 19:37:58
0,169.88,906,975,14.16,69.55,0,1.21,16.05.2024 19:38:00
0,168.00,896,974,14.16,69.53,0,1.05,16.05.2024 19:38:02
0,169.13,902,975,14.16,69.54,0,1.15,16.05.2024 19:38:04
0,167.44,893,974,14.16,69.54,0,1.01,16.05.2024 19:38:06
0,166.69,889,975,14.16,69.53,0,0.95,16.05.2024 19:38:08
0,166.88,890,975,14.16,69.53,0,0.96,16.05.2024 19:38:11
0,168.00,896,975,14.19,69.56,0,1.05,16.05.2024 19:38:13
0,166.13,886,976,14.17,69.55,0,0.90,16.05.2024 19:38:15
0,165.75,884,975,14.19,69.51,0,0.87,16.05.2024 19:38:17
0,166.69,889,976,14.16,69.53,0,0.95,16.05.2024 19:38:19
0,167.44,893,976,14.16,69.54,0,1.01,16.05.2024 19:38:21
0,166.69,889,975,14.16,69.51,0,0.95,16.05.2024 19:38:23
0,167.25,892,974,14.16,69.56,0,0.99,16.05.2024 19:38:25
0,167.63,894,975,14.13,69.56,0,1.03,16.05.2024 19:38:30
0,167.44,893,976,14.17,69.55,0,1.00,16.05.2024 19:38:32
0,163.69,873,975,14.16,69.55,0,0.71,16.05.2024 19:38:34
0,166.50,888,975,14.17,69.54,0,0.93,16.05.2024 19:38:36
0,161.81,863,975,14.16,69.56,0,0.57,16.05.2024 19:38:38
0,168.00,896,975,14.15,69.52,0,1.06,16.05.2024 19:38:40
0,165.56,883,975,14.16,69.57,0,0.86,16.05.2024 19:38:42
0,164.63,878,975,14.16,69.54,0,0.78,16.05.2024 19:38:44
0,168.75,900,975,14.16,69.57,0,1.11,16.05.2024 19:38:46
0,163.13,870,975,14.15,69.55,0,0.67,16.05.2024 19:38:49
0,165.94,885,975,14.15,69.53,0,0.89,16.05.2024 19:38:51
0,167.44,893,975,14.16,69.56,0,1.01,16.05.2024 19:38:53
0,165.19,881,975,14.15,69.56,0,0.83,16.05.2024 19:38:55
0,167.06,891,975,14.16,69.57,0,0.97,16.05.2024 19:38:57
0,165.19,881,975,14.17,69.57,0,0.82,16.05.2024 19:38:59
0,165.56,883,976,14.15,69.56,0,0.86,16.05.2024 19:39:01
0,166.50,888,975,14.15,69.53,0,0.94,16.05.2024 19:39:03
0,166.88,890,975,14.16,69.56,0,0.96,16.05.2024 19:39:06
0,166.50,888,975,14.15,69.55,0,0.93,16.05.2024 19:39:08
0,168.19,897,975,14.15,69.57,0,1.07,16.05.2024 19:39:10
0,168.19,897,975,14.16,69.57,0,1.07,16.05.2024 19:39:12
0,170.63,910,976,14.15,69.58,0,1.27,16.05.2024 19:39:14
0,166.50,888,975,14.13,69.56,0,0.94,16.05.2024 19:39:16
0,168.56,899,975,14.16,69.54,0,1.10,16.05.2024 19:39:18
0,170.25,908,975,14.16,69.58,0,1.24,16.05.2024 19:39:20
0,167.81,895,975,14.15,69.58,0,1.04,16.05.2024 19:39:23
0,171.56,915,974,14.13,69.57,0,1.36,16.05.2024 19:39:25
0,171.19,913,974,14.13,69.56,0,1.33,16.05.2024 19:39:27
0,166.69,889,974,14.15,69.56,0,0.95,16.05.2024 19:39:29
0,167.06,891,975,14.16,69.58,0,0.97,16.05.2024 19:39:31
0,167.81,895,975,14.15,69.59,0,1.04,16.05.2024 19:39:33
0,171.19,913,974,14.15,69.57,0,1.32,16.05.2024 19:39:35
0,168.19,897,974,14.15,69.58,0,1.07,16.05.2024 19:39:37
0,166.13,886,974,14.12,69.56,0,0.91,16.05.2024 19:39:39
0,167.63,894,973,14.11,69.57,0,1.03,16.05.2024 19:39:42
0,167.63,894,973,14.15,69.60,0,1.02,16.05.2024 19:39:44
0,171.38,914,973,14.13,69.55,0,1.34,16.05.2024 19:39:46
0,165.00,880,973,14.12,69.59,0,0.82,16.05.2024 19:39:48
0,169.31,903,973,14.15,69.59,0,1.16,16.05.2024 19:39:50
0,168.00,896,972,14.16,69.59,0,1.05,16.05.2024 19:39:52
0,169.13,902,972,14.13,69.59,0,1.15,16.05.2024 19:39:54
0,167.06,891,972,14.15,69.60,0,0.98,16.05.2024 19:39:56
0,168.19,897,972,14.15,69.62,0,1.07,16.05.2024 19:39:59
0,170.63,910,971,14.12,69.55,0,1.28,16.05.2024 19:40:01
0,166.31,887,971,14.12,69.58,0,0.92,16.05.2024 19:40:03
0,168.94,901,971,14.12,69.58,0,1.14,16.05.2024 19:40:05
0,168.56,899,971,14.12,69.59,0,1.11,16.05.2024 19:40:07
0,164.44,877,971,14.12,69.58,0,0.78,16.05.2024 19:40:09
0,165.94,885,970,14.13,69.59,0,0.89,16.05.2024 19:40:11
0,170.81,911,971,14.12,69.58,0,1.30,16.05.2024 19:40:13
0,167.25,892,970,14.13,69.56,0,1.00,16.05.2024 19:40:16
0,167.44,893,971,14.11,69.56,0,1.02,16.05.2024 19:40:18
0,169.13,902,972,14.15,69.54,0,1.15,16.05.2024 19:40:20
0,165.00,880,972,14.15,69.60,0,0.81,16.05.2024 19:40:22
0,166.88,890,972,14.13,69.60,0,0.97,16.05.2024 19:40:24
0,172.31,919,972,14.12,69.56,0,1.43,16.05.2024 19:40:26
0,168.38,898,972,14.12,69.57,0,1.09,16.05.2024 19:40:28
0,168.56,899,973,14.15,69.55,0,1.10,16.05.2024 19:40:30
0,168.19,897,973,14.12,69.57,0,1.08,16.05.2024 19:40:32
0,166.13,886,974,14.13,69.56,0,0.91,16.05.2024 19:40:35
0,164.25,876,973,14.11,69.57,0,0.77,16.05.2024 19:40:37
0,166.88,890,974,14.11,69.57,0,0.97,16.05.2024 19:40:39
0,166.88,890,974,14.13,69.56,0,0.97,16.05.2024 19:40:41
0,167.81,895,975,14.15,69.56,0,1.04,16.05.2024 19:40:43
0,164.81,879,974,14.12,69.54,0,0.81,16.05.2024 19:40:45
0,167.06,891,974,14.12,69.59,0,0.98,16.05.2024 19:40:47
0,166.88,890,975,14.12,69.57,0,0.97,16.05.2024 19:40:49
0,165.75,884,975,14.12,69.57,0,0.88,16.05.2024 19:40:52
0,167.63,894,975,14.11,69.59,0,1.03,16.05.2024 19:40:54
0,165.75,884,975,14.11,69.59,0,0.88,16.05.2024 19:40:58
0,169.13,902,976,14.11,69.59,0,1.16,16.05.2024 19:41:00
0,164.25,876,975,14.11,69.56,0,0.77,16.05.2024 19:41:02
0,165.94,885,975,14.12,69.56,0,0.90,16.05.2024 19:41:04
0,162.75,868,976,14.11,69.56,0,0.65,16.05.2024 19:41:06
0,162.94,869,976,14.11,69.60,0,0.66,16.05.2024 19:41:08
0,161.25,860,976,14.11,69.59,0,0.54,16.05.2024 19:41:11
0,165.38,882,976,14.13,69.59,0,0.85,16.05.2024 19:41:13
0,163.69,873,976,14.13,69.59,0,0.71,16.05.2024 19:41:15
0,166.69,889,976,14.11,69.58,0,0.96,16.05.2024 19:41:17
0,170.25,908,976,14.11,69.58,0,1.25,16.05.2024 19:41:19
0,163.31,871,976,14.11,69.57,0,0.69,16.05.2024 19:41:21
0,163.69,873,976,14.09,69.60,0,0.72,16.05.2024 19:41:23
0,164.44,877,977,14.11,69.60,0,0.78,16.05.2024 19:41:25
0,165.38,882,976,14.11,69.57,0,0.85,16.05.2024 19:41:27
0,166.50,888,976,14.11,69.63,0,0.94,16.05.2024 19:41:30
0,162.00,864,976,14.09,69.59,0,0.60,16.05.2024 19:41:32
0,167.25,892,976,14.08,69.60,0,1.01,16.05.2024 19:41:34
0,169.50,904,976,14.09,69.59,0,1.19,16.05.2024 19:41:36
0,166.31,887,977,14.11,69.60,0,0.93,16.05.2024 19:41:38
0,166.13,886,977,14.12,69.63,0,0.91,16.05.2024 19:41:40
0,165.75,884,977,14.09,69.62,0,0.88,16.05.2024 19:41:42
0,169.69,905,978,14.11,69.60,0,1.20,16.05.2024 19:41:44
0,167.63,894,978,14.11,69.60,0,1.03,16.05.2024 19:41:47
0,166.13,886,978,14.11,69.62,0,0.91,16.05.2024 19:41:49
0,168.75,900,979,14.09,69.60,0,1.13,16.05.2024 19:41:51
0,168.38,898,979,14.12,69.63,0,1.09,16.05.2024 19:41:53
0,170.06,907,979,14.08,69.60,0,1.24,16.05.2024 19:41:55
0,167.06,891,978,14.11,69.63,0,0.99,16.05.2024 19:41:57
0,172.88,922,979,14.09,69.63,0,1.48,16.05.2024 19:41:59
0,168.19,897,979,14.09,69.60,0,1.08,16.05.2024 19:42:01
0,171.00,912,979,14.11,69.61,0,1.31,16.05.2024 19:42:04
0,167.06,891,979,14.09,69.60,0,0.99,16.05.2024 19:42:06
0,169.50,904,979,14.09,69.60,0,1.19,16.05.2024 19:42:08
0,169.69,905,979,14.08,69.60,0,1.21,16.05.2024 19:42:10
0,165.56,883,978,14.12,69.58,0,0.86,16.05.2024 19:42:12
0,166.69,889,978,14.09,69.59,0,0.96,16.05.2024 19:42:14
0,166.69,889,978,14.09,69.62,0,0.96,16.05.2024 19:42:16
0,168.56,899,978,14.09,69.60,0,1.11,16.05.2024 19:42:18
0,171.38,914,978,14.06,69.62,0,1.36,16.05.2024 19:42:20
0,167.06,891,978,14.09,69.60,0,0.99,16.05.2024 19:42:23
0,167.44,893,978,14.09,69.60,0,1.02,16.05.2024 19:42:25
0,166.88,890,978,14.09,69.60,0,0.98,16.05.2024 19:42:27
0,168.38,898,979,14.12,69.62,0,1.09,16.05.2024 19:42:29
0,165.00,880,978,14.11,69.63,0,0.82,16.05.2024 19:42:31
0,166.31,887,978,14.08,69.60,0,0.93,16.05.2024 19:42:33
0,165.94,885,978,14.09,69.60,0,0.90,16.05.2024 19:42:35
0,167.44,893,978,14.08,69.62,0,1.02,16.05.2024 19:42:37
0,165.94,885,977,14.09,69.58,0,0.90,16.05.2024 19:42:40
0,166.13,886,976,14.09,69.60,0,0.91,16.05.2024 19:42:42
0,168.00,896,976,14.06,69.60,0,1.07,16.05.2024 19:42:44
0,164.25,876,976,14.08,69.64,0,0.77,16.05.2024 19:42:46
0,165.00,880,976,14.08,69.63,0,0.83,16.05.2024 19:42:48
0,170.81,911,977,14.06,69.58,0,1.31,16.05.2024 19:42:50
0,165.94,885,976,14.09,69.62,0,0.90,16.05.2024 19:42:52
0,162.19,865,976,14.09,69.66,0,0.61,16.05.2024 19:42:54
0,167.63,894,976,14.09,69.62,0,1.04,16.05.2024 19:42:57
0,165.38,882,977,14.09,69.62,0,0.85,16.05.2024 19:42:59
0,165.56,883,977,14.06,69.60,0,0.88,16.05.2024 19:43:01
0,165.00,880,976,14.09,69.62,0,0.82,16.05.2024 19:43:03
0,165.56,883,976,14.06,69.62,0,0.88,16.05.2024 19:43:05
0,167.63,894,977,14.09,69.64,0,1.03,16.05.2024 19:43:07
0,164.25,876,977,14.08,69.61,0,0.77,16.05.2024 19:43:09
0,166.69,889,977,14.08,69.63,0,0.96,16.05.2024 19:43:11
0,168.19,897,977,14.08,69.60,0,1.09,16.05.2024 19:43:13
0,165.38,882,977,14.08,69.61,0,0.86,16.05.2024 19:43:16
0,169.88,906,977,14.09,69.62,0,1.22,16.05.2024 19:43:18
0,166.13,886,976,14.08,69.60,0,0.92,16.05.2024 19:43:20
0,167.25,892,976,14.08,69.60,0,1.01,16.05.2024 19:43:22
0,167.06,891,975,14.08,69.63,0,0.99,16.05.2024 19:43:24
0,166.13,886,975,14.08,69.62,0,0.92,16.05.2024 19:43:26
0,165.75,884,974,14.09,69.63,0,0.88,16.05.2024 19:43:28
0,165.00,880,974,14.11,69.65,0,0.82,16.05.2024 19:43:30
0,163.31,871,974,14.08,69.63,0,0.70,16.05.2024 19:43:35
0,164.25,876,974,14.08,69.63,0,0.77,16.05.2024 19:43:37
0,166.69,889,973,14.08,69.62,0,0.96,16.05.2024 19:43:39
0,167.25,892,973,14.06,69.62,0,1.01,16.05.2024 19:43:41
0,162.75,868,973,14.08,69.63,0,0.65,16.05.2024 19:43:43
0,162.00,864,973,14.05,69.62,0,0.60,16.05.2024 19:43:45
0,166.88,890,973,14.08,69.65,0,0.98,16.05.2024 19:43:47
0,163.31,871,972,14.06,69.62,0,0.70,16.05.2024 19:43:49
0,165.19,881,973,14.06,69.63,0,0.85,16.05.2024 19:43:52
0,165.38,882,973,14.09,69.66,0,0.85,16.05.2024 19:43:54
0,161.06,859,972,14.06,69.63,0,0.53,16.05.2024 19:43:56
0,164.44,877,972,14.06,69.63,0,0.79,16.05.2024 19:43:58
0,171.38,914,973,14.05,69.61,0,1.36,16.05.2024 19:44:00
0,165.38,882,973,14.06,69.65,0,0.86,16.05.2024 19:44:02
0,160.31,855,973,14.08,69.62,0,0.47,16.05.2024 19:44:04
0,168.94,901,973,14.06,69.62,0,1.15,16.05.2024 19:44:06
0,165.19,881,974,14.05,69.63,0,0.85,16.05.2024 19:44:08
0,169.13,902,974,14.06,69.65,0,1.16,16.05.2024 19:44:11
0,173.81,927,974,14.05,69.65,0,1.57,16.05.2024 19:44:13
0,169.31,903,974,14.08,69.65,0,1.18,16.05.2024 19:44:15
0,167.63,894,974,14.05,69.64,0,1.04,16.05.2024 19:44:17
0,169.88,906,974,14.05,69.66,0,1.23,16.05.2024 19:44:19
0,168.00,896,974,14.05,69.64,0,1.07,16.05.2024 19:44:21
0,163.88,874,974,14.03,69.63,0,0.75,16.05.2024 19:44:23
0,167.81,895,974,14.05,69.65,0,1.06,16.05.2024 19:44:25
0,169.50,904,974,14.05,69.65,0,1.20,16.05.2024 19:44:28
0,168.19,897,974,14.05,69.66,0,1.09,16.05.2024 19:44:30
0,168.38,898,974,14.08,69.64,0,1.10,16.05.2024 19:44:32
0,165.38,882,975,14.05,69.65,0,0.86,16.05.2024 19:44:34
0,167.63,894,975,14.05,69.64,0,1.04,16.05.2024 19:44:36
0,167.63,894,975,14.05,69.63,0,1.04,16.05.2024 19:44:38
0,166.13,886,975,14.05,69.65,0,0.92,16.05.2024 19:44:40
0,169.88,906,975,14.03,69.63,0,1.24,16.05.2024 19:44:42
0,166.69,889,975,14.05,69.64,0,0.97,16.05.2024 19:44:44
0,169.31,903,975,14.05,69.67,0,1.18,16.05.2024 19:44:47
0,166.88,890,975,14.03,69.67,0,0.99,16.05.2024 19:44:49
0,167.63,894,975,14.03,69.66,0,1.05,16.05.2024 19:44:51
0,167.44,893,976,14.03,69.65,0,1.03,16.05.2024 19:44:53
0,166.13,886,975,14.05,69.65,0,0.92,16.05.2024 19:44:55
0,168.19,897,975,14.03,69.65,0,1.09,16.05.2024 19:44:57
0,167.81,895,975,14.03,69.64,0,1.06,16.05.2024 19:44:59
0,169.69,905,976,14.05,69.66,0,1.21,16.05.2024 19:45:01
0,169.13,902,977,14.05,69.65,0,1.17,16.05.2024 19:45:04
0,169.88,906,976,14.03,69.65,0,1.23,16.05.2024 19:45:06
0,167.81,895,976,14.05,69.65,0,1.06,16.05.2024 19:45:08
0,166.69,889,976,14.05,69.65,0,0.97,16.05.2024 19:45:10
0,165.19,881,976,14.05,69.65,0,0.85,16.05.2024 19:45:12
0,169.88,906,976,14.05,69.65,0,1.23,16.05.2024 19:45:14
0,167.06,891,976,14.05,69.67,0,1.00,16.05.2024 19:45:16
0,168.38,898,976,14.03,69.64,0,1.11,16.05.2024 19:45:18
0,161.63,862,977,14.06,69.67,0,0.57,16.05.2024 19:45:21
0,166.88,890,976,14.02,69.66,0,0.99,16.05.2024 19:45:23
0,168.94,901,977,14.05,69.67,0,1.15,16.05.2024 19:45:25
0,165.00,880,976,14.03,69.68,0,0.83,16.05.2024 19:45:27
0,166.31,887,975,14.02,69.69,0,0.94,16.05.2024 19:45:29
0,168.00,896,975,14.05,69.65,0,1.07,16.05.2024 19:45:31
0,165.94,885,976,14.05,69.67,0,0.91,16.05.2024 19:45:33
0,167.06,891,975,14.03,69.67,0,1.00,16.05.2024 19:45:35
0,163.50,872,975,14.05,69.66,0,0.71,16.05.2024 19:45:37
0,164.63,878,976,14.05,69.66,0,0.80,16.05.2024 19:45:40
0,166.13,886,976,14.03,69.68,0,0.92,16.05.2024 19:45:42
0,164.06,875,976,14.03,69.68,0,0.76,16.05.2024 19:45:44
0,167.44,893,976,14.03,69.66,0,1.03,16.05.2024 19:45:46
0,163.50,872,975,14.03,69.66,0,0.72,16.05.2024 19:45:48
0,163.31,871,976,14.03,69.66,0,0.70,16.05.2024 19:45:50
0,169.13,902,976,14.02,69.67,0,1.17,16.05.2024 19:45:52
0,166.31,887,976,14.03,69.65,0,0.94,16.05.2024 19:45:54
0,169.88,906,976,14.02,69.68,0,1.24,16.05.2024 19:45:57
0,166.50,888,975,14.02,69.68,0,0.96,16.05.2024 19:45:59
0,165.94,885,976,14.03,69.66,0,0.91,16.05.2024 19:46:03
0,165.00,880,976,14.02,69.70,0,0.84,16.05.2024 19:46:05
0,164.81,879,976,14.02,69.66,0,0.82,16.05.2024 19:46:07
0,164.63,878,976,14.03,69.65,0,0.81,16.05.2024 19:46:09
0,163.69,873,977,14.03,69.66,0,0.73,16.05.2024 19:46:11
0,165.19,881,977,14.01,69.67,0,0.86,16.05.2024 19:46:13
0,166.50,888,977,14.03,69.67,0,0.95,16.05.2024 19:46:16
0,163.69,873,977,14.01,69.69,0,0.74,16.05.2024 19:46:18
0,164.63,878,977,14.03,69.69,0,0.80,16.05.2024 19:46:20
0,165.94,885,977,14.02,69.67,0,0.91,16.05.2024 19:46:22
0,163.69,873,977,14.01,69.67,0,0.74,16.05.2024 19:46:24
0,161.25,860,977,14.03,69.64,0,0.55,16.05.2024 19:46:26
0,164.81,879,977,14.03,69.68,0,0.82,16.05.2024 19:46:28
0,162.38,866,977,14.02,69.68,0,0.63,16.05.2024 19:46:30
0,166.50,888,976,14.02,69.69,0,0.96,16.05.2024 19:46:32
0,167.81,895,977,14.03,69.69,0,1.06,16.05.2024 19:46:35
0,165.56,883,977,14.02,69.68,0,0.88,16.05.2024 19:46:37
0,161.25,860,976,14.01,69.67,0,0.55,16.05.2024 19:46:39
0,167.44,893,976,14.01,69.71,0,1.03,16.05.2024 19:46:41
0,165.19,881,975,14.01,69.69,0,0.85,16.05.2024 19:46:43
0,167.25,892,975,14.02,69.70,0,1.02,16.05.2024 19:46:45
0,164.63,878,974,14.02,69.69,0,0.81,16.05.2024 19:46:47
0,169.31,903,974,14.05,69.70,0,1.18,16.05.2024 19:46:49
0,169.13,902,974,14.02,69.70,0,1.17,16.05.2024 19:46:52
0,168.38,898,974,14.02,69.71,0,1.11,16.05.2024 19:46:54
0,170.63,910,973,14.02,69.67,0,1.30,16.05.2024 19:46:56
0,170.25,908,973,14.01,69.68,0,1.27,16.05.2024 19:46:58
0,166.69,889,974,14.03,69.70,0,0.97,16.05.2024 19:47:00
0,167.44,893,974,14.01,69.70,0,1.04,16.05.2024 19:47:02
0,168.19,897,973,14.02,69.72,0,1.09,16.05.2024 19:47:04
0,166.69,889,973,14.01,69.70,0,0.97,16.05.2024 19:47:06
0,168.56,899,973,14.01,69.70,0,1.13,16.05.2024 19:47:09
0,171.75,916,973,13.99,69.70,0,1.40,16.05.2024 19:47:11
0,166.31,887,973,13.99,69.69,0,0.95,16.05.2024 19:47:13
0,165.19,881,974,13.99,69.70,0,0.86,16.05.2024 19:47:15
0,169.69,905,974,14.01,69.71,0,1.22,16.05.2024 19:47:17
0,167.25,892,974,14.01,69.71,0,1.02,16.05.2024 19:47:19
0,168.56,899,974,14.01,69.68,0,1.13,16.05.2024 19:47:21
0,170.44,909,974,13.98,69.71,0,1.29,16.05.2024 19:47:23
0,165.56,883,973,13.98,69.70,0,0.89,16.05.2024 19:47:25
0,167.44,893,973,13.99,69.67,0,1.04,16.05.2024 19:47:28
0,164.81,879,973,13.99,69.73,0,0.83,16.05.2024 19:47:30
0,167.06,891,973,14.01,69.68,0,1.01,16.05.2024 19:47:32
0,171.75,916,973,14.01,69.65,0,1.40,16.05.2024 19:47:34
0,169.50,904,973,14.02,69.72,0,1.20,16.05.2024 19:47:36
0,165.94,885,972,13.98,69.68,0,0.92,16.05.2024 19:47:38
0,169.31,903,972,13.98,69.68,0,1.20,16.05.2024 19:47:40
0,168.19,897,972,13.99,69.68,0,1.10,16.05.2024 19:47:42
0,167.06,891,971,13.99,69.68,0,1.01,16.05.2024 19:47:45
0,167.63,894,971,14.01,69.68,0,1.05,16.05.2024 19:47:47
0,165.19,881,971,13.98,69.69,0,0.86,16.05.2024 19:47:49
0,168.19,897,971,13.99,69.71,0,1.10,16.05.2024 19:47:51
0,167.44,893,971,14.02,69.71,0,1.03,16.05.2024 19:47:53
0,168.38,898,970,13.98,69.70,0,1.12,16.05.2024 19:47:55
0,167.81,895,971,13.99,69.69,0,1.07,16.05.2024 19:47:57
0,166.50,888,971,13.99,69.68,0,0.96,16.05.2024 19:47:59
0,171.00,912,970,14.01,69.70,0,1.33,16.05.2024 19:48:02
0,165.94,885,970,13.99,69.69,0,0.92,16.05.2024 19:48:04
0,165.94,885,970,13.99,69.68,0,0.92,16.05.2024 19:48:06
0,168.19,897,970,13.96,69.70,0,1.11,16.05.2024 19:48:08
0,167.81,895,970,13.98,69.68,0,1.07,16.05.2024 19:48:10
0,163.50,872,970,13.99,69.65,0,0.73,16.05.2024 19:48:12
0,166.13,886,971,13.99,69.67,0,0.93,16.05.2024 19:48:14
0,165.38,882,971,13.99,69.68,0,0.87,16.05.2024 19:48:16
0,167.63,894,970,13.98,69.71,0,1.06,16.05.2024 19:48:19
0,167.06,891,970,14.01,69.67,0,1.01,16.05.2024 19:48:21
0,165.75,884,970,13.99,69.68,0,0.90,16.05.2024 19:48:23
0,164.44,877,970,13.99,69.69,0,0.80,16.05.2024 19:48:25
0,164.63,878,970,14.01,69.72,0,0.81,16.05.2024 19:48:29
0,164.81,879,970,13.96,69.68,0,0.84,16.05.2024 19:48:31
0,165.75,884,970,13.99,69.67,0,0.90,16.05.2024 19:48:33
0,163.69,873,970,14.01,69.71,0,0.74,16.05.2024 19:48:35
0,163.13,870,970,13.98,69.70,0,0.70,16.05.2024 19:48:37
0,166.13,886,970,13.99,69.68,0,0.93,16.05.2024 19:48:40
0,164.06,875,971,13.99,69.73,0,0.77,16.05.2024 19:48:42
0,165.38,882,970,13.96,69.70,0,0.88,16.05.2024 19:48:44
0,164.63,878,971,13.99,69.71,0,0.81,16.05.2024 19:48:46
0,164.44,877,970,13.99,69.71,0,0.80,16.05.2024 19:48:48
0,162.00,864,970,13.98,69.71,0,0.61,16.05.2024 19:48:50
0,166.13,886,970,13.96,69.68,0,0.94,16.05.2024 19:48:52
0,165.38,882,971,13.98,69.73,0,0.87,16.05.2024 19:48:54
0,167.25,892,971,13.95,69.70,0,1.03,16.05.2024 19:48:57
0,164.25,876,970,13.98,69.71,0,0.79,16.05.2024 19:48:59
0,166.31,887,970,13.99,69.75,0,0.95,16.05.2024 19:49:01
0,165.56,883,971,13.95,69.71,0,0.90,16.05.2024 19:49:03
0,165.00,880,970,13.96,69.70,0,0.85,16.05.2024 19:49:05
0,164.63,878,971,14.01,69.72,0,0.81,16.05.2024 19:49:07
0,166.50,888,971,13.98,69.74,0,0.96,16.05.2024 19:49:09
0,164.81,879,971,13.99,69.76,0,0.83,16.05.2024 19:49:11
0,167.44,893,971,13.96,69.78,0,1.04,16.05.2024 19:49:14
0,166.50,888,972,13.99,69.75,0,0.96,16.05.2024 19:49:16
0,168.38,898,972,13.96,69.72,0,1.12,16.05.2024 19:49:18
0,170.06,907,971,13.98,69.72,0,1.26,16.05.2024 19:49:20
0,170.06,907,971,13.98,69.73,0,1.26,16.05.2024 19:49:22
0,165.56,883,972,13.98,69.73,0,0.89,16.05.2024 19:49:24
0,166.13,886,972,13.98,69.74,0,0.93,16.05.2024 19:49:26
0,168.56,899,971,13.95,69.74,0,1.14,16.05.2024 19:49:28
0,168.00,896,972,13.98,69.73,0,1.09,16.05.2024 19:49:30
0,168.56,899,972,13.95,69.73,0,1.14,16.05.2024 19:49:33
0,165.56,883,972,13.96,69.76,0,0.89,16.05.2024 19:49:35
0,168.94,901,972,13.98,69.73,0,1.17,16.05.2024 19:49:37
0,167.06,891,972,13.96,69.75,0,1.01,16.05.2024 19:49:39
0,167.63,894,972,13.96,69.71,0,1.06,16.05.2024 19:49:41
0,167.25,892,971,13.98,69.76,0,1.02,16.05.2024 19:49:43
0,168.94,901,971,13.96,69.76,0,1.17,16.05.2024 19:49:45
0,164.25,876,971,13.95,69.74,0,0.79,16.05.2024 19:49:47
0,166.31,887,971,13.95,69.72,0,0.96,16.05.2024 19:49:50
0,167.06,891,971,13.96,69.72,0,1.01,16.05.2024 19:49:52
0,167.63,894,971,13.96,69.78,0,1.06,16.05.2024 19:49:54
0,167.81,895,970,13.95,69.75,0,1.08,16.05.2024 19:49:56
0,165.75,884,970,13.95,69.74,0,0.91,16.05.2024 19:49:58
0,167.06,891,970,13.95,69.77,0,1.01,16.05.2024 19:50:00
0,166.69,889,970,13.96,69.75,0,0.98,16.05.2024 19:50:02
0,163.69,873,971,13.96,69.73,0,0.74,16.05.2024 19:50:04
0,167.44,893,971,13.93,69.72,0,1.05,16.05.2024 19:50:07
0,165.56,883,970,13.95,69.75,0,0.89,16.05.2024 19:50:09
0,167.81,895,971,13.96,69.76,0,1.07,16.05.2024 19:50:11
0,164.44,877,971,13.98,69.76,0,0.80,16.05.2024 19:50:13
0,167.81,895,971,13.95,69.74,0,1.08,16.05.2024 19:50:15
0,165.75,884,971,13.93,69.73,0,0.91,16.05.2024 19:50:17
0,168.94,901,971,13.95,69.77,0,1.17,16.05.2024 19:50:19
0,166.69,889,971,13.95,69.75,0,0.99,16.05.2024 19:50:21
0,167.63,894,971,13.95,69.76,0,1.06,16.05.2024 19:50:23
0,165.00,880,971,13.96,69.74,0,0.85,16.05.2024 19:50:26
0,168.19,897,971,13.95,69.76,0,1.11,16.05.2024 19:50:28
0,165.94,885,971,13.93,69.75,0,0.93,16.05.2024 19:50:30
0,167.81,895,972,13.95,69.74,0,1.08,16.05.2024 19:50:32
0,168.38,898,972,13.96,69.75,0,1.12,16.05.2024 19:50:34
0,167.44,893,972,13.95,69.71,0,1.05,16.05.2024 19:50:36
0,168.19,897,971,13.96,69.73,0,1.11,16.05.2024 19:50:38
0,165.75,884,971,13.95,69.75,0,0.91,16.05.2024 19:50:40
0,166.13,886,971,13.95,69.72,0,0.94,16.05.2024 19:50:43
0,162.56,867,971,13.96,69.75,0,0.66,16.05.2024 19:50:45
0,165.94,885,972,13.96,69.75,0,0.92,16.05.2024 19:50:47
0,169.50,904,972,13.95,69.73,0,1.22,16.05.2024 19:50:51
0,163.50,872,972,13.95,69.72,0,0.73,16.05.2024 19:50:53
0,168.75,900,973,13.95,69.70,0,1.16,16.05.2024 19:50:55
0,166.31,887,973,13.96,69.74,0,0.95,16.05.2024 19:50:57
0,163.31,871,972,13.93,69.71,0,0.72,16.05.2024 19:50:59
0,163.88,874,973,13.93,69.71,0,0.77,16.05.2024 19:51:02
0,163.31,871,972,13.92,69.76,0,0.72,16.05.2024 19:51:04
0,161.25,860,973,13.95,69.71,0,0.56,16.05.2024 19:51:06
0,164.44,877,973,13.91,69.75,0,0.81,16.05.2024 19:51:08
0,164.63,878,973,13.95,69.76,0,0.82,16.05.2024 19:51:10
0,166.69,889,973,13.92,69.74,0,0.99,16.05.2024 19:51:12
0,165.94,885,973,13.93,69.73,0,0.93,16.05.2024 19:51:14
0,158.44,845,973,13.96,69.75,0,0.35,16.05.2024 19:51:16
0,165.19,881,972,13.91,69.71,0,0.88,16.05.2024 19:51:18
0,166.50,888,973,13.95,69.72,0,0.97,16.05.2024 19:51:21
0,163.88,874,973,13.93,69.72,0,0.77,16.05.2024 19:51:23
0,164.25,876,973,13.93,69.73,0,0.80,16.05.2024 19:51:25
0,172.69,921,973,13.93,69.73,0,1.50,16.05.2024 19:51:27
0,167.44,893,972,13.92,69.73,0,1.05,16.05.2024 19:51:29
0,165.38,882,972,13.92,69.73,0,0.89,16.05.2024 19:51:31
0,167.06,891,971,13.91,69.71,0,1.03,16.05.2024 19:51:33
0,166.50,888,972,13.93,69.72,0,0.98,16.05.2024 19:51:35
0,165.56,883,972,13.92,69.73,0,0.90,16.05.2024 19:51:38
0,166.69,889,972,13.92,69.75,0,0.99,16.05.2024 19:51:40
0,165.75,884,972,13.91,69.72,0,0.92,16.05.2024 19:51:42
0,166.88,890,971,13.92,69.73,0,1.01,16.05.2024 19:51:44
0,168.00,896,971,13.92,69.74,0,1.10,16.05.2024 19:51:46
0,165.94,885,971,13.92,69.74,0,0.93,16.05.2024 19:51:48
0,168.38,898,970,13.92,69.77,0,1.13,16.05.2024 19:51:50
0,168.38,898,971,13.93,69.76,0,1.13,16.05.2024 19:51:52
0,165.56,883,971,13.93,69.77,0,0.90,16.05.2024 19:51:55
0,165.94,885,972,13.91,69.74,0,0.93,16.05.2024 19:51:57
0,169.13,902,972,13.92,69.73,0,1.19,16.05.2024 19:51:59
0,165.19,881,972,13.91,69.76,0,0.87,16.05.2024 19:52:01
0,168.94,901,973,13.95,69.76,0,1.17,16.05.2024 19:52:03
0,169.31,903,973,13.92,69.75,0,1.21,16.05.2024 19:52:05
0,167.44,893,973,13.91,69.72,0,1.06,16.05.2024 19:52:07
0,166.50,888,972,13.92,69.75,0,0.98,16.05.2024 19:52:09
0,168.56,899,972,13.91,69.73,0,1.15,16.05.2024 19:52:11
0,168.75,900,972,13.91,69.73,0,1.17,16.05.2024 19:52:14
0,165.19,881,972,13.93,69.76,0,0.87,16.05.2024 19:52:16
0,166.88,890,971,13.92,69.76,0,1.01,16.05.2024 19:52:18
0,166.88,890,971,13.92,69.74,0,1.01,16.05.2024 19:52:20
0,168.56,899,971,13.91,69.75,0,1.15,16.05.2024 19:52:22
0,166.50,888,971,13.93,69.73,0,0.97,16.05.2024 19:52:24
0,164.06,875,970,13.91,69.75,0,0.79,16.05.2024 19:52:26
0,166.31,887,970,13.92,69.74,0,0.96,16.05.2024 19:52:28
0,165.94,885,971,13.89,69.74,0,0.94,16.05.2024 19:52:31
0,168.75,900,971,13.88,69.75,0,1.17,16.05.2024 19:52:33
0,167.06,891,971,13.93,69.75,0,1.02,16.05.2024 19:52:35
0,165.75,884,972,13.92,69.75,0,0.92,16.05.2024 19:52:37
0,168.38,898,972,13.92,69.73,0,1.13,16.05.2024 19:52:39
0,164.63,878,972,13.89,69.77,0,0.83,16.05.2024 19:52:41
0,168.19,897,972,13.92,69.73,0,1.12,16.05.2024 19:52:43
0,165.38,882,972,13.91,69.76,0,0.89,16.05.2024 19:52:45
0,167.81,895,971,13.92,69.71,0,1.09,16.05.2024 19:52:48
0,167.63,894,971,13.92,69.75,0,1.07,16.05.2024 19:52:50
0,166.31,887,970,13.91,69.74,0,0.97,16.05.2024 19:52:52
0,165.38,882,970,13.91,69.75,0,0.89,16.05.2024 19:52:54
0,169.50,904,970,13.89,69.73,0,1.23,16.05.2024 19:52:56
0,169.13,902,970,13.91,69.74,0,1.20,16.05.2024 19:52:58
0,167.25,892,970,13.89,69.71,0,1.05,16.05.2024 19:53:00
0,167.44,893,971,13.89,69.72,0,1.06,16.05.2024 19:53:02
0,167.44,893,970,13.89,69.71,0,1.06,16.05.2024 19:53:04
0,165.38,882,971,13.92,69.74,0,0.89,16.05.2024 19:53:07
0,163.88,874,971,13.91,69.71,0,0.77,16.05.2024 19:53:09
0,165.56,883,971,13.89,69.73,0,0.91,16.05.2024 19:53:13
0,165.38,882,971,13.89,69.72,0,0.89,16.05.2024 19:53:15
0,164.25,876,972,13.89,69.74,0,0.80,16.05.2024 19:53:17
0,166.31,887,973,13.91,69.72,0,0.97,16.05.2024 19:53:19
0,163.88,874,973,13.89,69.74,0,0.77,16.05.2024 19:53:21
0,164.25,876,973,13.91,69.73,0,0.80,16.05.2024 19:53:23
0,173.44,925,973,13.88,69.73,0,1.58,16.05.2024 19:53:26
0,165.75,884,973,13.88,69.72,0,0.93,16.05.2024 19:53:28
0,166.69,889,974,13.89,69.74,0,1.00,16.05.2024 19:53:30
0,162.00,864,974,13.92,69.78,0,0.62,16.05.2024 19:53:32
0,165.00,880,974,13.88,69.72,0,0.87,16.05.2024 19:53:34
0,166.31,887,974,13.89,69.75,0,0.97,16.05.2024 19:53:36
0,161.44,861,974,13.91,69.71,0,0.59,16.05.2024 19:53:38
0,164.63,878,974,13.89,69.75,0,0.83,16.05.2024 19:53:40
0,165.19,881,974,13.88,69.72,0,0.88,16.05.2024 19:53:43
0,165.00,880,974,13.88,69.74,0,0.87,16.05.2024 19:53:45
0,166.69,889,974,13.89,69.73,0,1.00,16.05.2024 19:53:47
0,168.38,898,974,13.88,69.74,0,1.14,16.05.2024 19:53:49
0,168.00,896,974,13.89,69.76,0,1.11,16.05.2024 19:53:51
0,165.38,882,974,13.89,69.72,0,0.89,16.05.2024 19:53:53
0,165.38,882,974,13.89,69.75,0,0.89,16.05.2024 19:53:55
0,166.50,888,974,13.88,69.75,0,0.99,16.05.2024 19:53:57
0,167.81,895,975,13.89,69.68,0,1.09,16.05.2024 19:53:59
2,164.44,877,975,13.91,69.74,0,0.82,16.05.2024 19:54:02
2,166.50,888,975,13.88,69.74,0,0.99,16.05.2024 19:54:04
2,165.19,881,975,13.88,69.75,0,0.88,16.05.2024 19:54:06
2,169.88,906,974,13.91,69.74,0,1.26,16.05.2024 19:54:08
2,166.88,890,975,13.89,69.72,0,1.02,16.05.2024 19:54:10
2,168.00,896,975,13.88,69.72,0,1.11,16.05.2024 19:54:12
2,166.50,888,974,13.88,69.75,0,0.99,16.05.2024 19:54:14
2,168.94,901,974,13.88,69.73,0,1.19,16.05.2024 19:54:16
2,164.06,875,974,13.86,69.72,0,0.80,16.05.2024 19:54:19
2,166.31,887,974,13.86,69.75,0,0.97,16.05.2024 19:54:21
2,165.75,884,973,13.89,69.74,0,0.92,16.05.2024 19:54:23
2,163.31,871,973,13.85,69.69,0,0.74,16.05.2024 19:54:25
2,169.31,903,973,13.86,69.73,0,1.22,16.05.2024 19:54:27
2,168.38,898,973,13.88,69.74,0,1.14,16.05.2024 19:54:29
2,166.88,890,973,13.88,69.72,0,1.02,16.05.2024 19:54:31
2,166.13,886,973,13.86,69.71,0,0.96,16.05.2024 19:54:33
2,168.38,898,973,13.86,69.72,0,1.15,16.05.2024 19:54:36
2,165.38,882,973,13.88,69.71,0,0.90,16.05.2024 19:54:38
2,166.31,887,973,13.88,69.73,0,0.97,16.05.2024 19:54:40
2,166.69,889,973,13.86,69.74,0,1.01,16.05.2024 19:54:42
2,165.56,883,974,13.86,69.74,0,0.91,16.05.2024 19:54:44
2,165.00,880,972,13.86,69.73,0,0.87,16.05.2024 19:54:46
2,165.38,882,973,13.89,69.71,0,0.89,16.05.2024 19:54:48
2,165.94,885,973,13.88,69.73,0,0.94,16.05.2024 19:54:50
2,163.69,873,972,13.85,69.72,0,0.77,16.05.2024 19:54:52
2,166.13,886,973,13.86,69.72,0,0.96,16.05.2024 19:54:55
2,167.63,894,973,13.88,69.73,0,1.08,16.05.2024 19:54:57
2,165.00,880,973,13.86,69.72,0,0.87,16.05.2024 19:54:59
2,165.75,884,974,13.86,69.71,0,0.93,16.05.2024 19:55:01
2,168.00,896,973,13.88,69.74,0,1.11,16.05.2024 19:55:03
2,168.38,898,974,13.86,69.71,0,1.15,16.05.2024 19:55:05
2,164.63,878,974,13.85,69.72,0,0.84,16.05.2024 19:55:07
2,167.44,893,974,13.86,69.71,0,1.07,16.05.2024 19:55:09
2,167.06,891,974,13.85,69.70,0,1.04,16.05.2024 19:55:12
2,167.63,894,975,13.86,69.72,0,1.08,16.05.2024 19:55:14
2,164.63,878,975,13.85,69.72,0,0.84,16.05.2024 19:55:16
2,166.69,889,975,13.88,69.71,0,1.00,16.05.2024 19:55:18
2,166.50,888,975,13.86,69.72,0,0.99,16.05.2024 19:55:20
2,164.81,879,975,13.86,69.73,0,0.86,16.05.2024 19:55:22
2,167.25,892,975,13.84,69.70,0,1.06,16.05.2024 19:55:24
2,171.38,914,975,13.86,69.75,0,1.40,16.05.2024 19:55:26
2,161.63,862,975,13.85,69.70,0,0.61,16.05.2024 19:55:28
2,165.38,882,974,13.85,69.72,0,0.90,16.05.2024 19:55:33
2,166.88,890,974,13.85,69.73,0,1.02,16.05.2024 19:55:35
2,165.00,880,974,13.85,69.71,0,0.87,16.05.2024 19:55:37
2,164.63,878,974,13.86,69.72,0,0.84,16.05.2024 19:55:39
2,165.94,885,973,13.85,69.73,0,0.95,16.05.2024 19:55:41
2,161.25,860,973,13.84,69.73,0,0.59,16.05.2024 19:55:43
2,162.94,869,973,13.85,69.71,0,0.71,16.05.2024 19:55:45
2,165.75,884,974,13.86,69.72,0,0.93,16.05.2024 19:55:47
2,160.69,857,974,13.86,69.72,0,0.54,16.05.2024 19:55:50
2,162.94,869,974,13.86,69.74,0,0.71,16.05.2024 19:55:52
2,164.06,875,974,13.86,69.73,0,0.80,16.05.2024 19:55:54
2,164.06,875,973,13.85,69.72,0,0.80,16.05.2024 19:55:56
2,160.31,855,973,13.85,69.71,0,0.51,16.05.2024 19:55:58
2,163.50,872,973,13.85,69.74,0,0.75,16.05.2024 19:56:00
2,165.38,882,973,13.85,69.72,0,0.90,16.05.2024 19:56:02
2,165.00,880,973,13.82,69.70,0,0.88,16.05.2024 19:56:04
2,165.38,882,973,13.86,69.73,0,0.90,16.05.2024 19:56:07
2,166.31,887,972,13.85,69.74,0,0.98,16.05.2024 19:56:09
2,165.00,880,971,13.85,69.75,0,0.87,16.05.2024 19:56:11
2,167.25,892,972,13.85,69.71,0,1.06,16.05.2024 19:56:13
2,164.25,876,972,13.84,69.72,0,0.82,16.05.2024 19:56:15
2,168.38,898,972,13.85,69.73,0,1.15,16.05.2024 19:56:17
2,170.44,909,971,13.86,69.71,0,1.32,16.05.2024 19:56:19
2,165.38,882,971,13.86,69.74,0,0.90,16.05.2024 19:56:21
2,167.63,894,972,13.84,69.76,0,1.09,16.05.2024 19:56:23
2,167.44,893,971,13.85,69.76,0,1.07,16.05.2024 19:56:26
2,166.88,890,971,13.85,69.72,0,1.03,16.05.2024 19:56:28
2,168.00,896,971,13.85,69.73,0,1.12,16.05.2024 19:56:30
2,164.81,879,971,13.84,69.74,0,0.86,16.05.2024 19:56:32
2,166.69,889,971,13.82,69.73,0,1.02,16.05.2024 19:56:34
2,166.50,888,971,13.82,69.74,0,1.00,16.05.2024 19:56:36
2,164.44,877,971,13.84,69.74,0,0.83,16.05.2024 19:56:38
2,169.69,905,971,13.84,69.75,0,1.26,16.05.2024 19:56:40
2,168.75,900,971,13.85,69.73,0,1.18,16.05.2024 19:56:43
2,166.88,890,971,13.85,69.74,0,1.02,16.05.2024 19:56:45
2,167.81,895,972,13.82,69.74,0,1.11,16.05.2024 19:56:47
2,167.06,891,971,13.84,69.78,0,1.04,16.05.2024 19:56:49
2,165.56,883,972,13.85,69.74,0,0.92,16.05.2024 19:56:51
2,168.00,896,972,13.82,69.73,0,1.12,16.05.2024 19:56:53
2,164.25,876,971,13.85,69.74,0,0.81,16.05.2024 19:56:55
2,166.88,890,971,13.84,69.73,0,1.03,16.05.2024 19:56:57
2,167.06,891,971,13.84,69.75,0,1.04,16.05.2024 19:57:00
2,165.00,880,971,13.84,69.75,0,0.88,16.05.2024 19:57:02
2,169.31,903,971,13.82,69.73,0,1.24,16.05.2024 19:57:04
2,164.81,879,971,13.82,69.76,0,0.86,16.05.2024 19:57:06
2,165.94,885,970,13.82,69.73,0,0.96,16.05.2024 19:57:08
2,165.94,885,970,13.82,69.70,0,0.96,16.05.2024 19:57:10
2,166.69,889,970,13.82,69.75,0,1.02,16.05.2024 19:57:12
2,165.00,880,971,13.84,69.74,0,0.88,16.05.2024 19:57:14
2,165.00,880,970,13.82,69.74,0,0.88,16.05.2024 19:57:16
2,165.75,884,970,13.82,69.74,0,0.94,16.05.2024 19:57:19
2,168.75,900,970,13.82,69.71,0,1.19,16.05.2024 19:57:21
2,166.31,887,970,13.82,69.76,0,0.98,16.05.2024 19:57:23
2,166.50,888,969,13.84,69.73,0,1.00,16.05.2024 19:57:25
2,168.56,899,969,13.84,69.75,0,1.17,16.05.2024 19:57:27
2,168.75,900,969,13.82,69.72,0,1.19,16.05.2024 19:57:29
2,167.06,891,969,13.82,69.72,0,1.05,16.05.2024 19:57:31
2,166.31,887,969,13.84,69.76,0,0.98,16.05.2024 19:57:33
2,169.13,902,969,13.84,69.70,0,1.22,16.05.2024 19:57:36
2,165.38,882,969,13.84,69.76,0,0.91,16.05.2024 19:57:38
2,162.00,864,968,13.82,69.72,0,0.65,16.05.2024 19:57:40
2,166.13,886,969,13.81,69.73,0,0.97,16.05.2024 19:57:42
2,168.19,897,969,13.82,69.74,0,1.14,16.05.2024 19:57:44
2,167.25,892,968,13.82,69.73,0,1.06,16.05.2024 19:57:46
2,165.00,880,969,13.82,69.74,0,0.88,16.05.2024 19:57:48
2,166.88,890,969,13.81,69.76,0,1.03,16.05.2024 19:57:52
2,164.63,878,969,13.81,69.73,0,0.85,16.05.2024 19:57:55
2,163.69,873,969,13.81,69.74,0,0.78,16.05.2024 19:57:57
2,162.00,864,969,13.82,69.75,0,0.65,16.05.2024 19:57:59
2,163.69,873,969,13.81,69.76,0,0.78,16.05.2024 19:58:01
2,163.88,874,969,13.81,69.75,0,0.79,16.05.2024 19:58:03
2,162.38,866,968,13.81,69.76,0,0.68,16.05.2024 19:58:05
2,158.25,844,968,13.80,69.72,0,0.37,16.05.2024 19:58:07
2,163.31,871,969,13.80,69.75,0,0.75,16.05.2024 19:58:09
2,162.00,864,969,13.82,69.74,0,0.65,16.05.2024 19:58:11
2,164.63,878,969,13.78,69.75,0,0.86,16.05.2024 19:58:14
2,167.44,893,969,13.81,69.75,0,1.08,16.05.2024 19:58:16
2,165.75,884,969,13.82,69.79,0,0.94,16.05.2024 19:58:18
2,162.94,869,969,13.80,69.77,0,0.72,16.05.2024 19:58:20
2,162.94,869,969,13.82,69.77,0,0.72,16.05.2024 19:58:22
2,165.38,882,969,13.82,69.76,0,0.91,16.05.2024 19:58:24
2,165.38,882,969,13.81,69.76,0,0.91,16.05.2024 19:58:26
2,166.50,888,969,13.81,69.75,0,1.00,16.05.2024 19:58:28
2,166.88,890,969,13.78,69.76,0,1.04,16.05.2024 19:58:31
2,165.38,882,970,13.82,69.79,0,0.91,16.05.2024 19:58:33
2,169.31,903,970,13.81,69.74,0,1.24,16.05.2024 19:58:35
2,166.50,888,970,13.80,69.74,0,1.01,16.05.2024 19:58:37
2,164.81,879,970,13.81,69.75,0,0.87,16.05.2024 19:58:39
2,163.88,874,971,13.80,69.78,0,0.79,16.05.2024 19:58:41
2,167.06,891,971,13.81,69.78,0,1.05,16.05.2024 19:58:43
2,168.56,899,971,13.81,69.75,0,1.17,16.05.2024 19:58:45
2,166.88,890,970,13.81,69.78,0,1.03,16.05.2024 19:58:48
2,164.25,876,970,13.80,69.79,0,0.82,16.05.2024 19:58:50
2,168.19,897,970,13.81,69.74,0,1.14,16.05.2024 19:58:52
2,166.31,887,970,13.80,69.78,0,0.99,16.05.2024 19:58:54
2,164.44,877,969,13.81,69.75,0,0.84,16.05.2024 19:58:56
2,169.88,906,969,13.80,69.75,0,1.29,16.05.2024 19:58:58
2,167.63,894,969,13.80,69.77,0,1.10,16.05.2024 19:59:00
2,165.75,884,969,13.78,69.75,0,0.95,16.05.2024 19:59:02
2,166.88,890,969,13.80,69.79,0,1.03,16.05.2024 19:59:04
2,166.50,888,969,13.77,69.77,0,1.01,16.05.2024 19:59:07
2,168.56,899,970,13.80,69.77,0,1.18,16.05.2024 19:59:09
2,166.88,890,970,13.78,69.76,0,1.04,16.05.2024 19:59:11
2,166.50,888,970,13.80,69.76,0,1.01,16.05.2024 19:59:13
2,167.81,895,970,13.80,69.77,0,1.11,16.05.2024 19:59:15
2,162.75,868,969,13.75,69.77,0,0.72,16.05.2024 19:59:17
2,166.31,887,970,13.78,69.76,0,0.99,16.05.2024 19:59:19
2,166.31,887,970,13.77,69.79,0,1.00,16.05.2024 19:59:21
2,167.63,894,970,13.80,69.77,0,1.10,16.05.2024 19:59:24
2,166.31,887,970,13.80,69.79,0,0.99,16.05.2024 19:59:26
2,166.31,887,970,13.80,69.77,0,0.99,16.05.2024 19:59:28
2,165.94,885,969,13.78,69.77,0,0.96,16.05.2024 19:59:30
2,165.75,884,970,13.77,69.74,0,0.95,16.05.2024 19:59:32
2,165.19,881,970,13.80,69.82,0,0.90,16.05.2024 19:59:34
2,167.81,895,971,13.80,69.77,0,1.11,16.05.2024 19:59:36
2,167.06,891,970,13.78,69.77,0,1.05,16.05.2024 19:59:38
2,164.81,879,970,13.81,69.79,0,0.86,16.05.2024 19:59:41
2,163.88,874,970,13.78,69.81,0,0.80,16.05.2024 19:59:43
2,167.25,892,969,13.80,69.79,0,1.07,16.05.2024 19:59:45
2,166.50,888,969,13.78,69.77,0,1.01,16.05.2024 19:59:47
2,168.56,899,969,13.80,69.79,0,1.17,16.05.2024 19:59:49
2,161.44,861,969,13.78,69.77,0,0.61,16.05.2024 19:59:51
2,167.63,894,969,13.77,69.78,0,1.10,16.05.2024 19:59:53
2,167.06,891,969,13.78,69.80,0,1.05,16.05.2024 19:59:55
2,167.06,891,969,13.77,69.83,0,1.05,16.05.2024 19:59:57
