0,153.75,820,779,10.74,70.09,0,0.60,17.05.2024 03:00:00
0,150.94,805,779,10.75,70.10,0,0.38,17.05.2024 03:00:02
0,151.31,807,778,10.74,70.09,0,0.41,17.05.2024 03:00:04
0,152.06,811,778,10.74,70.08,0,0.47,17.05.2024 03:00:06
0,150.94,805,778,10.75,70.05,0,0.38,17.05.2024 03:00:09
0,154.50,824,778,10.74,70.10,0,0.66,17.05.2024 03:00:11
0,153.38,818,778,10.75,70.13,0,0.57,17.05.2024 03:00:13
0,148.50,792,777,10.74,70.11,0,0.20,17.05.2024 03:00:15
0,153.56,819,777,10.72,70.10,0,0.59,17.05.2024 03:00:17
0,150.75,804,778,10.75,70.11,0,0.37,17.05.2024 03:00:19
0,152.25,812,778,10.72,70.09,0,0.49,17.05.2024 03:00:21
0,149.63,798,778,10.74,70.11,0,0.29,17.05.2024 03:00:23
0,150.38,802,778,10.72,70.08,0,0.35,17.05.2024 03:00:26
0,150.19,801,778,10.74,70.09,0,0.33,17.05.2024 03:00:28
0,150.75,804,778,10.77,70.09,0,0.37,17.05.2024 03:00:30
0,153.38,818,777,10.72,70.11,0,0.58,17.05.2024 03:00:32
0,149.25,796,777,10.74,70.09,0,0.26,17.05.2024 03:00:34
0,150.38,802,778,10.75,70.08,0,0.34,17.05.2024 03:00:36
0,154.13,822,777,10.77,70.10,0,0.63,17.05.2024 03:00:38
0,149.25,796,778,10.72,70.10,0,0.26,17.05.2024 03:00:40
0,151.69,809,778,10.74,70.10,0,0.44,17.05.2024 03:00:42
0,154.31,823,778,10.75,70.12,0,0.64,17.05.2024 03:00:45
0,150.94,805,778,10.74,70.09,0,0.39,17.05.2024 03:00:47
0,149.63,798,779,10.75,70.11,0,0.28,17.05.2024 03:00:49
0,156.56,835,778,10.74,70.10,0,0.83,17.05.2024 03:00:51
0,153.56,819,779,10.74,70.13,0,0.59,17.05.2024 03:00:53
0,151.31,807,779,10.72,70.10,0,0.42,17.05.2024 03:00:55
0,153.94,821,779,10.75,70.09,0,0.62,17.05.2024 03:00:57
0,151.88,810,779,10.74,70.11,0,0.46,17.05.2024 03:00:59
0,150.94,805,780,10.75,70.08,0,0.38,17.05.2024 03:01:02
0,152.81,815,780,10.72,70.09,0,0.53,17.05.2024 03:01:04
0,150.56,803,779,10.74,70.08,0,0.36,17.05.2024 03:01:06
0,151.69,809,779,10.72,70.10,0,0.44,17.05.2024 03:01:08
0,150.56,803,779,10.75,70.10,0,0.35,17.05.2024 03:01:10
0,159.38,850,779,10.74,70.09,0,1.07,17.05.2024 03:01:12
0,150.00,800,779,10.74,70.10,0,0.31,17.05.2024 03:01:14
0,149.63,798,779,10.74,70.06,0,0.29,17.05.2024 03:01:16
0,149.63,798,779,10.74,70.08,0,0.29,17.05.2024 03:01:19
0,151.13,806,779,10.77,70.11,0,0.39,17.05.2024 03:01:21
0,151.13,806,780,10.74,70.11,0,0.40,17.05.2024 03:01:23
0,147.75,788,779,10.72,70.10,0,0.15,17.05.2024 03:01:25
0,151.50,808,779,10.72,70.08,0,0.43,17.05.2024 03:01:29
0,152.25,812,779,10.74,70.10,0,0.49,17.05.2024 03:01:31
0,150.38,802,780,10.72,70.06,0,0.35,17.05.2024 03:01:33
0,146.63,782,780,10.74,70.12,0,0.07,17.05.2024 03:01:35
0,147.94,789,780,10.72,70.10,0,0.17,17.05.2024 03:01:37
0,147.38,786,780,10.74,70.10,0,0.12,17.05.2024 03:01:40
0,146.44,781,780,10.74,70.06,0,0.06,17.05.2024 03:01:42
0,150.56,803,780,10.75,70.09,0,0.35,17.05.2024 03:01:44
0,149.81,799,780,10.72,70.11,0,0.30,17.05.2024 03:01:46
0,146.81,783,780,10.74,70.09,0,0.08,17.05.2024 03:01:48
0,150.38,802,780,10.75,70.10,0,0.34,17.05.2024 03:01:50
0,149.81,799,780,10.74,70.07,0,0.30,17.05.2024 03:01:52
0,149.44,797,780,10.74,70.13,0,0.27,17.05.2024 03:01:54
0,149.25,796,781,10.74,70.13,0,0.26,17.05.2024 03:01:57
0,152.06,811,781,10.74,70.11,0,0.47,17.05.2024 03:01:59
0,151.88,810,781,10.72,70.07,0,0.46,17.05.2024 03:02:01
0,150.94,805,780,10.72,70.10,0,0.39,17.05.2024 03:02:03
0,150.38,802,780,10.75,70.07,0,0.34,17.05.2024 03:02:05
0,151.69,809,781,10.71,70.09,0,0.45,17.05.2024 03:02:07
0,151.50,808,780,10.75,70.09,0,0.43,17.05.2024 03:02:09
0,148.88,794,780,10.72,70.10,0,0.23,17.05.2024 03:02:11
0,154.31,823,781,10.71,70.09,0,0.65,17.05.2024 03:02:14
0,153.38,818,781,10.74,70.08,0,0.57,17.05.2024 03:02:16
0,152.25,812,781,10.75,70.11,0,0.48,17.05.2024 03:02:18
0,151.88,810,780,10.74,70.12,0,0.46,17.05.2024 03:02:20
0,152.63,814,780,10.75,70.11,0,0.51,17.05.2024 03:02:22
0,151.88,810,781,10.72,70.11,0,0.46,17.05.2024 03:02:24
0,155.06,827,781,10.72,70.10,0,0.71,17.05.2024 03:02:26
0,152.44,813,780,10.72,70.11,0,0.50,17.05.2024 03:02:28
0,152.06,811,781,10.72,70.10,0,0.47,17.05.2024 03:02:30
0,151.31,807,781,10.74,70.12,0,0.41,17.05.2024 03:02:33
0,151.31,807,781,10.72,70.09,0,0.42,17.05.2024 03:02:35
0,153.56,819,781,10.72,70.09,0,0.59,17.05.2024 03:02:37
0,149.81,799,781,10.74,70.11,0,0.30,17.05.2024 03:02:39
0,156.00,832,782,10.74,70.14,0,0.78,17.05.2024 03:02:41
0,151.88,810,781,10.74,70.11,0,0.46,17.05.2024 03:02:43
0,152.25,812,781,10.71,70.10,0,0.49,17.05.2024 03:02:45
0,153.75,820,781,10.72,70.10,0,0.61,17.05.2024 03:02:47
0,151.69,809,782,10.72,70.08,0,0.45,17.05.2024 03:02:50
0,152.06,811,781,10.75,70.11,0,0.47,17.05.2024 03:02:52
0,151.31,807,781,10.72,70.09,0,0.42,17.05.2024 03:02:54
0,149.63,798,780,10.74,70.10,0,0.29,17.05.2024 03:02:56
0,149.06,795,780,10.72,70.10,0,0.25,17.05.2024 03:02:58
0,153.94,821,781,10.72,70.10,0,0.62,17.05.2024 03:03:00
0,154.50,824,781,10.72,70.08,0,0.67,17.05.2024 03:03:02
0,151.13,806,780,10.72,70.08,0,0.40,17.05.2024 03:03:04
0,150.56,803,781,10.74,70.14,0,0.36,17.05.2024 03:03:07
0,153.38,818,780,10.71,70.10,0,0.58,17.05.2024 03:03:09
0,151.88,810,780,10.75,70.13,0,0.45,17.05.2024 03:03:11
0,152.25,812,780,10.74,70.12,0,0.48,17.05.2024 03:03:13
0,149.06,795,780,10.71,70.08,0,0.25,17.05.2024 03:03:15
0,154.13,822,780,10.75,70.12,0,0.63,17.05.2024 03:03:17
0,153.56,819,780,10.74,70.10,0,0.59,17.05.2024 03:03:19
0,149.81,799,779,10.72,70.09,0,0.30,17.05.2024 03:03:21
0,150.56,803,779,10.74,70.09,0,0.36,17.05.2024 03:03:23
0,150.00,800,780,10.72,70.11,0,0.32,17.05.2024 03:03:26
0,153.00,816,780,10.72,70.10,0,0.55,17.05.2024 03:03:28
0,152.06,811,779,10.74,70.09,0,0.47,17.05.2024 03:03:30
0,151.31,807,779,10.72,70.10,0,0.42,17.05.2024 03:03:32
0,150.75,804,780,10.72,70.14,0,0.37,17.05.2024 03:03:36
0,152.63,814,779,10.74,70.12,0,0.51,17.05.2024 03:03:38
0,152.25,812,779,10.71,70.09,0,0.49,17.05.2024 03:03:40
0,148.31,791,779,10.71,70.12,0,0.19,17.05.2024 03:03:42
0,150.94,805,778,10.71,70.05,0,0.39,17.05.2024 03:03:45
0,153.19,817,779,10.74,70.08,0,0.56,17.05.2024 03:03:47
0,146.81,783,779,10.74,70.09,0,0.08,17.05.2024 03:03:49
0,149.06,795,779,10.74,70.11,0,0.25,17.05.2024 03:03:51
0,149.25,796,779,10.71,70.11,0,0.26,17.05.2024 03:03:53
0,150.94,805,779,10.74,70.10,0,0.39,17.05.2024 03:03:55
0,150.94,805,779,10.72,70.09,0,0.39,17.05.2024 03:03:57
0,151.50,808,778,10.75,70.10,0,0.43,17.05.2024 03:03:59
0,147.94,789,778,10.72,70.10,0,0.17,17.05.2024 03:04:02
0,150.19,801,778,10.74,70.10,0,0.33,17.05.2024 03:04:04
0,150.38,802,778,10.75,70.11,0,0.34,17.05.2024 03:04:06
0,152.06,811,778,10.72,70.09,0,0.47,17.05.2024 03:04:08
0,153.75,820,778,10.71,70.10,0,0.61,17.05.2024 03:04:10
0,149.06,795,778,10.72,70.09,0,0.25,17.05.2024 03:04:12
0,151.69,809,778,10.74,70.09,0,0.44,17.05.2024 03:04:14
0,152.44,813,778,10.74,70.12,0,0.50,17.05.2024 03:04:16
0,150.94,805,778,10.74,70.13,0,0.38,17.05.2024 03:04:18
0,150.75,804,778,10.72,70.13,0,0.37,17.05.2024 03:04:21
0,149.63,798,778,10.75,70.10,0,0.28,17.05.2024 03:04:23
0,150.94,805,778,10.72,70.10,0,0.39,17.05.2024 03:04:25
0,151.31,807,778,10.72,70.11,0,0.42,17.05.2024 03:04:27
0,149.44,797,778,10.74,70.11,0,0.27,17.05.2024 03:04:29
0,151.69,809,779,10.72,70.10,0,0.44,17.05.2024 03:04:31
0,151.88,810,780,10.74,70.10,0,0.46,17.05.2024 03:04:33
0,152.63,814,779,10.72,70.11,0,0.52,17.05.2024 03:04:35
0,148.88,794,779,10.72,70.12,0,0.23,17.05.2024 03:04:38
0,152.25,812,778,10.71,70.13,0,0.49,17.05.2024 03:04:40
0,154.69,825,778,10.72,70.09,0,0.68,17.05.2024 03:04:42
0,152.25,812,779,10.74,70.13,0,0.48,17.05.2024 03:04:44
0,151.88,810,779,10.71,70.13,0,0.46,17.05.2024 03:04:46
0,149.25,796,779,10.72,70.11,0,0.26,17.05.2024 03:04:48
0,153.75,820,779,10.71,70.10,0,0.61,17.05.2024 03:04:50
0,148.13,790,780,10.72,70.12,0,0.18,17.05.2024 03:04:52
0,150.38,802,780,10.71,70.09,0,0.35,17.05.2024 03:04:55
0,153.19,817,780,10.72,70.14,0,0.56,17.05.2024 03:04:57
0,151.88,810,780,10.72,70.07,0,0.46,17.05.2024 03:04:59
0,151.50,808,780,10.72,70.10,0,0.43,17.05.2024 03:05:01
0,153.56,819,779,10.74,70.10,0,0.59,17.05.2024 03:05:03
0,151.69,809,779,10.72,70.09,0,0.45,17.05.2024 03:05:05
0,150.19,801,780,10.74,70.12,0,0.33,17.05.2024 03:05:07
0,151.69,809,780,10.74,70.14,0,0.44,17.05.2024 03:05:09
0,148.50,792,780,10.75,70.10,0,0.20,17.05.2024 03:05:12
0,149.63,798,780,10.74,70.12,0,0.29,17.05.2024 03:05:14
0,150.00,800,780,10.72,70.10,0,0.32,17.05.2024 03:05:16
0,151.69,809,780,10.72,70.12,0,0.44,17.05.2024 03:05:18
0,153.38,818,780,10.75,70.10,0,0.57,17.05.2024 03:05:20
0,153.38,818,780,10.70,70.08,0,0.58,17.05.2024 03:05:22
0,150.75,804,780,10.72,70.12,0,0.37,17.05.2024 03:05:24
0,153.38,818,780,10.71,70.13,0,0.58,17.05.2024 03:05:26
0,150.94,805,780,10.72,70.10,0,0.39,17.05.2024 03:05:28
0,147.94,789,780,10.74,70.11,0,0.16,17.05.2024 03:05:31
0,150.38,802,780,10.72,70.12,0,0.34,17.05.2024 03:05:33
0,151.50,808,779,10.70,70.10,0,0.44,17.05.2024 03:05:35
0,150.19,801,779,10.74,70.10,0,0.33,17.05.2024 03:05:37
0,148.88,794,779,10.71,70.12,0,0.24,17.05.2024 03:05:41
0,148.13,790,778,10.71,70.10,0,0.18,17.05.2024 03:05:43
0,152.81,815,778,10.71,70.09,0,0.53,17.05.2024 03:05:45
0,150.38,802,779,10.71,70.11,0,0.35,17.05.2024 03:05:47
0,148.50,792,779,10.74,70.12,0,0.20,17.05.2024 03:05:50
0,144.56,771,779,10.71,70.12,0,-0.07,17.05.2024 03:05:52
0,151.13,806,780,10.72,70.10,0,0.40,17.05.2024 03:05:54
0,148.13,790,780,10.72,70.11,0,0.18,17.05.2024 03:05:56
0,147.75,788,781,10.72,70.10,0,0.15,17.05.2024 03:05:58
0,150.00,800,781,10.72,70.12,0,0.32,17.05.2024 03:06:00
0,149.06,795,781,10.71,70.09,0,0.25,17.05.2024 03:06:02
0,149.25,796,780,10.72,70.13,0,0.26,17.05.2024 03:06:04
0,146.25,780,780,10.70,70.12,0,0.05,17.05.2024 03:06:07
0,153.94,821,780,10.72,70.10,0,0.62,17.05.2024 03:06:09
0,151.31,807,780,10.72,70.10,0,0.42,17.05.2024 03:06:11
0,150.00,800,779,10.71,70.09,0,0.32,17.05.2024 03:06:13
0,150.75,804,779,10.70,70.11,0,0.38,17.05.2024 03:06:15
0,147.56,787,779,10.72,70.11,0,0.14,17.05.2024 03:06:17
0,150.75,804,779,10.70,70.15,0,0.38,17.05.2024 03:06:19
0,152.25,812,779,10.71,70.12,0,0.49,17.05.2024 03:06:21
0,153.75,820,779,10.71,70.11,0,0.61,17.05.2024 03:06:23
0,149.63,798,778,10.72,70.12,0,0.29,17.05.2024 03:06:26
0,152.06,811,778,10.72,70.10,0,0.47,17.05.2024 03:06:28
0,154.88,826,778,10.74,70.12,0,0.69,17.05.2024 03:06:30
0,150.00,800,778,10.72,70.10,0,0.32,17.05.2024 03:06:32
0,155.06,827,779,10.68,70.12,0,0.72,17.05.2024 03:06:34
0,154.31,823,779,10.72,70.11,0,0.65,17.05.2024 03:06:36
0,154.31,823,779,10.74,70.13,0,0.65,17.05.2024 03:06:38
0,155.44,829,779,10.72,70.10,0,0.74,17.05.2024 03:06:40
0,153.94,821,778,10.70,70.13,0,0.62,17.05.2024 03:06:43
0,152.06,811,779,10.70,70.13,0,0.48,17.05.2024 03:06:45
0,151.13,806,779,10.71,70.09,0,0.40,17.05.2024 03:06:47
0,154.88,826,779,10.68,70.14,0,0.70,17.05.2024 03:06:49
0,150.00,800,779,10.71,70.12,0,0.32,17.05.2024 03:06:51
0,151.69,809,779,10.70,70.15,0,0.45,17.05.2024 03:06:53
0,149.63,798,779,10.74,70.12,0,0.29,17.05.2024 03:06:55
0,154.13,822,779,10.70,70.12,0,0.64,17.05.2024 03:06:57
0,152.81,815,779,10.71,70.09,0,0.53,17.05.2024 03:07:00
0,149.63,798,779,10.71,70.11,0,0.29,17.05.2024 03:07:02
0,155.44,829,780,10.74,70.14,0,0.74,17.05.2024 03:07:04
0,150.56,803,780,10.72,70.12,0,0.36,17.05.2024 03:07:06
0,150.94,805,780,10.71,70.12,0,0.39,17.05.2024 03:07:08
0,155.44,829,780,10.71,70.11,0,0.74,17.05.2024 03:07:10
0,147.38,786,780,10.72,70.14,0,0.12,17.05.2024 03:07:12
0,152.44,813,780,10.72,70.16,0,0.50,17.05.2024 03:07:14
0,154.31,823,779,10.70,70.15,0,0.65,17.05.2024 03:07:16
0,152.44,813,779,10.70,70.09,0,0.51,17.05.2024 03:07:19
0,150.75,804,779,10.70,70.10,0,0.38,17.05.2024 03:07:21
0,152.25,812,779,10.72,70.12,0,0.49,17.05.2024 03:07:23
0,148.13,790,779,10.71,70.14,0,0.18,17.05.2024 03:07:25
0,148.69,793,779,10.70,70.11,0,0.23,17.05.2024 03:07:27
0,150.19,801,778,10.71,70.11,0,0.33,17.05.2024 03:07:29
0,149.25,796,778,10.70,70.12,0,0.27,17.05.2024 03:07:31
0,149.63,798,778,10.70,70.10,0,0.29,17.05.2024 03:07:33
0,151.69,809,778,10.71,70.11,0,0.45,17.05.2024 03:07:36
0,153.00,816,778,10.70,70.14,0,0.55,17.05.2024 03:07:38
0,149.44,797,779,10.72,70.10,0,0.28,17.05.2024 03:07:40
0,148.13,790,779,10.72,70.11,0,0.18,17.05.2024 03:07:42
0,153.56,819,778,10.71,70.11,0,0.59,17.05.2024 03:07:44
0,151.31,807,778,10.71,70.13,0,0.42,17.05.2024 03:07:46
0,150.56,803,778,10.71,70.11,0,0.36,17.05.2024 03:07:48
0,151.13,806,777,10.72,70.10,0,0.40,17.05.2024 03:07:52
0,150.38,802,776,10.71,70.12,0,0.35,17.05.2024 03:07:55
0,147.94,789,776,10.71,70.11,0,0.17,17.05.2024 03:07:57
0,147.94,789,776,10.70,70.11,0,0.17,17.05.2024 03:07:59
0,149.06,795,776,10.72,70.12,0,0.25,17.05.2024 03:08:01
0,151.69,809,776,10.71,70.12,0,0.45,17.05.2024 03:08:03
0,148.88,794,777,10.70,70.09,0,0.24,17.05.2024 03:08:05
0,149.81,799,777,10.71,70.11,0,0.30,17.05.2024 03:08:07
0,145.88,778,777,10.72,70.10,0,0.02,17.05.2024 03:08:09
0,149.63,798,777,10.71,70.13,0,0.29,17.05.2024 03:08:11
0,149.81,799,777,10.72,70.14,0,0.30,17.05.2024 03:08:14
0,148.69,793,778,10.70,70.13,0,0.22,17.05.2024 03:08:16
0,150.19,801,778,10.72,70.14,0,0.33,17.05.2024 03:08:18
0,154.88,826,778,10.71,70.15,0,0.70,17.05.2024 03:08:20
0,153.94,821,778,10.71,70.12,0,0.62,17.05.2024 03:08:22
0,147.38,786,778,10.71,70.14,0,0.13,17.05.2024 03:08:24
0,149.06,795,778,10.72,70.10,0,0.25,17.05.2024 03:08:26
0,152.44,813,779,10.72,70.12,0,0.50,17.05.2024 03:08:28
0,153.19,817,779,10.71,70.10,0,0.56,17.05.2024 03:08:31
0,154.13,822,779,10.74,70.12,0,0.63,17.05.2024 03:08:33
0,153.19,817,779,10.68,70.12,0,0.57,17.05.2024 03:08:35
0,150.38,802,778,10.71,70.13,0,0.35,17.05.2024 03:08:37
0,154.50,824,778,10.71,70.14,0,0.67,17.05.2024 03:08:39
0,152.81,815,778,10.70,70.15,0,0.54,17.05.2024 03:08:41
0,151.69,809,779,10.71,70.11,0,0.45,17.05.2024 03:08:43
0,153.00,816,779,10.70,70.15,0,0.55,17.05.2024 03:08:45
0,152.63,814,779,10.70,70.10,0,0.52,17.05.2024 03:08:48
0,152.63,814,779,10.71,70.13,0,0.52,17.05.2024 03:08:50
0,152.06,811,779,10.71,70.12,0,0.47,17.05.2024 03:08:52
0,151.13,806,779,10.70,70.13,0,0.41,17.05.2024 03:08:54
0,154.31,823,779,10.70,70.10,0,0.66,17.05.2024 03:08:56
0,150.94,805,779,10.72,70.13,0,0.39,17.05.2024 03:08:58
0,152.25,812,779,10.71,70.18,0,0.49,17.05.2024 03:09:00
0,155.63,830,779,10.70,70.13,0,0.76,17.05.2024 03:09:02
0,149.06,795,778,10.68,70.14,0,0.25,17.05.2024 03:09:05
0,151.50,808,778,10.71,70.15,0,0.43,17.05.2024 03:09:07
0,150.75,804,778,10.72,70.18,0,0.37,17.05.2024 03:09:09
0,150.00,800,778,10.71,70.17,0,0.32,17.05.2024 03:09:11
0,151.69,809,778,10.71,70.11,0,0.45,17.05.2024 03:09:13
0,151.50,808,778,10.72,70.16,0,0.43,17.05.2024 03:09:15
0,149.63,798,778,10.71,70.13,0,0.29,17.05.2024 03:09:17
0,151.88,810,778,10.68,70.12,0,0.47,17.05.2024 03:09:19
0,151.88,810,778,10.70,70.12,0,0.46,17.05.2024 03:09:21
0,153.19,817,778,10.70,70.13,0,0.57,17.05.2024 03:09:24
0,149.44,797,777,10.70,70.12,0,0.28,17.05.2024 03:09:26
0,154.50,824,777,10.70,70.12,0,0.67,17.05.2024 03:09:28
0,152.63,814,777,10.71,70.15,0,0.52,17.05.2024 03:09:30
0,150.19,801,776,10.70,70.12,0,0.34,17.05.2024 03:09:32
0,149.06,795,777,10.72,70.14,0,0.25,17.05.2024 03:09:34
0,151.88,810,777,10.71,70.09,0,0.46,17.05.2024 03:09:36
0,150.75,804,777,10.71,70.14,0,0.37,17.05.2024 03:09:38
0,151.50,808,777,10.70,70.12,0,0.43,17.05.2024 03:09:41
0,151.50,808,777,10.72,70.14,0,0.43,17.05.2024 03:09:43
0,154.31,823,776,10.71,70.14,0,0.65,17.05.2024 03:09:45
0,152.25,812,775,10.71,70.14,0,0.49,17.05.2024 03:09:47
0,147.94,789,775,10.71,70.12,0,0.17,17.05.2024 03:09:49
0,151.69,809,774,10.68,70.12,0,0.45,17.05.2024 03:09:51
0,150.00,800,774,10.70,70.14,0,0.32,17.05.2024 03:09:53
0,155.25,828,775,10.68,70.10,0,0.73,17.05.2024 03:09:55
0,152.06,811,774,10.71,70.13,0,0.47,17.05.2024 03:09:58
0,150.38,802,775,10.71,70.12,0,0.35,17.05.2024 03:10:00
0,152.25,812,775,10.70,70.12,0,0.49,17.05.2024 03:10:02
0,151.69,809,775,10.68,70.12,0,0.45,17.05.2024 03:10:04
0,150.56,803,774,10.70,70.12,0,0.36,17.05.2024 03:10:08
0,150.38,802,774,10.70,70.14,0,0.35,17.05.2024 03:10:10
0,149.81,799,775,10.72,70.13,0,0.30,17.05.2024 03:10:12
0,148.50,792,775,10.71,70.12,0,0.21,17.05.2024 03:10:14
0,148.13,790,775,10.71,70.14,0,0.18,17.05.2024 03:10:16
0,148.50,792,774,10.71,70.15,0,0.21,17.05.2024 03:10:19
0,148.13,790,774,10.70,70.13,0,0.18,17.05.2024 03:10:21
0,150.00,800,774,10.70,70.11,0,0.32,17.05.2024 03:10:23
0,149.81,799,774,10.68,70.08,0,0.31,17.05.2024 03:10:25
0,150.38,802,774,10.68,70.14,0,0.35,17.05.2024 03:10:27
0,149.44,797,774,10.68,70.12,0,0.28,17.05.2024 03:10:29
0,150.75,804,774,10.70,70.11,0,0.38,17.05.2024 03:10:31
0,149.63,798,774,10.71,70.13,0,0.29,17.05.2024 03:10:33
0,150.00,800,773,10.71,70.13,0,0.32,17.05.2024 03:10:36
0,150.56,803,773,10.67,70.13,0,0.37,17.05.2024 03:10:38
0,150.19,801,773,10.71,70.15,0,0.33,17.05.2024 03:10:40
0,150.75,804,773,10.71,70.12,0,0.37,17.05.2024 03:10:42
0,148.50,792,773,10.70,70.15,0,0.21,17.05.2024 03:10:44
0,148.88,794,773,10.71,70.16,0,0.23,17.05.2024 03:10:46
0,154.69,825,773,10.70,70.13,0,0.68,17.05.2024 03:10:48
0,154.50,824,773,10.71,70.14,0,0.67,17.05.2024 03:10:50
0,153.94,821,772,10.72,70.14,0,0.62,17.05.2024 03:10:53
0,153.94,821,772,10.70,70.13,0,0.62,17.05.2024 03:10:55
0,150.38,802,772,10.71,70.15,0,0.35,17.05.2024 03:10:57
0,149.44,797,771,10.71,70.12,0,0.28,17.05.2024 03:10:59
0,152.06,811,771,10.70,70.16,0,0.48,17.05.2024 03:11:01
0,151.69,809,771,10.70,70.16,0,0.45,17.05.2024 03:11:03
0,150.00,800,771,10.70,70.16,0,0.32,17.05.2024 03:11:05
0,152.44,813,771,10.71,70.15,0,0.50,17.05.2024 03:11:07
0,153.94,821,771,10.67,70.15,0,0.63,17.05.2024 03:11:09
0,148.31,791,770,10.72,70.11,0,0.19,17.05.2024 03:11:12
0,150.38,802,771,10.71,70.13,0,0.35,17.05.2024 03:11:14
0,151.88,810,771,10.71,70.13,0,0.46,17.05.2024 03:11:16
0,153.56,819,770,10.68,70.14,0,0.60,17.05.2024 03:11:18
0,152.06,811,770,10.71,70.12,0,0.47,17.05.2024 03:11:20
0,150.94,805,771,10.68,70.12,0,0.39,17.05.2024 03:11:22
0,148.88,794,770,10.68,70.14,0,0.24,17.05.2024 03:11:24
0,153.19,817,770,10.67,70.13,0,0.57,17.05.2024 03:11:26
0,153.19,817,770,10.70,70.15,0,0.56,17.05.2024 03:11:29
0,153.56,819,770,10.68,70.16,0,0.60,17.05.2024 03:11:31
0,151.31,807,770,10.72,70.17,0,0.41,17.05.2024 03:11:33
0,150.94,805,770,10.68,70.15,0,0.39,17.05.2024 03:11:35
0,150.75,804,770,10.71,70.13,0,0.37,17.05.2024 03:11:37
0,150.00,800,769,10.70,70.16,0,0.32,17.05.2024 03:11:39
0,152.81,815,770,10.71,70.15,0,0.53,17.05.2024 03:11:41
0,151.88,810,770,10.70,70.14,0,0.46,17.05.2024 03:11:43
0,150.94,805,769,10.70,70.13,0,0.39,17.05.2024 03:11:46
0,148.50,792,770,10.70,70.12,0,0.21,17.05.2024 03:11:48
0,150.19,801,770,10.70,70.14,0,0.33,17.05.2024 03:11:50
0,150.56,803,769,10.72,70.19,0,0.36,17.05.2024 03:11:52
0,151.13,806,770,10.70,70.16,0,0.40,17.05.2024 03:11:54
0,150.56,803,770,10.70,70.13,0,0.36,17.05.2024 03:11:56
0,150.56,803,769,10.71,70.15,0,0.36,17.05.2024 03:11:58
0,152.63,814,769,10.71,70.14,0,0.52,17.05.2024 03:12:00
0,151.88,810,770,10.71,70.15,0,0.46,17.05.2024 03:12:02
0,152.63,814,770,10.68,70.10,0,0.52,17.05.2024 03:12:05
0,153.00,816,769,10.71,70.15,0,0.55,17.05.2024 03:12:07
0,149.25,796,770,10.68,70.14,0,0.27,17.05.2024 03:12:09
0,152.06,811,770,10.71,70.15,0,0.47,17.05.2024 03:12:11
0,148.31,791,770,10.68,70.12,0,0.20,17.05.2024 03:12:15
0,149.81,799,770,10.70,70.14,0,0.31,17.05.2024 03:12:17
0,150.56,803,770,10.70,70.16,0,0.36,17.05.2024 03:12:19
0,147.56,787,770,10.71,70.13,0,0.14,17.05.2024 03:12:21
0,146.63,782,770,10.68,70.12,0,0.08,17.05.2024 03:12:24
0,148.69,793,770,10.71,70.15,0,0.22,17.05.2024 03:12:26
0,147.19,785,770,10.68,70.12,0,0.12,17.05.2024 03:12:28
0,147.00,784,770,10.65,70.10,0,0.11,17.05.2024 03:12:30
0,150.38,802,771,10.70,70.15,0,0.35,17.05.2024 03:12:32
0,152.25,812,771,10.70,70.12,0,0.49,17.05.2024 03:12:34
0,150.38,802,771,10.70,70.10,0,0.35,17.05.2024 03:12:36
0,150.00,800,770,10.68,70.16,0,0.32,17.05.2024 03:12:38
0,150.38,802,770,10.68,70.15,0,0.35,17.05.2024 03:12:41
0,150.38,802,771,10.71,70.12,0,0.35,17.05.2024 03:12:43
0,151.13,806,771,10.71,70.14,0,0.40,17.05.2024 03:12:45
0,150.94,805,771,10.68,70.12,0,0.39,17.05.2024 03:12:47
0,153.19,817,772,10.68,70.14,0,0.57,17.05.2024 03:12:49
0,150.56,803,772,10.70,70.13,0,0.36,17.05.2024 03:12:51
0,150.56,803,772,10.70,70.15,0,0.36,17.05.2024 03:12:53
0,152.06,811,772,10.71,70.17,0,0.47,17.05.2024 03:12:55
0,156.94,837,771,10.67,70.13,0,0.87,17.05.2024 03:12:57
0,150.94,805,772,10.68,70.12,0,0.39,17.05.2024 03:13:00
0,152.44,813,772,10.71,70.16,0,0.50,17.05.2024 03:13:02
0,148.31,791,772,10.67,70.13,0,0.20,17.05.2024 03:13:04
0,151.31,807,771,10.67,70.16,0,0.42,17.05.2024 03:13:06
0,150.19,801,772,10.72,70.17,0,0.33,17.05.2024 03:13:08
0,148.50,792,772,10.70,70.13,0,0.21,17.05.2024 03:13:10
0,151.50,808,771,10.67,70.15,0,0.44,17.05.2024 03:13:12
0,149.06,795,771,10.67,70.19,0,0.25,17.05.2024 03:13:14
0,153.75,820,771,10.70,70.16,0,0.61,17.05.2024 03:13:17
0,150.19,801,771,10.68,70.14,0,0.34,17.05.2024 03:13:19
0,149.63,798,771,10.70,70.16,0,0.29,17.05.2024 03:13:21
0,154.50,824,771,10.68,70.17,0,0.67,17.05.2024 03:13:23
0,150.00,800,771,10.70,70.17,0,0.32,17.05.2024 03:13:25
0,154.13,822,771,10.70,70.15,0,0.64,17.05.2024 03:13:27
0,156.75,836,771,10.68,70.17,0,0.85,17.05.2024 03:13:29
0,153.56,819,771,10.70,70.17,0,0.59,17.05.2024 03:13:31
0,154.31,823,772,10.70,70.16,0,0.65,17.05.2024 03:13:34
0,150.56,803,772,10.68,70.14,0,0.37,17.05.2024 03:13:36
0,152.44,813,772,10.68,70.16,0,0.51,17.05.2024 03:13:38
0,151.13,806,772,10.70,70.16,0,0.40,17.05.2024 03:13:40
0,150.38,802,772,10.70,70.15,0,0.35,17.05.2024 03:13:42
0,153.38,818,772,10.70,70.13,0,0.58,17.05.2024 03:13:44
0,151.69,809,772,10.68,70.15,0,0.45,17.05.2024 03:13:46
0,149.06,795,772,10.68,70.15,0,0.25,17.05.2024 03:13:48
0,153.00,816,771,10.68,70.12,0,0.55,17.05.2024 03:13:51
0,149.25,796,771,10.68,70.14,0,0.27,17.05.2024 03:13:53
0,153.00,816,771,10.70,70.16,0,0.55,17.05.2024 03:13:55
0,147.94,789,771,10.71,70.14,0,0.17,17.05.2024 03:13:57
0,149.44,797,771,10.71,70.16,0,0.28,17.05.2024 03:13:59
0,153.38,818,771,10.68,70.14,0,0.58,17.05.2024 03:14:01
0,150.56,803,770,10.68,70.16,0,0.36,17.05.2024 03:14:03
0,150.56,803,769,10.68,70.14,0,0.37,17.05.2024 03:14:05
0,149.25,796,769,10.68,70.15,0,0.27,17.05.2024 03:14:07
0,150.94,805,769,10.70,70.16,0,0.39,17.05.2024 03:14:10
0,150.94,805,769,10.70,70.13,0,0.39,17.05.2024 03:14:12
0,151.50,808,769,10.67,70.14,0,0.44,17.05.2024 03:14:14
0,149.44,797,769,10.70,70.16,0,0.28,17.05.2024 03:14:16
0,151.50,808,769,10.68,70.14,0,0.44,17.05.2024 03:14:20
0,152.06,811,769,10.65,70.13,0,0.49,17.05.2024 03:14:22
0,147.94,789,768,10.70,70.16,0,0.17,17.05.2024 03:14:24
0,151.31,807,769,10.70,70.16,0,0.42,17.05.2024 03:14:26
0,148.13,790,769,10.68,70.14,0,0.19,17.05.2024 03:14:29
0,149.63,798,769,10.71,70.12,0,0.29,17.05.2024 03:14:31
0,148.13,790,769,10.67,70.12,0,0.19,17.05.2024 03:14:33
0,148.69,793,768,10.71,70.17,0,0.22,17.05.2024 03:14:35
0,147.94,789,768,10.68,70.14,0,0.17,17.05.2024 03:14:37
0,150.75,804,768,10.67,70.15,0,0.38,17.05.2024 03:14:39
0,148.50,792,768,10.67,70.14,0,0.21,17.05.2024 03:14:41
0,151.69,809,769,10.70,70.15,0,0.45,17.05.2024 03:14:43
0,148.69,793,769,10.68,70.16,0,0.23,17.05.2024 03:14:46
0,154.69,825,768,10.71,70.17,0,0.68,17.05.2024 03:14:48
0,150.75,804,768,10.68,70.14,0,0.38,17.05.2024 03:14:50
0,152.44,813,768,10.67,70.16,0,0.51,17.05.2024 03:14:52
0,152.25,812,768,10.68,70.14,0,0.49,17.05.2024 03:14:54
0,150.56,803,767,10.68,70.15,0,0.36,17.05.2024 03:14:56
0,153.56,819,767,10.68,70.15,0,0.60,17.05.2024 03:14:58
0,149.44,797,768,10.67,70.18,0,0.28,17.05.2024 03:15:00
0,153.75,820,768,10.67,70.15,0,0.61,17.05.2024 03:15:02
0,149.63,798,768,10.68,70.14,0,0.30,17.05.2024 03:15:05
0,152.63,814,768,10.68,70.16,0,0.52,17.05.2024 03:15:07
0,151.31,807,767,10.68,70.14,0,0.42,17.05.2024 03:15:09
0,152.44,813,767,10.67,70.15,0,0.51,17.05.2024 03:15:11
0,152.81,815,767,10.71,70.17,0,0.53,17.05.2024 03:15:13
0,157.13,838,767,10.68,70.17,0,0.89,17.05.2024 03:15:15
0,153.19,817,768,10.70,70.15,0,0.56,17.05.2024 03:15:17
0,147.94,789,768,10.68,70.16,0,0.17,17.05.2024 03:15:19
0,147.38,786,768,10.71,70.12,0,0.13,17.05.2024 03:15:22
0,148.69,793,768,10.68,70.16,0,0.23,17.05.2024 03:15:24
0,150.75,804,768,10.68,70.16,0,0.38,17.05.2024 03:15:26
0,153.00,816,768,10.67,70.16,0,0.55,17.05.2024 03:15:28
0,147.56,787,767,10.67,70.14,0,0.15,17.05.2024 03:15:30
0,153.00,816,767,10.68,70.14,0,0.55,17.05.2024 03:15:32
0,150.38,802,767,10.68,70.19,0,0.35,17.05.2024 03:15:34
0,151.13,806,768,10.67,70.15,0,0.41,17.05.2024 03:15:36
0,153.00,816,768,10.70,70.15,0,0.55,17.05.2024 03:15:39
0,151.50,808,768,10.70,70.15,0,0.43,17.05.2024 03:15:41
0,150.19,801,767,10.67,70.15,0,0.34,17.05.2024 03:15:43
0,150.38,802,767,10.70,70.14,0,0.35,17.05.2024 03:15:45
0,149.81,799,768,10.68,70.14,0,0.31,17.05.2024 03:15:47
0,154.50,824,768,10.68,70.15,0,0.67,17.05.2024 03:15:49
0,152.06,811,768,10.65,70.13,0,0.49,17.05.2024 03:15:51
0,152.44,813,767,10.68,70.15,0,0.51,17.05.2024 03:15:53
0,152.25,812,768,10.68,70.16,0,0.49,17.05.2024 03:15:55
0,152.06,811,768,10.67,70.15,0,0.48,17.05.2024 03:15:58
0,150.38,802,768,10.68,70.16,0,0.35,17.05.2024 03:16:00
0,151.50,808,768,10.68,70.15,0,0.44,17.05.2024 03:16:02
0,149.63,798,768,10.67,70.15,0,0.30,17.05.2024 03:16:04
0,150.75,804,767,10.68,70.17,0,0.38,17.05.2024 03:16:06
0,149.25,796,766,10.68,70.14,0,0.27,17.05.2024 03:16:08
0,147.19,785,766,10.70,70.15,0,0.12,17.05.2024 03:16:10
0,150.00,800,766,10.68,70.15,0,0.32,17.05.2024 03:16:12
0,149.44,797,766,10.68,70.14,0,0.28,17.05.2024 03:16:15
0,150.00,800,766,10.70,70.16,0,0.32,17.05.2024 03:16:17
0,151.13,806,766,10.71,70.15,0,0.40,17.05.2024 03:16:21
0,148.13,790,767,10.68,70.14,0,0.19,17.05.2024 03:16:23
0,149.25,796,767,10.70,70.16,0,0.26,17.05.2024 03:16:25
0,150.38,802,767,10.68,70.16,0,0.35,17.05.2024 03:16:27
0,142.50,760,767,10.68,70.14,0,-0.20,17.05.2024 03:16:29
0,148.69,793,767,10.67,70.15,0,0.23,17.05.2024 03:16:31
0,147.19,785,767,10.70,70.20,0,0.11,17.05.2024 03:16:34
0,146.81,783,768,10.67,70.12,0,0.09,17.05.2024 03:16:36
0,149.44,797,767,10.67,70.14,0,0.28,17.05.2024 03:16:38
0,150.00,800,767,10.68,70.16,0,0.32,17.05.2024 03:16:40
0,148.69,793,767,10.67,70.12,0,0.23,17.05.2024 03:16:42
0,148.50,792,767,10.68,70.18,0,0.21,17.05.2024 03:16:44
0,149.44,797,767,10.70,70.16,0,0.28,17.05.2024 03:16:46
0,147.75,788,768,10.68,70.16,0,0.16,17.05.2024 03:16:48
0,151.50,808,767,10.65,70.14,0,0.44,17.05.2024 03:16:50
0,153.00,816,767,10.67,70.16,0,0.55,17.05.2024 03:16:53
0,150.19,801,767,10.67,70.15,0,0.34,17.05.2024 03:16:55
0,153.56,819,767,10.67,70.13,0,0.60,17.05.2024 03:16:57
0,150.75,804,767,10.68,70.16,0,0.38,17.05.2024 03:16:59
0,150.38,802,766,10.67,70.13,0,0.35,17.05.2024 03:17:01
0,151.88,810,766,10.68,70.14,0,0.47,17.05.2024 03:17:03
0,151.50,808,767,10.68,70.15,0,0.44,17.05.2024 03:17:05
0,153.56,819,767,10.68,70.17,0,0.60,17.05.2024 03:17:07
0,152.63,814,768,10.67,70.15,0,0.53,17.05.2024 03:17:10
0,151.31,807,768,10.68,70.14,0,0.42,17.05.2024 03:17:12
0,151.50,808,768,10.67,70.17,0,0.44,17.05.2024 03:17:14
0,151.31,807,768,10.67,70.13,0,0.42,17.05.2024 03:17:16
0,152.63,814,767,10.68,70.15,0,0.52,17.05.2024 03:17:18
0,155.25,828,767,10.68,70.18,0,0.73,17.05.2024 03:17:20
0,153.94,821,767,10.67,70.15,0,0.63,17.05.2024 03:17:22
0,153.19,817,767,10.65,70.13,0,0.57,17.05.2024 03:17:24
0,149.81,799,767,10.70,70.15,0,0.31,17.05.2024 03:17:27
0,148.88,794,767,10.65,70.15,0,0.24,17.05.2024 03:17:29
0,152.06,811,767,10.68,70.17,0,0.48,17.05.2024 03:17:31
0,153.00,816,767,10.67,70.15,0,0.55,17.05.2024 03:17:33
0,151.69,809,767,10.67,70.14,0,0.45,17.05.2024 03:17:35
0,149.63,798,767,10.65,70.17,0,0.30,17.05.2024 03:17:37
0,151.88,810,767,10.65,70.17,0,0.47,17.05.2024 03:17:39
0,150.75,804,767,10.67,70.16,0,0.38,17.05.2024 03:17:41
0,150.00,800,767,10.68,70.16,0,0.32,17.05.2024 03:17:43
0,151.50,808,767,10.68,70.14,0,0.44,17.05.2024 03:17:46
0,151.69,809,767,10.68,70.16,0,0.45,17.05.2024 03:17:48
0,148.13,790,767,10.67,70.13,0,0.19,17.05.2024 03:17:50
0,153.75,820,767,10.70,70.20,0,0.61,17.05.2024 03:17:52
0,150.94,805,766,10.68,70.17,0,0.39,17.05.2024 03:17:54
0,150.38,802,766,10.65,70.17,0,0.36,17.05.2024 03:17:56
0,149.25,796,766,10.68,70.14,0,0.27,17.05.2024 03:17:58
0,151.88,810,766,10.67,70.17,0,0.47,17.05.2024 03:18:00
0,154.13,822,766,10.68,70.16,0,0.64,17.05.2024 03:18:03
0,152.81,815,766,10.68,70.15,0,0.54,17.05.2024 03:18:05
0,156.56,835,766,10.68,70.14,0,0.84,17.05.2024 03:18:07
0,151.69,809,766,10.70,70.14,0,0.45,17.05.2024 03:18:09
0,149.06,795,767,10.67,70.18,0,0.25,17.05.2024 03:18:11
0,152.44,813,766,10.67,70.17,0,0.51,17.05.2024 03:18:13
0,151.13,806,765,10.67,70.16,0,0.41,17.05.2024 03:18:15
0,147.56,787,765,10.67,70.15,0,0.15,17.05.2024 03:18:17
0,151.69,809,765,10.67,70.16,0,0.45,17.05.2024 03:18:20
0,149.06,795,765,10.67,70.16,0,0.26,17.05.2024 03:18:22
0,150.38,802,765,10.67,70.15,0,0.35,17.05.2024 03:18:24
0,150.94,805,765,10.68,70.16,0,0.39,17.05.2024 03:18:28
0,148.69,793,765,10.68,70.16,0,0.23,17.05.2024 03:18:30
0,148.50,792,766,10.68,70.15,0,0.21,17.05.2024 03:18:32
0,150.38,802,766,10.67,70.15,0,0.35,17.05.2024 03:18:34
0,149.63,798,767,10.67,70.16,0,0.30,17.05.2024 03:18:36
0,149.25,796,767,10.67,70.17,0,0.27,17.05.2024 03:18:38
0,148.50,792,767,10.65,70.17,0,0.22,17.05.2024 03:18:41
0,150.75,804,767,10.67,70.14,0,0.38,17.05.2024 03:18:43
0,148.31,791,766,10.68,70.14,0,0.20,17.05.2024 03:18:45
0,147.94,789,766,10.67,70.12,0,0.17,17.05.2024 03:18:47
0,150.75,804,767,10.68,70.15,0,0.38,17.05.2024 03:18:49
0,149.25,796,766,10.67,70.15,0,0.27,17.05.2024 03:18:51
0,151.88,810,767,10.68,70.16,0,0.46,17.05.2024 03:18:53
0,152.06,811,767,10.68,70.15,0,0.48,17.05.2024 03:18:55
0,150.56,803,766,10.67,70.15,0,0.37,17.05.2024 03:18:58
0,151.69,809,766,10.67,70.14,0,0.45,17.05.2024 03:19:00
0,152.81,815,767,10.67,70.14,0,0.54,17.05.2024 03:19:02
0,151.88,810,766,10.67,70.15,0,0.47,17.05.2024 03:19:04
0,148.88,794,766,10.67,70.15,0,0.24,17.05.2024 03:19:06
0,153.19,817,765,10.67,70.16,0,0.57,17.05.2024 03:19:08
0,152.81,815,765,10.67,70.16,0,0.54,17.05.2024 03:19:10
0,149.44,797,765,10.65,70.14,0,0.29,17.05.2024 03:19:12
0,150.56,803,765,10.67,70.17,0,0.37,17.05.2024 03:19:15
0,152.44,813,766,10.67,70.18,0,0.51,17.05.2024 03:19:17
0,155.25,828,766,10.68,70.14,0,0.73,17.05.2024 03:19:19
0,150.94,805,765,10.67,70.16,0,0.40,17.05.2024 03:19:21
0,151.50,808,766,10.65,70.17,0,0.44,17.05.2024 03:19:23
0,150.94,805,766,10.67,70.13,0,0.40,17.05.2024 03:19:25
0,150.56,803,765,10.65,70.16,0,0.37,17.05.2024 03:19:27
0,151.88,810,765,10.67,70.16,0,0.47,17.05.2024 03:19:29
0,150.94,805,765,10.67,70.15,0,0.40,17.05.2024 03:19:32
0,151.50,808,765,10.64,70.17,0,0.44,17.05.2024 03:19:34
0,151.50,808,765,10.65,70.17,0,0.44,17.05.2024 03:19:36
0,151.50,808,765,10.65,70.17,0,0.44,17.05.2024 03:19:38
0,148.50,792,765,10.65,70.16,0,0.22,17.05.2024 03:19:40
0,149.81,799,766,10.67,70.14,0,0.31,17.05.2024 03:19:42
0,150.75,804,766,10.67,70.16,0,0.38,17.05.2024 03:19:44
0,154.31,823,766,10.64,70.15,0,0.66,17.05.2024 03:19:46
0,151.31,807,766,10.67,70.17,0,0.42,17.05.2024 03:19:48
0,151.50,808,766,10.67,70.15,0,0.44,17.05.2024 03:19:51
0,151.50,808,766,10.65,70.16,0,0.44,17.05.2024 03:19:53
0,151.69,809,766,10.65,70.16,0,0.46,17.05.2024 03:19:55
0,152.44,813,767,10.64,70.14,0,0.52,17.05.2024 03:19:57
0,150.94,805,767,10.68,70.15,0,0.39,17.05.2024 03:19:59
0,148.50,792,767,10.67,70.13,0,0.21,17.05.2024 03:20:01
0,153.00,816,767,10.67,70.16,0,0.55,17.05.2024 03:20:03
0,151.50,808,767,10.68,70.18,0,0.43,17.05.2024 03:20:05
0,148.88,794,767,10.67,70.15,0,0.24,17.05.2024 03:20:08
0,149.25,796,766,10.67,70.16,0,0.27,17.05.2024 03:20:10
0,154.69,825,767,10.67,70.16,0,0.69,17.05.2024 03:20:12
0,150.38,802,767,10.67,70.13,0,0.35,17.05.2024 03:20:14
0,149.06,795,766,10.67,70.17,0,0.25,17.05.2024 03:20:16
0,153.38,818,767,10.65,70.16,0,0.59,17.05.2024 03:20:18
0,148.31,791,766,10.67,70.13,0,0.20,17.05.2024 03:20:20
0,150.94,805,767,10.64,70.12,0,0.40,17.05.2024 03:20:22
0,150.19,801,766,10.67,70.14,0,0.34,17.05.2024 03:20:25
0,151.69,809,767,10.67,70.16,0,0.45,17.05.2024 03:20:27
0,149.44,797,766,10.68,70.15,0,0.28,17.05.2024 03:20:31
0,152.25,812,767,10.67,70.16,0,0.50,17.05.2024 03:20:33
0,150.56,803,766,10.67,70.15,0,0.37,17.05.2024 03:20:35
0,150.56,803,766,10.67,70.13,0,0.37,17.05.2024 03:20:37
0,151.31,807,767,10.65,70.17,0,0.43,17.05.2024 03:20:39
0,144.38,770,767,10.64,70.13,0,-0.07,17.05.2024 03:20:41
0,147.38,786,767,10.67,70.14,0,0.13,17.05.2024 03:20:43
0,140.81,751,767,10.68,70.17,0,-0.31,17.05.2024 03:20:46
0,150.94,805,767,10.65,70.14,0,0.40,17.05.2024 03:20:48
0,148.69,793,767,10.64,70.12,0,0.23,17.05.2024 03:20:50
0,148.13,790,767,10.67,70.17,0,0.19,17.05.2024 03:20:52
0,149.06,795,767,10.68,70.16,0,0.25,17.05.2024 03:20:54
0,146.81,783,767,10.64,70.14,0,0.10,17.05.2024 03:20:56
0,146.25,780,767,10.65,70.14,0,0.06,17.05.2024 03:20:58
0,150.94,805,766,10.67,70.17,0,0.39,17.05.2024 03:21:00
0,151.88,810,766,10.65,70.16,0,0.47,17.05.2024 03:21:03
0,150.19,801,766,10.67,70.15,0,0.34,17.05.2024 03:21:05
0,155.81,831,766,10.68,70.18,0,0.78,17.05.2024 03:21:07
0,153.19,817,766,10.64,70.14,0,0.57,17.05.2024 03:21:09
0,156.56,835,766,10.65,70.13,0,0.85,17.05.2024 03:21:11
0,154.50,824,765,10.67,70.14,0,0.67,17.05.2024 03:21:13
0,150.94,805,765,10.65,70.16,0,0.40,17.05.2024 03:21:15
0,153.19,817,765,10.64,70.14,0,0.58,17.05.2024 03:21:17
0,148.88,794,765,10.65,70.15,0,0.24,17.05.2024 03:21:20
0,153.00,816,765,10.65,70.15,0,0.56,17.05.2024 03:21:22
0,152.25,812,764,10.65,70.17,0,0.50,17.05.2024 03:21:24
0,152.25,812,764,10.64,70.16,0,0.50,17.05.2024 03:21:26
0,153.94,821,764,10.65,70.15,0,0.63,17.05.2024 03:21:28
0,147.56,787,764,10.67,70.15,0,0.15,17.05.2024 03:21:30
0,151.13,806,764,10.68,70.19,0,0.41,17.05.2024 03:21:32
0,153.19,817,764,10.63,70.14,0,0.58,17.05.2024 03:21:34
0,150.56,803,764,10.65,70.16,0,0.37,17.05.2024 03:21:37
0,152.44,813,764,10.67,70.19,0,0.51,17.05.2024 03:21:39
0,146.44,781,764,10.65,70.16,0,0.07,17.05.2024 03:21:41
0,155.63,830,764,10.65,70.17,0,0.77,17.05.2024 03:21:43
0,150.56,803,765,10.63,70.17,0,0.37,17.05.2024 03:21:45
0,150.94,805,764,10.67,70.15,0,0.40,17.05.2024 03:21:47
0,153.38,818,764,10.67,70.14,0,0.58,17.05.2024 03:21:49
0,151.13,806,764,10.67,70.16,0,0.41,17.05.2024 03:21:51
0,150.00,800,764,10.65,70.16,0,0.33,17.05.2024 03:21:54
0,150.56,803,764,10.64,70.14,0,0.37,17.05.2024 03:21:56
0,150.00,800,764,10.67,70.17,0,0.32,17.05.2024 03:21:58
0,150.94,805,764,10.67,70.18,0,0.39,17.05.2024 03:22:00
0,150.00,800,764,10.65,70.15,0,0.33,17.05.2024 03:22:02
0,154.50,824,764,10.67,70.13,0,0.67,17.05.2024 03:22:04
0,153.19,817,764,10.64,70.14,0,0.57,17.05.2024 03:22:06
0,150.75,804,764,10.67,70.16,0,0.38,17.05.2024 03:22:08
0,153.56,819,764,10.65,70.19,0,0.60,17.05.2024 03:22:11
0,153.94,821,764,10.67,70.14,0,0.63,17.05.2024 03:22:13
0,148.13,790,763,10.67,70.13,0,0.19,17.05.2024 03:22:15
0,151.31,807,764,10.65,70.14,0,0.43,17.05.2024 03:22:17
0,149.44,797,764,10.67,70.14,0,0.28,17.05.2024 03:22:19
0,148.88,794,764,10.64,70.14,0,0.25,17.05.2024 03:22:21
0,152.81,815,763,10.65,70.15,0,0.54,17.05.2024 03:22:23
0,153.19,817,764,10.67,70.14,0,0.57,17.05.2024 03:22:25
0,148.13,790,763,10.65,70.13,0,0.19,17.05.2024 03:22:27
0,152.63,814,763,10.65,70.14,0,0.53,17.05.2024 03:22:30
0,151.13,806,763,10.64,70.14,0,0.42,17.05.2024 03:22:32
0,152.25,812,763,10.65,70.14,0,0.50,17.05.2024 03:22:34
0,150.56,803,763,10.65,70.12,0,0.37,17.05.2024 03:22:36
0,152.25,812,763,10.65,70.12,0,0.50,17.05.2024 03:22:38
0,152.06,811,763,10.65,70.16,0,0.48,17.05.2024 03:22:40
0,149.44,797,762,10.67,70.16,0,0.28,17.05.2024 03:22:42
0,147.00,784,763,10.65,70.16,0,0.11,17.05.2024 03:22:46
0,151.13,806,763,10.64,70.13,0,0.42,17.05.2024 03:22:49
0,148.88,794,762,10.64,70.15,0,0.25,17.05.2024 03:22:51
0,149.25,796,762,10.65,70.14,0,0.27,17.05.2024 03:22:53
0,148.50,792,762,10.68,70.16,0,0.21,17.05.2024 03:22:55
0,148.69,793,762,10.65,70.14,0,0.23,17.05.2024 03:22:57
0,147.75,788,762,10.67,70.15,0,0.16,17.05.2024 03:22:59
0,150.75,804,762,10.64,70.14,0,0.39,17.05.2024 03:23:01
0,149.25,796,762,10.65,70.13,0,0.27,17.05.2024 03:23:03
0,148.69,793,762,10.64,70.13,0,0.23,17.05.2024 03:23:06
0,148.69,793,762,10.67,70.12,0,0.23,17.05.2024 03:23:08
0,150.38,802,762,10.64,70.14,0,0.36,17.05.2024 03:23:10
0,149.63,798,761,10.67,70.12,0,0.30,17.05.2024 03:23:12
0,149.25,796,762,10.67,70.13,0,0.27,17.05.2024 03:23:14
0,152.44,813,762,10.65,70.15,0,0.51,17.05.2024 03:23:16
0,149.44,797,762,10.65,70.13,0,0.29,17.05.2024 03:23:18
0,153.38,818,762,10.65,70.12,0,0.59,17.05.2024 03:23:20
0,151.31,807,762,10.67,70.13,0,0.42,17.05.2024 03:23:23
0,150.19,801,763,10.63,70.16,0,0.35,17.05.2024 03:23:25
0,151.31,807,762,10.65,70.14,0,0.43,17.05.2024 03:23:27
0,150.38,802,762,10.64,70.13,0,0.36,17.05.2024 03:23:29
0,151.31,807,762,10.64,70.12,0,0.43,17.05.2024 03:23:31
0,149.06,795,762,10.64,70.12,0,0.26,17.05.2024 03:23:33
0,150.75,804,762,10.64,70.13,0,0.39,17.05.2024 03:23:35
0,152.25,812,762,10.65,70.11,0,0.50,17.05.2024 03:23:37
0,152.63,814,762,10.65,70.14,0,0.53,17.05.2024 03:23:40
0,150.38,802,762,10.63,70.15,0,0.36,17.05.2024 03:23:42
0,149.81,799,762,10.64,70.14,0,0.32,17.05.2024 03:23:44
0,152.81,815,762,10.64,70.15,0,0.55,17.05.2024 03:23:46
0,152.81,815,762,10.64,70.13,0,0.55,17.05.2024 03:23:48
0,153.38,818,762,10.64,70.13,0,0.59,17.05.2024 03:23:50
0,153.38,818,762,10.63,70.15,0,0.59,17.05.2024 03:23:52
0,151.31,807,762,10.64,70.17,0,0.43,17.05.2024 03:23:54
0,151.88,810,762,10.64,70.14,0,0.47,17.05.2024 03:23:57
0,150.56,803,762,10.64,70.14,0,0.37,17.05.2024 03:23:59
0,153.94,821,762,10.67,70.14,0,0.63,17.05.2024 03:24:01
0,152.44,813,762,10.67,70.13,0,0.51,17.05.2024 03:24:03
0,149.63,798,762,10.64,70.14,0,0.30,17.05.2024 03:24:05
0,151.88,810,762,10.64,70.14,0,0.47,17.05.2024 03:24:07
0,152.44,813,762,10.67,70.17,0,0.51,17.05.2024 03:24:09
0,151.13,806,762,10.65,70.13,0,0.41,17.05.2024 03:24:11
0,153.56,819,762,10.65,70.14,0,0.60,17.05.2024 03:24:14
0,150.00,800,762,10.63,70.15,0,0.33,17.05.2024 03:24:16
0,149.63,798,762,10.65,70.13,0,0.30,17.05.2024 03:24:18
0,152.06,811,762,10.67,70.15,0,0.48,17.05.2024 03:24:20
0,145.69,777,762,10.67,70.13,0,0.01,17.05.2024 03:24:22
0,149.06,795,762,10.64,70.16,0,0.26,17.05.2024 03:24:24
0,150.00,800,762,10.65,70.17,0,0.33,17.05.2024 03:24:26
0,151.13,806,762,10.64,70.14,0,0.42,17.05.2024 03:24:28
0,147.56,787,762,10.64,70.13,0,0.15,17.05.2024 03:24:31
0,150.00,800,762,10.65,70.14,0,0.33,17.05.2024 03:24:33
0,150.75,804,762,10.63,70.12,0,0.39,17.05.2024 03:24:35
0,147.94,789,762,10.61,70.16,0,0.18,17.05.2024 03:24:37
0,153.19,817,762,10.64,70.13,0,0.58,17.05.2024 03:24:39
0,151.31,807,762,10.67,70.14,0,0.42,17.05.2024 03:24:41
0,148.69,793,762,10.65,70.12,0,0.23,17.05.2024 03:24:43
0,149.25,796,762,10.65,70.13,0,0.27,17.05.2024 03:24:45
0,148.88,794,763,10.65,70.19,0,0.24,17.05.2024 03:24:47
0,152.63,814,762,10.65,70.12,0,0.53,17.05.2024 03:24:50
0,152.63,814,763,10.64,70.13,0,0.53,17.05.2024 03:24:52
0,148.31,791,762,10.65,70.16,0,0.20,17.05.2024 03:24:54
0,151.13,806,763,10.65,70.11,0,0.41,17.05.2024 03:24:56
0,151.13,806,763,10.65,70.15,0,0.41,17.05.2024 03:25:00
0,150.19,801,763,10.65,70.11,0,0.34,17.05.2024 03:25:02
0,149.25,796,763,10.64,70.13,0,0.27,17.05.2024 03:25:04
0,147.00,784,763,10.64,70.14,0,0.11,17.05.2024 03:25:06
0,146.25,780,762,10.63,70.14,0,0.06,17.05.2024 03:25:09
0,145.88,778,763,10.63,70.16,0,0.03,17.05.2024 03:25:11
0,149.63,798,763,10.67,70.13,0,0.30,17.05.2024 03:25:13
0,148.69,793,763,10.64,70.14,0,0.23,17.05.2024 03:25:15
0,147.38,786,763,10.64,70.13,0,0.14,17.05.2024 03:25:17
0,157.50,840,763,10.64,70.16,0,0.93,17.05.2024 03:25:19
0,148.50,792,763,10.64,70.14,0,0.22,17.05.2024 03:25:21
0,147.94,789,763,10.67,70.13,0,0.17,17.05.2024 03:25:23
0,146.81,783,763,10.64,70.14,0,0.10,17.05.2024 03:25:26
0,152.44,813,764,10.64,70.14,0,0.52,17.05.2024 03:25:28
0,149.44,797,764,10.64,70.16,0,0.29,17.05.2024 03:25:30
0,149.25,796,763,10.64,70.13,0,0.27,17.05.2024 03:25:32
0,149.44,797,763,10.63,70.14,0,0.29,17.05.2024 03:25:34
0,150.38,802,763,10.64,70.14,0,0.36,17.05.2024 03:25:36
0,151.31,807,763,10.63,70.17,0,0.43,17.05.2024 03:25:38
0,150.00,800,763,10.64,70.14,0,0.33,17.05.2024 03:25:40
0,152.25,812,764,10.64,70.12,0,0.50,17.05.2024 03:25:43
0,149.44,797,764,10.64,70.13,0,0.29,17.05.2024 03:25:45
0,152.63,814,764,10.64,70.14,0,0.53,17.05.2024 03:25:47
0,149.81,799,764,10.64,70.13,0,0.32,17.05.2024 03:25:49
0,153.75,820,764,10.67,70.16,0,0.61,17.05.2024 03:25:51
0,153.00,816,763,10.65,70.19,0,0.56,17.05.2024 03:25:53
0,152.25,812,763,10.64,70.13,0,0.50,17.05.2024 03:25:55
0,150.19,801,763,10.64,70.16,0,0.34,17.05.2024 03:25:57
0,153.00,816,763,10.64,70.14,0,0.56,17.05.2024 03:26:00
0,153.00,816,763,10.65,70.17,0,0.56,17.05.2024 03:26:02
0,150.94,805,763,10.64,70.15,0,0.40,17.05.2024 03:26:04
0,153.75,820,764,10.65,70.16,0,0.62,17.05.2024 03:26:06
0,148.69,793,763,10.64,70.13,0,0.23,17.05.2024 03:26:08
0,151.69,809,764,10.64,70.11,0,0.46,17.05.2024 03:26:10
0,151.88,810,764,10.64,70.13,0,0.47,17.05.2024 03:26:12
0,153.00,816,764,10.64,70.15,0,0.56,17.05.2024 03:26:14
0,150.38,802,764,10.63,70.13,0,0.36,17.05.2024 03:26:16
0,148.13,790,764,10.63,70.16,0,0.19,17.05.2024 03:26:19
0,152.81,815,763,10.64,70.18,0,0.54,17.05.2024 03:26:21
0,150.75,804,763,10.64,70.14,0,0.39,17.05.2024 03:26:23
0,152.63,814,763,10.65,70.16,0,0.53,17.05.2024 03:26:25
0,147.75,788,764,10.64,70.11,0,0.17,17.05.2024 03:26:27
0,152.44,813,763,10.65,70.15,0,0.51,17.05.2024 03:26:29
0,151.13,806,764,10.65,70.14,0,0.41,17.05.2024 03:26:31
0,152.25,812,764,10.64,70.13,0,0.50,17.05.2024 03:26:33
0,151.13,806,764,10.65,70.15,0,0.41,17.05.2024 03:26:36
0,151.31,807,764,10.64,70.13,0,0.43,17.05.2024 03:26:38
0,150.19,801,764,10.63,70.13,0,0.35,17.05.2024 03:26:40
0,155.06,827,765,10.64,70.15,0,0.72,17.05.2024 03:26:42
0,150.38,802,765,10.64,70.14,0,0.36,17.05.2024 03:26:44
0,149.06,795,765,10.64,70.12,0,0.26,17.05.2024 03:26:46
0,151.13,806,765,10.63,70.12,0,0.42,17.05.2024 03:26:48
0,153.00,816,764,10.64,70.12,0,0.56,17.05.2024 03:26:50
0,152.63,814,764,10.64,70.11,0,0.53,17.05.2024 03:26:53
0,150.94,805,765,10.63,70.14,0,0.40,17.05.2024 03:26:55
0,147.75,788,765,10.65,70.14,0,0.16,17.05.2024 03:26:57
0,154.69,825,765,10.64,70.14,0,0.69,17.05.2024 03:26:59
0,152.44,813,765,10.63,70.11,0,0.52,17.05.2024 03:27:01
0,152.25,812,765,10.65,70.15,0,0.50,17.05.2024 03:27:03
0,150.75,804,765,10.64,70.14,0,0.39,17.05.2024 03:27:05
0,149.63,798,765,10.64,70.14,0,0.30,17.05.2024 03:27:07
0,150.00,800,765,10.64,70.13,0,0.33,17.05.2024 03:27:10
0,150.00,800,765,10.64,70.14,0,0.33,17.05.2024 03:27:12
0,150.38,802,765,10.63,70.14,0,0.36,17.05.2024 03:27:16
0,152.81,815,765,10.63,70.16,0,0.55,17.05.2024 03:27:18
0,150.56,803,765,10.65,70.14,0,0.37,17.05.2024 03:27:20
0,146.44,781,765,10.64,70.12,0,0.07,17.05.2024 03:27:22
0,147.19,785,765,10.65,70.14,0,0.12,17.05.2024 03:27:24
0,150.56,803,765,10.64,70.14,0,0.37,17.05.2024 03:27:26
0,147.75,788,766,10.63,70.15,0,0.17,17.05.2024 03:27:29
0,150.75,804,766,10.64,70.14,0,0.39,17.05.2024 03:27:31
0,151.69,809,767,10.64,70.13,0,0.46,17.05.2024 03:27:33
0,152.25,812,766,10.64,70.13,0,0.50,17.05.2024 03:27:35
0,150.56,803,767,10.64,70.14,0,0.37,17.05.2024 03:27:37
0,144.94,773,767,10.63,70.15,0,-0.03,17.05.2024 03:27:39
0,148.88,794,767,10.63,70.14,0,0.25,17.05.2024 03:27:41
0,150.94,805,767,10.65,70.15,0,0.40,17.05.2024 03:27:43
0,150.00,800,767,10.64,70.14,0,0.33,17.05.2024 03:27:46
0,153.94,821,767,10.63,70.14,0,0.64,17.05.2024 03:27:48
0,150.00,800,767,10.65,70.14,0,0.33,17.05.2024 03:27:50
0,148.69,793,768,10.64,70.12,0,0.23,17.05.2024 03:27:52
0,150.19,801,768,10.63,70.13,0,0.35,17.05.2024 03:27:54
0,149.44,797,768,10.63,70.14,0,0.29,17.05.2024 03:27:56
0,149.06,795,768,10.63,70.13,0,0.26,17.05.2024 03:27:58
0,151.69,809,768,10.63,70.12,0,0.46,17.05.2024 03:28:00
0,152.06,811,768,10.63,70.16,0,0.49,17.05.2024 03:28:03
0,150.94,805,768,10.63,70.13,0,0.40,17.05.2024 03:28:05
0,150.38,802,768,10.63,70.15,0,0.36,17.05.2024 03:28:07
0,152.63,814,769,10.61,70.15,0,0.54,17.05.2024 03:28:09
0,153.00,816,768,10.63,70.14,0,0.56,17.05.2024 03:28:11
0,153.00,816,768,10.63,70.13,0,0.56,17.05.2024 03:28:13
0,151.69,809,768,10.63,70.13,0,0.46,17.05.2024 03:28:15
0,153.38,818,768,10.64,70.16,0,0.59,17.05.2024 03:28:17
0,153.94,821,768,10.64,70.14,0,0.63,17.05.2024 03:28:19
0,151.50,808,768,10.64,70.14,0,0.44,17.05.2024 03:28:22
0,149.81,799,769,10.63,70.16,0,0.32,17.05.2024 03:28:24
0,153.38,818,769,10.65,70.16,0,0.59,17.05.2024 03:28:26
0,148.88,794,769,10.64,70.13,0,0.25,17.05.2024 03:28:28
0,152.81,815,770,10.63,70.15,0,0.55,17.05.2024 03:28:30
0,155.25,828,770,10.64,70.14,0,0.74,17.05.2024 03:28:32
0,152.25,812,770,10.65,70.15,0,0.50,17.05.2024 03:28:34
0,148.88,794,770,10.64,70.13,0,0.25,17.05.2024 03:28:36
0,152.63,814,771,10.61,70.16,0,0.53,17.05.2024 03:28:39
0,151.88,810,770,10.63,70.15,0,0.47,17.05.2024 03:28:41
0,150.94,805,770,10.65,70.16,0,0.40,17.05.2024 03:28:43
0,150.94,805,770,10.63,70.14,0,0.40,17.05.2024 03:28:45
0,154.31,823,770,10.63,70.16,0,0.67,17.05.2024 03:28:47
0,152.25,812,770,10.64,70.15,0,0.50,17.05.2024 03:28:49
0,150.56,803,770,10.63,70.12,0,0.38,17.05.2024 03:28:51
0,151.69,809,771,10.64,70.15,0,0.46,17.05.2024 03:28:53
0,151.13,806,770,10.63,70.17,0,0.42,17.05.2024 03:28:56
0,152.63,814,770,10.64,70.16,0,0.53,17.05.2024 03:28:58
0,151.50,808,770,10.65,70.19,0,0.44,17.05.2024 03:29:00
0,152.06,811,771,10.63,70.12,0,0.49,17.05.2024 03:29:02
0,149.44,797,771,10.63,70.15,0,0.29,17.05.2024 03:29:04
0,150.00,800,771,10.63,70.15,0,0.33,17.05.2024 03:29:06
0,152.44,813,771,10.64,70.16,0,0.52,17.05.2024 03:29:08
0,152.25,812,770,10.64,70.17,0,0.50,17.05.2024 03:29:10
0,152.63,814,770,10.61,70.15,0,0.54,17.05.2024 03:29:13
0,150.56,803,770,10.63,70.15,0,0.37,17.05.2024 03:29:15
0,149.44,797,770,10.61,70.14,0,0.29,17.05.2024 03:29:17
0,152.44,813,770,10.61,70.14,0,0.52,17.05.2024 03:29:19
0,151.88,810,770,10.63,70.14,0,0.47,17.05.2024 03:29:21
0,149.25,796,770,10.64,70.14,0,0.27,17.05.2024 03:29:23
0,148.69,793,770,10.63,70.13,0,0.24,17.05.2024 03:29:27
0,151.13,806,770,10.63,70.15,0,0.42,17.05.2024 03:29:29
0,150.19,801,770,10.64,70.16,0,0.34,17.05.2024 03:29:32
0,151.50,808,770,10.64,70.14,0,0.44,17.05.2024 03:29:34
0,146.81,783,770,10.61,70.15,0,0.10,17.05.2024 03:29:36
0,146.81,783,769,10.61,70.14,0,0.10,17.05.2024 03:29:38
0,149.63,798,769,10.65,70.14,0,0.30,17.05.2024 03:29:40
0,145.31,775,769,10.64,70.14,0,-0.01,17.05.2024 03:29:42
0,149.25,796,769,10.64,70.15,0,0.27,17.05.2024 03:29:44
0,149.06,795,768,10.63,70.16,0,0.26,17.05.2024 03:29:46
0,147.56,787,768,10.63,70.16,0,0.15,17.05.2024 03:29:49
0,147.38,786,767,10.64,70.16,0,0.14,17.05.2024 03:29:51
0,149.63,798,768,10.64,70.16,0,0.30,17.05.2024 03:29:53
0,152.25,812,767,10.63,70.15,0,0.50,17.05.2024 03:29:55
0,144.75,772,767,10.60,70.15,0,-0.04,17.05.2024 03:29:57
0,153.75,820,767,10.60,70.14,0,0.63,17.05.2024 03:29:59
0,152.25,812,767,10.63,70.15,0,0.50,17.05.2024 03:30:01
0,145.88,778,767,10.63,70.13,0,0.03,17.05.2024 03:30:03
0,150.56,803,766,10.61,70.15,0,0.38,17.05.2024 03:30:05
0,153.38,818,767,10.61,70.14,0,0.59,17.05.2024 03:30:08
0,147.94,789,767,10.63,70.14,0,0.18,17.05.2024 03:30:10
0,153.00,816,766,10.63,70.15,0,0.56,17.05.2024 03:30:12
0,150.19,801,766,10.61,70.17,0,0.35,17.05.2024 03:30:14
0,152.44,813,765,10.63,70.13,0,0.52,17.05.2024 03:30:16
0,154.88,826,766,10.63,70.15,0,0.71,17.05.2024 03:30:18
0,153.19,817,765,10.63,70.14,0,0.58,17.05.2024 03:30:20
0,154.50,824,765,10.61,70.15,0,0.68,17.05.2024 03:30:22
0,148.31,791,765,10.64,70.14,0,0.21,17.05.2024 03:30:25
0,150.00,800,765,10.63,70.16,0,0.33,17.05.2024 03:30:27
0,150.94,805,764,10.63,70.16,0,0.40,17.05.2024 03:30:29
0,150.38,802,764,10.63,70.20,0,0.36,17.05.2024 03:30:31
0,151.31,807,764,10.63,70.16,0,0.43,17.05.2024 03:30:33
0,151.69,809,764,10.63,70.18,0,0.46,17.05.2024 03:30:35
0,151.50,808,764,10.64,70.18,0,0.44,17.05.2024 03:30:37
0,155.81,831,763,10.61,70.17,0,0.79,17.05.2024 03:30:39
0,149.25,796,764,10.61,70.15,0,0.28,17.05.2024 03:30:42
0,149.63,798,763,10.64,70.17,0,0.30,17.05.2024 03:30:44
0,151.31,807,764,10.61,70.15,0,0.43,17.05.2024 03:30:46
0,150.56,803,763,10.61,70.14,0,0.38,17.05.2024 03:30:48
0,151.50,808,763,10.61,70.16,0,0.45,17.05.2024 03:30:50
0,156.19,833,764,10.64,70.16,0,0.82,17.05.2024 03:30:52
0,152.25,812,764,10.63,70.15,0,0.50,17.05.2024 03:30:54
0,149.63,798,765,10.64,70.16,0,0.30,17.05.2024 03:30:56
0,147.75,788,765,10.61,70.17,0,0.17,17.05.2024 03:30:59
0,153.38,818,766,10.65,70.16,0,0.59,17.05.2024 03:31:01
0,151.31,807,765,10.63,70.18,0,0.43,17.05.2024 03:31:03
0,153.56,819,765,10.64,70.15,0,0.60,17.05.2024 03:31:05
0,150.00,800,766,10.63,70.16,0,0.33,17.05.2024 03:31:07
0,149.81,799,766,10.63,70.13,0,0.32,17.05.2024 03:31:09
0,151.31,807,766,10.61,70.17,0,0.43,17.05.2024 03:31:11
0,152.44,813,767,10.64,70.16,0,0.52,17.05.2024 03:31:13
0,150.19,801,766,10.64,70.14,0,0.34,17.05.2024 03:31:16
0,150.94,805,766,10.61,70.14,0,0.41,17.05.2024 03:31:18
0,151.50,808,767,10.64,70.16,0,0.44,17.05.2024 03:31:20
0,147.56,787,768,10.61,70.19,0,0.15,17.05.2024 03:31:22
0,150.19,801,767,10.63,70.16,0,0.35,17.05.2024 03:31:24
0,149.25,796,767,10.61,70.14,0,0.28,17.05.2024 03:31:26
0,151.13,806,766,10.63,70.16,0,0.42,17.05.2024 03:31:28
0,148.31,791,766,10.63,70.14,0,0.21,17.05.2024 03:31:30
0,149.06,795,767,10.61,70.16,0,0.26,17.05.2024 03:31:33
0,153.56,819,766,10.63,70.19,0,0.61,17.05.2024 03:31:35
0,150.75,804,766,10.63,70.17,0,0.39,17.05.2024 03:31:37
0,149.25,796,765,10.61,70.14,0,0.28,17.05.2024 03:31:39
0,147.94,789,764,10.61,70.14,0,0.18,17.05.2024 03:31:43
0,152.63,814,764,10.63,70.17,0,0.53,17.05.2024 03:31:45
0,150.38,802,764,10.63,70.18,0,0.36,17.05.2024 03:31:47
0,147.56,787,764,10.64,70.14,0,0.15,17.05.2024 03:31:49
0,149.06,795,764,10.63,70.16,0,0.26,17.05.2024 03:31:51
0,145.88,778,765,10.63,70.16,0,0.03,17.05.2024 03:31:54
0,147.56,787,765,10.63,70.16,0,0.15,17.05.2024 03:31:56
0,149.44,797,765,10.61,70.14,0,0.29,17.05.2024 03:31:58
0,147.56,787,765,10.63,70.17,0,0.15,17.05.2024 03:32:00
0,146.63,782,765,10.61,70.15,0,0.09,17.05.2024 03:32:02
0,149.81,799,765,10.61,70.14,0,0.32,17.05.2024 03:32:04
0,146.81,783,765,10.61,70.13,0,0.10,17.05.2024 03:32:06
0,149.63,798,764,10.63,70.18,0,0.30,17.05.2024 03:32:08
0,150.94,805,765,10.61,70.12,0,0.41,17.05.2024 03:32:11
0,153.75,820,765,10.63,70.18,0,0.62,17.05.2024 03:32:13
0,152.44,813,765,10.60,70.16,0,0.52,17.05.2024 03:32:15
0,150.75,804,765,10.63,70.16,0,0.39,17.05.2024 03:32:17
0,149.63,798,766,10.60,70.16,0,0.31,17.05.2024 03:32:19
0,150.75,804,766,10.60,70.16,0,0.39,17.05.2024 03:32:21
0,150.75,804,767,10.63,70.17,0,0.39,17.05.2024 03:32:23
0,149.81,799,767,10.61,70.13,0,0.32,17.05.2024 03:32:25
0,153.38,818,767,10.61,70.17,0,0.59,17.05.2024 03:32:28
0,151.50,808,767,10.61,70.17,0,0.45,17.05.2024 03:32:30
0,150.38,802,767,10.61,70.16,0,0.36,17.05.2024 03:32:32
0,151.31,807,767,10.63,70.17,0,0.43,17.05.2024 03:32:34
0,152.63,814,767,10.63,70.15,0,0.53,17.05.2024 03:32:36
0,152.06,811,766,10.58,70.15,0,0.50,17.05.2024 03:32:38
0,152.44,813,766,10.61,70.16,0,0.52,17.05.2024 03:32:40
0,150.56,803,766,10.63,70.17,0,0.37,17.05.2024 03:32:42
0,154.13,822,766,10.60,70.16,0,0.66,17.05.2024 03:32:45
0,149.81,799,766,10.61,70.16,0,0.32,17.05.2024 03:32:47
0,153.38,818,766,10.61,70.14,0,0.59,17.05.2024 03:32:49
0,151.31,807,767,10.61,70.15,0,0.43,17.05.2024 03:32:51
0,150.94,805,766,10.61,70.16,0,0.40,17.05.2024 03:32:53
0,151.31,807,766,10.61,70.17,0,0.43,17.05.2024 03:32:55
0,150.19,801,765,10.61,70.14,0,0.35,17.05.2024 03:32:57
0,151.50,808,765,10.58,70.15,0,0.45,17.05.2024 03:32:59
0,153.38,818,765,10.60,70.16,0,0.60,17.05.2024 03:33:02
0,148.69,793,765,10.63,70.15,0,0.24,17.05.2024 03:33:04
0,153.19,817,765,10.61,70.18,0,0.58,17.05.2024 03:33:06
0,148.50,792,765,10.61,70.18,0,0.22,17.05.2024 03:33:08
0,148.13,790,765,10.63,70.15,0,0.19,17.05.2024 03:33:10
0,150.56,803,765,10.61,70.13,0,0.38,17.05.2024 03:33:12
0,154.13,822,764,10.63,70.13,0,0.65,17.05.2024 03:33:14
0,155.63,830,764,10.61,70.16,0,0.78,17.05.2024 03:33:16
0,150.00,800,765,10.63,70.16,0,0.33,17.05.2024 03:33:19
0,149.63,798,765,10.58,70.14,0,0.31,17.05.2024 03:33:21
0,148.31,791,765,10.61,70.16,0,0.21,17.05.2024 03:33:23
0,147.94,789,764,10.63,70.15,0,0.18,17.05.2024 03:33:25
0,151.31,807,764,10.61,70.16,0,0.43,17.05.2024 03:33:27
0,149.81,799,764,10.60,70.17,0,0.32,17.05.2024 03:33:29
0,153.56,819,764,10.63,70.16,0,0.61,17.05.2024 03:33:31
0,150.56,803,765,10.61,70.15,0,0.38,17.05.2024 03:33:33
0,150.94,805,765,10.61,70.17,0,0.40,17.05.2024 03:33:35
0,151.88,810,765,10.61,70.14,0,0.48,17.05.2024 03:33:38
0,151.13,806,765,10.60,70.16,0,0.42,17.05.2024 03:33:40
0,153.56,819,765,10.61,70.15,0,0.61,17.05.2024 03:33:42
0,147.19,785,765,10.63,70.15,0,0.13,17.05.2024 03:33:44
0,155.06,827,765,10.58,70.14,0,0.74,17.05.2024 03:33:46
0,147.38,786,766,10.61,70.13,0,0.14,17.05.2024 03:33:48
0,147.56,787,766,10.60,70.16,0,0.16,17.05.2024 03:33:50
0,153.56,819,765,10.61,70.17,0,0.61,17.05.2024 03:33:52
0,149.81,799,765,10.63,70.18,0,0.32,17.05.2024 03:33:55
0,149.81,799,766,10.60,70.16,0,0.32,17.05.2024 03:33:59
0,148.69,793,765,10.61,70.15,0,0.24,17.05.2024 03:34:01
0,150.19,801,765,10.61,70.13,0,0.35,17.05.2024 03:34:03
2,146.25,780,765,10.61,70.17,0,0.06,17.05.2024 03:34:05
2,147.00,784,764,10.64,70.14,0,0.11,17.05.2024 03:34:07
2,150.19,801,765,10.63,70.18,0,0.35,17.05.2024 03:34:09
2,149.44,797,765,10.61,70.17,0,0.29,17.05.2024 03:34:11
2,147.56,787,765,10.63,70.18,0,0.15,17.05.2024 03:34:14
2,149.63,798,765,10.60,70.15,0,0.31,17.05.2024 03:34:16
2,152.25,812,765,10.60,70.14,0,0.51,17.05.2024 03:34:18
2,148.88,794,765,10.63,70.17,0,0.25,17.05.2024 03:34:20
2,148.31,791,765,10.64,70.14,0,0.21,17.05.2024 03:34:22
2,148.88,794,766,10.61,70.16,0,0.25,17.05.2024 03:34:24
2,148.88,794,765,10.61,70.18,0,0.25,17.05.2024 03:34:26
2,150.38,802,765,10.63,70.15,0,0.36,17.05.2024 03:34:28
2,150.56,803,765,10.63,70.18,0,0.37,17.05.2024 03:34:31
2,150.56,803,765,10.60,70.16,0,0.38,17.05.2024 03:34:33
2,150.38,802,765,10.61,70.17,0,0.36,17.05.2024 03:34:35
2,153.00,816,765,10.60,70.17,0,0.57,17.05.2024 03:34:37
2,150.19,801,765,10.61,70.16,0,0.35,17.05.2024 03:34:39
2,153.75,820,765,10.60,70.17,0,0.63,17.05.2024 03:34:41
2,149.63,798,765,10.61,70.16,0,0.31,17.05.2024 03:34:43
2,152.06,811,765,10.60,70.16,0,0.49,17.05.2024 03:34:45
2,151.50,808,765,10.61,70.17,0,0.45,17.05.2024 03:34:48
2,153.00,816,765,10.61,70.19,0,0.56,17.05.2024 03:34:50
2,152.06,811,765,10.60,70.17,0,0.49,17.05.2024 03:34:52
2,151.31,807,766,10.60,70.17,0,0.44,17.05.2024 03:34:54
2,152.06,811,765,10.61,70.15,0,0.49,17.05.2024 03:34:56
2,149.63,798,765,10.60,70.18,0,0.31,17.05.2024 03:34:58
2,151.69,809,765,10.61,70.15,0,0.46,17.05.2024 03:35:00
2,155.25,828,765,10.61,70.20,0,0.74,17.05.2024 03:35:02
2,152.06,811,766,10.60,70.16,0,0.49,17.05.2024 03:35:04
2,150.38,802,765,10.63,70.18,0,0.36,17.05.2024 03:35:07
2,153.38,818,765,10.60,70.15,0,0.60,17.05.2024 03:35:09
2,151.88,810,765,10.61,70.13,0,0.48,17.05.2024 03:35:11
2,154.13,822,765,10.60,70.19,0,0.66,17.05.2024 03:35:13
2,154.88,826,765,10.61,70.15,0,0.71,17.05.2024 03:35:15
2,151.69,809,765,10.63,70.18,0,0.46,17.05.2024 03:35:17
2,150.56,803,765,10.61,70.17,0,0.38,17.05.2024 03:35:19
2,152.44,813,765,10.63,70.18,0,0.52,17.05.2024 03:35:21
2,152.44,813,765,10.61,70.15,0,0.52,17.05.2024 03:35:24
2,151.31,807,766,10.61,70.16,0,0.43,17.05.2024 03:35:26
2,155.63,830,766,10.60,70.14,0,0.78,17.05.2024 03:35:28
2,151.13,806,766,10.61,70.12,0,0.42,17.05.2024 03:35:30
2,151.31,807,766,10.60,70.16,0,0.44,17.05.2024 03:35:32
2,145.69,777,766,10.60,70.15,0,0.03,17.05.2024 03:35:34
2,148.88,794,766,10.60,70.13,0,0.25,17.05.2024 03:35:36
2,147.38,786,766,10.57,70.17,0,0.15,17.05.2024 03:35:38
2,150.94,805,766,10.61,70.15,0,0.41,17.05.2024 03:35:41
2,153.19,817,766,10.60,70.15,0,0.58,17.05.2024 03:35:43
2,150.38,802,767,10.60,70.18,0,0.36,17.05.2024 03:35:45
2,153.38,818,767,10.60,70.17,0,0.60,17.05.2024 03:35:47
2,155.44,829,767,10.63,70.15,0,0.76,17.05.2024 03:35:49
2,151.31,807,767,10.60,70.15,0,0.44,17.05.2024 03:35:51
2,151.13,806,767,10.60,70.18,0,0.42,17.05.2024 03:35:53
2,147.75,788,767,10.60,70.16,0,0.17,17.05.2024 03:35:55
2,153.19,817,767,10.60,70.17,0,0.58,17.05.2024 03:35:58
2,151.31,807,767,10.61,70.18,0,0.43,17.05.2024 03:36:00
2,146.63,782,767,10.61,70.18,0,0.09,17.05.2024 03:36:02
2,151.88,810,768,10.60,70.15,0,0.48,17.05.2024 03:36:04
2,155.63,830,768,10.60,70.16,0,0.78,17.05.2024 03:36:06
2,146.63,782,767,10.61,70.17,0,0.09,17.05.2024 03:36:08
2,152.81,815,767,10.63,70.16,0,0.55,17.05.2024 03:36:10
2,151.13,806,768,10.61,70.16,0,0.42,17.05.2024 03:36:12
2,153.00,816,768,10.58,70.15,0,0.57,17.05.2024 03:36:15
2,150.75,804,768,10.63,70.14,0,0.39,17.05.2024 03:36:17
2,149.63,798,768,10.61,70.15,0,0.31,17.05.2024 03:36:19
2,149.06,795,768,10.61,70.16,0,0.26,17.05.2024 03:36:23
2,149.25,796,769,10.61,70.19,0,0.28,17.05.2024 03:36:25
2,150.75,804,768,10.61,70.18,0,0.39,17.05.2024 03:36:27
2,148.13,790,768,10.61,70.15,0,0.20,17.05.2024 03:36:29
2,147.38,786,768,10.61,70.13,0,0.14,17.05.2024 03:36:31
2,150.38,802,768,10.61,70.17,0,0.36,17.05.2024 03:36:34
2,147.19,785,767,10.61,70.15,0,0.13,17.05.2024 03:36:36
2,149.63,798,768,10.60,70.16,0,0.31,17.05.2024 03:36:38
2,146.44,781,768,10.61,70.17,0,0.07,17.05.2024 03:36:40
2,147.19,785,769,10.61,70.17,0,0.13,17.05.2024 03:36:42
2,147.38,786,768,10.61,70.15,0,0.14,17.05.2024 03:36:44
2,147.94,789,768,10.60,70.14,0,0.19,17.05.2024 03:36:46
2,148.31,791,768,10.58,70.17,0,0.21,17.05.2024 03:36:48
2,149.44,797,768,10.60,70.16,0,0.30,17.05.2024 03:36:51
2,151.31,807,768,10.60,70.16,0,0.44,17.05.2024 03:36:53
2,150.75,804,769,10.60,70.15,0,0.39,17.05.2024 03:36:55
2,151.50,808,769,10.60,70.16,0,0.45,17.05.2024 03:36:57
2,150.94,805,769,10.58,70.14,0,0.41,17.05.2024 03:36:59
2,150.38,802,769,10.61,70.20,0,0.36,17.05.2024 03:37:01
2,149.81,799,769,10.57,70.14,0,0.33,17.05.2024 03:37:03
2,152.25,812,769,10.58,70.15,0,0.51,17.05.2024 03:37:05
2,151.31,807,769,10.60,70.16,0,0.44,17.05.2024 03:37:07
2,147.94,789,769,10.60,70.16,0,0.18,17.05.2024 03:37:10
2,151.31,807,769,10.63,70.16,0,0.43,17.05.2024 03:37:12
2,150.75,804,769,10.61,70.18,0,0.39,17.05.2024 03:37:14
2,148.13,790,769,10.60,70.16,0,0.20,17.05.2024 03:37:16
2,149.63,798,769,10.61,70.16,0,0.31,17.05.2024 03:37:18
2,150.94,805,770,10.61,70.16,0,0.40,17.05.2024 03:37:20
2,151.31,807,770,10.60,70.16,0,0.44,17.05.2024 03:37:22
2,149.81,799,771,10.58,70.18,0,0.32,17.05.2024 03:37:24
2,150.56,803,770,10.61,70.18,0,0.38,17.05.2024 03:37:27
2,149.25,796,770,10.57,70.16,0,0.29,17.05.2024 03:37:29
2,154.69,825,769,10.60,70.16,0,0.70,17.05.2024 03:37:31
2,150.19,801,769,10.60,70.17,0,0.35,17.05.2024 03:37:33
2,153.19,817,769,10.61,70.17,0,0.58,17.05.2024 03:37:35
2,151.88,810,769,10.57,70.18,0,0.48,17.05.2024 03:37:37
2,151.31,807,768,10.58,70.19,0,0.44,17.05.2024 03:37:39
2,152.44,813,768,10.61,70.19,0,0.52,17.05.2024 03:37:41
2,148.88,794,768,10.60,70.16,0,0.25,17.05.2024 03:37:44
2,153.56,819,768,10.61,70.17,0,0.61,17.05.2024 03:37:46
2,150.38,802,768,10.60,70.17,0,0.36,17.05.2024 03:37:48
2,147.75,788,767,10.61,70.17,0,0.17,17.05.2024 03:37:50
2,150.19,801,767,10.60,70.16,0,0.35,17.05.2024 03:37:52
2,153.38,818,767,10.60,70.19,0,0.60,17.05.2024 03:37:54
2,149.25,796,767,10.58,70.16,0,0.28,17.05.2024 03:37:56
2,149.63,798,766,10.60,70.17,0,0.31,17.05.2024 03:37:58
2,153.75,820,766,10.58,70.20,0,0.63,17.05.2024 03:38:01
2,150.75,804,766,10.61,70.18,0,0.39,17.05.2024 03:38:03
2,153.00,816,766,10.60,70.20,0,0.57,17.05.2024 03:38:05
2,150.75,804,766,10.58,70.15,0,0.40,17.05.2024 03:38:07
2,150.56,803,766,10.60,70.16,0,0.38,17.05.2024 03:38:09
2,154.13,822,766,10.60,70.15,0,0.66,17.05.2024 03:38:11
2,149.25,796,766,10.58,70.19,0,0.28,17.05.2024 03:38:13
2,152.06,811,767,10.58,70.17,0,0.50,17.05.2024 03:38:15
2,149.63,798,767,10.60,70.19,0,0.31,17.05.2024 03:38:18
2,151.13,806,766,10.61,70.18,0,0.42,17.05.2024 03:38:20
2,152.81,815,766,10.58,70.17,0,0.55,17.05.2024 03:38:22
2,151.13,806,766,10.60,70.15,0,0.42,17.05.2024 03:38:24
2,152.44,813,767,10.60,70.15,0,0.52,17.05.2024 03:38:26
2,151.69,809,767,10.60,70.16,0,0.47,17.05.2024 03:38:28
2,155.25,828,767,10.58,70.16,0,0.75,17.05.2024 03:38:30
2,150.56,803,767,10.57,70.17,0,0.38,17.05.2024 03:38:32
2,147.00,784,766,10.60,70.17,0,0.12,17.05.2024 03:38:35
2,149.81,799,766,10.60,70.14,0,0.32,17.05.2024 03:38:37
2,150.00,800,766,10.61,70.18,0,0.33,17.05.2024 03:38:39
2,152.06,811,766,10.60,70.16,0,0.49,17.05.2024 03:38:41
2,151.50,808,766,10.60,70.17,0,0.45,17.05.2024 03:38:43
2,152.44,813,765,10.60,70.16,0,0.52,17.05.2024 03:38:47
2,151.13,806,765,10.58,70.14,0,0.43,17.05.2024 03:38:49
2,150.19,801,765,10.58,70.17,0,0.35,17.05.2024 03:38:51
2,149.06,795,765,10.60,70.17,0,0.27,17.05.2024 03:38:53
2,155.25,828,765,10.61,70.16,0,0.74,17.05.2024 03:38:56
2,149.44,797,765,10.64,70.16,0,0.29,17.05.2024 03:38:58
2,151.88,810,764,10.58,70.16,0,0.48,17.05.2024 03:39:00
2,151.31,807,764,10.63,70.17,0,0.43,17.05.2024 03:39:02
2,149.25,796,764,10.58,70.14,0,0.28,17.05.2024 03:39:04
2,147.94,789,764,10.60,70.18,0,0.18,17.05.2024 03:39:06
2,148.13,790,764,10.61,70.20,0,0.19,17.05.2024 03:39:08
2,146.44,781,764,10.60,70.18,0,0.08,17.05.2024 03:39:10
2,148.69,793,764,10.60,70.17,0,0.24,17.05.2024 03:39:13
2,150.94,805,764,10.61,70.18,0,0.40,17.05.2024 03:39:15
2,150.19,801,764,10.58,70.18,0,0.35,17.05.2024 03:39:17
2,148.69,793,764,10.60,70.18,0,0.24,17.05.2024 03:39:19
2,150.38,802,764,10.60,70.16,0,0.36,17.05.2024 03:39:21
2,151.88,810,764,10.58,70.15,0,0.48,17.05.2024 03:39:23
2,151.50,808,764,10.60,70.17,0,0.45,17.05.2024 03:39:25
2,149.81,799,763,10.60,70.20,0,0.32,17.05.2024 03:39:27
2,151.13,806,764,10.58,70.19,0,0.42,17.05.2024 03:39:30
2,151.31,807,764,10.61,70.15,0,0.43,17.05.2024 03:39:32
2,152.06,811,764,10.60,70.17,0,0.49,17.05.2024 03:39:34
2,156.94,837,764,10.58,70.19,0,0.89,17.05.2024 03:39:36
2,153.56,819,764,10.60,70.17,0,0.61,17.05.2024 03:39:38
2,153.94,821,764,10.60,70.17,0,0.64,17.05.2024 03:39:40
2,148.31,791,764,10.60,70.19,0,0.21,17.05.2024 03:39:42
2,152.63,814,764,10.61,70.14,0,0.54,17.05.2024 03:39:44
2,152.81,815,764,10.61,70.18,0,0.55,17.05.2024 03:39:47
2,151.88,810,764,10.58,70.16,0,0.48,17.05.2024 03:39:49
2,151.50,808,763,10.58,70.18,0,0.45,17.05.2024 03:39:51
2,151.50,808,763,10.58,70.20,0,0.45,17.05.2024 03:39:53
2,152.63,814,763,10.60,70.18,0,0.54,17.05.2024 03:39:55
2,151.69,809,763,10.60,70.16,0,0.47,17.05.2024 03:39:57
2,154.13,822,763,10.60,70.19,0,0.66,17.05.2024 03:39:59
2,151.50,808,763,10.58,70.22,0,0.45,17.05.2024 03:40:01
2,150.38,802,763,10.60,70.18,0,0.36,17.05.2024 03:40:04
2,149.06,795,762,10.60,70.21,0,0.27,17.05.2024 03:40:06
2,149.44,797,763,10.58,70.16,0,0.30,17.05.2024 03:40:08
2,150.75,804,763,10.57,70.15,0,0.40,17.05.2024 03:40:10
2,152.63,814,763,10.60,70.19,0,0.54,17.05.2024 03:40:12
2,152.25,812,763,10.58,70.18,0,0.51,17.05.2024 03:40:14
2,149.06,795,762,10.58,70.19,0,0.27,17.05.2024 03:40:16
2,149.63,798,763,10.61,70.16,0,0.31,17.05.2024 03:40:18
2,155.81,831,763,10.60,70.18,0,0.79,17.05.2024 03:40:21
2,149.25,796,762,10.60,70.17,0,0.28,17.05.2024 03:40:23
2,150.38,802,763,10.58,70.17,0,0.37,17.05.2024 03:40:25
2,151.69,809,762,10.60,70.20,0,0.46,17.05.2024 03:40:27
2,150.56,803,762,10.58,70.16,0,0.38,17.05.2024 03:40:29
2,151.13,806,762,10.58,70.15,0,0.42,17.05.2024 03:40:31
2,155.81,831,762,10.57,70.15,0,0.80,17.05.2024 03:40:33
2,151.13,806,761,10.60,70.17,0,0.42,17.05.2024 03:40:35
2,148.50,792,761,10.57,70.13,0,0.23,17.05.2024 03:40:37
2,149.44,797,762,10.58,70.18,0,0.30,17.05.2024 03:40:40
2,151.13,806,762,10.60,70.18,0,0.42,17.05.2024 03:40:42
2,150.00,800,761,10.60,70.19,0,0.34,17.05.2024 03:40:44
2,149.44,797,762,10.58,70.19,0,0.30,17.05.2024 03:40:46
2,148.31,791,761,10.58,70.18,0,0.21,17.05.2024 03:40:48
2,152.63,814,761,10.60,70.17,0,0.54,17.05.2024 03:40:50
2,150.00,800,762,10.57,70.17,0,0.34,17.05.2024 03:40:52
2,150.75,804,762,10.58,70.15,0,0.40,17.05.2024 03:40:54
2,150.75,804,762,10.60,70.20,0,0.39,17.05.2024 03:40:57
2,148.88,794,762,10.60,70.16,0,0.25,17.05.2024 03:40:59
2,152.81,815,762,10.57,70.15,0,0.56,17.05.2024 03:41:01
2,148.88,794,762,10.57,70.17,0,0.26,17.05.2024 03:41:05
2,150.94,805,762,10.60,70.19,0,0.41,17.05.2024 03:41:07
2,152.44,813,762,10.60,70.16,0,0.52,17.05.2024 03:41:09
2,147.38,786,762,10.60,70.17,0,0.14,17.05.2024 03:41:11
2,153.38,818,762,10.58,70.16,0,0.60,17.05.2024 03:41:13
2,159.00,848,762,10.60,70.17,0,1.06,17.05.2024 03:41:16
2,149.25,796,762,10.60,70.15,0,0.28,17.05.2024 03:41:18
2,151.13,806,762,10.60,70.16,0,0.42,17.05.2024 03:41:20
2,150.75,804,762,10.57,70.18,0,0.40,17.05.2024 03:41:22
2,148.50,792,762,10.60,70.17,0,0.23,17.05.2024 03:41:24
2,146.63,782,762,10.57,70.13,0,0.10,17.05.2024 03:41:26
2,146.44,781,762,10.58,70.20,0,0.08,17.05.2024 03:41:28
2,147.38,786,762,10.60,70.16,0,0.14,17.05.2024 03:41:30
2,149.44,797,762,10.58,70.17,0,0.30,17.05.2024 03:41:33
2,148.13,790,762,10.60,70.19,0,0.20,17.05.2024 03:41:35
2,150.00,800,762,10.58,70.18,0,0.34,17.05.2024 03:41:37
2,151.50,808,762,10.60,70.17,0,0.45,17.05.2024 03:41:39
2,150.38,802,762,10.57,70.17,0,0.37,17.05.2024 03:41:41
2,151.50,808,762,10.58,70.15,0,0.45,17.05.2024 03:41:43
2,151.50,808,763,10.57,70.18,0,0.45,17.05.2024 03:41:45
2,152.25,812,763,10.60,70.17,0,0.51,17.05.2024 03:41:47
2,150.94,805,763,10.58,70.17,0,0.41,17.05.2024 03:41:50
2,148.50,792,763,10.60,70.16,0,0.23,17.05.2024 03:41:52
2,149.63,798,763,10.60,70.17,0,0.31,17.05.2024 03:41:54
2,150.56,803,763,10.61,70.18,0,0.38,17.05.2024 03:41:56
2,151.88,810,763,10.58,70.18,0,0.48,17.05.2024 03:41:58
2,148.31,791,763,10.58,70.18,0,0.21,17.05.2024 03:42:00
2,152.06,811,763,10.57,70.17,0,0.50,17.05.2024 03:42:02
2,147.00,784,763,10.60,70.18,0,0.12,17.05.2024 03:42:04
2,153.38,818,763,10.57,70.16,0,0.60,17.05.2024 03:42:07
2,151.88,810,763,10.58,70.14,0,0.48,17.05.2024 03:42:09
2,149.81,799,762,10.58,70.14,0,0.33,17.05.2024 03:42:11
2,151.69,809,763,10.60,70.15,0,0.47,17.05.2024 03:42:13
2,151.31,807,763,10.60,70.18,0,0.44,17.05.2024 03:42:15
2,150.75,804,763,10.61,70.18,0,0.39,17.05.2024 03:42:17
2,155.06,827,762,10.60,70.18,0,0.73,17.05.2024 03:42:19
2,155.06,827,763,10.57,70.20,0,0.74,17.05.2024 03:42:21
2,150.94,805,763,10.60,70.16,0,0.41,17.05.2024 03:42:24
2,152.63,814,763,10.60,70.18,0,0.54,17.05.2024 03:42:26
2,151.69,809,763,10.60,70.20,0,0.46,17.05.2024 03:42:28
2,149.81,799,764,10.60,70.19,0,0.32,17.05.2024 03:42:30
2,152.06,811,764,10.57,70.14,0,0.50,17.05.2024 03:42:32
2,150.75,804,764,10.57,70.17,0,0.40,17.05.2024 03:42:34
2,151.31,807,764,10.60,70.16,0,0.44,17.05.2024 03:42:36
2,150.94,805,765,10.57,70.16,0,0.41,17.05.2024 03:42:38
2,151.69,809,765,10.60,70.17,0,0.46,17.05.2024 03:42:40
2,146.81,783,765,10.57,70.18,0,0.11,17.05.2024 03:42:43
2,151.69,809,765,10.58,70.15,0,0.47,17.05.2024 03:42:45
2,153.56,819,765,10.58,70.19,0,0.61,17.05.2024 03:42:47
2,153.00,816,764,10.57,70.19,0,0.57,17.05.2024 03:42:49
2,151.50,808,764,10.60,70.16,0,0.45,17.05.2024 03:42:51
2,151.50,808,764,10.60,70.15,0,0.45,17.05.2024 03:42:53
2,150.19,801,764,10.58,70.16,0,0.35,17.05.2024 03:42:55
2,150.94,805,764,10.58,70.18,0,0.41,17.05.2024 03:42:57
2,149.81,799,764,10.58,70.18,0,0.32,17.05.2024 03:43:00
2,148.88,794,763,10.56,70.14,0,0.26,17.05.2024 03:43:02
2,152.44,813,763,10.60,70.16,0,0.52,17.05.2024 03:43:04
2,148.31,791,763,10.56,70.18,0,0.22,17.05.2024 03:43:06
2,145.69,777,763,10.60,70.16,0,0.03,17.05.2024 03:43:08
2,150.75,804,762,10.58,70.16,0,0.40,17.05.2024 03:43:10
2,153.38,818,762,10.60,70.16,0,0.60,17.05.2024 03:43:12
2,151.50,808,762,10.57,70.16,0,0.46,17.05.2024 03:43:16
2,150.75,804,763,10.58,70.16,0,0.40,17.05.2024 03:43:19
2,149.63,798,763,10.60,70.17,0,0.31,17.05.2024 03:43:21
2,146.81,783,763,10.60,70.16,0,0.10,17.05.2024 03:43:23
2,149.06,795,763,10.58,70.15,0,0.27,17.05.2024 03:43:25
2,148.31,791,763,10.58,70.14,0,0.21,17.05.2024 03:43:27
2,147.38,786,763,10.57,70.13,0,0.15,17.05.2024 03:43:29
2,149.63,798,762,10.58,70.16,0,0.31,17.05.2024 03:43:31
2,150.56,803,762,10.58,70.17,0,0.38,17.05.2024 03:43:33
2,148.31,791,762,10.57,70.15,0,0.22,17.05.2024 03:43:36
2,148.13,790,763,10.58,70.18,0,0.20,17.05.2024 03:43:38
2,149.44,797,763,10.58,70.14,0,0.30,17.05.2024 03:43:40
2,146.81,783,762,10.58,70.17,0,0.11,17.05.2024 03:43:42
2,150.38,802,762,10.60,70.16,0,0.36,17.05.2024 03:43:44
2,151.88,810,762,10.57,70.16,0,0.48,17.05.2024 03:43:46
2,152.44,813,762,10.57,70.15,0,0.53,17.05.2024 03:43:48
2,149.25,796,763,10.58,70.18,0,0.28,17.05.2024 03:43:50
2,150.56,803,762,10.57,70.20,0,0.38,17.05.2024 03:43:53
2,148.88,794,762,10.60,70.19,0,0.25,17.05.2024 03:43:55
2,151.88,810,762,10.57,70.15,0,0.48,17.05.2024 03:43:57
2,150.75,804,762,10.56,70.16,0,0.40,17.05.2024 03:43:59
2,150.56,803,762,10.57,70.14,0,0.38,17.05.2024 03:44:01
2,148.50,792,762,10.57,70.16,0,0.23,17.05.2024 03:44:03
0,150.94,805,762,10.57,70.14,0,0.41,17.05.2024 03:44:05
0,151.13,806,762,10.58,70.17,0,0.42,17.05.2024 03:44:07
0,153.94,821,762,10.54,70.20,0,0.65,17.05.2024 03:44:10
0,150.38,802,763,10.57,70.19,0,0.37,17.05.2024 03:44:12
0,150.00,800,763,10.58,70.14,0,0.34,17.05.2024 03:44:14
0,155.06,827,763,10.58,70.17,0,0.73,17.05.2024 03:44:16
0,151.88,810,763,10.58,70.16,0,0.48,17.05.2024 03:44:18
0,149.44,797,763,10.56,70.17,0,0.30,17.05.2024 03:44:20
0,152.06,811,763,10.58,70.15,0,0.50,17.05.2024 03:44:22
0,152.63,814,763,10.57,70.15,0,0.54,17.05.2024 03:44:24
0,148.88,794,763,10.58,70.18,0,0.25,17.05.2024 03:44:26
0,150.56,803,762,10.57,70.18,0,0.38,17.05.2024 03:44:29
0,149.06,795,762,10.60,70.18,0,0.27,17.05.2024 03:44:31
0,151.13,806,763,10.58,70.15,0,0.42,17.05.2024 03:44:33
0,152.25,812,764,10.58,70.21,0,0.51,17.05.2024 03:44:35
0,153.94,821,764,10.57,70.14,0,0.65,17.05.2024 03:44:37
0,149.44,797,765,10.58,70.14,0,0.30,17.05.2024 03:44:39
0,153.00,816,765,10.58,70.15,0,0.57,17.05.2024 03:44:41
0,151.31,807,766,10.57,70.20,0,0.44,17.05.2024 03:44:43
0,149.06,795,765,10.57,70.17,0,0.27,17.05.2024 03:44:46
0,153.75,820,765,10.58,70.15,0,0.63,17.05.2024 03:44:48
0,150.19,801,765,10.58,70.18,0,0.35,17.05.2024 03:44:50
0,151.13,806,765,10.56,70.17,0,0.43,17.05.2024 03:44:52
0,147.94,789,765,10.56,70.17,0,0.19,17.05.2024 03:44:54
0,149.25,796,766,10.57,70.18,0,0.28,17.05.2024 03:44:56
0,153.94,821,766,10.60,70.20,0,0.64,17.05.2024 03:44:58
0,150.19,801,766,10.58,70.15,0,0.35,17.05.2024 03:45:00
0,153.19,817,766,10.57,70.17,0,0.59,17.05.2024 03:45:03
0,154.13,822,765,10.57,70.15,0,0.66,17.05.2024 03:45:05
0,152.81,815,765,10.57,70.17,0,0.56,17.05.2024 03:45:07
0,150.56,803,764,10.56,70.19,0,0.39,17.05.2024 03:45:09
0,153.75,820,764,10.58,70.16,0,0.63,17.05.2024 03:45:11
0,150.38,802,765,10.58,70.17,0,0.37,17.05.2024 03:45:13
0,152.06,811,765,10.57,70.18,0,0.50,17.05.2024 03:45:15
0,151.31,807,765,10.57,70.14,0,0.44,17.05.2024 03:45:17
0,148.13,790,764,10.57,70.15,0,0.20,17.05.2024 03:45:20
0,150.56,803,763,10.58,70.17,0,0.38,17.05.2024 03:45:22
0,151.13,806,763,10.56,70.15,0,0.43,17.05.2024 03:45:24
0,152.63,814,763,10.56,70.17,0,0.54,17.05.2024 03:45:26
0,147.94,789,763,10.56,70.16,0,0.19,17.05.2024 03:45:28
0,151.31,807,762,10.57,70.17,0,0.44,17.05.2024 03:45:32
0,150.75,804,762,10.58,70.17,0,0.40,17.05.2024 03:45:34
0,151.69,809,761,10.56,70.18,0,0.47,17.05.2024 03:45:36
0,147.94,789,761,10.54,70.15,0,0.19,17.05.2024 03:45:39
0,147.94,789,761,10.58,70.15,0,0.19,17.05.2024 03:45:41
0,148.50,792,761,10.56,70.19,0,0.23,17.05.2024 03:45:43
0,150.94,805,761,10.57,70.18,0,0.41,17.05.2024 03:45:45
0,148.69,793,761,10.57,70.15,0,0.24,17.05.2024 03:45:47
0,150.75,804,761,10.60,70.16,0,0.39,17.05.2024 03:45:49
0,148.88,794,761,10.54,70.19,0,0.26,17.05.2024 03:45:51
0,149.25,796,761,10.57,70.14,0,0.29,17.05.2024 03:45:53
0,147.38,786,760,10.57,70.15,0,0.15,17.05.2024 03:45:56
0,146.25,780,760,10.57,70.18,0,0.07,17.05.2024 03:45:58
0,150.75,804,760,10.57,70.15,0,0.40,17.05.2024 03:46:00
0,148.31,791,759,10.56,70.20,0,0.22,17.05.2024 03:46:02
0,152.81,815,760,10.58,70.17,0,0.55,17.05.2024 03:46:04
0,148.31,791,759,10.57,70.17,0,0.22,17.05.2024 03:46:06
0,150.19,801,759,10.60,70.16,0,0.35,17.05.2024 03:46:08
0,151.13,806,759,10.60,70.18,0,0.42,17.05.2024 03:46:10
0,149.81,799,759,10.57,70.15,0,0.33,17.05.2024 03:46:13
0,150.00,800,759,10.58,70.14,0,0.34,17.05.2024 03:46:15
0,152.25,812,759,10.58,70.16,0,0.51,17.05.2024 03:46:17
0,152.25,812,760,10.57,70.14,0,0.51,17.05.2024 03:46:19
0,152.44,813,760,10.57,70.14,0,0.53,17.05.2024 03:46:21
0,149.63,798,759,10.57,70.19,0,0.31,17.05.2024 03:46:23
0,151.88,810,759,10.58,70.16,0,0.48,17.05.2024 03:46:25
0,148.69,793,759,10.56,70.15,0,0.25,17.05.2024 03:46:27
0,152.06,811,758,10.58,70.20,0,0.49,17.05.2024 03:46:29
0,148.69,793,758,10.58,70.16,0,0.24,17.05.2024 03:46:32
0,149.44,797,759,10.56,70.18,0,0.30,17.05.2024 03:46:34
0,152.63,814,759,10.56,70.18,0,0.54,17.05.2024 03:46:36
0,154.13,822,759,10.56,70.19,0,0.66,17.05.2024 03:46:38
0,153.38,818,760,10.57,70.16,0,0.60,17.05.2024 03:46:40
0,151.69,809,760,10.57,70.17,0,0.47,17.05.2024 03:46:42
0,152.25,812,760,10.58,70.16,0,0.51,17.05.2024 03:46:44
0,153.56,819,760,10.57,70.17,0,0.62,17.05.2024 03:46:46
0,154.50,824,761,10.56,70.20,0,0.69,17.05.2024 03:46:49
0,150.94,805,761,10.57,70.17,0,0.41,17.05.2024 03:46:51
0,151.13,806,761,10.54,70.19,0,0.43,17.05.2024 03:46:53
0,155.63,830,762,10.54,70.16,0,0.79,17.05.2024 03:46:55
0,150.19,801,763,10.56,70.18,0,0.36,17.05.2024 03:46:57
0,150.75,804,763,10.56,70.18,0,0.40,17.05.2024 03:46:59
0,151.69,809,763,10.57,70.19,0,0.47,17.05.2024 03:47:01
0,145.88,778,763,10.57,70.18,0,0.04,17.05.2024 03:47:03
0,150.94,805,764,10.58,70.19,0,0.41,17.05.2024 03:47:06
0,153.00,816,764,10.57,70.18,0,0.57,17.05.2024 03:47:08
0,152.63,814,764,10.57,70.19,0,0.54,17.05.2024 03:47:10
0,151.31,807,763,10.56,70.16,0,0.44,17.05.2024 03:47:12
0,151.31,807,763,10.56,70.17,0,0.44,17.05.2024 03:47:14
0,153.38,818,764,10.54,70.15,0,0.61,17.05.2024 03:47:16
0,150.00,800,764,10.57,70.18,0,0.34,17.05.2024 03:47:18
0,150.38,802,764,10.57,70.18,0,0.37,17.05.2024 03:47:20
0,149.81,799,764,10.56,70.17,0,0.33,17.05.2024 03:47:23
0,151.50,808,764,10.56,70.16,0,0.46,17.05.2024 03:47:25
0,150.56,803,765,10.57,70.16,0,0.38,17.05.2024 03:47:27
0,149.06,795,765,10.56,70.16,0,0.27,17.05.2024 03:47:29
0,150.00,800,764,10.57,70.18,0,0.34,17.05.2024 03:47:31
0,147.56,787,764,10.58,70.17,0,0.16,17.05.2024 03:47:33
0,150.00,800,765,10.57,70.19,0,0.34,17.05.2024 03:47:35
0,147.19,785,765,10.56,70.18,0,0.14,17.05.2024 03:47:37
0,150.38,802,765,10.57,70.17,0,0.37,17.05.2024 03:47:40
0,152.25,812,765,10.58,70.17,0,0.51,17.05.2024 03:47:44
0,148.13,790,765,10.57,70.16,0,0.20,17.05.2024 03:47:46
0,157.69,841,764,10.58,70.16,0,0.95,17.05.2024 03:47:48
0,153.00,816,764,10.56,70.16,0,0.57,17.05.2024 03:47:50
0,147.75,788,765,10.56,70.16,0,0.18,17.05.2024 03:47:52
0,148.69,793,765,10.57,70.18,0,0.24,17.05.2024 03:47:54
0,149.81,799,764,10.57,70.18,0,0.33,17.05.2024 03:47:56
0,150.56,803,764,10.57,70.17,0,0.38,17.05.2024 03:47:59
0,146.44,781,764,10.56,70.18,0,0.08,17.05.2024 03:48:01
0,150.75,804,765,10.57,70.17,0,0.40,17.05.2024 03:48:03
0,147.75,788,765,10.57,70.15,0,0.18,17.05.2024 03:48:05
0,152.63,814,765,10.57,70.18,0,0.54,17.05.2024 03:48:07
0,148.31,791,765,10.57,70.17,0,0.22,17.05.2024 03:48:09
0,150.75,804,765,10.54,70.14,0,0.40,17.05.2024 03:48:11
0,150.94,805,765,10.57,70.18,0,0.41,17.05.2024 03:48:13
0,149.63,798,766,10.57,70.17,0,0.31,17.05.2024 03:48:15
0,151.31,807,766,10.54,70.17,0,0.45,17.05.2024 03:48:18
0,152.81,815,766,10.56,70.17,0,0.56,17.05.2024 03:48:20
0,153.56,819,766,10.57,70.18,0,0.62,17.05.2024 03:48:22
0,150.19,801,766,10.58,70.14,0,0.35,17.05.2024 03:48:24
0,150.75,804,767,10.54,70.18,0,0.40,17.05.2024 03:48:26
0,149.63,798,767,10.57,70.16,0,0.31,17.05.2024 03:48:28
0,149.06,795,767,10.54,70.15,0,0.28,17.05.2024 03:48:30
0,148.50,792,766,10.57,70.14,0,0.23,17.05.2024 03:48:32
0,153.56,819,766,10.54,70.15,0,0.62,17.05.2024 03:48:35
0,153.19,817,766,10.57,70.18,0,0.59,17.05.2024 03:48:37
0,152.25,812,766,10.56,70.16,0,0.52,17.05.2024 03:48:39
0,150.19,801,767,10.57,70.20,0,0.35,17.05.2024 03:48:41
0,147.19,785,766,10.56,70.18,0,0.14,17.05.2024 03:48:43
0,150.56,803,766,10.57,70.17,0,0.38,17.05.2024 03:48:45
0,155.63,830,766,10.56,70.16,0,0.79,17.05.2024 03:48:47
0,151.50,808,766,10.54,70.17,0,0.46,17.05.2024 03:48:49
0,148.31,791,766,10.57,70.20,0,0.22,17.05.2024 03:48:52
0,150.75,804,766,10.56,70.17,0,0.40,17.05.2024 03:48:54
0,151.13,806,766,10.56,70.18,0,0.43,17.05.2024 03:48:56
0,151.50,808,766,10.56,70.17,0,0.46,17.05.2024 03:48:58
0,154.69,825,766,10.54,70.16,0,0.71,17.05.2024 03:49:00
0,152.25,812,765,10.58,70.20,0,0.51,17.05.2024 03:49:02
0,150.38,802,766,10.56,70.16,0,0.37,17.05.2024 03:49:04
0,152.63,814,766,10.54,70.16,0,0.55,17.05.2024 03:49:06
0,150.00,800,765,10.56,70.18,0,0.34,17.05.2024 03:49:09
0,149.25,796,765,10.56,70.16,0,0.29,17.05.2024 03:49:11
0,148.69,793,766,10.57,70.17,0,0.24,17.05.2024 03:49:13
0,150.38,802,766,10.56,70.16,0,0.37,17.05.2024 03:49:15
0,149.44,797,765,10.56,70.18,0,0.30,17.05.2024 03:49:17
0,152.25,812,765,10.57,70.15,0,0.51,17.05.2024 03:49:19
0,146.44,781,765,10.54,70.17,0,0.09,17.05.2024 03:49:21
0,149.81,799,765,10.57,70.16,0,0.33,17.05.2024 03:49:23
0,150.38,802,765,10.57,70.15,0,0.37,17.05.2024 03:49:26
0,148.69,793,765,10.56,70.16,0,0.25,17.05.2024 03:49:28
0,149.06,795,765,10.56,70.17,0,0.27,17.05.2024 03:49:30
0,150.00,800,765,10.56,70.19,0,0.34,17.05.2024 03:49:32
0,153.00,816,765,10.56,70.14,0,0.58,17.05.2024 03:49:34
0,151.13,806,765,10.56,70.16,0,0.43,17.05.2024 03:49:36
0,149.06,795,765,10.54,70.19,0,0.28,17.05.2024 03:49:38
0,150.75,804,765,10.56,70.17,0,0.40,17.05.2024 03:49:40
0,149.25,796,765,10.57,70.17,0,0.29,17.05.2024 03:49:43
0,153.75,820,765,10.57,70.17,0,0.63,17.05.2024 03:49:45
0,150.38,802,765,10.57,70.18,0,0.37,17.05.2024 03:49:47
0,149.81,799,764,10.57,70.18,0,0.33,17.05.2024 03:49:49
0,151.31,807,765,10.57,70.18,0,0.44,17.05.2024 03:49:51
0,148.13,790,765,10.57,70.15,0,0.20,17.05.2024 03:49:53
0,149.81,799,765,10.57,70.16,0,0.33,17.05.2024 03:49:57
0,150.00,800,765,10.56,70.18,0,0.34,17.05.2024 03:49:59
0,150.00,800,765,10.56,70.17,0,0.34,17.05.2024 03:50:01
0,147.56,787,764,10.56,70.16,0,0.16,17.05.2024 03:50:04
0,146.25,780,764,10.56,70.16,0,0.07,17.05.2024 03:50:06
0,147.19,785,764,10.58,70.16,0,0.13,17.05.2024 03:50:08
0,148.88,794,764,10.56,70.18,0,0.26,17.05.2024 03:50:10
0,144.94,773,764,10.56,70.16,0,-0.02,17.05.2024 03:50:12
0,148.69,793,763,10.56,70.13,0,0.25,17.05.2024 03:50:14
0,150.56,803,763,10.56,70.16,0,0.39,17.05.2024 03:50:16
0,148.31,791,762,10.57,70.16,0,0.22,17.05.2024 03:50:18
0,149.25,796,763,10.54,70.15,0,0.29,17.05.2024 03:50:21
0,148.69,793,763,10.54,70.14,0,0.25,17.05.2024 03:50:23
0,149.63,798,763,10.54,70.16,0,0.32,17.05.2024 03:50:25
0,149.44,797,763,10.54,70.13,0,0.31,17.05.2024 03:50:27
0,152.06,811,763,10.56,70.17,0,0.50,17.05.2024 03:50:29
0,152.63,814,763,10.56,70.20,0,0.54,17.05.2024 03:50:31
0,153.75,820,763,10.56,70.18,0,0.63,17.05.2024 03:50:33
0,151.13,806,763,10.56,70.18,0,0.43,17.05.2024 03:50:35
0,151.13,806,763,10.56,70.17,0,0.43,17.05.2024 03:50:38
0,150.38,802,763,10.54,70.16,0,0.37,17.05.2024 03:50:40
0,150.94,805,763,10.57,70.19,0,0.41,17.05.2024 03:50:42
0,151.69,809,763,10.54,70.17,0,0.47,17.05.2024 03:50:44
0,150.00,800,763,10.56,70.20,0,0.34,17.05.2024 03:50:46
0,150.38,802,762,10.56,70.15,0,0.37,17.05.2024 03:50:48
0,150.94,805,763,10.54,70.15,0,0.42,17.05.2024 03:50:50
0,151.50,808,763,10.56,70.19,0,0.46,17.05.2024 03:50:52
0,148.69,793,763,10.57,70.16,0,0.24,17.05.2024 03:50:55
0,151.88,810,763,10.56,70.19,0,0.49,17.05.2024 03:50:57
0,149.63,798,763,10.56,70.17,0,0.32,17.05.2024 03:50:59
0,151.50,808,763,10.56,70.18,0,0.46,17.05.2024 03:51:01
0,154.13,822,763,10.56,70.18,0,0.66,17.05.2024 03:51:03
0,150.56,803,763,10.56,70.18,0,0.39,17.05.2024 03:51:05
0,150.75,804,762,10.56,70.17,0,0.40,17.05.2024 03:51:07
0,151.13,806,762,10.54,70.20,0,0.43,17.05.2024 03:51:09
0,149.81,799,762,10.54,70.17,0,0.33,17.05.2024 03:51:12
0,149.44,797,762,10.54,70.15,0,0.31,17.05.2024 03:51:14
0,151.13,806,762,10.56,70.16,0,0.43,17.05.2024 03:51:16
0,156.00,832,762,10.56,70.17,0,0.82,17.05.2024 03:51:18
0,153.38,818,762,10.54,70.17,0,0.61,17.05.2024 03:51:20
0,150.19,801,762,10.56,70.14,0,0.36,17.05.2024 03:51:22
0,150.75,804,763,10.54,70.19,0,0.40,17.05.2024 03:51:24
0,150.56,803,763,10.57,70.18,0,0.38,17.05.2024 03:51:26
0,150.94,805,763,10.56,70.18,0,0.41,17.05.2024 03:51:29
0,150.19,801,763,10.57,70.17,0,0.36,17.05.2024 03:51:31
0,149.63,798,763,10.57,70.17,0,0.31,17.05.2024 03:51:33
0,148.88,794,763,10.56,70.16,0,0.26,17.05.2024 03:51:35
0,151.69,809,763,10.57,70.18,0,0.47,17.05.2024 03:51:37
0,149.44,797,764,10.56,70.20,0,0.30,17.05.2024 03:51:39
0,149.44,797,764,10.54,70.15,0,0.31,17.05.2024 03:51:41
0,150.19,801,763,10.56,70.17,0,0.36,17.05.2024 03:51:43
0,148.50,792,763,10.52,70.14,0,0.24,17.05.2024 03:51:45
0,153.56,819,764,10.56,70.19,0,0.62,17.05.2024 03:51:48
0,153.38,818,764,10.56,70.16,0,0.60,17.05.2024 03:51:50
0,150.75,804,764,10.56,70.18,0,0.40,17.05.2024 03:51:52
0,154.50,824,764,10.56,70.15,0,0.69,17.05.2024 03:51:54
0,150.38,802,764,10.52,70.13,0,0.38,17.05.2024 03:51:56
0,148.31,791,763,10.57,70.17,0,0.22,17.05.2024 03:51:58
0,151.88,810,763,10.56,70.17,0,0.49,17.05.2024 03:52:00
0,149.44,797,763,10.54,70.15,0,0.31,17.05.2024 03:52:02
0,152.81,815,763,10.56,70.19,0,0.56,17.05.2024 03:52:05
0,149.44,797,763,10.56,70.19,0,0.30,17.05.2024 03:52:07
0,150.00,800,763,10.56,70.15,0,0.34,17.05.2024 03:52:11
0,150.00,800,763,10.57,70.21,0,0.34,17.05.2024 03:52:13
0,149.25,796,762,10.56,70.17,0,0.29,17.05.2024 03:52:15
0,148.69,793,762,10.56,70.18,0,0.25,17.05.2024 03:52:17
0,150.00,800,762,10.57,70.16,0,0.34,17.05.2024 03:52:19
0,148.50,792,762,10.56,70.15,0,0.23,17.05.2024 03:52:21
0,147.94,789,762,10.52,70.13,0,0.20,17.05.2024 03:52:24
0,148.13,790,762,10.54,70.15,0,0.21,17.05.2024 03:52:26
0,149.06,795,762,10.52,70.15,0,0.28,17.05.2024 03:52:28
0,148.13,790,762,10.52,70.14,0,0.21,17.05.2024 03:52:30
0,147.56,787,761,10.52,70.14,0,0.17,17.05.2024 03:52:32
0,148.50,792,761,10.56,70.16,0,0.23,17.05.2024 03:52:34
0,148.31,791,761,10.54,70.15,0,0.22,17.05.2024 03:52:36
0,149.25,796,761,10.56,70.16,0,0.29,17.05.2024 03:52:38
0,150.00,800,760,10.56,70.17,0,0.34,17.05.2024 03:52:41
0,149.25,796,760,10.52,70.15,0,0.29,17.05.2024 03:52:43
0,151.13,806,760,10.56,70.16,0,0.43,17.05.2024 03:52:45
0,149.44,797,760,10.56,70.17,0,0.30,17.05.2024 03:52:47
0,148.50,792,760,10.54,70.16,0,0.24,17.05.2024 03:52:49
0,153.38,818,760,10.52,70.17,0,0.61,17.05.2024 03:52:51
0,149.25,796,760,10.54,70.15,0,0.29,17.05.2024 03:52:53
0,153.94,821,760,10.54,70.15,0,0.65,17.05.2024 03:52:55
0,151.69,809,760,10.52,70.14,0,0.48,17.05.2024 03:52:58
0,150.00,800,761,10.56,70.18,0,0.34,17.05.2024 03:53:00
0,153.75,820,760,10.56,70.14,0,0.63,17.05.2024 03:53:02
0,151.50,808,760,10.54,70.17,0,0.46,17.05.2024 03:53:04
0,149.25,796,760,10.54,70.15,0,0.29,17.05.2024 03:53:06
0,148.69,793,760,10.54,70.16,0,0.25,17.05.2024 03:53:08
0,153.94,821,759,10.56,70.15,0,0.65,17.05.2024 03:53:10
0,151.69,809,759,10.54,70.16,0,0.48,17.05.2024 03:53:12
0,148.50,792,759,10.56,70.18,0,0.23,17.05.2024 03:53:14
0,148.69,793,759,10.54,70.15,0,0.25,17.05.2024 03:53:17
0,152.06,811,759,10.54,70.17,0,0.50,17.05.2024 03:53:19
0,151.88,810,759,10.54,70.16,0,0.49,17.05.2024 03:53:21
0,151.13,806,759,10.56,70.17,0,0.43,17.05.2024 03:53:23
0,152.06,811,759,10.56,70.16,0,0.50,17.05.2024 03:53:25
0,151.88,810,759,10.54,70.16,0,0.49,17.05.2024 03:53:27
0,153.00,816,759,10.54,70.14,0,0.58,17.05.2024 03:53:29
0,156.75,836,758,10.54,70.17,0,0.88,17.05.2024 03:53:31
0,152.44,813,759,10.56,70.16,0,0.53,17.05.2024 03:53:34
0,149.06,795,759,10.52,70.17,0,0.28,17.05.2024 03:53:36
0,153.00,816,760,10.54,70.18,0,0.58,17.05.2024 03:53:38
0,154.13,822,760,10.56,70.17,0,0.66,17.05.2024 03:53:40
0,147.00,784,760,10.52,70.13,0,0.13,17.05.2024 03:53:42
0,156.56,835,760,10.56,70.15,0,0.86,17.05.2024 03:53:44
0,153.56,819,760,10.54,70.13,0,0.62,17.05.2024 03:53:46
0,148.31,791,760,10.52,70.17,0,0.22,17.05.2024 03:53:48
0,152.44,813,759,10.52,70.15,0,0.54,17.05.2024 03:53:51
0,150.94,805,759,10.54,70.16,0,0.42,17.05.2024 03:53:53
0,150.94,805,759,10.56,70.18,0,0.41,17.05.2024 03:53:55
0,148.88,794,760,10.54,70.15,0,0.26,17.05.2024 03:53:57
0,153.38,818,760,10.54,70.15,0,0.61,17.05.2024 03:53:59
0,151.13,806,761,10.54,70.17,0,0.43,17.05.2024 03:54:01
0,150.75,804,761,10.56,70.14,0,0.40,17.05.2024 03:54:03
0,150.00,800,760,10.52,70.14,0,0.35,17.05.2024 03:54:05
0,150.00,800,760,10.54,70.17,0,0.35,17.05.2024 03:54:08
0,147.38,786,760,10.54,70.15,0,0.15,17.05.2024 03:54:10
0,151.69,809,760,10.54,70.18,0,0.47,17.05.2024 03:54:12
0,149.63,798,760,10.52,70.17,0,0.32,17.05.2024 03:54:14
0,152.44,813,760,10.54,70.15,0,0.53,17.05.2024 03:54:16
0,151.88,810,760,10.54,70.15,0,0.49,17.05.2024 03:54:18
0,147.19,785,760,10.54,70.13,0,0.14,17.05.2024 03:54:20
0,148.50,792,760,10.56,70.15,0,0.23,17.05.2024 03:54:22
0,146.25,780,761,10.54,70.15,0,0.07,17.05.2024 03:54:25
0,151.13,806,761,10.56,70.15,0,0.43,17.05.2024 03:54:29
0,152.06,811,761,10.54,70.17,0,0.50,17.05.2024 03:54:31
0,151.88,810,760,10.54,70.17,0,0.49,17.05.2024 03:54:33
0,146.44,781,760,10.54,70.17,0,0.09,17.05.2024 03:54:35
0,146.63,782,761,10.51,70.15,0,0.10,17.05.2024 03:54:37
0,147.56,787,761,10.54,70.17,0,0.17,17.05.2024 03:54:39
0,148.50,792,760,10.51,70.15,0,0.24,17.05.2024 03:54:41
0,149.06,795,761,10.52,70.13,0,0.28,17.05.2024 03:54:44
0,147.00,784,761,10.51,70.14,0,0.13,17.05.2024 03:54:46
0,147.94,789,760,10.52,70.13,0,0.20,17.05.2024 03:54:48
0,149.06,795,761,10.54,70.16,0,0.28,17.05.2024 03:54:50
0,146.06,779,761,10.56,70.15,0,0.06,17.05.2024 03:54:52
0,146.44,781,761,10.52,70.16,0,0.09,17.05.2024 03:54:54
0,150.19,801,760,10.56,70.17,0,0.36,17.05.2024 03:54:56
0,151.50,808,761,10.54,70.16,0,0.46,17.05.2024 03:54:58
0,152.44,813,761,10.54,70.16,0,0.53,17.05.2024 03:55:01
0,152.63,814,761,10.54,70.15,0,0.55,17.05.2024 03:55:03
0,149.81,799,762,10.56,70.17,0,0.33,17.05.2024 03:55:05
0,148.88,794,762,10.54,70.15,0,0.26,17.05.2024 03:55:07
0,152.25,812,762,10.54,70.15,0,0.52,17.05.2024 03:55:09
0,151.69,809,763,10.52,70.13,0,0.48,17.05.2024 03:55:11
0,150.38,802,763,10.56,70.17,0,0.37,17.05.2024 03:55:13
0,150.38,802,762,10.56,70.16,0,0.37,17.05.2024 03:55:15
0,152.44,813,763,10.51,70.17,0,0.54,17.05.2024 03:55:18
0,151.50,808,762,10.54,70.18,0,0.46,17.05.2024 03:55:20
0,150.00,800,763,10.54,70.17,0,0.35,17.05.2024 03:55:22
0,150.00,800,763,10.56,70.15,0,0.34,17.05.2024 03:55:24
0,150.00,800,763,10.52,70.15,0,0.35,17.05.2024 03:55:26
0,150.38,802,762,10.52,70.18,0,0.38,17.05.2024 03:55:28
0,149.25,796,763,10.52,70.17,0,0.29,17.05.2024 03:55:30
0,151.50,808,762,10.52,70.16,0,0.46,17.05.2024 03:55:32
0,149.25,796,762,10.56,70.16,0,0.29,17.05.2024 03:55:34
0,150.00,800,762,10.52,70.18,0,0.35,17.05.2024 03:55:37
0,153.75,820,762,10.54,70.16,0,0.64,17.05.2024 03:55:39
0,147.38,786,763,10.52,70.14,0,0.16,17.05.2024 03:55:41
0,154.13,822,763,10.52,70.17,0,0.67,17.05.2024 03:55:43
0,153.19,817,763,10.52,70.14,0,0.60,17.05.2024 03:55:45
0,148.31,791,764,10.52,70.15,0,0.22,17.05.2024 03:55:47
0,151.69,809,763,10.52,70.17,0,0.48,17.05.2024 03:55:49
0,149.44,797,763,10.51,70.14,0,0.31,17.05.2024 03:55:51
0,150.00,800,763,10.51,70.16,0,0.35,17.05.2024 03:55:54
0,151.50,808,763,10.54,70.19,0,0.46,17.05.2024 03:55:56
0,149.63,798,763,10.54,70.18,0,0.32,17.05.2024 03:55:58
0,151.69,809,764,10.54,70.15,0,0.48,17.05.2024 03:56:00
0,154.88,826,764,10.56,70.16,0,0.72,17.05.2024 03:56:02
0,149.06,795,764,10.52,70.15,0,0.28,17.05.2024 03:56:04
0,150.38,802,764,10.54,70.19,0,0.37,17.05.2024 03:56:06
0,149.25,796,764,10.56,70.14,0,0.29,17.05.2024 03:56:08
0,150.56,803,764,10.56,70.16,0,0.39,17.05.2024 03:56:11
0,151.69,809,763,10.54,70.15,0,0.48,17.05.2024 03:56:13
0,151.50,808,764,10.54,70.15,0,0.46,17.05.2024 03:56:15
0,149.25,796,764,10.51,70.15,0,0.30,17.05.2024 03:56:17
0,150.56,803,764,10.54,70.17,0,0.39,17.05.2024 03:56:19
0,154.31,823,764,10.56,70.20,0,0.68,17.05.2024 03:56:21
0,149.06,795,765,10.52,70.16,0,0.28,17.05.2024 03:56:23
0,150.75,804,764,10.54,70.17,0,0.40,17.05.2024 03:56:25
0,152.44,813,764,10.56,70.17,0,0.53,17.05.2024 03:56:28
0,148.50,792,764,10.52,70.13,0,0.24,17.05.2024 03:56:30
0,151.50,808,763,10.49,70.15,0,0.47,17.05.2024 03:56:32
0,149.25,796,763,10.54,70.15,0,0.29,17.05.2024 03:56:34
0,150.38,802,762,10.56,70.20,0,0.37,17.05.2024 03:56:36
0,150.19,801,763,10.56,70.19,0,0.36,17.05.2024 03:56:40
0,147.56,787,762,10.52,70.15,0,0.17,17.05.2024 03:56:42
0,150.38,802,762,10.51,70.15,0,0.38,17.05.2024 03:56:44
0,145.50,776,762,10.54,70.15,0,0.02,17.05.2024 03:56:47
0,147.56,787,763,10.54,70.15,0,0.17,17.05.2024 03:56:49
0,145.88,778,762,10.54,70.15,0,0.05,17.05.2024 03:56:51
0,148.69,793,763,10.52,70.14,0,0.25,17.05.2024 03:56:53
0,150.56,803,762,10.51,70.16,0,0.39,17.05.2024 03:56:55
0,145.50,776,762,10.54,70.18,0,0.02,17.05.2024 03:56:57
0,149.63,798,762,10.54,70.15,0,0.32,17.05.2024 03:56:59
0,146.25,780,762,10.52,70.16,0,0.08,17.05.2024 03:57:01
0,149.63,798,761,10.51,70.16,0,0.32,17.05.2024 03:57:04
0,146.25,780,761,10.54,70.15,0,0.07,17.05.2024 03:57:06
0,148.69,793,761,10.52,70.13,0,0.25,17.05.2024 03:57:08
0,148.69,793,761,10.52,70.16,0,0.25,17.05.2024 03:57:10
0,152.06,811,761,10.56,70.15,0,0.50,17.05.2024 03:57:12
0,149.44,797,761,10.52,70.16,0,0.31,17.05.2024 03:57:14
0,153.00,816,762,10.51,70.13,0,0.58,17.05.2024 03:57:16
0,152.06,811,762,10.52,70.16,0,0.51,17.05.2024 03:57:18
0,152.44,813,762,10.56,70.18,0,0.53,17.05.2024 03:57:21
0,151.13,806,762,10.54,70.15,0,0.43,17.05.2024 03:57:23
0,151.50,808,762,10.51,70.17,0,0.47,17.05.2024 03:57:25
0,147.56,787,762,10.52,70.18,0,0.17,17.05.2024 03:57:27
0,150.00,800,763,10.51,70.16,0,0.35,17.05.2024 03:57:29
0,148.88,794,763,10.52,70.17,0,0.27,17.05.2024 03:57:31
0,152.06,811,762,10.54,70.19,0,0.50,17.05.2024 03:57:33
0,151.88,810,762,10.52,70.19,0,0.49,17.05.2024 03:57:35
0,150.56,803,762,10.52,70.13,0,0.39,17.05.2024 03:57:37
0,151.31,807,762,10.51,70.18,0,0.45,17.05.2024 03:57:40
0,146.81,783,762,10.54,70.17,0,0.11,17.05.2024 03:57:42
0,148.69,793,762,10.52,70.15,0,0.25,17.05.2024 03:57:44
0,151.88,810,762,10.51,70.16,0,0.49,17.05.2024 03:57:46
0,148.88,794,762,10.52,70.17,0,0.27,17.05.2024 03:57:48
0,151.69,809,762,10.49,70.18,0,0.48,17.05.2024 03:57:50
0,153.94,821,762,10.52,70.19,0,0.65,17.05.2024 03:57:52
0,149.06,795,761,10.51,70.17,0,0.28,17.05.2024 03:57:54
0,150.94,805,762,10.54,70.16,0,0.42,17.05.2024 03:57:57
0,150.19,801,762,10.51,70.18,0,0.36,17.05.2024 03:57:59
0,147.56,787,762,10.54,70.17,0,0.17,17.05.2024 03:58:01
0,149.25,796,762,10.51,70.17,0,0.30,17.05.2024 03:58:03
0,148.31,791,761,10.51,70.17,0,0.23,17.05.2024 03:58:05
0,149.63,798,760,10.51,70.18,0,0.32,17.05.2024 03:58:07
0,148.69,793,761,10.54,70.17,0,0.25,17.05.2024 03:58:09
0,149.81,799,761,10.49,70.19,0,0.34,17.05.2024 03:58:11
0,150.00,800,761,10.52,70.20,0,0.35,17.05.2024 03:58:14
0,149.44,797,761,10.54,70.17,0,0.30,17.05.2024 03:58:16
0,154.69,825,761,10.49,70.16,0,0.72,17.05.2024 03:58:18
0,146.81,783,761,10.51,70.17,0,0.12,17.05.2024 03:58:20
0,150.38,802,761,10.52,70.19,0,0.38,17.05.2024 03:58:22
0,150.56,803,762,10.51,70.17,0,0.39,17.05.2024 03:58:24
0,150.56,803,762,10.51,70.18,0,0.39,17.05.2024 03:58:26
0,150.19,801,761,10.52,70.16,0,0.36,17.05.2024 03:58:28
0,154.69,825,762,10.54,70.19,0,0.71,17.05.2024 03:58:31
0,150.94,805,762,10.52,70.18,0,0.42,17.05.2024 03:58:33
0,147.19,785,761,10.54,70.16,0,0.14,17.05.2024 03:58:35
0,152.06,811,761,10.51,70.15,0,0.51,17.05.2024 03:58:37
0,149.06,795,761,10.54,70.15,0,0.28,17.05.2024 03:58:39
0,152.63,814,761,10.52,70.16,0,0.55,17.05.2024 03:58:41
0,151.31,807,762,10.52,70.16,0,0.45,17.05.2024 03:58:43
0,150.19,801,762,10.52,70.17,0,0.36,17.05.2024 03:58:45
0,149.81,799,762,10.52,70.17,0,0.33,17.05.2024 03:58:48
0,148.69,793,762,10.51,70.16,0,0.25,17.05.2024 03:58:50
0,150.00,800,762,10.54,70.19,0,0.35,17.05.2024 03:58:54
0,147.94,789,762,10.54,70.17,0,0.19,17.05.2024 03:58:56
0,149.81,799,762,10.51,70.18,0,0.34,17.05.2024 03:58:58
0,142.31,759,762,10.56,70.15,0,-0.20,17.05.2024 03:59:00
0,147.56,787,762,10.51,70.15,0,0.17,17.05.2024 03:59:02
0,149.81,799,762,10.52,70.17,0,0.33,17.05.2024 03:59:04
0,147.56,787,762,10.52,70.18,0,0.17,17.05.2024 03:59:07
0,148.50,792,762,10.54,70.16,0,0.24,17.05.2024 03:59:09
0,146.25,780,761,10.49,70.18,0,0.08,17.05.2024 03:59:11
0,149.44,797,761,10.49,70.16,0,0.31,17.05.2024 03:59:13
0,147.38,786,761,10.51,70.16,0,0.16,17.05.2024 03:59:15
0,151.69,809,762,10.51,70.15,0,0.48,17.05.2024 03:59:17
0,151.13,806,762,10.51,70.16,0,0.44,17.05.2024 03:59:19
0,150.75,804,761,10.52,70.15,0,0.41,17.05.2024 03:59:21
0,153.56,819,761,10.54,70.16,0,0.62,17.05.2024 03:59:23
0,154.31,823,761,10.51,70.18,0,0.69,17.05.2024 03:59:26
0,152.44,813,761,10.49,70.16,0,0.54,17.05.2024 03:59:28
0,152.81,815,761,10.51,70.16,0,0.57,17.05.2024 03:59:30
0,149.81,799,760,10.54,70.19,0,0.33,17.05.2024 03:59:32
0,148.88,794,760,10.54,70.17,0,0.26,17.05.2024 03:59:34
0,152.06,811,760,10.52,70.19,0,0.51,17.05.2024 03:59:36
0,150.19,801,760,10.52,70.15,0,0.36,17.05.2024 03:59:38
0,152.06,811,760,10.49,70.18,0,0.51,17.05.2024 03:59:40
0,151.13,806,761,10.52,70.21,0,0.43,17.05.2024 03:59:43
0,147.19,785,761,10.56,70.17,0,0.14,17.05.2024 03:59:45
0,153.38,818,761,10.51,70.18,0,0.61,17.05.2024 03:59:47
0,153.94,821,761,10.49,70.18,0,0.66,17.05.2024 03:59:49
0,151.13,806,761,10.51,70.18,0,0.44,17.05.2024 03:59:51
0,151.31,807,761,10.51,70.17,0,0.45,17.05.2024 03:59:53
0,151.13,806,761,10.52,70.18,0,0.43,17.05.2024 03:59:55
0,149.63,798,761,10.51,70.21,0,0.32,17.05.2024 03:59:57
