0,270.56,1443,862,27.38,69.04,0,4.67,16.05.2024 14:00:01
0,270.19,1441,863,27.37,69.02,0,4.65,16.05.2024 14:00:03
0,270.75,1444,863,27.38,69.03,0,4.69,16.05.2024 14:00:05
0,276.00,1472,863,27.38,69.01,0,5.23,16.05.2024 14:00:07
0,272.81,1455,863,27.35,69.03,0,4.92,16.05.2024 14:00:09
0,270.38,1442,863,27.40,69.02,0,4.65,16.05.2024 14:00:12
0,273.56,1459,863,27.37,69.03,0,4.99,16.05.2024 14:00:14
0,269.25,1436,864,27.38,69.02,0,4.55,16.05.2024 14:00:16
0,274.50,1464,865,27.35,69.06,0,5.09,16.05.2024 14:00:18
0,273.19,1457,866,27.37,69.04,0,4.95,16.05.2024 14:00:20
0,272.44,1453,866,27.37,69.06,0,4.87,16.05.2024 14:00:22
0,270.56,1443,867,27.35,69.04,0,4.69,16.05.2024 14:00:24
0,271.50,1448,867,27.37,69.04,0,4.78,16.05.2024 14:00:26
0,273.19,1457,868,27.38,69.04,0,4.94,16.05.2024 14:00:28
0,270.00,1440,868,27.38,69.02,0,4.62,16.05.2024 14:00:31
0,270.19,1441,868,27.35,69.02,0,4.66,16.05.2024 14:00:33
0,267.75,1428,869,27.37,69.03,0,4.41,16.05.2024 14:00:35
0,271.69,1449,869,27.35,69.04,0,4.81,16.05.2024 14:00:37
0,274.69,1465,869,27.37,69.06,0,5.10,16.05.2024 14:00:39
0,273.38,1458,870,27.34,69.05,0,4.99,16.05.2024 14:00:41
0,271.88,1450,870,27.35,69.03,0,4.83,16.05.2024 14:00:43
0,273.00,1456,871,27.34,69.06,0,4.95,16.05.2024 14:00:45
0,271.88,1450,871,27.35,69.06,0,4.82,16.05.2024 14:00:48
0,273.56,1459,871,27.35,69.05,0,5.00,16.05.2024 14:00:50
0,268.88,1434,870,27.35,69.06,0,4.52,16.05.2024 14:00:52
0,275.25,1468,871,27.35,69.06,0,5.17,16.05.2024 14:00:54
0,268.88,1434,871,27.35,69.07,0,4.52,16.05.2024 14:00:56
0,272.06,1451,870,27.34,69.06,0,4.85,16.05.2024 14:00:58
0,269.63,1438,870,27.35,69.06,0,4.60,16.05.2024 14:01:00
0,271.50,1448,869,27.37,69.08,0,4.77,16.05.2024 14:01:02
0,271.50,1448,869,27.37,69.08,0,4.77,16.05.2024 14:01:04
0,273.19,1457,869,27.35,69.03,0,4.96,16.05.2024 14:01:07
0,270.75,1444,870,27.32,69.05,0,4.73,16.05.2024 14:01:09
0,273.38,1458,869,27.34,69.07,0,4.99,16.05.2024 14:01:11
0,273.94,1461,869,27.37,69.08,0,5.02,16.05.2024 14:01:13
0,271.69,1449,869,27.34,69.05,0,4.82,16.05.2024 14:01:15
0,268.50,1432,870,27.35,69.09,0,4.48,16.05.2024 14:01:17
0,268.31,1431,871,27.35,69.02,0,4.48,16.05.2024 14:01:19
0,271.50,1448,871,27.34,69.10,0,4.79,16.05.2024 14:01:21
0,270.56,1443,871,27.34,69.10,0,4.70,16.05.2024 14:01:24
0,269.25,1436,871,27.34,69.09,0,4.57,16.05.2024 14:01:26
0,271.31,1447,871,27.34,69.09,0,4.77,16.05.2024 14:01:28
0,267.38,1426,872,27.32,69.09,0,4.39,16.05.2024 14:01:30
0,271.31,1447,872,27.34,69.10,0,4.77,16.05.2024 14:01:32
0,271.88,1450,872,27.32,69.06,0,4.85,16.05.2024 14:01:34
0,272.25,1452,872,27.35,69.11,0,4.85,16.05.2024 14:01:36
0,268.50,1432,871,27.32,69.08,0,4.51,16.05.2024 14:01:38
0,273.19,1457,871,27.34,69.10,0,4.96,16.05.2024 14:01:40
0,272.81,1455,871,27.34,69.13,0,4.92,16.05.2024 14:01:43
0,270.00,1440,872,27.35,69.09,0,4.63,16.05.2024 14:01:45
0,270.38,1442,872,27.32,69.08,0,4.69,16.05.2024 14:01:47
0,273.38,1458,872,27.31,69.05,0,5.01,16.05.2024 14:01:49
0,270.00,1440,873,27.35,69.10,0,4.63,16.05.2024 14:01:51
0,271.88,1450,873,27.35,69.07,0,4.82,16.05.2024 14:01:53
0,272.44,1453,872,27.34,69.12,0,4.88,16.05.2024 14:01:55
0,274.50,1464,871,27.31,69.10,0,5.12,16.05.2024 14:01:57
0,269.63,1438,871,27.32,69.11,0,4.61,16.05.2024 14:02:00
0,269.06,1435,871,27.35,69.07,0,4.54,16.05.2024 14:02:02
0,271.31,1447,871,27.32,69.13,0,4.78,16.05.2024 14:02:04
0,270.38,1442,872,27.31,69.11,0,4.69,16.05.2024 14:02:06
0,267.75,1428,872,27.34,69.13,0,4.41,16.05.2024 14:02:08
0,271.13,1446,871,27.32,69.13,0,4.76,16.05.2024 14:02:10
0,271.13,1446,871,27.31,69.11,0,4.77,16.05.2024 14:02:12
0,268.31,1431,872,27.32,69.13,0,4.48,16.05.2024 14:02:16
0,273.56,1459,872,27.31,69.12,0,5.02,16.05.2024 14:02:19
0,270.94,1445,872,27.31,69.12,0,4.75,16.05.2024 14:02:21
0,272.63,1454,872,27.31,69.11,0,4.92,16.05.2024 14:02:23
0,268.69,1433,872,27.32,69.13,0,4.51,16.05.2024 14:02:25
0,267.75,1428,873,27.31,69.11,0,4.44,16.05.2024 14:02:27
0,269.44,1437,872,27.29,69.13,0,4.61,16.05.2024 14:02:29
0,265.13,1414,872,27.32,69.15,0,4.17,16.05.2024 14:02:31
0,268.13,1430,872,27.28,69.12,0,4.49,16.05.2024 14:02:33
0,266.63,1422,872,27.31,69.15,0,4.32,16.05.2024 14:02:35
0,267.19,1425,872,27.31,69.16,0,4.37,16.05.2024 14:02:38
0,266.63,1422,873,27.31,69.13,0,4.32,16.05.2024 14:02:40
0,268.88,1434,874,27.29,69.12,0,4.56,16.05.2024 14:02:42
0,266.63,1422,874,27.32,69.15,0,4.31,16.05.2024 14:02:44
0,267.56,1427,874,27.31,69.16,0,4.41,16.05.2024 14:02:46
0,265.50,1416,874,27.29,69.15,0,4.22,16.05.2024 14:02:48
0,267.38,1426,874,27.29,69.14,0,4.41,16.05.2024 14:02:50
0,271.13,1446,874,27.29,69.17,0,4.77,16.05.2024 14:02:52
0,270.56,1443,874,27.29,69.14,0,4.72,16.05.2024 14:02:55
0,269.06,1435,874,27.29,69.16,0,4.57,16.05.2024 14:02:57
0,267.56,1427,873,27.31,69.14,0,4.41,16.05.2024 14:02:59
0,264.94,1413,873,27.28,69.15,0,4.18,16.05.2024 14:03:01
0,270.38,1442,874,27.28,69.17,0,4.70,16.05.2024 14:03:03
0,267.94,1429,874,27.29,69.13,0,4.46,16.05.2024 14:03:05
0,267.75,1428,873,27.31,69.15,0,4.43,16.05.2024 14:03:07
0,267.94,1429,873,27.29,69.13,0,4.46,16.05.2024 14:03:09
0,269.06,1435,873,27.28,69.18,0,4.57,16.05.2024 14:03:11
0,269.25,1436,873,27.27,69.18,0,4.60,16.05.2024 14:03:14
0,268.69,1433,874,27.27,69.18,0,4.55,16.05.2024 14:03:16
0,267.00,1424,873,27.28,69.17,0,4.37,16.05.2024 14:03:18
0,268.50,1432,873,27.28,69.18,0,4.52,16.05.2024 14:03:20
0,269.25,1436,873,27.28,69.16,0,4.60,16.05.2024 14:03:22
0,270.19,1441,873,27.29,69.19,0,4.67,16.05.2024 14:03:24
0,270.56,1443,874,27.28,69.21,0,4.72,16.05.2024 14:03:26
0,271.88,1450,874,27.27,69.20,0,4.86,16.05.2024 14:03:28
0,270.94,1445,873,27.27,69.20,0,4.77,16.05.2024 14:03:31
0,272.81,1455,874,27.25,69.21,0,4.96,16.05.2024 14:03:33
0,274.13,1462,874,27.28,69.18,0,5.08,16.05.2024 14:03:35
0,270.19,1441,873,27.28,69.22,0,4.68,16.05.2024 14:03:37
0,274.31,1463,873,27.27,69.19,0,5.11,16.05.2024 14:03:39
0,269.06,1435,873,27.27,69.17,0,4.58,16.05.2024 14:03:41
0,272.44,1453,874,27.28,69.18,0,4.91,16.05.2024 14:03:43
0,273.19,1457,874,27.27,69.20,0,4.99,16.05.2024 14:03:45
0,271.69,1449,873,27.27,69.22,0,4.84,16.05.2024 14:03:47
0,277.31,1479,874,27.27,69.21,0,5.42,16.05.2024 14:03:50
0,269.06,1435,873,27.27,69.21,0,4.58,16.05.2024 14:03:52
0,271.50,1448,873,27.27,69.22,0,4.82,16.05.2024 14:03:54
0,267.00,1424,873,27.27,69.18,0,4.38,16.05.2024 14:03:56
0,271.13,1446,872,27.27,69.21,0,4.78,16.05.2024 14:03:58
0,271.13,1446,872,27.25,69.22,0,4.79,16.05.2024 14:04:00
0,268.50,1432,872,27.25,69.21,0,4.53,16.05.2024 14:04:02
0,273.56,1459,871,27.25,69.23,0,5.04,16.05.2024 14:04:04
0,271.88,1450,871,27.27,69.23,0,4.85,16.05.2024 14:04:07
0,270.19,1441,870,27.25,69.23,0,4.70,16.05.2024 14:04:09
0,271.13,1446,870,27.25,69.22,0,4.79,16.05.2024 14:04:11
0,272.25,1452,870,27.24,69.22,0,4.92,16.05.2024 14:04:13
0,273.00,1456,869,27.22,69.22,0,5.00,16.05.2024 14:04:15
0,272.25,1452,869,27.25,69.20,0,4.91,16.05.2024 14:04:17
0,272.06,1451,868,27.24,69.22,0,4.90,16.05.2024 14:04:19
0,272.81,1455,868,27.24,69.22,0,4.98,16.05.2024 14:04:21
0,270.56,1443,869,27.25,69.23,0,4.73,16.05.2024 14:04:23
0,268.13,1430,869,27.24,69.24,0,4.50,16.05.2024 14:04:26
0,272.44,1453,869,27.27,69.23,0,4.91,16.05.2024 14:04:28
0,269.81,1439,870,27.25,69.23,0,4.66,16.05.2024 14:04:30
0,272.63,1454,870,27.24,69.22,0,4.95,16.05.2024 14:04:32
0,270.75,1444,870,27.22,69.22,0,4.77,16.05.2024 14:04:34
0,274.31,1463,869,27.25,69.23,0,5.12,16.05.2024 14:04:36
0,270.94,1445,869,27.25,69.28,0,4.76,16.05.2024 14:04:38
0,272.06,1451,868,27.24,69.24,0,4.89,16.05.2024 14:04:40
0,272.81,1455,868,27.24,69.22,0,4.97,16.05.2024 14:04:43
0,268.50,1432,868,27.27,69.26,0,4.51,16.05.2024 14:04:45
0,270.00,1440,869,27.24,69.22,0,4.69,16.05.2024 14:04:47
0,272.25,1452,869,27.22,69.21,0,4.93,16.05.2024 14:04:49
0,270.19,1441,869,27.22,69.28,0,4.71,16.05.2024 14:04:51
0,273.00,1456,870,27.22,69.25,0,5.00,16.05.2024 14:04:53
0,271.31,1447,870,27.25,69.26,0,4.80,16.05.2024 14:04:55
0,272.63,1454,870,27.22,69.26,0,4.96,16.05.2024 14:04:57
0,267.19,1425,870,27.22,69.23,0,4.42,16.05.2024 14:04:59
0,270.19,1441,870,27.22,69.25,0,4.71,16.05.2024 14:05:02
0,271.50,1448,870,27.21,69.27,0,4.85,16.05.2024 14:05:04
0,270.38,1442,871,27.22,69.25,0,4.73,16.05.2024 14:05:06
0,273.94,1461,870,27.24,69.27,0,5.08,16.05.2024 14:05:08
0,268.13,1430,871,27.22,69.25,0,4.51,16.05.2024 14:05:10
0,267.75,1428,871,27.24,69.26,0,4.46,16.05.2024 14:05:12
0,270.75,1444,871,27.24,69.27,0,4.76,16.05.2024 14:05:14
0,270.94,1445,871,27.22,69.29,0,4.78,16.05.2024 14:05:16
0,269.63,1438,871,27.22,69.27,0,4.65,16.05.2024 14:05:19
0,269.25,1436,869,27.24,69.28,0,4.60,16.05.2024 14:05:21
0,269.06,1435,869,27.22,69.26,0,4.60,16.05.2024 14:05:23
0,272.06,1451,869,27.24,69.27,0,4.89,16.05.2024 14:05:25
0,271.50,1448,868,27.21,69.29,0,4.85,16.05.2024 14:05:27
0,269.06,1435,869,27.22,69.28,0,4.60,16.05.2024 14:05:29
0,271.13,1446,869,27.22,69.28,0,4.80,16.05.2024 14:05:31
0,269.06,1435,868,27.18,69.28,0,4.63,16.05.2024 14:05:33
0,271.69,1449,868,27.21,69.29,0,4.87,16.05.2024 14:05:35
0,271.31,1447,869,27.20,69.29,0,4.84,16.05.2024 14:05:38
0,273.56,1459,869,27.22,69.26,0,5.05,16.05.2024 14:05:40
0,271.13,1446,869,27.22,69.31,0,4.80,16.05.2024 14:05:42
0,269.25,1436,869,27.22,69.31,0,4.61,16.05.2024 14:05:44
0,273.00,1456,869,27.21,69.29,0,5.00,16.05.2024 14:05:46
0,272.44,1453,869,27.20,69.29,0,4.95,16.05.2024 14:05:48
0,268.50,1432,870,27.21,69.31,0,4.54,16.05.2024 14:05:50
0,270.75,1444,870,27.20,69.32,0,4.78,16.05.2024 14:05:52
0,269.06,1435,870,27.21,69.28,0,4.61,16.05.2024 14:05:55
0,271.88,1450,871,27.21,69.31,0,4.88,16.05.2024 14:05:57
0,271.13,1446,871,27.21,69.30,0,4.81,16.05.2024 14:05:59
0,266.44,1421,872,27.18,69.30,0,4.37,16.05.2024 14:06:01
0,270.75,1444,872,27.20,69.33,0,4.78,16.05.2024 14:06:03
0,267.38,1426,872,27.20,69.32,0,4.44,16.05.2024 14:06:05
0,268.13,1430,872,27.21,69.33,0,4.50,16.05.2024 14:06:07
0,270.75,1444,872,27.21,69.35,0,4.76,16.05.2024 14:06:09
0,269.25,1436,872,27.21,69.32,0,4.62,16.05.2024 14:06:11
0,269.06,1435,872,27.21,69.31,0,4.60,16.05.2024 14:06:14
0,272.06,1451,872,27.18,69.32,0,4.92,16.05.2024 14:06:16
0,271.69,1449,873,27.20,69.33,0,4.87,16.05.2024 14:06:18
0,268.69,1433,872,27.20,69.34,0,4.57,16.05.2024 14:06:20
0,267.19,1425,873,27.20,69.29,0,4.43,16.05.2024 14:06:22
0,267.00,1424,873,27.20,69.33,0,4.41,16.05.2024 14:06:24
0,269.06,1435,873,27.20,69.35,0,4.60,16.05.2024 14:06:26
0,268.31,1431,873,27.20,69.35,0,4.53,16.05.2024 14:06:28
0,267.56,1427,872,27.17,69.36,0,4.47,16.05.2024 14:06:31
0,270.00,1440,873,27.20,69.36,0,4.70,16.05.2024 14:06:33
0,271.31,1447,873,27.20,69.35,0,4.83,16.05.2024 14:06:35
0,271.13,1446,873,27.18,69.36,0,4.82,16.05.2024 14:06:37
0,271.69,1449,873,27.18,69.36,0,4.88,16.05.2024 14:06:39
0,269.44,1437,873,27.20,69.34,0,4.64,16.05.2024 14:06:41
0,268.13,1430,874,27.17,69.34,0,4.53,16.05.2024 14:06:43
0,270.00,1440,874,27.17,69.37,0,4.71,16.05.2024 14:06:45
0,267.75,1428,875,27.21,69.35,0,4.46,16.05.2024 14:06:47
0,268.69,1433,874,27.20,69.35,0,4.57,16.05.2024 14:06:52
0,269.25,1436,875,27.18,69.35,0,4.63,16.05.2024 14:06:54
0,270.56,1443,874,27.18,69.33,0,4.77,16.05.2024 14:06:56
0,271.88,1450,874,27.18,69.34,0,4.90,16.05.2024 14:06:58
0,269.81,1439,874,27.18,69.33,0,4.69,16.05.2024 14:07:00
0,270.19,1441,874,27.18,69.33,0,4.73,16.05.2024 14:07:02
0,267.94,1429,874,27.17,69.36,0,4.51,16.05.2024 14:07:04
0,268.88,1434,873,27.17,69.36,0,4.60,16.05.2024 14:07:06
0,263.63,1406,873,27.18,69.39,0,4.08,16.05.2024 14:07:09
0,267.56,1427,873,27.17,69.38,0,4.47,16.05.2024 14:07:11
0,269.63,1438,872,27.20,69.38,0,4.66,16.05.2024 14:07:13
0,267.19,1425,872,27.17,69.40,0,4.43,16.05.2024 14:07:15
0,267.19,1425,873,27.17,69.35,0,4.44,16.05.2024 14:07:17
0,265.88,1418,872,27.17,69.39,0,4.31,16.05.2024 14:07:19
0,269.06,1435,872,27.14,69.37,0,4.64,16.05.2024 14:07:21
0,266.63,1422,872,27.17,69.40,0,4.38,16.05.2024 14:07:23
0,264.38,1410,872,27.17,69.38,0,4.16,16.05.2024 14:07:25
0,266.06,1419,872,27.15,69.38,0,4.33,16.05.2024 14:07:28
0,266.25,1420,872,27.15,69.40,0,4.35,16.05.2024 14:07:30
0,266.81,1423,873,27.15,69.40,0,4.40,16.05.2024 14:07:32
0,272.06,1451,873,27.15,69.42,0,4.92,16.05.2024 14:07:34
0,270.94,1445,873,27.15,69.38,0,4.82,16.05.2024 14:07:36
0,268.31,1431,873,27.15,69.41,0,4.55,16.05.2024 14:07:38
0,267.75,1428,874,27.15,69.40,0,4.49,16.05.2024 14:07:40
0,267.38,1426,874,27.15,69.41,0,4.46,16.05.2024 14:07:42
0,265.88,1418,875,27.14,69.42,0,4.32,16.05.2024 14:07:45
0,266.63,1422,874,27.17,69.41,0,4.37,16.05.2024 14:07:47
0,268.13,1430,874,27.17,69.44,0,4.52,16.05.2024 14:07:49
0,268.69,1433,874,27.15,69.42,0,4.58,16.05.2024 14:07:51
0,269.81,1439,874,27.15,69.41,0,4.70,16.05.2024 14:07:53
0,268.13,1430,874,27.13,69.46,0,4.54,16.05.2024 14:07:55
0,268.31,1431,874,27.15,69.41,0,4.55,16.05.2024 14:07:57
0,270.56,1443,874,27.14,69.40,0,4.79,16.05.2024 14:07:59
0,269.06,1435,874,27.14,69.44,0,4.63,16.05.2024 14:08:01
0,269.44,1437,874,27.14,69.44,0,4.67,16.05.2024 14:08:04
0,271.13,1446,874,27.13,69.43,0,4.85,16.05.2024 14:08:06
0,269.81,1439,874,27.14,69.41,0,4.71,16.05.2024 14:08:08
0,268.31,1431,874,27.14,69.41,0,4.56,16.05.2024 14:08:10
0,272.06,1451,874,27.14,69.42,0,4.93,16.05.2024 14:08:12
0,274.31,1463,874,27.14,69.42,0,5.17,16.05.2024 14:08:14
0,270.00,1440,874,27.14,69.43,0,4.72,16.05.2024 14:08:16
0,272.06,1451,874,27.13,69.43,0,4.94,16.05.2024 14:08:18
0,270.94,1445,874,27.11,69.41,0,4.84,16.05.2024 14:08:21
0,273.19,1457,874,27.14,69.45,0,5.05,16.05.2024 14:08:23
0,270.56,1443,873,27.15,69.45,0,4.76,16.05.2024 14:08:25
0,271.31,1447,873,27.13,69.46,0,4.86,16.05.2024 14:08:27
0,270.94,1445,872,27.14,69.42,0,4.82,16.05.2024 14:08:29
0,270.75,1444,871,27.11,69.45,0,4.82,16.05.2024 14:08:31
0,273.94,1461,871,27.13,69.44,0,5.14,16.05.2024 14:08:33
0,272.06,1451,871,27.13,69.45,0,4.94,16.05.2024 14:08:35
0,273.00,1456,870,27.14,69.45,0,5.03,16.05.2024 14:08:37
0,270.75,1444,871,27.15,69.48,0,4.78,16.05.2024 14:08:40
0,273.00,1456,871,27.13,69.45,0,5.04,16.05.2024 14:08:42
0,269.25,1436,871,27.13,69.45,0,4.66,16.05.2024 14:08:44
0,269.06,1435,872,27.13,69.45,0,4.64,16.05.2024 14:08:46
0,267.38,1426,872,27.13,69.48,0,4.47,16.05.2024 14:08:48
0,267.00,1424,872,27.11,69.45,0,4.44,16.05.2024 14:08:50
0,267.94,1429,872,27.11,69.45,0,4.53,16.05.2024 14:08:52
0,272.63,1454,871,27.14,69.47,0,4.98,16.05.2024 14:08:54
0,270.56,1443,872,27.11,69.46,0,4.79,16.05.2024 14:08:57
0,265.69,1417,873,27.14,69.46,0,4.30,16.05.2024 14:08:59
0,267.19,1425,873,27.11,69.45,0,4.46,16.05.2024 14:09:01
0,268.31,1431,873,27.13,69.47,0,4.56,16.05.2024 14:09:03
0,267.56,1427,874,27.11,69.43,0,4.50,16.05.2024 14:09:05
0,272.06,1451,874,27.14,69.45,0,4.93,16.05.2024 14:09:07
0,273.19,1457,873,27.10,69.49,0,5.07,16.05.2024 14:09:09
0,271.50,1448,873,27.10,69.48,0,4.90,16.05.2024 14:09:11
0,266.44,1421,873,27.10,69.47,0,4.40,16.05.2024 14:09:13
0,270.38,1442,874,27.13,69.50,0,4.76,16.05.2024 14:09:16
0,268.50,1432,874,27.10,69.47,0,4.60,16.05.2024 14:09:18
0,270.94,1445,874,27.11,69.45,0,4.83,16.05.2024 14:09:20
0,271.88,1450,874,27.10,69.48,0,4.94,16.05.2024 14:09:22
0,268.88,1434,874,27.11,69.46,0,4.62,16.05.2024 14:09:24
0,268.31,1431,874,27.14,69.47,0,4.55,16.05.2024 14:09:26
0,268.13,1430,874,27.11,69.49,0,4.55,16.05.2024 14:09:28
0,269.44,1437,873,27.11,69.45,0,4.68,16.05.2024 14:09:30
0,270.38,1442,874,27.10,69.48,0,4.78,16.05.2024 14:09:33
0,267.38,1426,874,27.11,69.49,0,4.47,16.05.2024 14:09:35
0,269.63,1438,874,27.13,69.52,0,4.68,16.05.2024 14:09:37
0,272.25,1452,874,27.11,69.46,0,4.97,16.05.2024 14:09:39
0,267.94,1429,874,27.08,69.47,0,4.55,16.05.2024 14:09:41
0,266.44,1421,874,27.08,69.48,0,4.40,16.05.2024 14:09:43
0,273.56,1459,875,27.08,69.51,0,5.12,16.05.2024 14:09:45
0,269.81,1439,875,27.10,69.51,0,4.72,16.05.2024 14:09:47
0,270.56,1443,874,27.08,69.48,0,4.81,16.05.2024 14:09:50
0,267.56,1427,875,27.08,69.51,0,4.51,16.05.2024 14:09:52
0,267.19,1425,875,27.10,69.50,0,4.46,16.05.2024 14:09:54
0,271.50,1448,875,27.08,69.49,0,4.91,16.05.2024 14:09:56
0,267.75,1428,874,27.08,69.47,0,4.53,16.05.2024 14:09:58
0,270.19,1441,874,27.08,69.51,0,4.77,16.05.2024 14:10:00
0,264.38,1410,874,27.11,69.50,0,4.18,16.05.2024 14:10:02
0,271.88,1450,874,27.08,69.53,0,4.94,16.05.2024 14:10:04
0,269.44,1437,874,27.07,69.51,0,4.70,16.05.2024 14:10:06
0,269.44,1437,874,27.10,69.48,0,4.69,16.05.2024 14:10:09
0,273.00,1456,874,27.10,69.50,0,5.05,16.05.2024 14:10:11
0,271.88,1450,874,27.07,69.51,0,4.95,16.05.2024 14:10:13
0,267.38,1426,873,27.10,69.52,0,4.48,16.05.2024 14:10:15
0,267.94,1429,872,27.06,69.49,0,4.57,16.05.2024 14:10:17
0,273.38,1458,873,27.08,69.49,0,5.10,16.05.2024 14:10:19
0,268.13,1430,873,27.08,69.51,0,4.56,16.05.2024 14:10:21
0,266.25,1420,873,27.08,69.51,0,4.38,16.05.2024 14:10:23
0,269.44,1437,873,27.08,69.52,0,4.69,16.05.2024 14:10:26
0,271.13,1446,874,27.07,69.53,0,4.87,16.05.2024 14:10:28
0,266.44,1421,874,27.08,69.50,0,4.40,16.05.2024 14:10:30
0,266.44,1421,875,27.10,69.57,0,4.38,16.05.2024 14:10:32
0,266.81,1423,874,27.10,69.52,0,4.42,16.05.2024 14:10:34
0,267.75,1428,873,27.08,69.53,0,4.52,16.05.2024 14:10:36
0,267.75,1428,873,27.07,69.52,0,4.53,16.05.2024 14:10:38
0,267.75,1428,873,27.06,69.52,0,4.54,16.05.2024 14:10:40
0,270.00,1440,873,27.07,69.52,0,4.76,16.05.2024 14:10:42
0,266.81,1423,873,27.06,69.54,0,4.45,16.05.2024 14:10:45
0,269.63,1438,874,27.07,69.55,0,4.71,16.05.2024 14:10:47
0,268.69,1433,874,27.07,69.51,0,4.63,16.05.2024 14:10:49
0,268.50,1432,874,27.08,69.55,0,4.59,16.05.2024 14:10:51
0,268.69,1433,874,27.06,69.57,0,4.63,16.05.2024 14:10:55
0,272.25,1452,874,27.07,69.54,0,4.98,16.05.2024 14:10:57
0,270.75,1444,873,27.07,69.54,0,4.83,16.05.2024 14:10:59
0,267.00,1424,874,27.07,69.54,0,4.46,16.05.2024 14:11:01
0,263.81,1407,873,27.08,69.57,0,4.14,16.05.2024 14:11:04
0,267.19,1425,873,27.06,69.55,0,4.48,16.05.2024 14:11:06
0,265.50,1416,873,27.06,69.54,0,4.32,16.05.2024 14:11:08
0,264.56,1411,873,27.06,69.52,0,4.23,16.05.2024 14:11:10
0,263.44,1405,874,27.07,69.55,0,4.11,16.05.2024 14:11:12
0,265.50,1416,874,27.06,69.54,0,4.32,16.05.2024 14:11:14
0,265.88,1418,874,27.06,69.55,0,4.36,16.05.2024 14:11:16
0,264.56,1411,874,27.04,69.58,0,4.24,16.05.2024 14:11:18
0,266.81,1423,875,27.03,69.51,0,4.48,16.05.2024 14:11:20
0,269.06,1435,875,27.08,69.56,0,4.65,16.05.2024 14:11:23
0,264.38,1410,874,27.06,69.55,0,4.21,16.05.2024 14:11:25
0,262.31,1399,874,27.04,69.56,0,4.03,16.05.2024 14:11:27
0,264.00,1408,875,27.07,69.60,0,4.16,16.05.2024 14:11:29
0,264.94,1413,875,27.06,69.58,0,4.26,16.05.2024 14:11:31
0,268.13,1430,875,27.03,69.58,0,4.59,16.05.2024 14:11:33
0,264.56,1411,875,27.04,69.57,0,4.24,16.05.2024 14:11:35
0,266.06,1419,875,27.06,69.57,0,4.37,16.05.2024 14:11:37
0,265.31,1415,875,27.04,69.58,0,4.31,16.05.2024 14:11:40
0,269.81,1439,876,27.04,69.59,0,4.75,16.05.2024 14:11:42
0,267.94,1429,876,27.04,69.59,0,4.56,16.05.2024 14:11:44
0,264.75,1412,876,27.06,69.60,0,4.24,16.05.2024 14:11:46
0,266.63,1422,876,27.01,69.57,0,4.45,16.05.2024 14:11:48
0,269.44,1437,877,27.06,69.58,0,4.70,16.05.2024 14:11:50
0,267.94,1429,877,27.04,69.58,0,4.56,16.05.2024 14:11:52
0,267.19,1425,877,27.04,69.59,0,4.49,16.05.2024 14:11:54
0,268.13,1430,877,27.06,69.58,0,4.57,16.05.2024 14:11:56
0,270.19,1441,878,27.04,69.59,0,4.79,16.05.2024 14:11:59
0,273.94,1461,877,27.01,69.60,0,5.19,16.05.2024 14:12:01
0,267.94,1429,877,27.03,69.61,0,4.57,16.05.2024 14:12:03
0,266.44,1421,878,27.03,69.60,0,4.42,16.05.2024 14:12:05
0,272.44,1453,878,27.04,69.60,0,5.01,16.05.2024 14:12:07
0,271.50,1448,877,27.03,69.58,0,4.93,16.05.2024 14:12:09
0,272.63,1454,877,27.03,69.62,0,5.04,16.05.2024 14:12:11
0,269.44,1437,877,27.04,69.60,0,4.71,16.05.2024 14:12:13
0,270.94,1445,878,27.03,69.62,0,4.87,16.05.2024 14:12:16
0,271.50,1448,878,27.01,69.61,0,4.94,16.05.2024 14:12:18
0,267.38,1426,878,27.03,69.58,0,4.52,16.05.2024 14:12:20
0,268.31,1431,878,27.01,69.58,0,4.62,16.05.2024 14:12:22
0,270.00,1440,878,27.03,69.60,0,4.77,16.05.2024 14:12:24
0,271.88,1450,879,27.01,69.61,0,4.97,16.05.2024 14:12:26
0,268.50,1432,879,27.01,69.59,0,4.64,16.05.2024 14:12:28
0,271.88,1450,879,27.03,69.60,0,4.97,16.05.2024 14:12:30
0,269.63,1438,879,27.01,69.63,0,4.74,16.05.2024 14:12:32
0,273.19,1457,879,27.04,69.66,0,5.08,16.05.2024 14:12:35
0,268.13,1430,879,27.00,69.62,0,4.60,16.05.2024 14:12:37
0,268.88,1434,880,27.01,69.63,0,4.67,16.05.2024 14:12:39
0,275.63,1470,881,27.03,69.63,0,5.35,16.05.2024 14:12:41
0,269.25,1436,880,27.03,69.62,0,4.70,16.05.2024 14:12:43
0,273.19,1457,881,27.03,69.63,0,5.10,16.05.2024 14:12:45
0,268.50,1432,880,27.01,69.65,0,4.63,16.05.2024 14:12:47
0,271.69,1449,880,27.03,69.63,0,4.94,16.05.2024 14:12:49
0,269.63,1438,880,26.98,69.62,0,4.76,16.05.2024 14:12:52
0,267.38,1426,881,27.01,69.64,0,4.52,16.05.2024 14:12:54
0,268.13,1430,881,27.01,69.63,0,4.59,16.05.2024 14:12:56
0,266.63,1422,881,27.01,69.63,0,4.45,16.05.2024 14:12:58
0,268.31,1431,881,27.01,69.64,0,4.61,16.05.2024 14:13:00
0,267.38,1426,881,27.01,69.64,0,4.52,16.05.2024 14:13:02
0,270.19,1441,881,27.03,69.60,0,4.79,16.05.2024 14:13:04
0,267.56,1427,880,26.98,69.62,0,4.56,16.05.2024 14:13:06
0,270.00,1440,879,27.00,69.64,0,4.79,16.05.2024 14:13:08
0,268.31,1431,880,27.01,69.68,0,4.60,16.05.2024 14:13:11
0,268.31,1431,880,26.98,69.67,0,4.62,16.05.2024 14:13:13
0,269.63,1438,880,26.98,69.63,0,4.76,16.05.2024 14:13:15
0,269.63,1438,880,27.01,69.66,0,4.74,16.05.2024 14:13:17
0,273.00,1456,880,26.96,69.66,0,5.13,16.05.2024 14:13:19
0,267.75,1428,880,26.98,69.62,0,4.58,16.05.2024 14:13:21
0,266.44,1421,881,26.98,69.63,0,4.45,16.05.2024 14:13:23
0,270.56,1443,881,26.98,69.63,0,4.86,16.05.2024 14:13:25
0,268.31,1431,881,27.00,69.65,0,4.62,16.05.2024 14:13:28
0,270.56,1443,881,26.97,69.65,0,4.86,16.05.2024 14:13:30
0,270.00,1440,881,27.00,69.66,0,4.78,16.05.2024 14:13:32
0,267.38,1426,881,26.98,69.67,0,4.53,16.05.2024 14:13:34
0,269.81,1439,881,26.98,69.60,0,4.79,16.05.2024 14:13:36
0,270.00,1440,880,26.98,69.68,0,4.79,16.05.2024 14:13:38
0,269.63,1438,880,26.98,69.64,0,4.76,16.05.2024 14:13:40
0,268.50,1432,880,26.98,69.64,0,4.65,16.05.2024 14:13:42
0,266.63,1422,881,26.98,69.64,0,4.46,16.05.2024 14:13:44
0,271.13,1446,880,26.98,69.65,0,4.91,16.05.2024 14:13:47
0,267.94,1429,881,26.98,69.65,0,4.59,16.05.2024 14:13:49
0,270.00,1440,881,26.97,69.65,0,4.81,16.05.2024 14:13:51
0,266.25,1420,882,27.00,69.69,0,4.41,16.05.2024 14:13:53
0,268.13,1430,882,27.00,69.67,0,4.60,16.05.2024 14:13:55
0,266.63,1422,882,27.00,69.66,0,4.45,16.05.2024 14:13:57
0,267.75,1428,882,26.98,69.65,0,4.57,16.05.2024 14:13:59
0,271.88,1450,883,27.00,69.68,0,4.97,16.05.2024 14:14:01
0,268.69,1433,883,26.98,69.66,0,4.66,16.05.2024 14:14:04
0,264.56,1411,883,26.97,69.65,0,4.27,16.05.2024 14:14:06
0,269.81,1439,883,26.98,69.67,0,4.77,16.05.2024 14:14:08
0,270.56,1443,883,26.97,69.68,0,4.86,16.05.2024 14:14:10
0,266.63,1422,882,26.98,69.69,0,4.45,16.05.2024 14:14:12
0,266.44,1421,882,26.97,69.69,0,4.45,16.05.2024 14:14:14
0,269.06,1435,881,26.98,69.66,0,4.70,16.05.2024 14:14:16
0,267.94,1429,881,26.97,69.68,0,4.60,16.05.2024 14:14:18
0,270.56,1443,882,26.97,69.69,0,4.86,16.05.2024 14:14:20
0,270.00,1440,882,26.96,69.69,0,4.81,16.05.2024 14:14:23
0,268.13,1430,882,26.98,69.67,0,4.61,16.05.2024 14:14:25
0,266.63,1422,882,26.97,69.69,0,4.46,16.05.2024 14:14:27
0,269.81,1439,882,26.94,69.67,0,4.81,16.05.2024 14:14:29
0,269.25,1436,882,26.96,69.68,0,4.74,16.05.2024 14:14:31
0,269.81,1439,882,26.94,69.67,0,4.81,16.05.2024 14:14:33
0,267.94,1429,882,26.96,69.71,0,4.60,16.05.2024 14:14:35
0,268.31,1431,882,26.97,69.71,0,4.63,16.05.2024 14:14:37
0,269.25,1436,882,26.94,69.67,0,4.75,16.05.2024 14:14:40
0,269.25,1436,882,26.94,69.69,0,4.75,16.05.2024 14:14:42
0,268.50,1432,882,26.96,69.68,0,4.66,16.05.2024 14:14:44
0,264.75,1412,882,26.97,69.68,0,4.28,16.05.2024 14:14:46
0,267.56,1427,882,26.94,69.69,0,4.58,16.05.2024 14:14:48
0,271.31,1447,882,26.96,69.69,0,4.94,16.05.2024 14:14:50
0,266.25,1420,882,26.98,69.71,0,4.41,16.05.2024 14:14:53
0,269.25,1436,881,26.96,69.71,0,4.73,16.05.2024 14:14:55
0,268.31,1431,881,26.96,69.73,0,4.63,16.05.2024 14:14:57
0,268.69,1433,881,26.96,69.69,0,4.68,16.05.2024 14:15:00
0,269.06,1435,881,26.96,69.70,0,4.71,16.05.2024 14:15:02
0,264.38,1410,881,26.96,69.71,0,4.25,16.05.2024 14:15:04
0,264.75,1412,881,26.96,69.71,0,4.29,16.05.2024 14:15:07
0,267.56,1427,881,26.97,69.71,0,4.55,16.05.2024 14:15:09
0,264.56,1411,881,26.94,69.72,0,4.28,16.05.2024 14:15:12
0,268.88,1434,881,26.93,69.70,0,4.72,16.05.2024 14:15:14
0,268.50,1432,881,26.94,69.69,0,4.67,16.05.2024 14:15:16
0,272.81,1455,881,26.94,69.71,0,5.11,16.05.2024 14:15:18
0,266.63,1422,881,26.96,69.71,0,4.47,16.05.2024 14:15:20
0,267.75,1428,881,26.96,69.71,0,4.58,16.05.2024 14:15:22
0,269.81,1439,880,26.94,69.69,0,4.80,16.05.2024 14:15:24
0,270.19,1441,881,26.96,69.69,0,4.83,16.05.2024 14:15:27
0,267.56,1427,880,26.93,69.71,0,4.58,16.05.2024 14:15:29
0,265.69,1417,881,26.94,69.76,0,4.38,16.05.2024 14:15:31
0,264.19,1409,881,26.94,69.69,0,4.25,16.05.2024 14:15:33
0,265.88,1418,881,26.96,69.73,0,4.39,16.05.2024 14:15:35
0,269.06,1435,880,26.93,69.72,0,4.73,16.05.2024 14:15:37
0,267.19,1425,880,26.94,69.71,0,4.54,16.05.2024 14:15:39
0,266.81,1423,881,26.94,69.74,0,4.49,16.05.2024 14:15:41
0,269.63,1438,880,26.93,69.68,0,4.80,16.05.2024 14:15:44
0,269.25,1436,880,26.93,69.71,0,4.75,16.05.2024 14:15:46
0,268.69,1433,881,26.93,69.73,0,4.69,16.05.2024 14:15:48
0,266.25,1420,882,26.93,69.70,0,4.46,16.05.2024 14:15:50
0,267.00,1424,881,26.93,69.75,0,4.52,16.05.2024 14:15:52
0,269.63,1438,881,26.91,69.73,0,4.80,16.05.2024 14:15:54
0,266.63,1422,882,26.91,69.74,0,4.50,16.05.2024 14:15:56
0,267.19,1425,882,26.94,69.71,0,4.54,16.05.2024 14:15:58
0,266.81,1423,882,26.91,69.72,0,4.52,16.05.2024 14:16:00
0,266.25,1420,882,26.91,69.73,0,4.46,16.05.2024 14:16:05
0,266.06,1419,882,26.91,69.72,0,4.44,16.05.2024 14:16:07
0,263.25,1404,881,26.87,69.74,0,4.20,16.05.2024 14:16:09
0,268.31,1431,881,26.94,69.73,0,4.64,16.05.2024 14:16:11
0,266.06,1419,881,26.93,69.72,0,4.43,16.05.2024 14:16:13
0,266.06,1419,881,26.91,69.75,0,4.44,16.05.2024 14:16:15
0,266.25,1420,881,26.93,69.74,0,4.45,16.05.2024 14:16:17
0,265.13,1414,882,26.91,69.76,0,4.35,16.05.2024 14:16:19
0,264.75,1412,882,26.93,69.74,0,4.30,16.05.2024 14:16:21
0,263.06,1403,883,26.93,69.75,0,4.14,16.05.2024 14:16:24
0,265.13,1414,883,26.90,69.75,0,4.36,16.05.2024 14:16:26
0,264.19,1409,883,26.90,69.77,0,4.26,16.05.2024 14:16:28
0,260.25,1388,883,26.90,69.77,0,3.89,16.05.2024 14:16:30
0,264.19,1409,883,26.91,69.76,0,4.26,16.05.2024 14:16:32
0,267.75,1428,883,26.90,69.73,0,4.62,16.05.2024 14:16:34
0,264.75,1412,883,26.93,69.80,0,4.29,16.05.2024 14:16:36
0,266.06,1419,883,26.94,69.77,0,4.42,16.05.2024 14:16:38
0,264.00,1408,883,26.93,69.76,0,4.23,16.05.2024 14:16:41
0,264.38,1410,882,26.90,69.76,0,4.28,16.05.2024 14:16:43
0,264.56,1411,882,26.90,69.78,0,4.30,16.05.2024 14:16:45
0,263.44,1405,882,26.89,69.74,0,4.21,16.05.2024 14:16:47
0,266.06,1419,882,26.89,69.75,0,4.46,16.05.2024 14:16:49
0,263.63,1406,882,26.90,69.78,0,4.21,16.05.2024 14:16:51
0,264.19,1409,882,26.89,69.76,0,4.27,16.05.2024 14:16:53
0,265.69,1417,882,26.89,69.76,0,4.42,16.05.2024 14:16:55
0,265.69,1417,882,26.91,69.76,0,4.40,16.05.2024 14:16:57
0,268.88,1434,882,26.89,69.77,0,4.74,16.05.2024 14:17:00
0,269.25,1436,882,26.86,69.76,0,4.79,16.05.2024 14:17:02
0,267.56,1427,882,26.91,69.80,0,4.58,16.05.2024 14:17:04
0,265.31,1415,882,26.89,69.81,0,4.38,16.05.2024 14:17:06
0,266.81,1423,883,26.84,69.76,0,4.56,16.05.2024 14:17:08
0,268.69,1433,883,26.90,69.78,0,4.70,16.05.2024 14:17:10
0,268.31,1431,883,26.89,69.80,0,4.67,16.05.2024 14:17:12
0,268.13,1430,883,26.90,69.81,0,4.64,16.05.2024 14:17:14
0,266.25,1420,884,26.91,69.81,0,4.45,16.05.2024 14:17:17
0,267.94,1429,883,26.89,69.80,0,4.64,16.05.2024 14:17:19
0,265.50,1416,883,26.90,69.81,0,4.38,16.05.2024 14:17:21
0,266.44,1421,883,26.89,69.81,0,4.49,16.05.2024 14:17:23
0,265.50,1416,882,26.89,69.81,0,4.39,16.05.2024 14:17:25
0,267.75,1428,883,26.86,69.80,0,4.64,16.05.2024 14:17:27
0,270.56,1443,883,26.87,69.82,0,4.91,16.05.2024 14:17:29
0,269.25,1436,884,26.89,69.81,0,4.77,16.05.2024 14:17:31
0,271.69,1449,884,26.87,69.80,0,5.03,16.05.2024 14:17:33
0,267.94,1429,884,26.89,69.80,0,4.64,16.05.2024 14:17:36
0,266.06,1419,884,26.86,69.81,0,4.47,16.05.2024 14:17:38
0,269.25,1436,884,26.87,69.81,0,4.78,16.05.2024 14:17:40
0,265.88,1418,883,26.86,69.82,0,4.45,16.05.2024 14:17:42
0,269.81,1439,883,26.89,69.79,0,4.83,16.05.2024 14:17:44
0,269.44,1437,883,26.87,69.82,0,4.79,16.05.2024 14:17:46
0,269.06,1435,884,26.86,69.81,0,4.77,16.05.2024 14:17:48
0,268.13,1430,884,26.87,69.83,0,4.66,16.05.2024 14:17:50
0,264.00,1408,884,26.87,69.83,0,4.25,16.05.2024 14:17:53
0,269.06,1435,884,26.84,69.81,0,4.78,16.05.2024 14:17:55
0,268.31,1431,885,26.87,69.82,0,4.68,16.05.2024 14:17:57
0,268.31,1431,885,26.84,69.79,0,4.71,16.05.2024 14:17:59
0,268.69,1433,885,26.87,69.83,0,4.71,16.05.2024 14:18:01
0,269.44,1437,885,26.87,69.83,0,4.79,16.05.2024 14:18:03
0,268.50,1432,885,26.87,69.83,0,4.70,16.05.2024 14:18:05
0,269.81,1439,885,26.86,69.84,0,4.84,16.05.2024 14:18:07
0,267.94,1429,885,26.86,69.82,0,4.65,16.05.2024 14:18:09
0,267.38,1426,885,26.86,69.84,0,4.59,16.05.2024 14:18:12
0,270.56,1443,885,26.83,69.84,0,4.94,16.05.2024 14:18:14
0,271.13,1446,885,26.86,69.82,0,4.98,16.05.2024 14:18:16
0,267.00,1424,886,26.86,69.84,0,4.55,16.05.2024 14:18:18
0,270.75,1444,886,26.84,69.84,0,4.95,16.05.2024 14:18:20
0,269.81,1439,886,26.86,69.84,0,4.84,16.05.2024 14:18:22
0,264.56,1411,886,26.86,69.85,0,4.31,16.05.2024 14:18:24
0,269.63,1438,885,26.86,69.84,0,4.82,16.05.2024 14:18:26
0,268.50,1432,885,26.86,69.88,0,4.70,16.05.2024 14:18:28
0,268.88,1434,886,26.86,69.85,0,4.74,16.05.2024 14:18:31
0,264.56,1411,887,26.84,69.84,0,4.33,16.05.2024 14:18:33
0,271.13,1446,887,26.87,69.87,0,4.96,16.05.2024 14:18:35
0,265.50,1416,887,26.84,69.82,0,4.42,16.05.2024 14:18:37
0,265.31,1415,887,26.84,69.85,0,4.40,16.05.2024 14:18:39
0,267.00,1424,887,26.84,69.83,0,4.57,16.05.2024 14:18:41
0,270.75,1444,887,26.84,69.88,0,4.94,16.05.2024 14:18:43
0,271.31,1447,888,26.86,69.84,0,4.99,16.05.2024 14:18:45
0,264.00,1408,888,26.83,69.86,0,4.28,16.05.2024 14:18:48
0,267.56,1427,888,26.83,69.86,0,4.63,16.05.2024 14:18:50
0,270.19,1441,888,26.83,69.84,0,4.90,16.05.2024 14:18:52
0,263.06,1403,888,26.84,69.84,0,4.18,16.05.2024 14:18:54
0,264.94,1413,888,26.84,69.85,0,4.36,16.05.2024 14:18:56
0,262.69,1401,888,26.82,69.86,0,4.16,16.05.2024 14:18:58
0,264.94,1413,888,26.84,69.87,0,4.36,16.05.2024 14:19:00
0,265.88,1418,889,26.83,69.87,0,4.46,16.05.2024 14:19:02
0,267.75,1428,888,26.83,69.89,0,4.64,16.05.2024 14:19:04
0,266.06,1419,888,26.86,69.89,0,4.45,16.05.2024 14:19:07
0,267.94,1429,889,26.83,69.90,0,4.66,16.05.2024 14:19:09
0,268.31,1431,889,26.84,69.86,0,4.69,16.05.2024 14:19:11
0,267.00,1424,889,26.83,69.94,0,4.56,16.05.2024 14:19:13
0,267.56,1427,890,26.84,69.87,0,4.62,16.05.2024 14:19:15
0,265.69,1417,890,26.83,69.88,0,4.44,16.05.2024 14:19:17
0,269.25,1436,890,26.83,69.92,0,4.79,16.05.2024 14:19:19
0,267.38,1426,889,26.82,69.86,0,4.62,16.05.2024 14:19:21
0,267.75,1428,890,26.83,69.88,0,4.64,16.05.2024 14:19:24
0,268.88,1434,890,26.82,69.90,0,4.76,16.05.2024 14:19:26
0,267.19,1425,890,26.82,69.88,0,4.60,16.05.2024 14:19:28
0,267.38,1426,891,26.83,69.88,0,4.61,16.05.2024 14:19:30
0,267.00,1424,891,26.83,69.89,0,4.57,16.05.2024 14:19:32
0,264.94,1413,890,26.82,69.87,0,4.38,16.05.2024 14:19:34
0,265.31,1415,890,26.84,69.90,0,4.39,16.05.2024 14:19:36
0,270.38,1442,890,26.82,69.88,0,4.92,16.05.2024 14:19:38
0,265.31,1415,889,26.82,69.87,0,4.41,16.05.2024 14:19:40
0,266.25,1420,890,26.80,69.87,0,4.51,16.05.2024 14:19:43
0,265.50,1416,890,26.82,69.90,0,4.43,16.05.2024 14:19:45
0,265.50,1416,890,26.82,69.89,0,4.43,16.05.2024 14:19:47
0,265.69,1417,890,26.82,69.89,0,4.45,16.05.2024 14:19:49
0,265.69,1417,890,26.80,69.89,0,4.46,16.05.2024 14:19:51
0,267.75,1428,890,26.82,69.87,0,4.66,16.05.2024 14:19:53
0,265.31,1415,890,26.82,69.92,0,4.40,16.05.2024 14:19:57
0,267.56,1427,890,26.82,69.90,0,4.63,16.05.2024 14:19:59
0,264.56,1411,890,26.80,69.90,0,4.34,16.05.2024 14:20:02
0,265.88,1418,890,26.80,69.91,0,4.47,16.05.2024 14:20:04
0,268.88,1434,890,26.82,69.93,0,4.76,16.05.2024 14:20:06
0,266.44,1421,890,26.82,69.93,0,4.51,16.05.2024 14:20:08
0,264.75,1412,890,26.80,69.93,0,4.36,16.05.2024 14:20:10
0,260.63,1390,890,26.83,69.91,0,3.95,16.05.2024 14:20:12
0,261.56,1395,890,26.79,69.94,0,4.06,16.05.2024 14:20:14
0,258.38,1378,890,26.82,69.92,0,3.75,16.05.2024 14:20:16
0,262.69,1401,891,26.77,69.93,0,4.18,16.05.2024 14:20:18
0,262.69,1401,891,26.79,69.94,0,4.17,16.05.2024 14:20:21
0,265.13,1414,891,26.82,69.96,0,4.38,16.05.2024 14:20:23
0,264.75,1412,891,26.79,69.97,0,4.36,16.05.2024 14:20:25
0,263.81,1407,891,26.79,69.91,0,4.28,16.05.2024 14:20:27
0,261.94,1397,891,26.80,69.95,0,4.08,16.05.2024 14:20:29
0,265.88,1418,892,26.79,69.94,0,4.48,16.05.2024 14:20:31
0,267.56,1427,892,26.80,69.94,0,4.63,16.05.2024 14:20:33
0,262.88,1402,893,26.80,69.91,0,4.18,16.05.2024 14:20:35
0,261.00,1392,893,26.80,69.94,0,4.00,16.05.2024 14:20:38
0,266.81,1423,892,26.80,69.96,0,4.55,16.05.2024 14:20:40
0,266.25,1420,892,26.77,69.94,0,4.52,16.05.2024 14:20:42
0,264.19,1409,892,26.80,69.97,0,4.30,16.05.2024 14:20:44
0,264.00,1408,892,26.77,69.96,0,4.30,16.05.2024 14:20:46
0,264.94,1413,892,26.79,69.94,0,4.38,16.05.2024 14:20:48
0,265.69,1417,892,26.80,69.96,0,4.44,16.05.2024 14:20:50
0,262.31,1399,892,26.79,69.96,0,4.13,16.05.2024 14:20:52
0,264.94,1413,892,26.74,69.95,0,4.42,16.05.2024 14:20:54
0,266.63,1422,892,26.77,69.95,0,4.56,16.05.2024 14:20:57
0,264.94,1413,892,26.74,69.96,0,4.41,16.05.2024 14:20:59
0,265.50,1416,891,26.77,69.97,0,4.44,16.05.2024 14:21:01
0,265.69,1417,892,26.77,69.98,0,4.46,16.05.2024 14:21:03
0,264.94,1413,891,26.79,69.98,0,4.38,16.05.2024 14:21:05
0,267.75,1428,891,26.77,69.99,0,4.66,16.05.2024 14:21:07
0,261.56,1395,891,26.77,69.97,0,4.07,16.05.2024 14:21:09
0,265.88,1418,891,26.76,69.96,0,4.49,16.05.2024 14:21:11
0,269.06,1435,891,26.76,69.97,0,4.81,16.05.2024 14:21:14
0,268.50,1432,891,26.76,70.01,0,4.75,16.05.2024 14:21:16
0,270.38,1442,891,26.77,69.99,0,4.93,16.05.2024 14:21:18
0,267.00,1424,892,26.76,69.99,0,4.60,16.05.2024 14:21:20
0,270.94,1445,892,26.74,69.99,0,5.01,16.05.2024 14:21:22
0,270.94,1445,892,26.76,70.00,0,5.00,16.05.2024 14:21:24
0,267.38,1426,892,26.74,69.99,0,4.65,16.05.2024 14:21:26
0,263.06,1403,892,26.77,69.99,0,4.20,16.05.2024 14:21:28
0,269.25,1436,892,26.74,70.02,0,4.83,16.05.2024 14:21:31
0,268.88,1434,891,26.74,69.99,0,4.80,16.05.2024 14:21:33
0,267.38,1426,891,26.74,70.01,0,4.65,16.05.2024 14:21:35
0,268.69,1433,891,26.76,70.00,0,4.77,16.05.2024 14:21:37
0,267.00,1424,892,26.76,69.99,0,4.60,16.05.2024 14:21:39
0,264.38,1410,892,26.76,70.00,0,4.34,16.05.2024 14:21:41
0,267.94,1429,892,26.76,70.02,0,4.69,16.05.2024 14:21:43
0,266.06,1419,892,26.74,70.05,0,4.51,16.05.2024 14:21:45
0,268.69,1433,892,26.79,70.03,0,4.74,16.05.2024 14:21:47
0,267.75,1428,892,26.74,70.02,0,4.68,16.05.2024 14:21:50
0,268.31,1431,892,26.74,70.05,0,4.73,16.05.2024 14:21:52
0,272.25,1452,892,26.74,70.02,0,5.15,16.05.2024 14:21:54
0,265.88,1418,892,26.77,70.00,0,4.48,16.05.2024 14:21:56
0,263.63,1406,892,26.77,70.04,0,4.25,16.05.2024 14:21:58
0,266.06,1419,892,26.73,70.00,0,4.53,16.05.2024 14:22:00
0,263.44,1405,893,26.71,70.01,0,4.28,16.05.2024 14:22:02
0,263.06,1403,893,26.74,70.04,0,4.22,16.05.2024 14:22:04
0,267.00,1424,893,26.74,70.03,0,4.61,16.05.2024 14:22:07
0,268.88,1434,892,26.73,70.03,0,4.80,16.05.2024 14:22:09
0,267.94,1429,892,26.73,70.03,0,4.71,16.05.2024 14:22:11
0,270.19,1441,892,26.74,70.03,0,4.93,16.05.2024 14:22:13
0,267.75,1428,892,26.74,70.05,0,4.68,16.05.2024 14:22:15
0,267.00,1424,892,26.73,70.03,0,4.62,16.05.2024 14:22:17
0,268.31,1431,892,26.74,70.03,0,4.74,16.05.2024 14:22:19
0,268.31,1431,891,26.73,70.03,0,4.75,16.05.2024 14:22:21
0,264.00,1408,891,26.71,70.02,0,4.33,16.05.2024 14:22:23
0,263.81,1407,891,26.74,70.05,0,4.29,16.05.2024 14:22:26
0,268.31,1431,891,26.74,70.05,0,4.73,16.05.2024 14:22:28
0,267.19,1425,891,26.76,70.06,0,4.61,16.05.2024 14:22:30
0,265.50,1416,891,26.74,70.05,0,4.45,16.05.2024 14:22:32
0,265.88,1418,891,26.73,70.03,0,4.50,16.05.2024 14:22:34
0,267.38,1426,891,26.73,70.03,0,4.65,16.05.2024 14:22:36
0,269.81,1439,891,26.73,70.08,0,4.89,16.05.2024 14:22:38
0,265.50,1416,892,26.74,70.05,0,4.45,16.05.2024 14:22:40
0,267.75,1428,891,26.71,70.05,0,4.70,16.05.2024 14:22:43
0,265.69,1417,891,26.73,70.06,0,4.48,16.05.2024 14:22:45
0,267.00,1424,891,26.73,70.03,0,4.61,16.05.2024 14:22:47
0,266.63,1422,891,26.73,70.07,0,4.57,16.05.2024 14:22:49
0,265.69,1417,891,26.73,70.07,0,4.48,16.05.2024 14:22:51
0,268.31,1431,891,26.71,70.05,0,4.75,16.05.2024 14:22:53
0,267.00,1424,890,26.70,70.06,0,4.63,16.05.2024 14:22:55
0,265.31,1415,891,26.74,70.05,0,4.43,16.05.2024 14:22:57
0,266.44,1421,890,26.73,70.04,0,4.56,16.05.2024 14:22:59
0,264.38,1410,890,26.73,70.07,0,4.35,16.05.2024 14:23:02
0,262.88,1402,890,26.71,70.07,0,4.21,16.05.2024 14:23:04
0,263.44,1405,890,26.70,70.07,0,4.28,16.05.2024 14:23:06
0,267.75,1428,890,26.71,70.05,0,4.70,16.05.2024 14:23:08
0,265.88,1418,889,26.71,70.08,0,4.50,16.05.2024 14:23:10
0,264.00,1408,890,26.71,70.08,0,4.32,16.05.2024 14:23:12
0,268.31,1431,891,26.71,70.09,0,4.75,16.05.2024 14:23:14
0,269.06,1435,891,26.70,70.07,0,4.84,16.05.2024 14:23:16
0,265.50,1416,891,26.71,70.07,0,4.47,16.05.2024 14:23:19
0,269.25,1436,892,26.74,70.10,0,4.82,16.05.2024 14:23:21
0,269.81,1439,892,26.73,70.07,0,4.89,16.05.2024 14:23:23
0,268.50,1432,892,26.71,70.08,0,4.77,16.05.2024 14:23:25
0,267.56,1427,892,26.70,70.10,0,4.68,16.05.2024 14:23:27
0,264.75,1412,892,26.70,70.09,0,4.40,16.05.2024 14:23:29
0,266.06,1419,893,26.70,70.09,0,4.53,16.05.2024 14:23:31
0,266.06,1419,893,26.71,70.09,0,4.52,16.05.2024 14:23:33
0,267.00,1424,893,26.70,70.10,0,4.62,16.05.2024 14:23:36
0,266.44,1421,892,26.70,70.06,0,4.57,16.05.2024 14:23:38
0,266.44,1421,892,26.71,70.10,0,4.56,16.05.2024 14:23:40
0,266.63,1422,891,26.70,70.09,0,4.59,16.05.2024 14:23:42
0,265.88,1418,891,26.71,70.12,0,4.50,16.05.2024 14:23:44
0,263.63,1406,890,26.67,70.08,0,4.31,16.05.2024 14:23:46
0,264.75,1412,890,26.71,70.12,0,4.39,16.05.2024 14:23:48
0,263.63,1406,890,26.71,70.11,0,4.28,16.05.2024 14:23:50
0,266.44,1421,890,26.70,70.10,0,4.56,16.05.2024 14:23:52
0,265.31,1415,891,26.73,70.09,0,4.44,16.05.2024 14:23:55
0,266.81,1423,891,26.68,70.10,0,4.61,16.05.2024 14:23:57
0,266.25,1420,891,26.70,70.14,0,4.54,16.05.2024 14:23:59
0,267.19,1425,891,26.68,70.11,0,4.65,16.05.2024 14:24:01
0,264.00,1408,891,26.67,70.10,0,4.35,16.05.2024 14:24:03
0,265.69,1417,891,26.68,70.09,0,4.50,16.05.2024 14:24:05
0,262.88,1402,891,26.67,70.14,0,4.23,16.05.2024 14:24:09
0,265.69,1417,891,26.68,70.09,0,4.50,16.05.2024 14:24:11
0,262.31,1399,891,26.70,70.11,0,4.16,16.05.2024 14:24:14
0,264.19,1409,891,26.68,70.09,0,4.36,16.05.2024 14:24:16
0,264.38,1410,890,26.71,70.11,0,4.35,16.05.2024 14:24:18
0,264.56,1411,890,26.68,70.12,0,4.39,16.05.2024 14:24:20
0,267.38,1426,890,26.68,70.13,0,4.67,16.05.2024 14:24:22
0,266.63,1422,890,26.68,70.11,0,4.59,16.05.2024 14:24:24
0,261.94,1397,889,26.68,70.12,0,4.14,16.05.2024 14:24:26
0,265.13,1414,889,26.68,70.13,0,4.44,16.05.2024 14:24:28
0,264.19,1409,889,26.70,70.11,0,4.34,16.05.2024 14:24:30
0,260.06,1387,890,26.68,70.11,0,3.96,16.05.2024 14:24:33
0,262.69,1401,889,26.68,70.12,0,4.21,16.05.2024 14:24:35
0,264.75,1412,889,26.67,70.14,0,4.41,16.05.2024 14:24:37
0,260.44,1389,889,26.67,70.15,0,4.00,16.05.2024 14:24:39
0,263.63,1406,890,26.68,70.16,0,4.29,16.05.2024 14:24:41
0,265.50,1416,890,26.68,70.15,0,4.48,16.05.2024 14:24:43
0,267.38,1426,890,26.68,70.13,0,4.67,16.05.2024 14:24:45
0,261.75,1396,891,26.67,70.14,0,4.12,16.05.2024 14:24:47
0,263.63,1406,890,26.66,70.13,0,4.31,16.05.2024 14:24:50
0,264.94,1413,891,26.68,70.15,0,4.42,16.05.2024 14:24:52
0,261.19,1393,892,26.67,70.16,0,4.07,16.05.2024 14:24:54
0,263.25,1404,892,26.67,70.16,0,4.26,16.05.2024 14:24:56
0,262.31,1399,892,26.66,70.16,0,4.18,16.05.2024 14:24:58
0,264.75,1412,893,26.68,70.15,0,4.40,16.05.2024 14:25:00
0,264.56,1411,893,26.67,70.18,0,4.39,16.05.2024 14:25:02
0,262.69,1401,893,26.64,70.15,0,4.23,16.05.2024 14:25:04
0,265.31,1415,894,26.67,70.17,0,4.46,16.05.2024 14:25:07
0,265.69,1417,894,26.67,70.18,0,4.50,16.05.2024 14:25:09
0,264.19,1409,893,26.68,70.22,0,4.34,16.05.2024 14:25:11
0,264.19,1409,893,26.66,70.16,0,4.36,16.05.2024 14:25:13
0,267.38,1426,893,26.66,70.20,0,4.67,16.05.2024 14:25:15
0,264.19,1409,893,26.64,70.15,0,4.37,16.05.2024 14:25:17
0,266.44,1421,892,26.66,70.15,0,4.59,16.05.2024 14:25:19
0,268.69,1433,891,26.68,70.18,0,4.79,16.05.2024 14:25:21
0,264.75,1412,891,26.66,70.21,0,4.41,16.05.2024 14:25:23
0,266.63,1422,891,26.66,70.20,0,4.60,16.05.2024 14:25:26
0,265.50,1416,892,26.64,70.19,0,4.50,16.05.2024 14:25:28
0,265.50,1416,891,26.66,70.21,0,4.48,16.05.2024 14:25:30
0,264.19,1409,892,26.66,70.20,0,4.36,16.05.2024 14:25:32
0,267.56,1427,892,26.66,70.19,0,4.69,16.05.2024 14:25:34
0,267.38,1426,893,26.63,70.21,0,4.69,16.05.2024 14:25:36
0,264.94,1413,893,26.67,70.22,0,4.42,16.05.2024 14:25:38
0,268.50,1432,893,26.66,70.19,0,4.79,16.05.2024 14:25:40
0,267.94,1429,893,26.63,70.19,0,4.75,16.05.2024 14:25:43
0,265.50,1416,893,26.64,70.21,0,4.49,16.05.2024 14:25:45
0,264.00,1408,893,26.64,70.21,0,4.35,16.05.2024 14:25:47
0,266.25,1420,893,26.64,70.21,0,4.57,16.05.2024 14:25:49
0,266.63,1422,893,26.67,70.20,0,4.59,16.05.2024 14:25:51
0,268.88,1434,893,26.66,70.22,0,4.82,16.05.2024 14:25:53
0,269.25,1436,893,26.62,70.21,0,4.89,16.05.2024 14:25:55
0,267.38,1426,892,26.63,70.21,0,4.69,16.05.2024 14:25:57
0,265.31,1415,893,26.64,70.21,0,4.48,16.05.2024 14:25:59
0,263.06,1403,893,26.63,70.21,0,4.27,16.05.2024 14:26:02
0,267.19,1425,893,26.64,70.22,0,4.66,16.05.2024 14:26:04
0,267.94,1429,893,26.62,70.21,0,4.76,16.05.2024 14:26:06
0,267.94,1429,893,26.63,70.23,0,4.75,16.05.2024 14:26:08
0,263.81,1407,892,26.63,70.23,0,4.34,16.05.2024 14:26:10
0,266.25,1420,893,26.63,70.25,0,4.57,16.05.2024 14:26:12
0,267.38,1426,893,26.62,70.21,0,4.70,16.05.2024 14:26:14
0,270.56,1443,893,26.63,70.23,0,5.02,16.05.2024 14:26:16
0,267.94,1429,892,26.64,70.24,0,4.73,16.05.2024 14:26:19
0,264.38,1410,893,26.64,70.21,0,4.38,16.05.2024 14:26:21
0,265.69,1417,892,26.63,70.21,0,4.52,16.05.2024 14:26:23
0,267.19,1425,892,26.62,70.25,0,4.68,16.05.2024 14:26:25
0,258.38,1378,892,26.63,70.21,0,3.82,16.05.2024 14:26:27
0,264.19,1409,891,26.63,70.25,0,4.37,16.05.2024 14:26:29
0,265.31,1415,891,26.63,70.21,0,4.49,16.05.2024 14:26:31
0,264.19,1409,891,26.64,70.26,0,4.36,16.05.2024 14:26:33
0,263.44,1405,891,26.64,70.25,0,4.29,16.05.2024 14:26:35
0,267.00,1424,890,26.60,70.23,0,4.67,16.05.2024 14:26:38
0,268.69,1433,891,26.60,70.25,0,4.84,16.05.2024 14:26:40
0,265.50,1416,891,26.64,70.27,0,4.48,16.05.2024 14:26:42
0,265.13,1414,891,26.63,70.28,0,4.46,16.05.2024 14:26:44
0,267.00,1424,891,26.62,70.26,0,4.65,16.05.2024 14:26:46
0,264.38,1410,891,26.63,70.23,0,4.39,16.05.2024 14:26:48
0,264.94,1413,891,26.62,70.26,0,4.45,16.05.2024 14:26:50
0,267.56,1427,891,26.63,70.26,0,4.70,16.05.2024 14:26:52
0,262.13,1398,891,26.62,70.24,0,4.18,16.05.2024 14:26:55
0,265.50,1416,891,26.62,70.27,0,4.50,16.05.2024 14:26:57
0,266.06,1419,890,26.62,70.26,0,4.56,16.05.2024 14:26:59
0,266.63,1422,891,26.63,70.25,0,4.61,16.05.2024 14:27:01
0,270.75,1444,890,26.63,70.28,0,5.03,16.05.2024 14:27:03
0,268.31,1431,890,26.62,70.27,0,4.79,16.05.2024 14:27:05
0,264.75,1412,890,26.62,70.26,0,4.43,16.05.2024 14:27:07
0,267.56,1427,890,26.62,70.25,0,4.71,16.05.2024 14:27:09
0,260.81,1391,890,26.60,70.26,0,4.06,16.05.2024 14:27:12
0,263.25,1404,889,26.60,70.27,0,4.29,16.05.2024 14:27:14
0,267.00,1424,889,26.62,70.25,0,4.66,16.05.2024 14:27:16
0,266.63,1422,889,26.62,70.27,0,4.62,16.05.2024 14:27:18
0,267.00,1424,889,26.60,70.28,0,4.66,16.05.2024 14:27:20
0,266.25,1420,889,26.62,70.30,0,4.57,16.05.2024 14:27:22
0,265.88,1418,889,26.59,70.28,0,4.56,16.05.2024 14:27:24
0,264.19,1409,888,26.60,70.26,0,4.39,16.05.2024 14:27:26
0,267.56,1427,888,26.59,70.27,0,4.73,16.05.2024 14:27:28
0,264.38,1410,888,26.60,70.27,0,4.40,16.05.2024 14:27:31
0,264.38,1410,888,26.60,70.29,0,4.40,16.05.2024 14:27:33
0,266.25,1420,887,26.57,70.30,0,4.60,16.05.2024 14:27:35
0,266.81,1423,887,26.60,70.29,0,4.64,16.05.2024 14:27:37
0,264.56,1411,887,26.62,70.30,0,4.41,16.05.2024 14:27:39
0,265.50,1416,886,26.60,70.28,0,4.51,16.05.2024 14:27:41
0,266.06,1419,886,26.62,70.29,0,4.56,16.05.2024 14:27:43
0,267.19,1425,886,26.59,70.31,0,4.69,16.05.2024 14:27:45
0,266.44,1421,886,26.59,70.32,0,4.61,16.05.2024 14:27:48
0,264.56,1411,886,26.59,70.28,0,4.43,16.05.2024 14:27:50
0,263.63,1406,887,26.60,70.31,0,4.32,16.05.2024 14:27:52
0,264.56,1411,887,26.60,70.28,0,4.42,16.05.2024 14:27:54
0,263.63,1406,887,26.59,70.30,0,4.34,16.05.2024 14:27:56
0,267.94,1429,887,26.60,70.28,0,4.76,16.05.2024 14:27:58
0,267.00,1424,887,26.62,70.29,0,4.65,16.05.2024 14:28:00
0,264.56,1411,887,26.60,70.32,0,4.41,16.05.2024 14:28:02
0,265.50,1416,887,26.59,70.32,0,4.52,16.05.2024 14:28:04
0,258.00,1376,886,26.57,70.30,0,3.81,16.05.2024 14:28:07
0,262.88,1402,885,26.56,70.31,0,4.28,16.05.2024 14:28:09
0,267.94,1429,886,26.57,70.34,0,4.77,16.05.2024 14:28:11
0,264.00,1408,886,26.59,70.32,0,4.37,16.05.2024 14:28:13
0,264.56,1411,886,26.59,70.30,0,4.43,16.05.2024 14:28:15
0,264.38,1410,885,26.59,70.33,0,4.40,16.05.2024 14:28:17
0,264.00,1408,886,26.57,70.34,0,4.37,16.05.2024 14:28:19
0,262.69,1401,885,26.59,70.32,0,4.24,16.05.2024 14:28:21
0,265.69,1417,885,26.57,70.31,0,4.55,16.05.2024 14:28:24
0,263.81,1407,884,26.59,70.32,0,4.35,16.05.2024 14:28:26
0,261.56,1395,884,26.57,70.32,0,4.14,16.05.2024 14:28:30
0,267.19,1425,884,26.57,70.32,0,4.69,16.05.2024 14:28:32
0,265.50,1416,884,26.59,70.34,0,4.51,16.05.2024 14:28:34
0,265.31,1415,885,26.59,70.32,0,4.50,16.05.2024 14:28:36
0,263.81,1407,885,26.56,70.34,0,4.36,16.05.2024 14:28:38
0,265.50,1416,885,26.56,70.34,0,4.53,16.05.2024 14:28:40
0,263.06,1403,885,26.56,70.34,0,4.29,16.05.2024 14:28:43
0,261.38,1394,886,26.59,70.34,0,4.11,16.05.2024 14:28:45
0,263.06,1403,885,26.59,70.34,0,4.27,16.05.2024 14:28:47
0,261.56,1395,885,26.57,70.33,0,4.14,16.05.2024 14:28:49
0,261.75,1396,885,26.59,70.37,0,4.14,16.05.2024 14:28:51
0,264.94,1413,884,26.59,70.33,0,4.46,16.05.2024 14:28:53
0,260.81,1391,885,26.56,70.36,0,4.07,16.05.2024 14:28:55
0,261.19,1393,885,26.57,70.36,0,4.10,16.05.2024 14:28:57
0,259.31,1383,885,26.56,70.39,0,3.93,16.05.2024 14:28:59
0,259.88,1386,885,26.59,70.37,0,3.97,16.05.2024 14:29:02
0,263.63,1406,886,26.59,70.39,0,4.32,16.05.2024 14:29:04
0,261.56,1395,885,26.56,70.35,0,4.15,16.05.2024 14:29:06
0,262.88,1402,885,26.57,70.38,0,4.26,16.05.2024 14:29:08
0,263.25,1404,885,26.56,70.38,0,4.30,16.05.2024 14:29:10
0,264.00,1408,885,26.56,70.37,0,4.38,16.05.2024 14:29:12
0,258.56,1379,885,26.57,70.41,0,3.85,16.05.2024 14:29:14
0,261.00,1392,885,26.56,70.40,0,4.08,16.05.2024 14:29:16
0,262.31,1399,884,26.56,70.40,0,4.21,16.05.2024 14:29:19
0,262.31,1399,883,26.57,70.39,0,4.20,16.05.2024 14:29:21
0,261.94,1397,883,26.57,70.43,0,4.16,16.05.2024 14:29:23
0,264.75,1412,882,26.55,70.39,0,4.46,16.05.2024 14:29:25
0,267.38,1426,883,26.56,70.43,0,4.70,16.05.2024 14:29:27
0,264.94,1413,882,26.56,70.41,0,4.46,16.05.2024 14:29:29
0,265.69,1417,882,26.56,70.41,0,4.54,16.05.2024 14:29:31
0,265.50,1416,882,26.55,70.41,0,4.53,16.05.2024 14:29:33
0,261.94,1397,883,26.56,70.40,0,4.17,16.05.2024 14:29:35
0,264.56,1411,883,26.55,70.45,0,4.43,16.05.2024 14:29:38
0,266.63,1422,883,26.53,70.40,0,4.65,16.05.2024 14:29:40
0,268.13,1430,883,26.56,70.39,0,4.79,16.05.2024 14:29:42
0,266.06,1419,883,26.55,70.39,0,4.59,16.05.2024 14:29:44
0,266.06,1419,883,26.55,70.41,0,4.59,16.05.2024 14:29:46
0,263.81,1407,883,26.55,70.44,0,4.36,16.05.2024 14:29:48
0,266.63,1422,883,26.53,70.42,0,4.65,16.05.2024 14:29:50
0,268.31,1431,884,26.56,70.42,0,4.80,16.05.2024 14:29:52
0,264.00,1408,883,26.53,70.43,0,4.39,16.05.2024 14:29:55
0,264.38,1410,884,26.53,70.42,0,4.43,16.05.2024 14:29:57
0,269.81,1439,884,26.56,70.44,0,4.95,16.05.2024 14:29:59
0,267.94,1429,885,26.55,70.47,0,4.76,16.05.2024 14:30:01
0,264.94,1413,885,26.52,70.46,0,4.49,16.05.2024 14:30:03
0,270.94,1445,885,26.55,70.44,0,5.08,16.05.2024 14:30:05
0,260.44,1389,886,26.56,70.42,0,4.03,16.05.2024 14:30:07
0,267.94,1429,886,26.55,70.45,0,4.77,16.05.2024 14:30:09
0,267.38,1426,886,26.55,70.44,0,4.71,16.05.2024 14:30:11
0,267.19,1425,887,26.53,70.42,0,4.71,16.05.2024 14:30:14
0,268.50,1432,887,26.57,70.45,0,4.80,16.05.2024 14:30:16
0,267.19,1425,887,26.53,70.46,0,4.70,16.05.2024 14:30:18
0,268.31,1431,887,26.53,70.44,0,4.82,16.05.2024 14:30:20
0,266.06,1419,887,26.53,70.48,0,4.58,16.05.2024 14:30:22
0,268.31,1431,887,26.52,70.48,0,4.82,16.05.2024 14:30:24
0,265.69,1417,886,26.52,70.45,0,4.56,16.05.2024 14:30:26
0,264.94,1413,887,26.53,70.49,0,4.47,16.05.2024 14:30:28
0,265.88,1418,886,26.55,70.49,0,4.55,16.05.2024 14:30:31
0,265.31,1415,886,26.53,70.47,0,4.51,16.05.2024 14:30:33
0,269.25,1436,886,26.55,70.48,0,4.90,16.05.2024 14:30:35
0,262.88,1402,886,26.55,70.49,0,4.26,16.05.2024 14:30:37
0,266.63,1422,887,26.53,70.49,0,4.64,16.05.2024 14:30:39
0,265.88,1418,886,26.52,70.46,0,4.58,16.05.2024 14:30:41
0,268.69,1433,886,26.52,70.48,0,4.86,16.05.2024 14:30:43
0,261.94,1397,886,26.50,70.48,0,4.20,16.05.2024 14:30:45
0,263.44,1405,886,26.50,70.47,0,4.35,16.05.2024 14:30:48
0,263.44,1405,886,26.52,70.47,0,4.34,16.05.2024 14:30:50
0,266.81,1423,886,26.52,70.47,0,4.67,16.05.2024 14:30:52
0,264.00,1408,886,26.52,70.47,0,4.39,16.05.2024 14:30:54
0,263.81,1407,886,26.53,70.49,0,4.36,16.05.2024 14:30:56
0,265.31,1415,886,26.53,70.51,0,4.50,16.05.2024 14:30:58
0,265.50,1416,886,26.52,70.49,0,4.54,16.05.2024 14:31:00
0,264.19,1409,886,26.55,70.51,0,4.38,16.05.2024 14:31:02
0,264.38,1410,887,26.52,70.49,0,4.43,16.05.2024 14:31:04
0,264.94,1413,886,26.53,70.52,0,4.47,16.05.2024 14:31:07
0,265.69,1417,887,26.53,70.50,0,4.54,16.05.2024 14:31:09
0,266.25,1420,886,26.52,70.53,0,4.60,16.05.2024 14:31:11
0,263.25,1404,887,26.52,70.52,0,4.31,16.05.2024 14:31:13
0,264.00,1408,887,26.53,70.52,0,4.37,16.05.2024 14:31:15
0,265.88,1418,886,26.53,70.49,0,4.56,16.05.2024 14:31:17
0,264.38,1410,886,26.52,70.47,0,4.43,16.05.2024 14:31:19
0,264.00,1408,885,26.50,70.49,0,4.40,16.05.2024 14:31:21
0,268.31,1431,885,26.52,70.53,0,4.81,16.05.2024 14:31:24
0,267.38,1426,884,26.50,70.49,0,4.73,16.05.2024 14:31:26
0,266.06,1419,885,26.50,70.52,0,4.60,16.05.2024 14:31:28
0,266.25,1420,885,26.53,70.53,0,4.59,16.05.2024 14:31:30
0,262.13,1398,885,26.53,70.57,0,4.18,16.05.2024 14:31:32
0,263.25,1404,885,26.52,70.52,0,4.31,16.05.2024 14:31:34
0,264.94,1413,884,26.53,70.53,0,4.46,16.05.2024 14:31:36
0,263.44,1405,883,26.50,70.54,0,4.34,16.05.2024 14:31:38
0,267.00,1424,883,26.50,70.54,0,4.69,16.05.2024 14:31:40
0,265.69,1417,882,26.49,70.56,0,4.56,16.05.2024 14:31:43
0,267.56,1427,882,26.50,70.52,0,4.75,16.05.2024 14:31:45
0,266.44,1421,882,26.50,70.52,0,4.63,16.05.2024 14:31:47
0,266.06,1419,882,26.50,70.54,0,4.59,16.05.2024 14:31:49
0,263.63,1406,881,26.50,70.52,0,4.35,16.05.2024 14:31:51
0,265.31,1415,881,26.52,70.57,0,4.50,16.05.2024 14:31:53
0,266.81,1423,881,26.50,70.54,0,4.67,16.05.2024 14:31:55
0,264.00,1408,881,26.49,70.58,0,4.39,16.05.2024 14:31:57
0,270.00,1440,881,26.50,70.57,0,4.99,16.05.2024 14:32:00
0,264.38,1410,882,26.49,70.57,0,4.43,16.05.2024 14:32:02
0,266.25,1420,882,26.47,70.60,0,4.62,16.05.2024 14:32:04
0,266.06,1419,883,26.50,70.55,0,4.59,16.05.2024 14:32:06
0,262.50,1400,883,26.50,70.59,0,4.23,16.05.2024 14:32:08
0,265.88,1418,883,26.50,70.57,0,4.57,16.05.2024 14:32:10
0,263.63,1406,883,26.50,70.57,0,4.35,16.05.2024 14:32:12
0,263.63,1406,883,26.49,70.55,0,4.36,16.05.2024 14:32:14
0,265.69,1417,882,26.52,70.58,0,4.54,16.05.2024 14:32:17
0,263.25,1404,882,26.49,70.59,0,4.32,16.05.2024 14:32:19
0,268.50,1432,883,26.52,70.59,0,4.82,16.05.2024 14:32:21
0,264.00,1408,882,26.50,70.59,0,4.38,16.05.2024 14:32:23
0,264.75,1412,882,26.49,70.63,0,4.46,16.05.2024 14:32:25
0,266.63,1422,882,26.50,70.58,0,4.64,16.05.2024 14:32:27
0,267.38,1426,882,26.49,70.62,0,4.72,16.05.2024 14:32:29
0,266.44,1421,881,26.47,70.61,0,4.64,16.05.2024 14:32:31
0,266.25,1420,881,26.47,70.64,0,4.62,16.05.2024 14:32:33
0,266.81,1423,882,26.49,70.65,0,4.66,16.05.2024 14:32:36
0,266.06,1419,882,26.47,70.60,0,4.60,16.05.2024 14:32:38
0,264.94,1413,882,26.49,70.62,0,4.48,16.05.2024 14:32:40
0,265.31,1415,881,26.49,70.62,0,4.52,16.05.2024 14:32:44
0,267.00,1424,881,26.50,70.60,0,4.68,16.05.2024 14:32:46
0,265.88,1418,881,26.47,70.60,0,4.59,16.05.2024 14:32:48
0,265.31,1415,881,26.46,70.62,0,4.53,16.05.2024 14:32:50
0,267.38,1426,881,26.50,70.61,0,4.71,16.05.2024 14:32:52
0,264.94,1413,881,26.49,70.62,0,4.48,16.05.2024 14:32:55
0,266.06,1419,882,26.49,70.64,0,4.59,16.05.2024 14:32:57
0,261.56,1395,882,26.49,70.66,0,4.14,16.05.2024 14:32:59
0,262.50,1400,882,26.52,70.68,0,4.21,16.05.2024 14:33:01
0,263.81,1407,882,26.50,70.66,0,4.35,16.05.2024 14:33:03
0,261.75,1396,883,26.50,70.63,0,4.16,16.05.2024 14:33:05
0,263.63,1406,883,26.49,70.67,0,4.34,16.05.2024 14:33:07
0,262.69,1401,883,26.49,70.68,0,4.25,16.05.2024 14:33:09
0,263.63,1406,884,26.49,70.68,0,4.34,16.05.2024 14:33:12
0,267.56,1427,885,26.50,70.67,0,4.72,16.05.2024 14:33:14
0,261.56,1395,885,26.49,70.68,0,4.14,16.05.2024 14:33:16
0,260.63,1390,885,26.49,70.66,0,4.06,16.05.2024 14:33:18
0,265.88,1418,884,26.49,70.73,0,4.55,16.05.2024 14:33:20
0,264.38,1410,884,26.47,70.67,0,4.42,16.05.2024 14:33:22
0,260.25,1388,884,26.49,70.69,0,4.02,16.05.2024 14:33:24
0,261.56,1395,884,26.46,70.67,0,4.16,16.05.2024 14:33:26
0,261.19,1393,884,26.46,70.68,0,4.12,16.05.2024 14:33:28
0,262.50,1400,884,26.46,70.68,0,4.25,16.05.2024 14:33:31
0,263.25,1404,884,26.49,70.66,0,4.31,16.05.2024 14:33:33
0,263.25,1404,884,26.49,70.71,0,4.30,16.05.2024 14:33:35
0,259.69,1385,885,26.49,70.68,0,3.96,16.05.2024 14:33:37
0,263.44,1405,886,26.46,70.70,0,4.34,16.05.2024 14:33:39
0,261.75,1396,886,26.47,70.70,0,4.16,16.05.2024 14:33:41
0,261.00,1392,885,26.47,70.68,0,4.10,16.05.2024 14:33:43
0,262.31,1399,885,26.47,70.70,0,4.22,16.05.2024 14:33:45
0,264.75,1412,885,26.49,70.73,0,4.44,16.05.2024 14:33:48
0,267.56,1427,885,26.49,70.72,0,4.72,16.05.2024 14:33:50
0,264.75,1412,885,26.45,70.68,0,4.48,16.05.2024 14:33:52
0,267.75,1428,886,26.47,70.75,0,4.75,16.05.2024 14:33:54
0,268.31,1431,886,26.46,70.72,0,4.82,16.05.2024 14:33:56
0,264.94,1413,885,26.46,70.69,0,4.49,16.05.2024 14:33:58
0,269.63,1438,885,26.47,70.72,0,4.95,16.05.2024 14:34:00
0,269.44,1437,885,26.46,70.76,0,4.93,16.05.2024 14:34:02
0,263.81,1407,885,26.43,70.71,0,4.39,16.05.2024 14:34:04
0,267.94,1429,885,26.46,70.72,0,4.78,16.05.2024 14:34:07
0,269.25,1436,885,26.47,70.74,0,4.90,16.05.2024 14:34:09
0,264.75,1412,885,26.49,70.73,0,4.44,16.05.2024 14:34:11
0,267.00,1424,886,26.46,70.69,0,4.69,16.05.2024 14:34:13
0,266.44,1421,886,26.47,70.73,0,4.62,16.05.2024 14:34:15
0,263.63,1406,885,26.47,70.74,0,4.34,16.05.2024 14:34:17
0,263.06,1403,885,26.46,70.73,0,4.30,16.05.2024 14:34:19
0,266.81,1423,886,26.46,70.76,0,4.66,16.05.2024 14:34:21
0,265.50,1416,886,26.46,70.74,0,4.53,16.05.2024 14:34:24
0,267.56,1427,887,26.46,70.75,0,4.74,16.05.2024 14:34:26
0,266.44,1421,887,26.47,70.73,0,4.62,16.05.2024 14:34:28
0,265.13,1414,888,26.45,70.74,0,4.51,16.05.2024 14:34:30
0,266.25,1420,887,26.43,70.74,0,4.63,16.05.2024 14:34:32
0,264.00,1408,887,26.46,70.79,0,4.38,16.05.2024 14:34:34
0,261.56,1395,887,26.43,70.76,0,4.17,16.05.2024 14:34:36
0,266.25,1420,887,26.45,70.77,0,4.61,16.05.2024 14:34:38
0,267.75,1428,887,26.46,70.74,0,4.76,16.05.2024 14:34:40
0,267.56,1427,887,26.47,70.76,0,4.73,16.05.2024 14:34:43
0,266.63,1422,886,26.46,70.74,0,4.65,16.05.2024 14:34:45
0,260.44,1389,886,26.46,70.75,0,4.04,16.05.2024 14:34:47
0,269.63,1438,886,26.46,70.75,0,4.95,16.05.2024 14:34:49
0,265.69,1417,886,26.47,70.78,0,4.54,16.05.2024 14:34:51
0,265.69,1417,886,26.46,70.77,0,4.55,16.05.2024 14:34:53
0,264.38,1410,887,26.45,70.80,0,4.42,16.05.2024 14:34:55
0,268.88,1434,886,26.45,70.80,0,4.87,16.05.2024 14:34:57
0,269.44,1437,886,26.45,70.78,0,4.94,16.05.2024 14:35:00
0,264.38,1410,886,26.45,70.77,0,4.43,16.05.2024 14:35:02
0,265.88,1418,887,26.46,70.81,0,4.56,16.05.2024 14:35:04
0,266.81,1423,887,26.45,70.79,0,4.67,16.05.2024 14:35:06
0,264.56,1411,887,26.43,70.78,0,4.45,16.05.2024 14:35:08
0,267.38,1426,887,26.45,70.82,0,4.72,16.05.2024 14:35:10
0,263.25,1404,887,26.45,70.81,0,4.31,16.05.2024 14:35:12
0,266.06,1419,886,26.46,70.80,0,4.58,16.05.2024 14:35:14
0,269.81,1439,886,26.46,70.81,0,4.96,16.05.2024 14:35:17
0,268.13,1430,887,26.43,70.79,0,4.81,16.05.2024 14:35:19
0,266.44,1421,887,26.45,70.82,0,4.62,16.05.2024 14:35:21
0,267.00,1424,888,26.45,70.81,0,4.68,16.05.2024 14:35:23
0,269.44,1437,889,26.43,70.81,0,4.94,16.05.2024 14:35:25
0,265.50,1416,889,26.46,70.86,0,4.51,16.05.2024 14:35:27
0,264.56,1411,889,26.43,70.80,0,4.45,16.05.2024 14:35:29
0,266.44,1421,889,26.45,70.82,0,4.62,16.05.2024 14:35:31
0,264.00,1408,890,26.43,70.85,0,4.39,16.05.2024 14:35:33
0,264.75,1412,890,26.43,70.82,0,4.47,16.05.2024 14:35:36
0,264.38,1410,890,26.42,70.82,0,4.44,16.05.2024 14:35:38
0,265.69,1417,890,26.42,70.85,0,4.56,16.05.2024 14:35:40
0,266.44,1421,891,26.45,70.81,0,4.63,16.05.2024 14:35:42
0,263.06,1403,891,26.43,70.87,0,4.29,16.05.2024 14:35:44
0,260.25,1388,891,26.46,70.84,0,4.01,16.05.2024 14:35:46
0,265.88,1418,892,26.45,70.84,0,4.56,16.05.2024 14:35:48
0,264.94,1413,892,26.43,70.85,0,4.48,16.05.2024 14:35:50
0,266.81,1423,892,26.46,70.85,0,4.65,16.05.2024 14:35:53
0,267.00,1424,891,26.43,70.87,0,4.68,16.05.2024 14:35:55
0,262.13,1398,891,26.45,70.90,0,4.19,16.05.2024 14:35:57
0,266.25,1420,891,26.45,70.87,0,4.59,16.05.2024 14:35:59
0,268.31,1431,891,26.45,70.87,0,4.80,16.05.2024 14:36:01
0,265.31,1415,891,26.45,70.89,0,4.50,16.05.2024 14:36:03
0,269.63,1438,890,26.43,70.88,0,4.95,16.05.2024 14:36:05
0,267.75,1428,890,26.45,70.92,0,4.74,16.05.2024 14:36:07
0,267.38,1426,890,26.43,70.87,0,4.72,16.05.2024 14:36:09
0,268.88,1434,891,26.43,70.90,0,4.87,16.05.2024 14:36:12
0,264.75,1412,892,26.43,70.88,0,4.46,16.05.2024 14:36:14
0,267.19,1425,892,26.43,70.91,0,4.69,16.05.2024 14:36:16
0,267.19,1425,893,26.43,70.91,0,4.69,16.05.2024 14:36:18
0,265.88,1418,893,26.43,70.89,0,4.57,16.05.2024 14:36:20
0,266.63,1422,892,26.46,70.92,0,4.62,16.05.2024 14:36:22
0,261.75,1396,892,26.43,70.94,0,4.16,16.05.2024 14:36:24
0,262.13,1398,892,26.43,70.89,0,4.20,16.05.2024 14:36:26
0,265.69,1417,893,26.45,70.92,0,4.53,16.05.2024 14:36:29
0,266.06,1419,892,26.45,70.95,0,4.56,16.05.2024 14:36:31
0,264.94,1413,892,26.43,70.92,0,4.47,16.05.2024 14:36:33
0,265.31,1415,892,26.43,70.91,0,4.51,16.05.2024 14:36:35
0,264.94,1413,893,26.45,70.92,0,4.46,16.05.2024 14:36:37
0,265.69,1417,894,26.43,70.92,0,4.54,16.05.2024 14:36:39
0,265.50,1416,895,26.43,70.93,0,4.52,16.05.2024 14:36:41
0,263.44,1405,896,26.43,70.93,0,4.32,16.05.2024 14:36:43
0,264.00,1408,896,26.42,70.97,0,4.38,16.05.2024 14:36:46
0,265.31,1415,897,26.43,70.97,0,4.50,16.05.2024 14:36:48
0,264.19,1409,896,26.45,70.99,0,4.37,16.05.2024 14:36:50
0,267.75,1428,896,26.43,70.98,0,4.74,16.05.2024 14:36:52
0,262.88,1402,896,26.42,70.97,0,4.27,16.05.2024 14:36:54
0,265.13,1414,897,26.43,70.99,0,4.48,16.05.2024 14:36:56
0,267.38,1426,897,26.43,70.97,0,4.70,16.05.2024 14:36:58
0,264.00,1408,896,26.43,70.99,0,4.36,16.05.2024 14:37:00
0,263.25,1404,897,26.43,71.03,0,4.28,16.05.2024 14:37:02
0,267.19,1425,898,26.43,70.99,0,4.68,16.05.2024 14:37:05
0,268.13,1430,898,26.45,71.02,0,4.76,16.05.2024 14:37:07
0,264.00,1408,897,26.43,70.99,0,4.36,16.05.2024 14:37:09
0,263.81,1407,897,26.43,71.00,0,4.34,16.05.2024 14:37:11
0,266.25,1420,896,26.43,71.01,0,4.58,16.05.2024 14:37:13
0,264.38,1410,896,26.43,71.01,0,4.40,16.05.2024 14:37:17
0,264.00,1408,895,26.42,71.01,0,4.37,16.05.2024 14:37:19
0,263.25,1404,895,26.45,71.01,0,4.28,16.05.2024 14:37:21
0,269.06,1435,894,26.45,71.06,0,4.85,16.05.2024 14:37:24
0,264.75,1412,894,26.43,71.02,0,4.43,16.05.2024 14:37:26
0,262.88,1402,894,26.43,71.01,0,4.25,16.05.2024 14:37:28
0,266.44,1421,895,26.46,71.04,0,4.58,16.05.2024 14:37:30
0,264.38,1410,896,26.42,71.05,0,4.40,16.05.2024 14:37:32
0,263.44,1405,896,26.43,71.09,0,4.29,16.05.2024 14:37:34
0,260.44,1389,896,26.42,71.06,0,4.02,16.05.2024 14:37:36
0,263.63,1406,896,26.42,71.06,0,4.33,16.05.2024 14:37:38
0,261.00,1392,897,26.43,71.08,0,4.06,16.05.2024 14:37:40
0,261.19,1393,897,26.42,71.07,0,4.09,16.05.2024 14:37:43
0,260.63,1390,898,26.40,71.10,0,4.04,16.05.2024 14:37:45
0,264.38,1410,898,26.43,71.08,0,4.39,16.05.2024 14:37:47
0,259.69,1385,897,26.40,71.07,0,3.96,16.05.2024 14:37:49
0,261.56,1395,897,26.42,71.10,0,4.12,16.05.2024 14:37:51
0,266.06,1419,896,26.43,71.10,0,4.55,16.05.2024 14:37:53
0,263.44,1405,896,26.45,71.08,0,4.28,16.05.2024 14:37:55
0,263.06,1403,895,26.43,71.10,0,4.26,16.05.2024 14:37:57
0,264.19,1409,894,26.42,71.09,0,4.37,16.05.2024 14:38:00
0,263.81,1407,895,26.40,71.11,0,4.34,16.05.2024 14:38:02
0,261.94,1397,894,26.42,71.10,0,4.16,16.05.2024 14:38:04
0,261.75,1396,894,26.45,71.14,0,4.11,16.05.2024 14:38:06
0,261.94,1397,895,26.43,71.16,0,4.14,16.05.2024 14:38:08
0,263.81,1407,894,26.43,71.13,0,4.32,16.05.2024 14:38:10
0,262.69,1401,894,26.39,71.14,0,4.24,16.05.2024 14:38:12
0,262.88,1402,894,26.42,71.13,0,4.24,16.05.2024 14:38:14
0,263.44,1405,894,26.43,71.14,0,4.29,16.05.2024 14:38:16
0,265.31,1415,894,26.42,71.12,0,4.48,16.05.2024 14:38:19
0,260.25,1388,894,26.42,71.13,0,3.99,16.05.2024 14:38:21
0,267.38,1426,894,26.43,71.19,0,4.66,16.05.2024 14:38:23
0,266.06,1419,895,26.40,71.17,0,4.56,16.05.2024 14:38:25
0,265.13,1414,894,26.45,71.17,0,4.43,16.05.2024 14:38:27
0,266.63,1422,894,26.43,71.18,0,4.59,16.05.2024 14:38:29
0,267.38,1426,893,26.43,71.18,0,4.67,16.05.2024 14:38:31
0,267.75,1428,893,26.42,71.19,0,4.71,16.05.2024 14:38:33
0,268.88,1434,893,26.42,71.18,0,4.83,16.05.2024 14:38:36
0,268.31,1431,893,26.42,71.21,0,4.77,16.05.2024 14:38:38
0,266.63,1422,892,26.43,71.19,0,4.59,16.05.2024 14:38:40
0,266.44,1421,892,26.42,71.20,0,4.58,16.05.2024 14:38:42
0,271.13,1446,892,26.42,71.19,0,5.06,16.05.2024 14:38:44
0,265.13,1414,892,26.40,71.19,0,4.46,16.05.2024 14:38:46
0,270.19,1441,893,26.42,71.21,0,4.96,16.05.2024 14:38:48
0,270.00,1440,893,26.43,71.22,0,4.93,16.05.2024 14:38:50
0,267.00,1424,893,26.42,71.23,0,4.63,16.05.2024 14:38:53
0,268.69,1433,893,26.42,71.24,0,4.80,16.05.2024 14:38:55
0,268.31,1431,893,26.42,71.22,0,4.76,16.05.2024 14:38:57
0,267.19,1425,893,26.42,71.22,0,4.65,16.05.2024 14:38:59
0,264.94,1413,893,26.42,71.21,0,4.43,16.05.2024 14:39:01
0,266.63,1422,893,26.42,71.23,0,4.59,16.05.2024 14:39:03
0,268.88,1434,893,26.42,71.25,0,4.82,16.05.2024 14:39:05
0,267.19,1425,893,26.42,71.26,0,4.64,16.05.2024 14:39:07
0,271.50,1448,893,26.43,71.23,0,5.08,16.05.2024 14:39:09
0,270.56,1443,893,26.40,71.26,0,5.00,16.05.2024 14:39:12
0,266.81,1423,893,26.42,71.22,0,4.61,16.05.2024 14:39:14
0,269.44,1437,892,26.40,71.24,0,4.89,16.05.2024 14:39:16
0,262.50,1400,892,26.42,71.28,0,4.18,16.05.2024 14:39:18
0,268.69,1433,891,26.42,71.28,0,4.79,16.05.2024 14:39:20
0,265.31,1415,891,26.43,71.26,0,4.45,16.05.2024 14:39:22
0,267.75,1428,891,26.42,71.27,0,4.70,16.05.2024 14:39:24
0,269.06,1435,891,26.42,71.28,0,4.83,16.05.2024 14:39:26
0,267.00,1424,891,26.43,71.30,0,4.61,16.05.2024 14:39:29
0,269.63,1438,891,26.42,71.28,0,4.89,16.05.2024 14:39:31
0,268.50,1432,891,26.42,71.31,0,4.77,16.05.2024 14:39:33
0,269.44,1437,891,26.42,71.27,0,4.87,16.05.2024 14:39:35
0,270.00,1440,890,26.42,71.31,0,4.92,16.05.2024 14:39:37
0,266.44,1421,890,26.40,71.31,0,4.57,16.05.2024 14:39:39
0,271.31,1447,891,26.43,71.31,0,5.05,16.05.2024 14:39:41
0,267.94,1429,892,26.43,71.30,0,4.70,16.05.2024 14:39:43
0,267.94,1429,892,26.45,71.34,0,4.68,16.05.2024 14:39:45
0,267.19,1425,891,26.43,71.35,0,4.62,16.05.2024 14:39:48
0,269.81,1439,892,26.42,71.32,0,4.90,16.05.2024 14:39:50
0,269.06,1435,891,26.42,71.35,0,4.82,16.05.2024 14:39:52
0,269.25,1436,891,26.42,71.29,0,4.85,16.05.2024 14:39:54
0,267.38,1426,891,26.43,71.36,0,4.64,16.05.2024 14:39:56
0,269.25,1436,891,26.45,71.33,0,4.82,16.05.2024 14:39:58
0,271.31,1447,891,26.42,71.36,0,5.05,16.05.2024 14:40:00
0,270.38,1442,891,26.42,71.33,0,4.96,16.05.2024 14:40:02
0,267.00,1424,892,26.43,71.32,0,4.60,16.05.2024 14:40:05
0,266.63,1422,893,26.45,71.38,0,4.55,16.05.2024 14:40:07
0,269.81,1439,893,26.45,71.35,0,4.87,16.05.2024 14:40:09
0,270.19,1441,893,26.42,71.34,0,4.93,16.05.2024 14:40:11
0,266.44,1421,893,26.40,71.38,0,4.56,16.05.2024 14:40:13
0,269.63,1438,893,26.45,71.38,0,4.85,16.05.2024 14:40:15
0,262.31,1399,893,26.43,71.37,0,4.14,16.05.2024 14:40:17
0,269.25,1436,894,26.43,71.35,0,4.83,16.05.2024 14:40:19
0,267.00,1424,894,26.43,71.37,0,4.60,16.05.2024 14:40:22
0,265.50,1416,894,26.43,71.37,0,4.45,16.05.2024 14:40:24
0,269.81,1439,894,26.42,71.38,0,4.89,16.05.2024 14:40:26
0,268.50,1432,893,26.43,71.39,0,4.74,16.05.2024 14:40:28
0,268.31,1431,894,26.43,71.37,0,4.73,16.05.2024 14:40:30
0,264.56,1411,894,26.43,71.41,0,4.35,16.05.2024 14:40:32
0,267.94,1429,894,26.42,71.35,0,4.70,16.05.2024 14:40:34
0,268.13,1430,894,26.43,71.39,0,4.71,16.05.2024 14:40:36
0,268.50,1432,894,26.43,71.41,0,4.74,16.05.2024 14:40:38
0,269.25,1436,893,26.45,71.38,0,4.81,16.05.2024 14:40:41
0,268.69,1433,893,26.43,71.41,0,4.76,16.05.2024 14:40:43
0,267.19,1425,893,26.45,71.40,0,4.60,16.05.2024 14:40:45
0,270.94,1445,892,26.45,71.42,0,4.98,16.05.2024 14:40:47
0,268.50,1432,892,26.45,71.40,0,4.73,16.05.2024 14:40:49
0,270.00,1440,892,26.43,71.40,0,4.89,16.05.2024 14:40:51
0,270.19,1441,892,26.43,71.42,0,4.91,16.05.2024 14:40:53
0,269.25,1436,892,26.43,71.44,0,4.81,16.05.2024 14:40:55
0,267.94,1429,892,26.45,71.44,0,4.67,16.05.2024 14:40:58
0,268.31,1431,892,26.43,71.46,0,4.71,16.05.2024 14:41:00
0,268.31,1431,892,26.46,71.42,0,4.70,16.05.2024 14:41:02
0,269.25,1436,891,26.42,71.42,0,4.83,16.05.2024 14:41:04
0,265.31,1415,892,26.43,71.40,0,4.42,16.05.2024 14:41:06
0,265.50,1416,892,26.46,71.46,0,4.41,16.05.2024 14:41:08
0,268.69,1433,892,26.43,71.46,0,4.75,16.05.2024 14:41:10
0,266.81,1423,893,26.43,71.45,0,4.56,16.05.2024 14:41:12
0,266.44,1421,893,26.45,71.46,0,4.51,16.05.2024 14:41:15
0,270.00,1440,893,26.46,71.47,0,4.86,16.05.2024 14:41:17
0,269.06,1435,893,26.45,71.44,0,4.78,16.05.2024 14:41:19
0,267.94,1429,894,26.43,71.48,0,4.67,16.05.2024 14:41:21
0,267.38,1426,894,26.43,71.46,0,4.62,16.05.2024 14:41:23
0,266.25,1420,895,26.46,71.47,0,4.48,16.05.2024 14:41:25
0,269.06,1435,894,26.43,71.49,0,4.78,16.05.2024 14:41:27
0,265.13,1414,894,26.45,71.48,0,4.38,16.05.2024 14:41:29
0,266.44,1421,894,26.45,71.48,0,4.51,16.05.2024 14:41:31
0,263.44,1405,895,26.46,71.51,0,4.21,16.05.2024 14:41:34
0,271.88,1450,894,26.46,71.51,0,5.05,16.05.2024 14:41:36
0,269.06,1435,895,26.45,71.49,0,4.77,16.05.2024 14:41:38
0,268.50,1432,895,26.43,71.55,0,4.72,16.05.2024 14:41:40
0,268.69,1433,895,26.45,71.47,0,4.74,16.05.2024 14:41:42
0,266.81,1423,895,26.45,71.52,0,4.54,16.05.2024 14:41:44
0,268.31,1431,895,26.45,71.45,0,4.70,16.05.2024 14:41:46
0,266.81,1423,895,26.46,71.51,0,4.53,16.05.2024 14:41:48
0,268.69,1433,895,26.45,71.55,0,4.72,16.05.2024 14:41:51
0,266.81,1423,895,26.45,71.51,0,4.54,16.05.2024 14:41:55
0,264.94,1413,895,26.45,71.50,0,4.36,16.05.2024 14:41:57
0,267.75,1428,895,26.45,71.51,0,4.64,16.05.2024 14:41:59
0,264.56,1411,895,26.45,71.54,0,4.32,16.05.2024 14:42:01
0,271.50,1448,895,26.45,71.50,0,5.02,16.05.2024 14:42:03
0,265.50,1416,894,26.47,71.51,0,4.40,16.05.2024 14:42:05
0,264.75,1412,894,26.43,71.55,0,4.35,16.05.2024 14:42:07
0,265.69,1417,894,26.45,71.54,0,4.43,16.05.2024 14:42:09
0,266.25,1420,894,26.45,71.54,0,4.48,16.05.2024 14:42:12
0,262.88,1402,894,26.45,71.54,0,4.16,16.05.2024 14:42:14
0,262.69,1401,894,26.45,71.53,0,4.14,16.05.2024 14:42:16
0,264.94,1413,893,26.45,71.57,0,4.35,16.05.2024 14:42:18
0,263.44,1405,894,26.45,71.52,0,4.21,16.05.2024 14:42:20
0,266.81,1423,894,26.46,71.55,0,4.53,16.05.2024 14:42:22
0,263.44,1405,894,26.45,71.54,0,4.21,16.05.2024 14:42:24
0,264.38,1410,894,26.45,71.54,0,4.30,16.05.2024 14:42:26
0,266.25,1420,895,26.46,71.56,0,4.47,16.05.2024 14:42:29
0,266.06,1419,895,26.47,71.58,0,4.44,16.05.2024 14:42:31
0,264.94,1413,896,26.45,71.54,0,4.35,16.05.2024 14:42:33
0,264.94,1413,896,26.45,71.60,0,4.34,16.05.2024 14:42:35
0,267.19,1425,897,26.46,71.57,0,4.56,16.05.2024 14:42:37
0,266.25,1420,897,26.45,71.56,0,4.48,16.05.2024 14:42:39
0,265.69,1417,897,26.43,71.58,0,4.43,16.05.2024 14:42:41
0,264.19,1409,897,26.45,71.58,0,4.27,16.05.2024 14:42:43
0,262.31,1399,898,26.43,71.59,0,4.11,16.05.2024 14:42:45
0,265.31,1415,898,26.45,71.60,0,4.38,16.05.2024 14:42:48
0,265.69,1417,898,26.49,71.60,0,4.39,16.05.2024 14:42:50
0,269.06,1435,899,26.45,71.56,0,4.76,16.05.2024 14:42:52
0,267.00,1424,899,26.45,71.58,0,4.55,16.05.2024 14:42:54
0,267.94,1429,899,26.47,71.66,0,4.61,16.05.2024 14:42:56
0,271.13,1446,900,26.45,71.58,0,4.97,16.05.2024 14:42:58
0,269.44,1437,900,26.46,71.59,0,4.78,16.05.2024 14:43:00
0,271.31,1447,900,26.45,71.60,0,4.98,16.05.2024 14:43:02
0,269.63,1438,900,26.43,71.59,0,4.82,16.05.2024 14:43:05
0,266.44,1421,900,26.46,71.62,0,4.48,16.05.2024 14:43:07
0,268.69,1433,901,26.45,71.60,0,4.71,16.05.2024 14:43:09
0,268.13,1430,901,26.46,71.62,0,4.64,16.05.2024 14:43:11
0,270.00,1440,900,26.46,71.58,0,4.84,16.05.2024 14:43:13
0,269.81,1439,900,26.45,71.59,0,4.83,16.05.2024 14:43:15
0,266.81,1423,900,26.45,71.64,0,4.52,16.05.2024 14:43:17
0,268.50,1432,901,26.45,71.62,0,4.69,16.05.2024 14:43:19
0,269.63,1438,901,26.47,71.62,0,4.79,16.05.2024 14:43:21
0,265.69,1417,901,26.43,71.62,0,4.43,16.05.2024 14:43:24
0,269.44,1437,902,26.43,71.62,0,4.80,16.05.2024 14:43:26
0,266.06,1419,902,26.49,71.66,0,4.42,16.05.2024 14:43:28
0,269.63,1438,902,26.47,71.62,0,4.79,16.05.2024 14:43:30
0,267.75,1428,902,26.45,71.62,0,4.62,16.05.2024 14:43:32
0,266.44,1421,903,26.46,71.64,0,4.47,16.05.2024 14:43:34
0,269.63,1438,903,26.46,71.63,0,4.79,16.05.2024 14:43:36
0,269.25,1436,903,26.47,71.66,0,4.74,16.05.2024 14:43:38
0,265.50,1416,903,26.46,71.66,0,4.38,16.05.2024 14:43:41
0,267.75,1428,903,26.47,71.64,0,4.59,16.05.2024 14:43:43
0,268.88,1434,902,26.46,71.65,0,4.71,16.05.2024 14:43:45
0,267.19,1425,902,26.46,71.63,0,4.55,16.05.2024 14:43:47
0,269.25,1436,901,26.47,71.64,0,4.74,16.05.2024 14:43:49
0,264.75,1412,901,26.47,71.68,0,4.30,16.05.2024 14:43:51
0,273.56,1459,901,26.47,71.66,0,5.19,16.05.2024 14:43:53
0,269.81,1439,901,26.45,71.67,0,4.82,16.05.2024 14:43:55
0,267.75,1428,902,26.47,71.64,0,4.60,16.05.2024 14:43:58
0,273.56,1459,902,26.49,71.67,0,5.17,16.05.2024 14:44:00
0,271.88,1450,902,26.46,71.68,0,5.02,16.05.2024 14:44:02
0,271.31,1447,902,26.45,71.66,0,4.97,16.05.2024 14:44:04
0,269.63,1438,903,26.47,71.64,0,4.78,16.05.2024 14:44:06
0,269.44,1437,902,26.49,71.68,0,4.75,16.05.2024 14:44:08
0,268.50,1432,902,26.47,71.66,0,4.67,16.05.2024 14:44:10
0,271.13,1446,902,26.46,71.63,0,4.95,16.05.2024 14:44:12
0,269.06,1435,902,26.47,71.66,0,4.72,16.05.2024 14:44:14
0,269.06,1435,903,26.47,71.69,0,4.72,16.05.2024 14:44:17
0,270.38,1442,903,26.49,71.68,0,4.84,16.05.2024 14:44:19
0,267.19,1425,903,26.47,71.68,0,4.53,16.05.2024 14:44:21
0,267.56,1427,903,26.46,71.65,0,4.58,16.05.2024 14:44:23
0,270.00,1440,904,26.47,71.70,0,4.81,16.05.2024 14:44:25
0,271.50,1448,904,26.47,71.68,0,4.97,16.05.2024 14:44:27
0,269.44,1437,904,26.50,71.69,0,4.73,16.05.2024 14:44:29
0,270.56,1443,904,26.49,71.69,0,4.86,16.05.2024 14:44:31
0,269.44,1437,904,26.47,71.68,0,4.76,16.05.2024 14:44:34
0,271.31,1447,903,26.47,71.68,0,4.95,16.05.2024 14:44:36
0,269.25,1436,903,26.47,71.68,0,4.74,16.05.2024 14:44:38
0,269.63,1438,903,26.47,71.66,0,4.78,16.05.2024 14:44:40
0,268.69,1433,904,26.49,71.69,0,4.67,16.05.2024 14:44:42
0,270.75,1444,904,26.50,71.69,0,4.87,16.05.2024 14:44:44
0,268.50,1432,904,26.49,71.71,0,4.65,16.05.2024 14:44:46
0,267.94,1429,904,26.50,71.68,0,4.59,16.05.2024 14:44:48
0,270.75,1444,905,26.50,71.72,0,4.86,16.05.2024 14:44:50
0,270.38,1442,905,26.47,71.66,0,4.85,16.05.2024 14:44:53
0,269.25,1436,904,26.49,71.71,0,4.72,16.05.2024 14:44:55
0,270.38,1442,904,26.49,71.69,0,4.84,16.05.2024 14:44:57
0,269.25,1436,904,26.49,71.73,0,4.72,16.05.2024 14:44:59
0,272.25,1452,903,26.50,71.72,0,5.01,16.05.2024 14:45:01
0,267.00,1424,903,26.49,71.66,0,4.51,16.05.2024 14:45:03
0,267.19,1425,903,26.49,71.72,0,4.52,16.05.2024 14:45:05
0,267.38,1426,902,26.49,71.70,0,4.54,16.05.2024 14:45:07
0,273.94,1461,902,26.49,71.73,0,5.20,16.05.2024 14:45:10
0,267.00,1424,902,26.50,71.73,0,4.48,16.05.2024 14:45:12
0,267.38,1426,902,26.50,71.70,0,4.53,16.05.2024 14:45:14
0,267.19,1425,903,26.52,71.69,0,4.50,16.05.2024 14:45:16
0,269.06,1435,903,26.50,71.72,0,4.69,16.05.2024 14:45:18
0,270.19,1441,903,26.53,71.73,0,4.78,16.05.2024 14:45:20
0,269.81,1439,903,26.49,71.72,0,4.78,16.05.2024 14:45:22
0,270.38,1442,904,26.49,71.70,0,4.84,16.05.2024 14:45:24
0,269.25,1436,904,26.49,71.70,0,4.73,16.05.2024 14:45:27
0,269.44,1437,904,26.50,71.73,0,4.73,16.05.2024 14:45:29
0,269.81,1439,904,26.52,71.72,0,4.76,16.05.2024 14:45:31
0,270.94,1445,904,26.50,71.69,0,4.89,16.05.2024 14:45:33
0,267.75,1428,904,26.50,71.70,0,4.56,16.05.2024 14:45:35
0,268.50,1432,904,26.52,71.70,0,4.63,16.05.2024 14:45:37
0,264.94,1413,903,26.50,71.73,0,4.28,16.05.2024 14:45:39
0,268.69,1433,904,26.52,71.74,0,4.64,16.05.2024 14:45:41
0,273.94,1461,905,26.52,71.74,0,5.18,16.05.2024 14:45:43
0,271.13,1446,905,26.50,71.71,0,4.90,16.05.2024 14:45:46
0,266.63,1422,904,26.52,71.72,0,4.44,16.05.2024 14:45:48
0,267.00,1424,904,26.50,71.73,0,4.48,16.05.2024 14:45:50
0,269.06,1435,904,26.52,71.72,0,4.68,16.05.2024 14:45:52
0,268.13,1430,904,26.52,71.71,0,4.59,16.05.2024 14:45:54
0,266.06,1419,904,26.53,71.73,0,4.37,16.05.2024 14:45:56
0,267.94,1429,904,26.49,71.73,0,4.59,16.05.2024 14:45:58
0,268.13,1430,904,26.52,71.75,0,4.58,16.05.2024 14:46:00
0,269.63,1438,904,26.52,71.74,0,4.73,16.05.2024 14:46:03
0,269.81,1439,904,26.52,71.69,0,4.76,16.05.2024 14:46:05
0,270.75,1444,904,26.53,71.72,0,4.84,16.05.2024 14:46:07
0,266.63,1422,904,26.53,71.77,0,4.42,16.05.2024 14:46:09
0,263.44,1405,904,26.53,71.76,0,4.12,16.05.2024 14:46:11
0,266.25,1420,904,26.52,71.72,0,4.40,16.05.2024 14:46:13
0,267.75,1428,904,26.52,71.75,0,4.55,16.05.2024 14:46:15
0,269.44,1437,904,26.50,71.75,0,4.72,16.05.2024 14:46:17
0,269.81,1439,905,26.53,71.76,0,4.74,16.05.2024 14:46:20
0,268.31,1431,904,26.52,71.74,0,4.60,16.05.2024 14:46:22
0,266.81,1423,904,26.50,71.73,0,4.47,16.05.2024 14:46:24
0,266.63,1422,905,26.52,71.73,0,4.44,16.05.2024 14:46:26
0,272.44,1453,905,26.52,71.72,0,5.02,16.05.2024 14:46:30
0,270.75,1444,906,26.52,71.72,0,4.85,16.05.2024 14:46:32
0,268.31,1431,906,26.55,71.74,0,4.58,16.05.2024 14:46:34
0,270.00,1440,906,26.52,71.71,0,4.78,16.05.2024 14:46:36
0,269.63,1438,906,26.52,71.72,0,4.74,16.05.2024 14:46:38
0,267.94,1429,906,26.52,71.73,0,4.57,16.05.2024 14:46:41
0,268.31,1431,906,26.52,71.74,0,4.60,16.05.2024 14:46:43
0,264.00,1408,907,26.55,71.77,0,4.16,16.05.2024 14:46:45
0,266.81,1423,907,26.53,71.73,0,4.45,16.05.2024 14:46:47
0,262.69,1401,907,26.53,71.73,0,4.05,16.05.2024 14:46:49
0,266.63,1422,906,26.53,71.76,0,4.43,16.05.2024 14:46:51
0,267.38,1426,907,26.50,71.73,0,4.52,16.05.2024 14:46:53
0,263.44,1405,907,26.53,71.74,0,4.12,16.05.2024 14:46:55
0,269.06,1435,908,26.53,71.74,0,4.67,16.05.2024 14:46:58
0,267.00,1424,908,26.55,71.76,0,4.45,16.05.2024 14:47:00
0,266.06,1419,908,26.52,71.74,0,4.38,16.05.2024 14:47:02
0,266.25,1420,909,26.53,71.77,0,4.39,16.05.2024 14:47:04
0,264.75,1412,909,26.53,71.76,0,4.24,16.05.2024 14:47:06
0,264.94,1413,909,26.53,71.72,0,4.27,16.05.2024 14:47:08
0,270.00,1440,909,26.53,71.74,0,4.76,16.05.2024 14:47:10
0,267.00,1424,909,26.53,71.77,0,4.46,16.05.2024 14:47:12
0,264.56,1411,909,26.53,71.76,0,4.23,16.05.2024 14:47:14
0,267.94,1429,909,26.53,71.76,0,4.55,16.05.2024 14:47:17
0,266.25,1420,908,26.53,71.73,0,4.39,16.05.2024 14:47:19
0,267.19,1425,908,26.56,71.75,0,4.46,16.05.2024 14:47:21
0,264.94,1413,908,26.55,71.78,0,4.25,16.05.2024 14:47:23
0,268.13,1430,908,26.53,71.77,0,4.57,16.05.2024 14:47:25
0,266.44,1421,909,26.56,71.75,0,4.39,16.05.2024 14:47:27
0,262.50,1400,910,26.55,71.75,0,4.02,16.05.2024 14:47:29
0,266.06,1419,911,26.55,71.74,0,4.36,16.05.2024 14:47:31
0,270.56,1443,914,26.56,71.76,0,4.79,16.05.2024 14:47:34
0,269.81,1439,909,26.55,71.77,0,4.73,16.05.2024 14:47:36
0,271.31,1447,911,26.56,71.76,0,4.87,16.05.2024 14:47:38
0,271.13,1446,913,26.56,71.76,0,4.85,16.05.2024 14:47:40
0,270.38,1442,910,26.55,71.75,0,4.79,16.05.2024 14:47:42
0,270.00,1440,905,26.56,71.80,0,4.73,16.05.2024 14:47:44
0,269.06,1435,903,26.55,71.75,0,4.66,16.05.2024 14:47:46
0,270.75,1444,904,26.55,71.74,0,4.83,16.05.2024 14:47:48
0,270.94,1445,905,26.55,71.73,0,4.85,16.05.2024 14:47:51
0,269.63,1438,904,26.53,71.78,0,4.72,16.05.2024 14:47:53
0,267.94,1429,905,26.55,71.76,0,4.54,16.05.2024 14:47:55
0,267.56,1427,907,26.56,71.76,0,4.49,16.05.2024 14:47:57
0,270.75,1444,909,26.55,71.78,0,4.82,16.05.2024 14:47:59
0,270.38,1442,911,26.56,71.78,0,4.77,16.05.2024 14:48:01
0,267.94,1429,911,26.56,71.77,0,4.53,16.05.2024 14:48:03
0,271.69,1449,911,26.56,71.80,0,4.90,16.05.2024 14:48:05
0,267.19,1425,912,26.56,71.78,0,4.46,16.05.2024 14:48:07
0,274.13,1462,914,26.56,71.79,0,5.15,16.05.2024 14:48:10
0,272.25,1452,913,26.56,71.76,0,4.97,16.05.2024 14:48:12
0,268.50,1432,912,26.55,71.73,0,4.60,16.05.2024 14:48:14
0,267.75,1428,914,26.56,71.73,0,4.52,16.05.2024 14:48:16
0,271.88,1450,915,26.57,71.77,0,4.91,16.05.2024 14:48:18
0,270.38,1442,915,26.56,71.80,0,4.77,16.05.2024 14:48:20
0,271.13,1446,913,26.57,71.77,0,4.84,16.05.2024 14:48:22
0,269.63,1438,913,26.56,71.77,0,4.70,16.05.2024 14:48:24
0,269.06,1435,914,26.56,71.76,0,4.64,16.05.2024 14:48:27
0,270.56,1443,914,26.59,71.77,0,4.77,16.05.2024 14:48:29
0,271.31,1447,914,26.56,71.76,0,4.87,16.05.2024 14:48:31
0,272.06,1451,915,26.56,71.76,0,4.95,16.05.2024 14:48:33
0,270.94,1445,914,26.56,71.77,0,4.83,16.05.2024 14:48:35
0,268.88,1434,913,26.57,71.78,0,4.61,16.05.2024 14:48:37
0,270.19,1441,913,26.57,71.79,0,4.74,16.05.2024 14:48:39
0,266.44,1421,912,26.57,71.77,0,4.38,16.05.2024 14:48:41
0,270.00,1440,912,26.59,71.75,0,4.72,16.05.2024 14:48:43
0,271.69,1449,912,26.57,71.78,0,4.89,16.05.2024 14:48:46
0,269.63,1438,913,26.59,71.79,0,4.68,16.05.2024 14:48:48
0,267.00,1424,914,26.59,71.76,0,4.42,16.05.2024 14:48:50
0,273.00,1456,913,26.60,71.75,0,5.01,16.05.2024 14:48:52
0,270.19,1441,914,26.57,71.73,0,4.75,16.05.2024 14:48:54
0,269.63,1438,913,26.57,71.75,0,4.69,16.05.2024 14:48:56
0,268.31,1431,914,26.57,71.74,0,4.56,16.05.2024 14:48:58
0,270.75,1444,915,26.59,71.77,0,4.79,16.05.2024 14:49:00
0,269.81,1439,914,26.59,71.75,0,4.70,16.05.2024 14:49:03
0,267.00,1424,915,26.56,71.76,0,4.44,16.05.2024 14:49:05
0,271.31,1447,915,26.59,71.76,0,4.85,16.05.2024 14:49:07
0,273.56,1459,915,26.60,71.74,0,5.07,16.05.2024 14:49:09
0,272.44,1453,916,26.59,71.77,0,4.96,16.05.2024 14:49:11
0,270.94,1445,916,26.59,71.78,0,4.81,16.05.2024 14:49:13
0,266.06,1419,916,26.59,71.75,0,4.33,16.05.2024 14:49:15
0,267.19,1425,917,26.57,71.74,0,4.45,16.05.2024 14:49:17
0,269.63,1438,916,26.59,71.79,0,4.68,16.05.2024 14:49:20
0,271.88,1450,916,26.59,71.77,0,4.91,16.05.2024 14:49:22
0,270.56,1443,916,26.60,71.75,0,4.76,16.05.2024 14:49:24
0,272.44,1453,915,26.60,71.76,0,4.95,16.05.2024 14:49:26
0,269.25,1436,915,26.59,71.75,0,4.65,16.05.2024 14:49:28
0,271.31,1447,915,26.60,71.78,0,4.83,16.05.2024 14:49:30
0,272.63,1454,916,26.62,71.77,0,4.96,16.05.2024 14:49:32
0,268.69,1433,917,26.62,71.76,0,4.57,16.05.2024 14:49:34
0,266.25,1420,917,26.59,71.74,0,4.35,16.05.2024 14:49:36
0,268.50,1432,918,26.60,71.75,0,4.56,16.05.2024 14:49:39
0,268.31,1431,918,26.60,71.77,0,4.54,16.05.2024 14:49:41
0,268.88,1434,919,26.62,71.77,0,4.58,16.05.2024 14:49:43
0,266.81,1423,918,26.60,71.76,0,4.39,16.05.2024 14:49:45
0,268.88,1434,917,26.60,71.77,0,4.59,16.05.2024 14:49:47
0,270.38,1442,918,26.59,71.73,0,4.76,16.05.2024 14:49:49
0,267.94,1429,918,26.59,71.73,0,4.52,16.05.2024 14:49:51
0,271.69,1449,917,26.59,71.74,0,4.89,16.05.2024 14:49:53
0,272.25,1452,918,26.57,71.73,0,4.96,16.05.2024 14:49:56
0,267.56,1427,918,26.60,71.73,0,4.47,16.05.2024 14:49:58
0,270.38,1442,918,26.62,71.77,0,4.73,16.05.2024 14:50:00
0,270.56,1443,918,26.60,71.73,0,4.77,16.05.2024 14:50:02
0,267.94,1429,919,26.60,71.75,0,4.50,16.05.2024 14:50:04
0,268.31,1431,919,26.60,71.73,0,4.54,16.05.2024 14:50:06
0,267.00,1424,919,26.60,71.72,0,4.42,16.05.2024 14:50:08
0,270.38,1442,919,26.62,71.73,0,4.74,16.05.2024 14:50:10
0,269.81,1439,920,26.62,71.73,0,4.68,16.05.2024 14:50:12
0,269.25,1436,920,26.60,71.72,0,4.64,16.05.2024 14:50:15
0,267.56,1427,920,26.62,71.71,0,4.46,16.05.2024 14:50:17
0,272.06,1451,920,26.62,71.71,0,4.91,16.05.2024 14:50:19
0,269.81,1439,919,26.62,71.73,0,4.68,16.05.2024 14:50:21
0,272.44,1453,919,26.62,71.74,0,4.95,16.05.2024 14:50:23
0,269.44,1437,920,26.62,71.73,0,4.64,16.05.2024 14:50:25
0,267.75,1428,920,26.59,71.70,0,4.50,16.05.2024 14:50:27
0,268.69,1433,920,26.62,71.71,0,4.58,16.05.2024 14:50:29
0,268.88,1434,920,26.62,71.73,0,4.59,16.05.2024 14:50:32
0,268.50,1432,920,26.60,71.73,0,4.56,16.05.2024 14:50:34
0,268.88,1434,921,26.62,71.71,0,4.59,16.05.2024 14:50:36
0,271.31,1447,921,26.62,71.73,0,4.83,16.05.2024 14:50:38
0,272.06,1451,922,26.62,71.71,0,4.91,16.05.2024 14:50:40
0,274.13,1462,922,26.62,71.71,0,5.13,16.05.2024 14:50:42
0,267.94,1429,922,26.62,71.71,0,4.50,16.05.2024 14:50:44
0,270.00,1440,923,26.63,71.72,0,4.69,16.05.2024 14:50:46
0,268.88,1434,923,26.63,71.71,0,4.58,16.05.2024 14:50:49
0,268.31,1431,924,26.60,71.71,0,4.55,16.05.2024 14:50:51
0,268.31,1431,924,26.60,71.71,0,4.55,16.05.2024 14:50:53
0,272.25,1452,923,26.62,71.71,0,4.93,16.05.2024 14:50:57
0,268.69,1433,924,26.63,71.71,0,4.57,16.05.2024 14:50:59
0,269.63,1438,924,26.62,71.71,0,4.67,16.05.2024 14:51:01
0,269.63,1438,924,26.64,71.74,0,4.64,16.05.2024 14:51:03
0,268.13,1430,923,26.64,71.70,0,4.50,16.05.2024 14:51:05
0,265.88,1418,924,26.62,71.71,0,4.30,16.05.2024 14:51:07
0,273.56,1459,924,26.66,71.70,0,5.04,16.05.2024 14:51:10
0,266.06,1419,924,26.62,71.69,0,4.32,16.05.2024 14:51:12
0,267.38,1426,923,26.64,71.73,0,4.42,16.05.2024 14:51:14
0,269.44,1437,923,26.63,71.71,0,4.64,16.05.2024 14:51:16
0,264.56,1411,923,26.64,71.69,0,4.16,16.05.2024 14:51:18
0,267.19,1425,924,26.66,71.75,0,4.39,16.05.2024 14:51:20
0,263.44,1405,924,26.63,71.68,0,4.07,16.05.2024 14:51:22
0,266.06,1419,924,26.63,71.71,0,4.31,16.05.2024 14:51:24
0,268.31,1431,924,26.63,71.71,0,4.53,16.05.2024 14:51:27
0,267.19,1425,924,26.63,71.72,0,4.42,16.05.2024 14:51:29
0,264.75,1412,924,26.67,71.71,0,4.16,16.05.2024 14:51:31
0,265.31,1415,924,26.63,71.71,0,4.24,16.05.2024 14:51:33
0,268.31,1431,924,26.64,71.67,0,4.52,16.05.2024 14:51:35
0,266.25,1420,924,26.64,71.72,0,4.31,16.05.2024 14:51:37
0,267.75,1428,924,26.64,71.70,0,4.46,16.05.2024 14:51:39
0,268.31,1431,924,26.64,71.69,0,4.52,16.05.2024 14:51:41
0,265.50,1416,924,26.64,71.68,0,4.25,16.05.2024 14:51:43
0,266.63,1422,924,26.64,71.68,0,4.36,16.05.2024 14:51:46
0,265.50,1416,924,26.63,71.71,0,4.26,16.05.2024 14:51:48
0,266.25,1420,925,26.63,71.70,0,4.33,16.05.2024 14:51:50
0,267.38,1426,925,26.64,71.69,0,4.43,16.05.2024 14:51:52
0,268.50,1432,926,26.62,71.69,0,4.56,16.05.2024 14:51:54
0,269.81,1439,926,26.64,71.67,0,4.67,16.05.2024 14:51:56
0,273.56,1459,926,26.64,71.70,0,5.05,16.05.2024 14:51:58
0,271.69,1449,926,26.67,71.72,0,4.83,16.05.2024 14:52:00
0,271.88,1450,926,26.64,71.66,0,4.88,16.05.2024 14:52:03
0,269.06,1435,926,26.66,71.70,0,4.58,16.05.2024 14:52:05
0,273.38,1458,926,26.66,71.72,0,5.01,16.05.2024 14:52:07
0,269.25,1436,927,26.67,71.69,0,4.59,16.05.2024 14:52:09
0,271.31,1447,927,26.66,71.71,0,4.80,16.05.2024 14:52:11
0,271.13,1446,927,26.66,71.70,0,4.79,16.05.2024 14:52:13
0,273.19,1457,927,26.64,71.68,0,5.01,16.05.2024 14:52:15
0,270.75,1444,927,26.64,71.68,0,4.76,16.05.2024 14:52:17
0,271.69,1449,927,26.64,71.69,0,4.86,16.05.2024 14:52:19
0,271.69,1449,927,26.67,71.69,0,4.84,16.05.2024 14:52:22
0,272.25,1452,927,26.66,71.70,0,4.90,16.05.2024 14:52:24
0,271.69,1449,928,26.66,71.68,0,4.85,16.05.2024 14:52:26
0,273.00,1456,928,26.66,71.70,0,4.98,16.05.2024 14:52:28
0,274.31,1463,928,26.66,71.70,0,5.11,16.05.2024 14:52:30
0,270.94,1445,927,26.68,71.67,0,4.75,16.05.2024 14:52:32
0,272.44,1453,928,26.67,71.71,0,4.91,16.05.2024 14:52:34
0,269.25,1436,928,26.66,71.68,0,4.60,16.05.2024 14:52:36
0,269.63,1438,929,26.66,71.68,0,4.64,16.05.2024 14:52:39
0,272.25,1452,929,26.68,71.68,0,4.89,16.05.2024 14:52:41
0,272.44,1453,929,26.68,71.67,0,4.91,16.05.2024 14:52:43
0,273.00,1456,930,26.66,71.66,0,4.99,16.05.2024 14:52:45
0,267.56,1427,930,26.68,71.70,0,4.42,16.05.2024 14:52:47
0,270.19,1441,930,26.67,71.68,0,4.69,16.05.2024 14:52:49
0,272.63,1454,930,26.68,71.68,0,4.92,16.05.2024 14:52:51
0,267.75,1428,931,26.68,71.68,0,4.44,16.05.2024 14:52:53
0,276.00,1472,931,26.67,71.69,0,5.28,16.05.2024 14:52:56
0,270.00,1440,931,26.68,71.68,0,4.66,16.05.2024 14:52:58
0,268.50,1432,930,26.67,71.65,0,4.53,16.05.2024 14:53:00
0,271.31,1447,931,26.66,71.68,0,4.81,16.05.2024 14:53:02
0,273.38,1458,931,26.67,71.69,0,5.01,16.05.2024 14:53:04
0,270.19,1441,931,26.67,71.66,0,4.69,16.05.2024 14:53:06
0,270.56,1443,932,26.67,71.66,0,4.73,16.05.2024 14:53:08
0,272.25,1452,932,26.66,71.66,0,4.91,16.05.2024 14:53:10
0,271.31,1447,932,26.70,71.66,0,4.78,16.05.2024 14:53:12
0,269.44,1437,932,26.71,71.67,0,4.58,16.05.2024 14:53:15
0,270.75,1444,933,26.66,71.66,0,4.76,16.05.2024 14:53:17
0,269.63,1438,933,26.68,71.66,0,4.63,16.05.2024 14:53:19
0,270.94,1445,933,26.67,71.65,0,4.77,16.05.2024 14:53:21
0,271.69,1449,933,26.68,71.65,0,4.83,16.05.2024 14:53:23
0,272.44,1453,933,26.68,71.64,0,4.91,16.05.2024 14:53:25
0,270.75,1444,933,26.68,71.64,0,4.74,16.05.2024 14:53:27
0,272.63,1454,933,26.68,71.61,0,4.94,16.05.2024 14:53:29
0,269.81,1439,934,26.68,71.61,0,4.65,16.05.2024 14:53:32
0,269.44,1437,935,26.67,71.65,0,4.62,16.05.2024 14:53:34
0,271.31,1447,935,26.70,71.66,0,4.78,16.05.2024 14:53:36
0,269.81,1439,935,26.70,71.65,0,4.63,16.05.2024 14:53:38
0,273.56,1459,935,26.67,71.66,0,5.03,16.05.2024 14:53:40
0,272.81,1455,934,26.68,71.64,0,4.95,16.05.2024 14:53:42
0,271.88,1450,934,26.68,71.63,0,4.86,16.05.2024 14:53:44
0,267.94,1429,933,26.68,71.63,0,4.46,16.05.2024 14:53:46
0,271.69,1449,933,26.70,71.62,0,4.83,16.05.2024 14:53:48
0,270.56,1443,932,26.70,71.62,0,4.71,16.05.2024 14:53:51
0,267.56,1427,932,26.70,71.62,0,4.42,16.05.2024 14:53:53
0,270.19,1441,931,26.68,71.63,0,4.69,16.05.2024 14:53:55
0,269.25,1436,931,26.68,71.61,0,4.60,16.05.2024 14:53:57
0,273.19,1457,931,26.70,71.64,0,4.98,16.05.2024 14:53:59
0,270.00,1440,932,26.70,71.62,0,4.66,16.05.2024 14:54:01
0,270.94,1445,933,26.71,71.61,0,4.74,16.05.2024 14:54:03
0,270.00,1440,932,26.68,71.61,0,4.67,16.05.2024 14:54:05
0,274.13,1462,933,26.71,71.62,0,5.07,16.05.2024 14:54:08
0,273.00,1456,933,26.71,71.59,0,4.96,16.05.2024 14:54:10
0,271.69,1449,933,26.70,71.60,0,4.83,16.05.2024 14:54:12
0,270.38,1442,934,26.70,71.60,0,4.70,16.05.2024 14:54:14
0,269.25,1436,934,26.73,71.59,0,4.57,16.05.2024 14:54:16
0,271.13,1446,933,26.70,71.60,0,4.78,16.05.2024 14:54:18
0,271.88,1450,933,26.70,71.62,0,4.85,16.05.2024 14:54:20
0,269.81,1439,933,26.70,71.59,0,4.65,16.05.2024 14:54:22
0,273.19,1457,933,26.74,71.60,0,4.95,16.05.2024 14:54:25
0,271.88,1450,933,26.71,71.60,0,4.84,16.05.2024 14:54:27
0,269.44,1437,932,26.73,71.58,0,4.59,16.05.2024 14:54:29
0,273.38,1458,932,26.70,71.60,0,5.00,16.05.2024 14:54:31
0,270.56,1443,931,26.70,71.62,0,4.72,16.05.2024 14:54:33
0,272.25,1452,931,26.71,71.59,0,4.88,16.05.2024 14:54:35
0,268.50,1432,931,26.70,71.58,0,4.52,16.05.2024 14:54:37
0,270.19,1441,930,26.70,71.57,0,4.69,16.05.2024 14:54:39
0,269.25,1436,930,26.71,71.55,0,4.59,16.05.2024 14:54:41
0,267.56,1427,930,26.73,71.58,0,4.41,16.05.2024 14:54:44
0,266.44,1421,931,26.70,71.59,0,4.32,16.05.2024 14:54:46
0,268.50,1432,931,26.71,71.55,0,4.51,16.05.2024 14:54:48
0,272.81,1455,932,26.73,71.57,0,4.93,16.05.2024 14:54:50
0,265.31,1415,932,26.73,71.58,0,4.19,16.05.2024 14:54:52
0,270.00,1440,932,26.70,71.56,0,4.67,16.05.2024 14:54:54
0,268.50,1432,933,26.73,71.56,0,4.50,16.05.2024 14:54:56
0,270.56,1443,933,26.73,71.55,0,4.71,16.05.2024 14:54:58
0,268.88,1434,933,26.71,71.56,0,4.55,16.05.2024 14:55:01
0,272.63,1454,933,26.73,71.56,0,4.91,16.05.2024 14:55:03
0,271.50,1448,933,26.71,71.57,0,4.81,16.05.2024 14:55:05
0,269.81,1439,933,26.74,71.55,0,4.62,16.05.2024 14:55:07
0,270.00,1440,932,26.73,71.58,0,4.65,16.05.2024 14:55:09
0,270.94,1445,932,26.73,71.54,0,4.75,16.05.2024 14:55:13
0,271.69,1449,932,26.74,71.57,0,4.81,16.05.2024 14:55:15
0,273.00,1456,933,26.76,71.58,0,4.92,16.05.2024 14:55:17
0,269.81,1439,933,26.74,71.55,0,4.62,16.05.2024 14:55:19
0,267.75,1428,933,26.74,71.59,0,4.41,16.05.2024 14:55:22
0,266.81,1423,934,26.73,71.59,0,4.33,16.05.2024 14:55:24
0,270.00,1440,934,26.74,71.53,0,4.65,16.05.2024 14:55:26
0,267.75,1428,934,26.74,71.53,0,4.42,16.05.2024 14:55:28
0,269.63,1438,934,26.71,71.52,0,4.63,16.05.2024 14:55:30
0,267.75,1428,934,26.74,71.54,0,4.42,16.05.2024 14:55:32
0,270.75,1444,935,26.74,71.54,0,4.72,16.05.2024 14:55:34
0,265.88,1418,934,26.73,71.51,0,4.26,16.05.2024 14:55:36
0,269.81,1439,934,26.74,71.53,0,4.63,16.05.2024 14:55:39
0,265.88,1418,934,26.73,71.52,0,4.25,16.05.2024 14:55:41
0,264.00,1408,934,26.74,71.53,0,4.07,16.05.2024 14:55:43
0,267.00,1424,934,26.74,71.53,0,4.35,16.05.2024 14:55:45
0,271.50,1448,934,26.74,71.52,0,4.80,16.05.2024 14:55:47
0,267.19,1425,933,26.73,71.54,0,4.38,16.05.2024 14:55:49
0,268.13,1430,933,26.76,71.53,0,4.45,16.05.2024 14:55:51
0,269.06,1435,934,26.74,71.52,0,4.55,16.05.2024 14:55:53
0,266.44,1421,933,26.74,71.52,0,4.30,16.05.2024 14:55:56
0,267.94,1429,933,26.74,71.54,0,4.44,16.05.2024 14:55:58
0,267.94,1429,934,26.74,71.55,0,4.44,16.05.2024 14:56:00
0,264.19,1409,933,26.76,71.53,0,4.07,16.05.2024 14:56:02
0,268.13,1430,933,26.76,71.52,0,4.45,16.05.2024 14:56:04
0,266.25,1420,933,26.76,71.49,0,4.27,16.05.2024 14:56:06
0,272.25,1452,934,26.76,71.54,0,4.85,16.05.2024 14:56:08
0,270.56,1443,934,26.77,71.50,0,4.68,16.05.2024 14:56:10
0,270.75,1444,934,26.77,71.52,0,4.70,16.05.2024 14:56:12
0,269.44,1437,935,26.76,71.50,0,4.58,16.05.2024 14:56:15
0,272.63,1454,935,26.74,71.51,0,4.91,16.05.2024 14:56:17
0,273.19,1457,935,26.76,71.50,0,4.96,16.05.2024 14:56:19
0,274.13,1462,936,26.76,71.54,0,5.05,16.05.2024 14:56:21
0,267.75,1428,936,26.74,71.49,0,4.43,16.05.2024 14:56:23
0,270.38,1442,936,26.74,71.51,0,4.69,16.05.2024 14:56:25
0,271.50,1448,936,26.76,71.53,0,4.78,16.05.2024 14:56:27
0,272.63,1454,936,26.74,71.49,0,4.92,16.05.2024 14:56:29
0,275.63,1470,937,26.77,71.52,0,5.19,16.05.2024 14:56:32
0,271.31,1447,937,26.76,71.51,0,4.77,16.05.2024 14:56:34
0,272.63,1454,937,26.76,71.48,0,4.90,16.05.2024 14:56:36
0,272.44,1453,937,26.76,71.48,0,4.88,16.05.2024 14:56:38
0,274.88,1466,938,26.76,71.50,0,5.13,16.05.2024 14:56:40
0,269.63,1438,937,26.76,71.49,0,4.60,16.05.2024 14:56:42
0,270.38,1442,937,26.77,71.49,0,4.66,16.05.2024 14:56:44
0,274.88,1466,937,26.79,71.50,0,5.11,16.05.2024 14:56:46
0,271.31,1447,937,26.76,71.50,0,4.77,16.05.2024 14:56:48
0,271.13,1446,936,26.77,71.51,0,4.74,16.05.2024 14:56:51
0,269.63,1438,936,26.77,71.48,0,4.59,16.05.2024 14:56:53
0,271.31,1447,936,26.77,71.49,0,4.76,16.05.2024 14:56:55
0,270.38,1442,936,26.77,71.51,0,4.66,16.05.2024 14:56:57
0,273.00,1456,937,26.77,71.47,0,4.93,16.05.2024 14:56:59
0,273.56,1459,936,26.77,71.47,0,4.99,16.05.2024 14:57:01
0,271.69,1449,936,26.76,71.47,0,4.81,16.05.2024 14:57:03
0,273.00,1456,937,26.77,71.45,0,4.94,16.05.2024 14:57:05
0,269.63,1438,937,26.77,71.49,0,4.59,16.05.2024 14:57:08
0,270.19,1441,937,26.79,71.48,0,4.64,16.05.2024 14:57:10
0,269.81,1439,937,26.79,71.48,0,4.60,16.05.2024 14:57:12
0,269.44,1437,937,26.77,71.47,0,4.58,16.05.2024 14:57:14
0,270.94,1445,937,26.80,71.43,0,4.71,16.05.2024 14:57:16
0,270.94,1445,937,26.79,71.45,0,4.72,16.05.2024 14:57:18
0,269.44,1437,938,26.77,71.45,0,4.58,16.05.2024 14:57:20
0,271.13,1446,938,26.79,71.43,0,4.74,16.05.2024 14:57:22
0,269.81,1439,937,26.77,71.46,0,4.61,16.05.2024 14:57:24
0,272.63,1454,937,26.79,71.46,0,4.89,16.05.2024 14:57:27
0,272.63,1454,937,26.79,71.46,0,4.89,16.05.2024 14:57:29
0,268.31,1431,938,26.77,71.46,0,4.47,16.05.2024 14:57:31
0,272.06,1451,939,26.76,71.43,0,4.85,16.05.2024 14:57:33
0,272.44,1453,938,26.80,71.42,0,4.86,16.05.2024 14:57:35
0,272.81,1455,938,26.79,71.45,0,4.91,16.05.2024 14:57:37
0,269.81,1439,938,26.79,71.45,0,4.61,16.05.2024 14:57:39
0,272.44,1453,938,26.82,71.45,0,4.85,16.05.2024 14:57:41
0,271.88,1450,938,26.80,71.43,0,4.80,16.05.2024 14:57:44
0,271.69,1449,938,26.80,71.43,0,4.79,16.05.2024 14:57:46
0,270.75,1444,938,26.80,71.41,0,4.69,16.05.2024 14:57:48
0,269.81,1439,938,26.79,71.41,0,4.61,16.05.2024 14:57:50
0,273.38,1458,940,26.80,71.44,0,4.95,16.05.2024 14:57:52
0,270.94,1445,940,26.80,71.44,0,4.71,16.05.2024 14:57:54
0,270.19,1441,940,26.79,71.41,0,4.65,16.05.2024 14:57:56
0,271.50,1448,941,26.79,71.41,0,4.78,16.05.2024 14:57:58
0,270.38,1442,942,26.79,71.39,0,4.67,16.05.2024 14:58:01
0,275.06,1467,942,26.80,71.40,0,5.13,16.05.2024 14:58:03
0,270.00,1440,942,26.82,71.41,0,4.61,16.05.2024 14:58:05
0,275.63,1470,942,26.82,71.41,0,5.18,16.05.2024 14:58:07
0,273.19,1457,942,26.82,71.41,0,4.93,16.05.2024 14:58:09
0,269.81,1439,943,26.79,71.38,0,4.62,16.05.2024 14:58:11
0,270.38,1442,943,26.83,71.41,0,4.64,16.05.2024 14:58:13
0,271.31,1447,943,26.79,71.38,0,4.77,16.05.2024 14:58:15
0,270.56,1443,944,26.83,71.40,0,4.66,16.05.2024 14:58:17
0,270.00,1440,944,26.82,71.41,0,4.61,16.05.2024 14:58:20
0,269.06,1435,944,26.80,71.38,0,4.53,16.05.2024 14:58:22
0,273.19,1457,944,26.82,71.41,0,4.93,16.05.2024 14:58:24
0,272.63,1454,944,26.82,71.39,0,4.88,16.05.2024 14:58:26
0,268.69,1433,944,26.80,71.38,0,4.50,16.05.2024 14:58:28
0,272.44,1453,944,26.82,71.38,0,4.86,16.05.2024 14:58:30
0,271.31,1447,944,26.84,71.38,0,4.73,16.05.2024 14:58:32
0,269.63,1438,944,26.82,71.37,0,4.58,16.05.2024 14:58:34
0,270.00,1440,943,26.79,71.39,0,4.64,16.05.2024 14:58:37
0,268.50,1432,944,26.83,71.38,0,4.46,16.05.2024 14:58:39
0,268.31,1431,945,26.82,71.33,0,4.46,16.05.2024 14:58:41
0,272.44,1453,945,26.82,71.39,0,4.86,16.05.2024 14:58:43
0,268.88,1434,945,26.83,71.34,0,4.50,16.05.2024 14:58:45
0,272.06,1451,944,26.82,71.35,0,4.83,16.05.2024 14:58:47
0,271.69,1449,944,26.82,71.37,0,4.79,16.05.2024 14:58:49
0,269.63,1438,945,26.80,71.32,0,4.60,16.05.2024 14:58:51
0,270.56,1443,945,26.80,71.35,0,4.69,16.05.2024 14:58:53
0,272.25,1452,945,26.83,71.38,0,4.83,16.05.2024 14:58:56
0,272.81,1455,946,26.82,71.35,0,4.90,16.05.2024 14:58:58
0,270.19,1441,946,26.84,71.34,0,4.62,16.05.2024 14:59:00
0,267.00,1424,946,26.86,71.33,0,4.30,16.05.2024 14:59:02
0,268.50,1432,946,26.83,71.37,0,4.46,16.05.2024 14:59:04
0,270.00,1440,947,26.83,71.37,0,4.61,16.05.2024 14:59:06
0,269.06,1435,947,26.83,71.34,0,4.52,16.05.2024 14:59:08
0,270.56,1443,947,26.83,71.32,0,4.67,16.05.2024 14:59:10
0,270.94,1445,947,26.83,71.33,0,4.71,16.05.2024 14:59:13
0,271.88,1450,947,26.83,71.31,0,4.81,16.05.2024 14:59:15
0,271.88,1450,948,26.83,71.33,0,4.80,16.05.2024 14:59:17
0,270.56,1443,948,26.83,71.29,0,4.68,16.05.2024 14:59:19
0,272.81,1455,948,26.83,71.32,0,4.90,16.05.2024 14:59:21
0,273.19,1457,947,26.82,71.30,0,4.95,16.05.2024 14:59:23
0,268.13,1430,947,26.83,71.29,0,4.44,16.05.2024 14:59:25
0,269.25,1436,947,26.83,71.29,0,4.55,16.05.2024 14:59:27
0,273.94,1461,947,26.84,71.28,0,5.01,16.05.2024 14:59:30
0,271.88,1450,946,26.83,71.30,0,4.81,16.05.2024 14:59:32
0,267.94,1429,946,26.83,71.25,0,4.43,16.05.2024 14:59:34
0,271.69,1449,946,26.83,71.27,0,4.79,16.05.2024 14:59:36
0,270.75,1444,946,26.83,71.27,0,4.70,16.05.2024 14:59:40
0,272.06,1451,946,26.83,71.24,0,4.84,16.05.2024 14:59:42
0,270.94,1445,946,26.83,71.27,0,4.72,16.05.2024 14:59:44
0,271.13,1446,947,26.83,71.23,0,4.74,16.05.2024 14:59:46
0,268.69,1433,947,26.83,71.24,0,4.50,16.05.2024 14:59:48
0,271.13,1446,946,26.84,71.25,0,4.73,16.05.2024 14:59:51
0,273.75,1460,947,26.86,71.22,0,4.99,16.05.2024 14:59:53
0,267.19,1425,947,26.84,71.23,0,4.35,16.05.2024 14:59:55
0,263.63,1406,947,26.84,71.21,0,4.01,16.05.2024 14:59:57
0,270.00,1440,947,26.82,71.16,0,4.65,16.05.2024 14:59:59
