0,471.56,2515,654,19.55,70.93,0,103.62,17.05.2024 15:00:00
0,472.88,2522,655,19.52,70.94,0,104.91,17.05.2024 15:00:02
0,475.88,2538,654,19.54,70.95,0,107.35,17.05.2024 15:00:04
0,472.50,2520,654,19.52,70.93,0,104.61,17.05.2024 15:00:06
0,474.38,2530,654,19.54,70.94,0,106.08,17.05.2024 15:00:08
0,473.06,2523,654,19.55,70.93,0,104.88,17.05.2024 15:00:12
0,476.25,2540,654,19.54,70.92,0,107.72,17.05.2024 15:00:15
0,472.88,2522,654,19.54,70.92,0,104.83,17.05.2024 15:00:17
0,471.00,2512,654,19.55,70.94,0,103.12,17.05.2024 15:00:19
0,473.63,2526,654,19.52,70.93,0,105.56,17.05.2024 15:00:21
0,473.44,2525,654,19.52,70.90,0,105.47,17.05.2024 15:00:23
0,469.88,2506,654,19.54,70.91,0,102.36,17.05.2024 15:00:25
0,468.38,2498,654,19.55,70.90,0,101.02,17.05.2024 15:00:27
0,470.25,2508,654,19.52,70.92,0,102.76,17.05.2024 15:00:29
0,467.81,2495,654,19.54,70.91,0,100.66,17.05.2024 15:00:32
0,466.31,2487,654,19.54,70.91,0,99.43,17.05.2024 15:00:34
0,469.31,2503,654,19.55,70.91,0,101.78,17.05.2024 15:00:36
0,468.38,2498,655,19.55,70.91,0,101.01,17.05.2024 15:00:38
0,467.44,2493,655,19.55,70.92,0,100.22,17.05.2024 15:00:40
0,470.44,2509,655,19.55,70.92,0,102.70,17.05.2024 15:00:42
0,470.63,2510,655,19.52,70.90,0,103.10,17.05.2024 15:00:44
0,468.56,2499,655,19.55,70.93,0,101.13,17.05.2024 15:00:46
0,468.00,2496,655,19.54,70.92,0,100.79,17.05.2024 15:00:49
0,469.31,2503,655,19.54,70.88,0,101.94,17.05.2024 15:00:51
0,467.81,2495,655,19.57,70.92,0,100.40,17.05.2024 15:00:53
0,466.13,2486,655,19.55,70.90,0,99.19,17.05.2024 15:00:55
0,466.69,2489,656,19.57,70.92,0,99.48,17.05.2024 15:00:57
0,467.81,2495,656,19.55,70.91,0,100.55,17.05.2024 15:00:59
0,471.38,2514,656,19.55,70.89,0,103.53,17.05.2024 15:01:01
0,470.25,2508,656,19.55,70.91,0,102.56,17.05.2024 15:01:03
0,469.88,2506,656,19.55,70.91,0,102.24,17.05.2024 15:01:06
0,472.69,2521,656,19.55,70.90,0,104.61,17.05.2024 15:01:08
0,469.31,2503,656,19.57,70.92,0,101.63,17.05.2024 15:01:10
0,472.31,2519,655,19.55,70.93,0,104.25,17.05.2024 15:01:12
0,472.50,2520,656,19.58,70.90,0,104.22,17.05.2024 15:01:14
0,473.81,2527,655,19.57,70.92,0,105.39,17.05.2024 15:01:16
0,471.56,2515,655,19.55,70.88,0,103.70,17.05.2024 15:01:18
0,479.44,2557,655,19.55,70.90,0,110.41,17.05.2024 15:01:20
0,479.25,2556,655,19.55,70.89,0,110.27,17.05.2024 15:01:23
0,475.50,2536,656,19.55,70.88,0,107.03,17.05.2024 15:01:25
0,476.25,2540,656,19.55,70.89,0,107.66,17.05.2024 15:01:27
0,477.75,2548,657,19.57,70.92,0,108.76,17.05.2024 15:01:29
0,476.06,2539,657,19.55,70.90,0,107.48,17.05.2024 15:01:31
0,476.25,2540,657,19.57,70.94,0,107.43,17.05.2024 15:01:33
0,473.63,2526,658,19.54,70.90,0,105.52,17.05.2024 15:01:35
0,476.44,2541,658,19.58,70.90,0,107.57,17.05.2024 15:01:37
0,478.31,2551,658,19.57,70.91,0,109.27,17.05.2024 15:01:40
0,478.69,2553,657,19.57,70.90,0,109.61,17.05.2024 15:01:42
0,476.06,2539,657,19.57,70.89,0,107.36,17.05.2024 15:01:44
0,477.38,2546,657,19.57,70.89,0,108.50,17.05.2024 15:01:46
0,479.81,2559,658,19.55,70.89,0,110.76,17.05.2024 15:01:48
0,476.06,2539,658,19.57,70.88,0,107.38,17.05.2024 15:01:50
0,477.38,2546,659,19.55,70.87,0,108.68,17.05.2024 15:01:52
0,476.81,2543,659,19.57,70.88,0,108.03,17.05.2024 15:01:54
0,477.75,2548,659,19.55,70.86,0,109.01,17.05.2024 15:01:56
0,474.19,2529,659,19.57,70.89,0,105.76,17.05.2024 15:01:59
0,479.25,2556,660,19.57,70.90,0,110.10,17.05.2024 15:02:01
0,475.50,2536,660,19.57,70.89,0,106.88,17.05.2024 15:02:03
0,478.31,2551,659,19.57,70.92,0,109.25,17.05.2024 15:02:05
0,476.25,2540,660,19.58,70.88,0,107.44,17.05.2024 15:02:07
0,477.38,2546,660,19.55,70.89,0,108.63,17.05.2024 15:02:09
0,478.13,2550,660,19.55,70.91,0,109.25,17.05.2024 15:02:11
0,478.31,2551,660,19.55,70.87,0,109.49,17.05.2024 15:02:13
0,476.25,2540,660,19.55,70.87,0,107.70,17.05.2024 15:02:16
0,479.06,2555,660,19.57,70.84,0,110.07,17.05.2024 15:02:18
0,475.69,2537,660,19.55,70.86,0,107.23,17.05.2024 15:02:20
0,476.44,2541,660,19.57,70.86,0,107.74,17.05.2024 15:02:22
0,475.88,2538,661,19.57,70.86,0,107.25,17.05.2024 15:02:24
0,476.44,2541,661,19.57,70.86,0,107.75,17.05.2024 15:02:26
0,479.25,2556,660,19.58,70.86,0,110.08,17.05.2024 15:02:28
0,476.25,2540,660,19.57,70.88,0,107.54,17.05.2024 15:02:30
0,477.94,2549,661,19.57,70.84,0,109.09,17.05.2024 15:02:33
0,476.81,2543,661,19.57,70.83,0,108.14,17.05.2024 15:02:35
0,477.94,2549,661,19.58,70.85,0,108.96,17.05.2024 15:02:37
0,477.00,2544,661,19.54,70.84,0,108.52,17.05.2024 15:02:39
0,473.63,2526,662,19.59,70.88,0,105.09,17.05.2024 15:02:41
0,477.19,2545,662,19.55,70.84,0,108.56,17.05.2024 15:02:43
0,473.44,2525,663,19.57,70.86,0,105.18,17.05.2024 15:02:45
0,473.44,2525,663,19.58,70.88,0,105.05,17.05.2024 15:02:47
0,475.88,2538,663,19.57,70.83,0,107.33,17.05.2024 15:02:50
0,476.06,2539,663,19.58,70.85,0,107.34,17.05.2024 15:02:52
0,478.69,2553,663,19.58,70.85,0,109.61,17.05.2024 15:02:54
0,477.75,2548,663,19.58,70.84,0,108.80,17.05.2024 15:02:56
0,475.31,2535,664,19.57,70.84,0,106.82,17.05.2024 15:02:58
0,476.25,2540,664,19.58,70.85,0,107.50,17.05.2024 15:03:00
0,474.94,2533,664,19.58,70.82,0,106.43,17.05.2024 15:03:02
0,477.56,2547,665,19.58,70.85,0,108.63,17.05.2024 15:03:04
0,476.63,2542,665,19.57,70.84,0,107.95,17.05.2024 15:03:07
0,476.06,2539,665,19.59,70.85,0,107.22,17.05.2024 15:03:09
0,476.63,2542,665,19.58,70.82,0,107.87,17.05.2024 15:03:11
0,477.38,2546,665,19.59,70.83,0,108.38,17.05.2024 15:03:13
0,478.69,2553,665,19.58,70.83,0,109.64,17.05.2024 15:03:15
0,474.38,2530,666,19.59,70.84,0,105.80,17.05.2024 15:03:17
0,476.63,2542,666,19.55,70.82,0,108.11,17.05.2024 15:03:19
0,477.19,2545,666,19.58,70.83,0,108.34,17.05.2024 15:03:21
0,476.81,2543,667,19.58,70.84,0,107.99,17.05.2024 15:03:24
0,475.69,2537,666,19.59,70.86,0,106.88,17.05.2024 15:03:26
0,477.94,2549,665,19.59,70.85,0,108.84,17.05.2024 15:03:28
0,476.25,2540,666,19.59,70.86,0,107.36,17.05.2024 15:03:30
0,477.00,2544,666,19.59,70.83,0,108.06,17.05.2024 15:03:32
0,477.75,2548,666,19.61,70.81,0,108.62,17.05.2024 15:03:34
0,476.25,2540,666,19.59,70.84,0,107.40,17.05.2024 15:03:36
0,476.06,2539,665,19.57,70.82,0,107.51,17.05.2024 15:03:38
0,478.13,2550,665,19.59,70.84,0,109.02,17.05.2024 15:03:41
0,477.94,2549,664,19.61,70.81,0,108.77,17.05.2024 15:03:43
0,475.31,2535,664,19.61,70.86,0,106.42,17.05.2024 15:03:45
0,476.81,2543,664,19.61,70.80,0,107.83,17.05.2024 15:03:47
0,474.94,2533,664,19.61,70.85,0,106.13,17.05.2024 15:03:49
0,472.69,2521,664,19.58,70.84,0,104.48,17.05.2024 15:03:51
0,476.44,2541,664,19.61,70.81,0,107.48,17.05.2024 15:03:53
0,475.88,2538,664,19.61,70.81,0,107.01,17.05.2024 15:03:55
0,477.94,2549,663,19.59,70.81,0,108.91,17.05.2024 15:03:58
0,475.50,2536,663,19.58,70.81,0,106.92,17.05.2024 15:04:00
0,475.50,2536,663,19.61,70.83,0,106.64,17.05.2024 15:04:02
0,475.88,2538,663,19.59,70.82,0,107.11,17.05.2024 15:04:04
0,474.94,2533,663,19.61,70.80,0,106.23,17.05.2024 15:04:06
0,478.69,2553,662,19.59,70.82,0,109.54,17.05.2024 15:04:08
0,474.75,2532,662,19.61,70.83,0,106.01,17.05.2024 15:04:10
0,477.94,2549,662,19.61,70.83,0,108.73,17.05.2024 15:04:12
0,473.81,2527,662,19.59,70.79,0,105.41,17.05.2024 15:04:15
0,477.00,2544,662,19.62,70.81,0,107.86,17.05.2024 15:04:17
0,475.69,2537,663,19.59,70.81,0,106.97,17.05.2024 15:04:19
0,476.25,2540,663,19.58,70.83,0,107.53,17.05.2024 15:04:21
0,474.94,2533,662,19.61,70.83,0,106.17,17.05.2024 15:04:23
0,477.38,2546,662,19.61,70.83,0,108.25,17.05.2024 15:04:25
0,476.81,2543,662,19.61,70.83,0,107.77,17.05.2024 15:04:27
0,477.94,2549,663,19.62,70.80,0,108.68,17.05.2024 15:04:29
0,477.38,2546,662,19.61,70.81,0,108.28,17.05.2024 15:04:32
0,471.38,2514,662,19.61,70.78,0,103.26,17.05.2024 15:04:34
0,474.56,2531,663,19.64,70.78,0,105.72,17.05.2024 15:04:36
0,474.75,2532,663,19.58,70.82,0,106.27,17.05.2024 15:04:38
0,475.69,2537,663,19.61,70.81,0,106.83,17.05.2024 15:04:40
0,476.06,2539,663,19.61,70.81,0,107.15,17.05.2024 15:04:42
0,472.50,2520,663,19.58,70.81,0,104.38,17.05.2024 15:04:44
0,474.00,2528,663,19.62,70.82,0,105.28,17.05.2024 15:04:46
0,476.44,2541,663,19.64,70.81,0,107.26,17.05.2024 15:04:49
0,476.44,2541,663,19.61,70.79,0,107.53,17.05.2024 15:04:51
0,477.19,2545,663,19.61,70.80,0,108.15,17.05.2024 15:04:53
0,470.06,2507,664,19.64,70.81,0,101.90,17.05.2024 15:04:55
0,471.19,2513,664,19.64,70.80,0,102.85,17.05.2024 15:04:57
0,478.31,2551,664,19.62,70.82,0,108.97,17.05.2024 15:04:59
0,474.38,2530,664,19.61,70.79,0,105.76,17.05.2024 15:05:01
0,475.13,2534,664,19.61,70.80,0,106.39,17.05.2024 15:05:03
0,476.44,2541,664,19.62,70.79,0,107.41,17.05.2024 15:05:08
0,474.56,2531,664,19.62,70.80,0,105.79,17.05.2024 15:05:10
0,476.81,2543,664,19.62,70.82,0,107.68,17.05.2024 15:05:12
0,475.13,2534,664,19.64,70.82,0,106.13,17.05.2024 15:05:14
0,474.75,2532,664,19.62,70.79,0,105.97,17.05.2024 15:05:16
0,472.31,2519,664,19.64,70.80,0,103.79,17.05.2024 15:05:18
0,466.13,2486,664,19.64,70.80,0,98.70,17.05.2024 15:05:20
0,470.44,2509,664,19.62,70.79,0,102.35,17.05.2024 15:05:22
0,469.50,2504,664,19.62,70.80,0,101.56,17.05.2024 15:05:25
0,469.13,2502,664,19.61,70.79,0,101.38,17.05.2024 15:05:27
0,472.31,2519,664,19.64,70.76,0,103.85,17.05.2024 15:05:29
0,470.81,2511,665,19.64,70.80,0,102.54,17.05.2024 15:05:31
0,468.38,2498,665,19.64,70.82,0,100.50,17.05.2024 15:05:33
0,468.00,2496,665,19.58,70.80,0,100.66,17.05.2024 15:05:35
0,474.38,2530,665,19.64,70.80,0,105.52,17.05.2024 15:05:37
0,472.50,2520,665,19.64,70.80,0,103.94,17.05.2024 15:05:39
0,469.50,2504,665,19.65,70.81,0,101.33,17.05.2024 15:05:41
0,469.69,2505,665,19.62,70.81,0,101.70,17.05.2024 15:05:44
0,473.06,2523,665,19.66,70.82,0,104.15,17.05.2024 15:05:46
0,472.13,2518,665,19.62,70.81,0,103.72,17.05.2024 15:05:48
0,472.69,2521,665,19.64,70.81,0,104.08,17.05.2024 15:05:50
0,470.06,2507,665,19.65,70.79,0,101.82,17.05.2024 15:05:52
0,468.38,2498,664,19.62,70.81,0,100.62,17.05.2024 15:05:54
0,473.81,2527,664,19.65,70.82,0,104.90,17.05.2024 15:05:56
0,472.13,2518,664,19.64,70.77,0,103.68,17.05.2024 15:05:58
0,471.00,2512,664,19.61,70.81,0,102.90,17.05.2024 15:06:01
0,467.44,2493,665,19.65,70.79,0,99.67,17.05.2024 15:06:03
0,473.44,2525,665,19.62,70.81,0,104.82,17.05.2024 15:06:05
0,472.88,2522,666,19.65,70.81,0,104.13,17.05.2024 15:06:07
0,472.88,2522,666,19.61,70.79,0,104.50,17.05.2024 15:06:09
0,475.50,2536,667,19.61,70.80,0,106.71,17.05.2024 15:06:11
0,477.75,2548,667,19.62,70.81,0,108.50,17.05.2024 15:06:13
0,481.31,2567,667,19.62,70.82,0,111.60,17.05.2024 15:06:15
0,475.88,2538,667,19.64,70.85,0,106.71,17.05.2024 15:06:18
0,478.88,2554,667,19.62,70.81,0,109.48,17.05.2024 15:06:20
0,478.31,2551,667,19.64,70.84,0,108.82,17.05.2024 15:06:22
0,473.63,2526,667,19.64,70.83,0,104.83,17.05.2024 15:06:24
0,478.88,2554,667,19.62,70.83,0,109.45,17.05.2024 15:06:26
0,476.63,2542,667,19.65,70.82,0,107.29,17.05.2024 15:06:28
0,477.94,2549,667,19.62,70.81,0,108.67,17.05.2024 15:06:30
0,476.44,2541,666,19.62,70.79,0,107.41,17.05.2024 15:06:32
0,476.25,2540,666,19.62,70.83,0,107.18,17.05.2024 15:06:35
0,477.94,2549,666,19.65,70.82,0,108.42,17.05.2024 15:06:37
0,481.88,2570,667,19.66,70.82,0,111.73,17.05.2024 15:06:39
0,478.31,2551,667,19.61,70.81,0,109.09,17.05.2024 15:06:41
0,479.06,2555,667,19.65,70.79,0,109.45,17.05.2024 15:06:43
0,481.69,2569,666,19.64,70.85,0,111.76,17.05.2024 15:06:45
0,480.56,2563,665,19.65,70.80,0,110.74,17.05.2024 15:06:47
0,479.44,2557,666,19.64,70.82,0,109.84,17.05.2024 15:06:49
0,480.19,2561,666,19.64,70.84,0,110.45,17.05.2024 15:06:52
0,477.94,2549,667,19.65,70.81,0,108.44,17.05.2024 15:06:54
0,476.06,2539,667,19.65,70.79,0,106.86,17.05.2024 15:06:56
0,480.19,2561,667,19.66,70.82,0,110.25,17.05.2024 15:06:58
0,477.56,2547,667,19.65,70.82,0,108.10,17.05.2024 15:07:00
0,475.69,2537,667,19.64,70.80,0,106.64,17.05.2024 15:07:02
0,476.25,2540,667,19.66,70.85,0,106.79,17.05.2024 15:07:04
0,477.00,2544,667,19.64,70.82,0,107.73,17.05.2024 15:07:06
0,478.50,2552,667,19.66,70.84,0,108.74,17.05.2024 15:07:09
0,479.25,2556,667,19.64,70.83,0,109.65,17.05.2024 15:07:11
0,478.88,2554,667,19.64,70.82,0,109.35,17.05.2024 15:07:13
0,478.31,2551,667,19.64,70.79,0,108.91,17.05.2024 15:07:15
0,480.00,2560,666,19.65,70.83,0,110.19,17.05.2024 15:07:17
0,475.50,2536,667,19.65,70.81,0,106.35,17.05.2024 15:07:19
0,474.00,2528,667,19.66,70.84,0,104.90,17.05.2024 15:07:21
0,476.25,2540,667,19.64,70.83,0,107.06,17.05.2024 15:07:23
0,479.63,2558,667,19.65,70.81,0,109.90,17.05.2024 15:07:26
0,478.31,2551,667,19.64,70.81,0,108.88,17.05.2024 15:07:28
0,480.00,2560,667,19.64,70.83,0,110.31,17.05.2024 15:07:30
0,478.88,2554,667,19.65,70.81,0,109.25,17.05.2024 15:07:32
0,476.44,2541,667,19.66,70.85,0,106.95,17.05.2024 15:07:34
0,477.75,2548,667,19.66,70.85,0,108.08,17.05.2024 15:07:36
0,472.88,2522,666,19.66,70.82,0,103.99,17.05.2024 15:07:38
0,475.69,2537,666,19.66,70.81,0,106.39,17.05.2024 15:07:40
0,477.94,2549,666,19.65,70.81,0,108.44,17.05.2024 15:07:43
0,477.38,2546,666,19.68,70.81,0,107.71,17.05.2024 15:07:45
0,475.13,2534,667,19.68,70.80,0,105.81,17.05.2024 15:07:47
0,477.94,2549,667,19.66,70.80,0,108.33,17.05.2024 15:07:49
0,478.31,2551,668,19.68,70.84,0,108.46,17.05.2024 15:07:51
0,479.06,2555,668,19.65,70.80,0,109.43,17.05.2024 15:07:53
0,475.69,2537,667,19.68,70.83,0,106.23,17.05.2024 15:07:55
0,474.94,2533,668,19.65,70.83,0,105.83,17.05.2024 15:07:57
0,479.44,2557,668,19.68,70.82,0,109.47,17.05.2024 15:08:00
0,478.69,2553,668,19.68,70.79,0,108.88,17.05.2024 15:08:02
0,476.06,2539,669,19.66,70.81,0,106.71,17.05.2024 15:08:04
0,481.50,2568,668,19.68,70.82,0,111.27,17.05.2024 15:08:06
0,479.81,2559,668,19.66,70.79,0,109.98,17.05.2024 15:08:08
0,477.00,2544,669,19.68,70.79,0,107.43,17.05.2024 15:08:10
0,477.19,2545,668,19.66,70.80,0,107.69,17.05.2024 15:08:12
0,477.94,2549,668,19.69,70.81,0,108.08,17.05.2024 15:08:14
0,476.06,2539,668,19.66,70.82,0,106.68,17.05.2024 15:08:17
0,482.25,2572,668,19.70,70.81,0,111.72,17.05.2024 15:08:19
0,477.19,2545,668,19.66,70.81,0,107.67,17.05.2024 15:08:21
0,481.31,2567,668,19.69,70.84,0,110.95,17.05.2024 15:08:23
0,475.88,2538,667,19.69,70.80,0,106.33,17.05.2024 15:08:25
0,478.69,2553,668,19.68,70.79,0,108.88,17.05.2024 15:08:27
0,476.44,2541,668,19.66,70.78,0,107.08,17.05.2024 15:08:29
0,477.38,2546,668,19.66,70.80,0,107.85,17.05.2024 15:08:31
0,474.56,2531,668,19.68,70.82,0,105.29,17.05.2024 15:08:33
0,478.88,2554,667,19.69,70.82,0,108.86,17.05.2024 15:08:36
0,478.50,2552,667,19.69,70.79,0,108.60,17.05.2024 15:08:38
0,477.19,2545,667,19.68,70.78,0,107.60,17.05.2024 15:08:40
0,477.94,2549,667,19.68,70.80,0,108.21,17.05.2024 15:08:42
0,476.25,2540,667,19.68,70.79,0,106.78,17.05.2024 15:08:44
0,478.31,2551,667,19.66,70.79,0,108.67,17.05.2024 15:08:46
0,475.50,2536,667,19.69,70.78,0,106.04,17.05.2024 15:08:48
0,476.25,2540,667,19.69,70.78,0,106.68,17.05.2024 15:08:50
0,474.94,2533,668,19.68,70.81,0,105.63,17.05.2024 15:08:53
0,473.81,2527,668,19.68,70.80,0,104.70,17.05.2024 15:08:55
0,476.25,2540,667,19.69,70.78,0,106.68,17.05.2024 15:08:57
0,476.44,2541,667,19.68,70.83,0,106.87,17.05.2024 15:08:59
0,477.19,2545,668,19.70,70.80,0,107.33,17.05.2024 15:09:01
0,474.94,2533,667,19.69,70.78,0,105.57,17.05.2024 15:09:03
0,475.69,2537,668,19.68,70.80,0,106.29,17.05.2024 15:09:05
0,478.50,2552,667,19.69,70.77,0,108.63,17.05.2024 15:09:07
0,475.13,2534,667,19.70,70.80,0,105.58,17.05.2024 15:09:10
0,479.06,2555,667,19.69,70.77,0,109.12,17.05.2024 15:09:12
0,476.44,2541,667,19.69,70.76,0,106.88,17.05.2024 15:09:14
0,474.19,2529,667,19.70,70.79,0,104.82,17.05.2024 15:09:16
0,474.94,2533,667,19.70,70.78,0,105.47,17.05.2024 15:09:18
0,477.94,2549,666,19.69,70.78,0,108.13,17.05.2024 15:09:20
0,477.56,2547,666,19.70,70.79,0,107.67,17.05.2024 15:09:22
0,480.75,2564,666,19.70,70.79,0,110.45,17.05.2024 15:09:24
0,474.75,2532,666,19.69,70.77,0,105.43,17.05.2024 15:09:27
0,474.94,2533,666,19.69,70.78,0,105.57,17.05.2024 15:09:29
0,473.25,2524,666,19.69,70.78,0,104.15,17.05.2024 15:09:33
0,479.06,2555,666,19.70,70.79,0,108.97,17.05.2024 15:09:35
0,475.88,2538,666,19.70,70.79,0,106.23,17.05.2024 15:09:37
0,478.31,2551,667,19.69,70.74,0,108.55,17.05.2024 15:09:39
0,475.13,2534,666,19.69,70.79,0,105.71,17.05.2024 15:09:41
0,476.06,2539,667,19.70,70.80,0,106.37,17.05.2024 15:09:43
0,477.94,2549,667,19.69,70.76,0,108.16,17.05.2024 15:09:46
0,471.19,2513,667,19.70,70.76,0,102.36,17.05.2024 15:09:48
0,470.06,2507,666,19.70,70.75,0,101.46,17.05.2024 15:09:50
0,471.94,2517,667,19.72,70.75,0,102.88,17.05.2024 15:09:52
0,472.69,2521,667,19.70,70.78,0,103.58,17.05.2024 15:09:54
0,473.44,2525,667,19.70,70.78,0,104.21,17.05.2024 15:09:56
0,469.31,2503,667,19.69,70.74,0,100.97,17.05.2024 15:09:58
0,470.81,2511,667,19.70,70.79,0,101.99,17.05.2024 15:10:00
0,470.81,2511,668,19.70,70.77,0,102.04,17.05.2024 15:10:03
0,469.69,2505,668,19.70,70.77,0,101.11,17.05.2024 15:10:05
0,470.25,2508,668,19.69,70.76,0,101.70,17.05.2024 15:10:07
0,473.63,2526,668,19.70,70.74,0,104.44,17.05.2024 15:10:09
0,471.75,2516,667,19.70,70.74,0,102.87,17.05.2024 15:10:11
0,473.25,2524,668,19.69,70.74,0,104.22,17.05.2024 15:10:13
0,473.44,2525,669,19.70,70.76,0,104.24,17.05.2024 15:10:15
0,472.88,2522,669,19.70,70.74,0,103.81,17.05.2024 15:10:17
0,474.19,2529,669,19.72,70.75,0,104.76,17.05.2024 15:10:20
0,475.88,2538,669,19.70,70.75,0,106.32,17.05.2024 15:10:22
0,473.44,2525,669,19.72,70.75,0,104.13,17.05.2024 15:10:24
0,473.63,2526,670,19.70,70.74,0,104.44,17.05.2024 15:10:26
0,471.19,2513,669,19.70,70.78,0,102.33,17.05.2024 15:10:28
0,470.44,2509,670,19.72,70.75,0,101.64,17.05.2024 15:10:30
0,471.38,2514,670,19.70,70.79,0,102.47,17.05.2024 15:10:32
0,463.31,2471,670,19.73,70.77,0,95.76,17.05.2024 15:10:34
0,462.56,2467,670,19.72,70.78,0,95.26,17.05.2024 15:10:37
0,461.81,2463,670,19.73,70.76,0,94.60,17.05.2024 15:10:39
0,454.69,2425,670,19.72,70.80,0,89.20,17.05.2024 15:10:41
0,451.88,2410,670,19.70,70.76,0,87.28,17.05.2024 15:10:43
0,446.06,2379,670,19.72,70.81,0,82.90,17.05.2024 15:10:45
0,440.25,2348,670,19.72,70.77,0,78.92,17.05.2024 15:10:47
0,436.88,2330,670,19.72,70.78,0,76.62,17.05.2024 15:10:49
0,434.81,2319,669,19.70,70.78,0,75.35,17.05.2024 15:10:51
0,429.56,2291,669,19.72,70.75,0,71.88,17.05.2024 15:10:54
0,424.31,2263,669,19.69,70.76,0,68.73,17.05.2024 15:10:56
0,426.19,2273,669,19.73,70.78,0,69.63,17.05.2024 15:10:58
0,421.88,2250,669,19.70,70.74,0,67.19,17.05.2024 15:11:00
0,425.81,2271,669,19.73,70.74,0,69.44,17.05.2024 15:11:02
0,420.56,2243,669,19.70,70.77,0,66.36,17.05.2024 15:11:04
0,420.38,2242,669,19.70,70.72,0,66.30,17.05.2024 15:11:06
0,415.13,2214,669,19.72,70.74,0,63.08,17.05.2024 15:11:08
0,414.38,2210,668,19.70,70.68,0,62.80,17.05.2024 15:11:11
0,412.13,2198,668,19.73,70.70,0,61.33,17.05.2024 15:11:13
0,411.75,2196,667,19.72,70.71,0,61.18,17.05.2024 15:11:15
0,412.13,2198,667,19.70,70.67,0,61.51,17.05.2024 15:11:17
0,410.44,2189,666,19.72,70.66,0,60.49,17.05.2024 15:11:19
0,411.56,2195,666,19.72,70.64,0,61.15,17.05.2024 15:11:21
0,405.38,2162,665,19.70,70.65,0,57.76,17.05.2024 15:11:23
0,408.19,2177,664,19.72,70.64,0,59.26,17.05.2024 15:11:25
0,410.63,2190,664,19.73,70.66,0,60.54,17.05.2024 15:11:27
0,411.00,2192,663,19.73,70.64,0,60.77,17.05.2024 15:11:30
0,408.19,2177,663,19.72,70.65,0,59.25,17.05.2024 15:11:32
0,406.31,2167,663,19.73,70.61,0,58.19,17.05.2024 15:11:34
0,407.44,2173,663,19.75,70.61,0,58.74,17.05.2024 15:11:36
0,408.00,2176,663,19.70,70.62,0,59.24,17.05.2024 15:11:38
0,407.06,2171,662,19.73,70.59,0,58.62,17.05.2024 15:11:40
0,407.44,2173,661,19.75,70.57,0,58.78,17.05.2024 15:11:42
0,404.25,2156,660,19.72,70.54,0,57.20,17.05.2024 15:11:44
0,405.19,2161,661,19.73,70.57,0,57.61,17.05.2024 15:11:47
0,407.63,2174,660,19.70,70.55,0,59.11,17.05.2024 15:11:49
0,406.69,2169,660,19.75,70.57,0,58.37,17.05.2024 15:11:51
0,401.25,2140,659,19.73,70.53,0,55.53,17.05.2024 15:11:53
0,406.69,2169,659,19.73,70.55,0,58.45,17.05.2024 15:11:55
0,404.44,2157,659,19.75,70.54,0,57.17,17.05.2024 15:11:57
0,402.38,2146,658,19.73,70.52,0,56.15,17.05.2024 15:11:59
0,403.31,2151,657,19.73,70.50,0,56.67,17.05.2024 15:12:01
0,404.06,2155,656,19.72,70.49,0,57.14,17.05.2024 15:12:04
0,401.81,2143,655,19.72,70.51,0,55.91,17.05.2024 15:12:06
0,403.88,2154,655,19.75,70.47,0,56.94,17.05.2024 15:12:08
0,403.31,2151,654,19.73,70.48,0,56.68,17.05.2024 15:12:10
0,404.63,2158,654,19.75,70.47,0,57.35,17.05.2024 15:12:12
0,401.25,2140,654,19.76,70.49,0,55.45,17.05.2024 15:12:14
0,399.56,2131,654,19.75,70.46,0,54.65,17.05.2024 15:12:16
0,407.81,2175,654,19.75,70.44,0,59.13,17.05.2024 15:12:18
0,401.44,2141,653,19.75,70.44,0,55.67,17.05.2024 15:12:21
0,401.25,2140,653,19.75,70.46,0,55.54,17.05.2024 15:12:23
0,401.25,2140,652,19.72,70.46,0,55.67,17.05.2024 15:12:25
0,404.25,2156,652,19.75,70.43,0,57.19,17.05.2024 15:12:27
0,399.38,2130,652,19.75,70.42,0,54.59,17.05.2024 15:12:29
0,402.75,2148,652,19.73,70.42,0,56.45,17.05.2024 15:12:31
0,400.50,2136,651,19.72,70.41,0,55.32,17.05.2024 15:12:33
0,401.63,2142,651,19.73,70.42,0,55.85,17.05.2024 15:12:35
0,401.81,2143,650,19.75,70.40,0,55.91,17.05.2024 15:12:38
0,397.88,2122,649,19.70,70.37,0,54.05,17.05.2024 15:12:40
0,399.94,2133,647,19.76,70.41,0,54.84,17.05.2024 15:12:42
0,402.38,2146,645,19.73,70.38,0,56.29,17.05.2024 15:12:44
0,397.69,2121,644,19.78,70.40,0,53.61,17.05.2024 15:12:46
0,404.44,2157,642,19.75,70.37,0,57.35,17.05.2024 15:12:48
0,401.25,2140,642,19.75,70.38,0,55.62,17.05.2024 15:12:50
0,400.88,2138,641,19.73,70.37,0,55.50,17.05.2024 15:12:52
0,402.19,2145,641,19.75,70.36,0,56.15,17.05.2024 15:12:55
0,402.19,2145,642,19.75,70.32,0,56.18,17.05.2024 15:12:57
0,398.81,2127,640,19.76,70.37,0,54.29,17.05.2024 15:12:59
0,402.75,2148,639,19.76,70.36,0,56.38,17.05.2024 15:13:01
0,396.19,2113,640,19.75,70.32,0,53.04,17.05.2024 15:13:03
0,399.75,2132,639,19.76,70.31,0,54.84,17.05.2024 15:13:05
0,401.44,2141,639,19.76,70.35,0,55.69,17.05.2024 15:13:07
0,399.00,2128,639,19.73,70.35,0,54.53,17.05.2024 15:13:09
0,402.19,2145,639,19.76,70.32,0,56.12,17.05.2024 15:13:12
0,397.88,2122,638,19.75,70.32,0,53.92,17.05.2024 15:13:14
0,400.31,2135,637,19.78,70.28,0,55.10,17.05.2024 15:13:16
0,402.19,2145,637,19.76,70.31,0,56.13,17.05.2024 15:13:18
0,399.00,2128,636,19.76,70.32,0,54.43,17.05.2024 15:13:20
0,400.50,2136,636,19.75,70.28,0,55.33,17.05.2024 15:13:22
0,398.44,2125,636,19.78,70.32,0,54.08,17.05.2024 15:13:24
0,399.38,2130,637,19.78,70.28,0,54.61,17.05.2024 15:13:26
0,397.69,2121,636,19.75,70.27,0,53.87,17.05.2024 15:13:29
0,402.56,2147,635,19.73,70.27,0,56.50,17.05.2024 15:13:31
0,399.94,2133,635,19.73,70.29,0,55.09,17.05.2024 15:13:33
0,400.88,2138,636,19.73,70.26,0,55.61,17.05.2024 15:13:35
0,400.31,2135,636,19.75,70.27,0,55.24,17.05.2024 15:13:37
0,397.69,2121,636,19.78,70.27,0,53.74,17.05.2024 15:13:39
0,404.25,2156,636,19.73,70.26,0,57.43,17.05.2024 15:13:41
0,398.81,2127,636,19.78,70.25,0,54.35,17.05.2024 15:13:43
0,395.44,2109,636,19.75,70.26,0,52.71,17.05.2024 15:13:46
0,400.13,2134,636,19.75,70.25,0,55.16,17.05.2024 15:13:48
0,398.06,2123,637,19.75,70.24,0,54.09,17.05.2024 15:13:50
0,392.63,2094,637,19.78,70.26,0,51.16,17.05.2024 15:13:52
0,398.25,2124,637,19.78,70.24,0,54.06,17.05.2024 15:13:54
0,398.06,2123,636,19.75,70.22,0,54.11,17.05.2024 15:13:56
0,395.81,2111,636,19.75,70.24,0,52.92,17.05.2024 15:13:58
0,400.69,2137,636,19.75,70.25,0,55.46,17.05.2024 15:14:02
0,396.00,2112,636,19.75,70.21,0,53.05,17.05.2024 15:14:05
0,396.94,2117,635,19.76,70.22,0,53.45,17.05.2024 15:14:07
0,401.63,2142,635,19.73,70.22,0,56.05,17.05.2024 15:14:09
0,394.88,2106,634,19.79,70.19,0,52.31,17.05.2024 15:14:11
0,397.69,2121,633,19.78,70.24,0,53.77,17.05.2024 15:14:13
0,395.63,2110,632,19.78,70.23,0,52.72,17.05.2024 15:14:15
0,396.75,2116,633,19.76,70.22,0,53.35,17.05.2024 15:14:17
0,394.13,2102,633,19.75,70.22,0,52.08,17.05.2024 15:14:19
0,393.19,2097,632,19.76,70.23,0,51.53,17.05.2024 15:14:21
0,393.38,2098,632,19.76,70.22,0,51.63,17.05.2024 15:14:24
0,392.63,2094,632,19.75,70.17,0,51.37,17.05.2024 15:14:26
0,393.94,2101,632,19.75,70.21,0,51.99,17.05.2024 15:14:28
0,393.75,2100,632,19.75,70.22,0,51.89,17.05.2024 15:14:30
0,390.38,2082,632,19.76,70.22,0,50.13,17.05.2024 15:14:32
0,392.81,2095,632,19.78,70.22,0,51.30,17.05.2024 15:14:34
0,393.38,2098,632,19.78,70.25,0,51.56,17.05.2024 15:14:36
0,393.75,2100,632,19.75,70.18,0,51.93,17.05.2024 15:14:38
0,390.75,2084,632,19.78,70.18,0,50.31,17.05.2024 15:14:41
0,394.69,2105,631,19.76,70.19,0,52.33,17.05.2024 15:14:43
0,396.75,2116,631,19.76,70.21,0,53.36,17.05.2024 15:14:45
0,394.31,2103,631,19.72,70.21,0,52.30,17.05.2024 15:14:47
0,393.56,2099,631,19.78,70.21,0,51.69,17.05.2024 15:14:49
0,394.50,2104,631,19.76,70.23,0,52.19,17.05.2024 15:14:51
0,397.50,2120,630,19.75,70.23,0,53.80,17.05.2024 15:14:53
0,391.50,2088,629,19.78,70.20,0,50.66,17.05.2024 15:14:55
0,393.00,2096,629,19.78,70.19,0,51.42,17.05.2024 15:14:58
0,395.25,2108,629,19.76,70.23,0,52.57,17.05.2024 15:15:00
0,395.06,2107,628,19.78,70.18,0,52.48,17.05.2024 15:15:02
0,397.13,2118,628,19.76,70.17,0,53.60,17.05.2024 15:15:04
0,398.25,2124,628,19.78,70.19,0,54.11,17.05.2024 15:15:06
0,399.00,2128,628,19.78,70.19,0,54.50,17.05.2024 15:15:08
0,402.19,2145,628,19.75,70.19,0,56.32,17.05.2024 15:15:10
0,400.88,2138,627,19.75,70.18,0,55.63,17.05.2024 15:15:12
0,395.81,2111,628,19.78,70.21,0,52.83,17.05.2024 15:15:15
0,402.56,2147,628,19.78,70.19,0,56.39,17.05.2024 15:15:17
0,401.81,2143,628,19.76,70.19,0,56.06,17.05.2024 15:15:19
0,399.38,2130,628,19.78,70.19,0,54.70,17.05.2024 15:15:21
0,404.25,2156,627,19.76,70.20,0,57.35,17.05.2024 15:15:23
0,402.00,2144,627,19.78,70.20,0,56.08,17.05.2024 15:15:25
0,398.81,2127,627,19.78,70.18,0,54.42,17.05.2024 15:15:27
0,400.50,2136,627,19.76,70.18,0,55.37,17.05.2024 15:15:29
0,402.19,2145,627,19.78,70.19,0,56.19,17.05.2024 15:15:32
0,399.75,2132,627,19.76,70.20,0,54.95,17.05.2024 15:15:34
0,403.88,2154,626,19.76,70.16,0,57.19,17.05.2024 15:15:36
0,397.69,2121,627,19.79,70.20,0,53.75,17.05.2024 15:15:38
0,400.13,2134,626,19.78,70.18,0,55.11,17.05.2024 15:15:40
0,397.69,2121,626,19.76,70.16,0,53.90,17.05.2024 15:15:42
0,400.13,2134,627,19.78,70.17,0,55.12,17.05.2024 15:15:44
0,403.50,2152,626,19.78,70.18,0,56.91,17.05.2024 15:15:46
0,400.31,2135,627,19.78,70.17,0,55.22,17.05.2024 15:15:49
0,402.19,2145,627,19.78,70.16,0,56.22,17.05.2024 15:15:51
0,399.56,2131,627,19.76,70.14,0,54.91,17.05.2024 15:15:53
0,399.00,2128,627,19.79,70.18,0,54.45,17.05.2024 15:15:55
0,402.00,2144,627,19.76,70.16,0,56.18,17.05.2024 15:15:57
0,399.38,2130,626,19.76,70.16,0,54.79,17.05.2024 15:15:59
0,402.94,2149,626,19.78,70.20,0,56.59,17.05.2024 15:16:01
0,401.81,2143,626,19.78,70.14,0,56.04,17.05.2024 15:16:03
0,396.00,2112,625,19.79,70.15,0,52.92,17.05.2024 15:16:06
0,400.88,2138,625,19.76,70.20,0,55.54,17.05.2024 15:16:08
0,401.25,2140,625,19.76,70.17,0,55.77,17.05.2024 15:16:10
0,400.69,2137,625,19.76,70.15,0,55.49,17.05.2024 15:16:12
0,397.50,2120,625,19.76,70.17,0,53.80,17.05.2024 15:16:14
0,401.44,2141,625,19.78,70.14,0,55.84,17.05.2024 15:16:16
0,397.13,2118,625,19.76,70.13,0,53.64,17.05.2024 15:16:18
0,396.56,2115,624,19.78,70.14,0,53.28,17.05.2024 15:16:20
0,400.13,2134,624,19.78,70.18,0,55.11,17.05.2024 15:16:23
0,397.88,2122,624,19.76,70.16,0,54.00,17.05.2024 15:16:25
0,398.44,2125,624,19.80,70.17,0,54.11,17.05.2024 15:16:27
0,395.63,2110,624,19.79,70.14,0,52.75,17.05.2024 15:16:29
0,399.56,2131,625,19.82,70.15,0,54.65,17.05.2024 15:16:31
0,398.44,2125,624,19.78,70.16,0,54.24,17.05.2024 15:16:33
0,399.38,2130,624,19.79,70.17,0,54.66,17.05.2024 15:16:35
0,401.44,2141,624,19.78,70.16,0,55.82,17.05.2024 15:16:37
0,399.00,2128,624,19.79,70.12,0,54.51,17.05.2024 15:16:39
0,398.44,2125,624,19.76,70.16,0,54.30,17.05.2024 15:16:42
0,398.81,2127,623,19.76,70.16,0,54.49,17.05.2024 15:16:44
0,398.44,2125,623,19.78,70.11,0,54.28,17.05.2024 15:16:46
0,398.81,2127,624,19.76,70.19,0,54.47,17.05.2024 15:16:48
0,399.19,2129,624,19.80,70.16,0,54.52,17.05.2024 15:16:50
0,397.50,2120,624,19.78,70.14,0,53.77,17.05.2024 15:16:52
0,400.88,2138,625,19.79,70.18,0,55.44,17.05.2024 15:16:54
0,399.94,2133,624,19.78,70.14,0,55.05,17.05.2024 15:16:56
0,396.19,2113,624,19.76,70.14,0,53.15,17.05.2024 15:16:59
0,398.25,2124,625,19.79,70.12,0,54.12,17.05.2024 15:17:01
0,399.00,2128,625,19.79,70.11,0,54.52,17.05.2024 15:17:03
0,394.88,2106,625,19.80,70.14,0,52.30,17.05.2024 15:17:05
0,396.75,2116,625,19.79,70.16,0,53.30,17.05.2024 15:17:07
0,400.69,2137,626,19.79,70.11,0,55.41,17.05.2024 15:17:09
0,402.56,2147,625,19.78,70.08,0,56.50,17.05.2024 15:17:11
0,401.25,2140,625,19.79,70.11,0,55.71,17.05.2024 15:17:13
0,397.31,2119,625,19.80,70.13,0,53.57,17.05.2024 15:17:16
0,403.13,2150,625,19.80,70.13,0,56.64,17.05.2024 15:17:18
0,404.06,2155,625,19.79,70.10,0,57.23,17.05.2024 15:17:20
0,398.44,2125,625,19.79,70.14,0,54.20,17.05.2024 15:17:22
0,398.25,2124,625,19.79,70.13,0,54.11,17.05.2024 15:17:24
0,398.25,2124,625,19.79,70.10,0,54.15,17.05.2024 15:17:26
0,399.75,2132,625,19.80,70.10,0,54.87,17.05.2024 15:17:28
0,398.63,2126,625,19.80,70.10,0,54.28,17.05.2024 15:17:30
0,398.63,2126,625,19.79,70.10,0,54.34,17.05.2024 15:17:33
0,398.63,2126,624,19.80,70.10,0,54.28,17.05.2024 15:17:35
0,397.50,2120,625,19.80,70.11,0,53.69,17.05.2024 15:17:37
0,398.44,2125,625,19.78,70.10,0,54.30,17.05.2024 15:17:39
0,396.94,2117,625,19.79,70.09,0,53.47,17.05.2024 15:17:41
0,399.75,2132,625,19.78,70.08,0,55.00,17.05.2024 15:17:43
0,399.94,2133,625,19.78,70.07,0,55.11,17.05.2024 15:17:45
0,398.63,2126,625,19.82,70.06,0,54.25,17.05.2024 15:17:47
0,398.44,2125,625,19.79,70.06,0,54.28,17.05.2024 15:17:50
0,398.63,2126,624,19.79,70.08,0,54.36,17.05.2024 15:17:52
0,399.19,2129,625,19.79,70.08,0,54.66,17.05.2024 15:17:54
0,399.00,2128,625,19.82,70.07,0,54.44,17.05.2024 15:17:56
0,398.25,2124,625,19.80,70.07,0,54.12,17.05.2024 15:17:58
0,400.13,2134,625,19.79,70.07,0,55.16,17.05.2024 15:18:00
0,396.00,2112,625,19.79,70.09,0,52.99,17.05.2024 15:18:02
0,399.75,2132,625,19.79,70.09,0,54.94,17.05.2024 15:18:04
0,395.63,2110,624,19.79,70.05,0,52.83,17.05.2024 15:18:07
0,398.25,2124,624,19.80,70.06,0,54.12,17.05.2024 15:18:09
0,398.63,2126,624,19.79,70.04,0,54.40,17.05.2024 15:18:11
0,399.19,2129,624,19.78,70.05,0,54.74,17.05.2024 15:18:13
0,395.63,2110,624,19.83,70.05,0,52.65,17.05.2024 15:18:15
0,398.63,2126,624,19.79,70.03,0,54.41,17.05.2024 15:18:17
0,397.13,2118,624,19.82,70.05,0,53.48,17.05.2024 15:18:19
0,396.38,2114,623,19.80,70.06,0,53.15,17.05.2024 15:18:21
0,398.25,2124,624,19.79,70.04,0,54.20,17.05.2024 15:18:24
0,398.81,2127,624,19.80,70.03,0,54.44,17.05.2024 15:18:26
0,397.50,2120,624,19.80,70.06,0,53.73,17.05.2024 15:18:28
0,397.69,2121,625,19.82,70.03,0,53.79,17.05.2024 15:18:30
0,396.19,2113,624,19.80,70.02,0,53.09,17.05.2024 15:18:32
0,397.88,2122,624,19.80,70.00,0,53.99,17.05.2024 15:18:34
0,399.94,2133,624,19.80,70.03,0,55.04,17.05.2024 15:18:36
0,396.75,2116,624,19.82,70.00,0,53.33,17.05.2024 15:18:38
0,398.25,2124,624,19.82,70.04,0,54.07,17.05.2024 15:18:41
0,396.38,2114,624,19.79,70.00,0,53.27,17.05.2024 15:18:43
0,398.63,2126,624,19.80,70.00,0,54.38,17.05.2024 15:18:45
0,395.44,2109,624,19.83,70.04,0,52.57,17.05.2024 15:18:47
0,398.06,2123,624,19.82,70.00,0,54.01,17.05.2024 15:18:51
0,398.06,2123,624,19.83,70.03,0,53.93,17.05.2024 15:18:53
0,400.69,2137,624,19.79,70.02,0,55.51,17.05.2024 15:18:55
0,398.06,2123,624,19.82,70.02,0,54.00,17.05.2024 15:18:57
0,392.63,2094,623,19.80,69.99,0,51.31,17.05.2024 15:19:00
0,395.81,2111,623,19.83,70.01,0,52.79,17.05.2024 15:19:02
0,399.94,2133,623,19.79,70.03,0,55.10,17.05.2024 15:19:04
0,397.13,2118,623,19.80,70.01,0,53.59,17.05.2024 15:19:06
0,393.75,2100,622,19.80,70.02,0,51.85,17.05.2024 15:19:08
0,397.31,2119,622,19.83,70.02,0,53.55,17.05.2024 15:19:10
0,387.94,2069,622,19.79,69.98,0,49.05,17.05.2024 15:19:12
0,390.00,2080,622,19.80,69.98,0,50.01,17.05.2024 15:19:14
0,393.75,2100,622,19.85,70.00,0,51.69,17.05.2024 15:19:17
0,393.00,2096,623,19.83,69.98,0,51.39,17.05.2024 15:19:19
0,389.81,2079,622,19.83,69.99,0,49.79,17.05.2024 15:19:21
0,394.50,2104,622,19.80,70.02,0,52.23,17.05.2024 15:19:23
0,393.38,2098,623,19.80,69.96,0,51.71,17.05.2024 15:19:25
0,391.31,2087,622,19.82,70.00,0,50.58,17.05.2024 15:19:27
0,394.13,2102,622,19.82,69.98,0,52.01,17.05.2024 15:19:29
0,393.75,2100,621,19.80,69.98,0,51.89,17.05.2024 15:19:31
0,391.13,2086,622,19.82,69.99,0,50.50,17.05.2024 15:19:33
0,390.94,2085,622,19.83,69.97,0,50.37,17.05.2024 15:19:36
0,399.75,2132,622,19.83,69.98,0,54.86,17.05.2024 15:19:38
0,394.13,2102,622,19.80,69.98,0,52.08,17.05.2024 15:19:40
0,391.88,2090,622,19.82,70.04,0,50.82,17.05.2024 15:19:42
0,393.19,2097,622,19.83,69.99,0,51.47,17.05.2024 15:19:44
0,395.44,2109,622,19.83,69.97,0,52.64,17.05.2024 15:19:46
0,394.13,2102,621,19.83,70.03,0,51.91,17.05.2024 15:19:48
0,394.50,2104,621,19.82,69.97,0,52.22,17.05.2024 15:19:50
0,393.56,2099,622,19.83,69.99,0,51.66,17.05.2024 15:19:53
0,395.81,2111,623,19.82,69.99,0,52.87,17.05.2024 15:19:55
0,394.50,2104,623,19.82,69.99,0,52.20,17.05.2024 15:19:57
0,393.94,2101,623,19.83,69.95,0,51.89,17.05.2024 15:19:59
0,396.94,2117,623,19.85,69.97,0,53.35,17.05.2024 15:20:01
0,396.38,2114,623,19.83,69.94,0,53.14,17.05.2024 15:20:03
0,393.94,2101,623,19.83,69.97,0,51.87,17.05.2024 15:20:05
0,397.13,2118,623,19.80,69.96,0,53.63,17.05.2024 15:20:07
0,400.31,2135,623,19.83,69.96,0,55.18,17.05.2024 15:20:10
0,396.75,2116,623,19.85,69.93,0,53.28,17.05.2024 15:20:12
0,399.56,2131,623,19.82,69.93,0,54.87,17.05.2024 15:20:14
0,401.25,2140,623,19.83,69.95,0,55.69,17.05.2024 15:20:16
0,400.50,2136,624,19.83,70.00,0,55.24,17.05.2024 15:20:18
0,401.81,2143,623,19.85,69.95,0,55.92,17.05.2024 15:20:20
0,398.81,2127,623,19.85,69.95,0,54.34,17.05.2024 15:20:22
0,401.63,2142,623,19.85,69.96,0,55.82,17.05.2024 15:20:25
0,399.00,2128,623,19.83,69.98,0,54.47,17.05.2024 15:20:27
0,399.94,2133,623,19.85,69.94,0,54.94,17.05.2024 15:20:29
0,400.50,2136,623,19.85,69.96,0,55.22,17.05.2024 15:20:31
0,396.94,2117,623,19.85,69.96,0,53.36,17.05.2024 15:20:33
0,400.50,2136,623,19.85,69.94,0,55.24,17.05.2024 15:20:35
0,400.13,2134,623,19.82,69.95,0,55.15,17.05.2024 15:20:37
0,399.94,2133,623,19.83,69.97,0,54.97,17.05.2024 15:20:39
0,403.50,2152,623,19.85,69.92,0,56.87,17.05.2024 15:20:42
0,398.25,2124,623,19.85,69.92,0,54.08,17.05.2024 15:20:44
0,399.94,2133,623,19.85,69.94,0,54.94,17.05.2024 15:20:46
0,397.31,2119,624,19.85,69.97,0,53.54,17.05.2024 15:20:48
0,399.56,2131,624,19.83,69.96,0,54.79,17.05.2024 15:20:50
0,402.38,2146,624,19.86,69.94,0,56.16,17.05.2024 15:20:52
0,398.63,2126,624,19.85,69.95,0,54.24,17.05.2024 15:20:54
0,399.38,2130,625,19.83,69.93,0,54.71,17.05.2024 15:20:56
0,400.50,2136,625,19.82,69.95,0,55.35,17.05.2024 15:20:59
0,400.13,2134,625,19.86,69.95,0,54.96,17.05.2024 15:21:01
0,402.38,2146,625,19.83,69.94,0,56.30,17.05.2024 15:21:03
0,397.69,2121,625,19.86,69.94,0,53.70,17.05.2024 15:21:05
0,398.44,2125,624,19.83,69.96,0,54.20,17.05.2024 15:21:07
0,400.50,2136,624,19.86,69.95,0,55.16,17.05.2024 15:21:09
0,400.31,2135,625,19.83,69.92,0,55.22,17.05.2024 15:21:11
0,402.38,2146,624,19.83,69.93,0,56.31,17.05.2024 15:21:13
0,399.94,2133,624,19.85,69.94,0,54.94,17.05.2024 15:21:16
0,401.06,2139,624,19.83,69.93,0,55.61,17.05.2024 15:21:18
0,399.75,2132,624,19.85,69.94,0,54.84,17.05.2024 15:21:20
0,400.69,2137,625,19.86,69.93,0,55.28,17.05.2024 15:21:22
0,399.38,2130,625,19.82,69.94,0,54.77,17.05.2024 15:21:24
0,396.94,2117,625,19.83,69.95,0,53.42,17.05.2024 15:21:26
0,401.44,2141,625,19.85,69.97,0,55.71,17.05.2024 15:21:28
0,399.56,2131,625,19.85,69.97,0,54.71,17.05.2024 15:21:30
0,401.06,2139,625,19.83,69.94,0,55.60,17.05.2024 15:21:33
0,402.19,2145,625,19.85,69.96,0,56.12,17.05.2024 15:21:35
0,401.63,2142,625,19.88,69.97,0,55.68,17.05.2024 15:21:37
0,401.63,2142,625,19.85,69.94,0,55.83,17.05.2024 15:21:39
0,402.56,2147,625,19.85,69.93,0,56.34,17.05.2024 15:21:41
0,401.44,2141,625,19.85,69.95,0,55.72,17.05.2024 15:21:43
0,399.38,2130,625,19.83,69.93,0,54.71,17.05.2024 15:21:45
0,400.50,2136,626,19.85,69.95,0,55.23,17.05.2024 15:21:47
0,400.13,2134,626,19.88,69.96,0,54.90,17.05.2024 15:21:50
0,399.19,2129,626,19.85,69.95,0,54.54,17.05.2024 15:21:52
0,403.13,2150,626,19.86,69.94,0,56.57,17.05.2024 15:21:54
0,401.25,2140,626,19.88,69.96,0,55.49,17.05.2024 15:21:56
0,399.94,2133,626,19.86,69.94,0,54.87,17.05.2024 15:21:58
0,400.69,2137,626,19.89,69.95,0,55.14,17.05.2024 15:22:00
0,400.50,2136,625,19.86,69.94,0,55.16,17.05.2024 15:22:02
0,400.50,2136,625,19.88,69.93,0,55.12,17.05.2024 15:22:04
0,398.81,2127,625,19.88,69.99,0,54.18,17.05.2024 15:22:07
0,402.00,2144,625,19.85,69.95,0,56.02,17.05.2024 15:22:09
0,399.00,2128,626,19.88,69.94,0,54.32,17.05.2024 15:22:11
0,401.25,2140,626,19.88,69.97,0,55.48,17.05.2024 15:22:13
0,400.50,2136,625,19.86,69.98,0,55.12,17.05.2024 15:22:15
0,401.44,2141,625,19.86,69.92,0,55.69,17.05.2024 15:22:17
0,403.31,2151,625,19.86,69.94,0,56.67,17.05.2024 15:22:19
0,398.81,2127,625,19.86,69.95,0,54.27,17.05.2024 15:22:21
0,397.50,2120,626,19.89,69.97,0,53.46,17.05.2024 15:22:24
0,398.25,2124,626,19.86,69.93,0,54.00,17.05.2024 15:22:26
0,393.94,2101,626,19.86,69.94,0,51.78,17.05.2024 15:22:28
0,397.13,2118,626,19.86,69.95,0,53.39,17.05.2024 15:22:30
0,399.75,2132,627,19.88,69.94,0,54.72,17.05.2024 15:22:32
0,400.88,2138,627,19.88,69.94,0,55.31,17.05.2024 15:22:34
0,397.50,2120,628,19.88,69.97,0,53.52,17.05.2024 15:22:36
0,395.44,2109,628,19.86,69.92,0,52.56,17.05.2024 15:22:38
0,402.75,2148,628,19.88,69.93,0,56.32,17.05.2024 15:22:41
0,403.88,2154,628,19.88,69.93,0,56.92,17.05.2024 15:22:43
0,399.19,2129,628,19.88,69.94,0,54.42,17.05.2024 15:22:45
0,400.50,2136,628,19.89,69.93,0,55.06,17.05.2024 15:22:47
0,400.50,2136,627,19.89,69.93,0,55.06,17.05.2024 15:22:49
0,401.25,2140,627,19.88,69.91,0,55.54,17.05.2024 15:22:51
0,400.88,2138,627,19.89,69.90,0,55.29,17.05.2024 15:22:53
0,400.50,2136,626,19.90,69.94,0,54.99,17.05.2024 15:22:55
0,400.69,2137,626,19.88,69.92,0,55.23,17.05.2024 15:22:58
0,398.81,2127,626,19.88,69.93,0,54.23,17.05.2024 15:23:00
0,399.19,2129,626,19.90,69.92,0,54.32,17.05.2024 15:23:02
0,399.94,2133,626,19.88,69.92,0,54.83,17.05.2024 15:23:04
0,396.75,2116,626,19.89,69.94,0,53.10,17.05.2024 15:23:06
0,400.13,2134,625,19.89,69.89,0,54.90,17.05.2024 15:23:08
0,397.31,2119,625,19.90,69.71,0,53.55,17.05.2024 15:23:10
0,397.13,2118,625,19.88,69.54,0,53.75,17.05.2024 15:23:12
0,393.94,2101,625,19.90,69.50,0,52.04,17.05.2024 15:23:15
0,390.75,2084,626,19.89,69.49,0,50.49,17.05.2024 15:23:17
0,389.25,2076,626,19.89,69.47,0,49.77,17.05.2024 15:23:19
0,386.81,2063,626,19.89,69.47,0,48.58,17.05.2024 15:23:21
0,385.88,2058,627,19.89,69.48,0,48.12,17.05.2024 15:23:23
0,380.63,2030,627,19.89,69.49,0,45.63,17.05.2024 15:23:25
0,380.44,2029,627,19.90,69.52,0,45.47,17.05.2024 15:23:27
0,371.06,1979,626,19.89,69.49,0,41.35,17.05.2024 15:23:29
0,373.69,1993,627,19.88,69.50,0,42.54,17.05.2024 15:23:32
0,371.81,1983,627,19.90,69.52,0,41.61,17.05.2024 15:23:34
0,368.06,1963,627,19.92,69.54,0,39.94,17.05.2024 15:23:36
0,370.31,1975,626,19.90,69.53,0,40.96,17.05.2024 15:23:38
0,363.56,1939,625,19.90,69.50,0,38.15,17.05.2024 15:23:40
0,367.13,1958,625,19.90,69.54,0,39.60,17.05.2024 15:23:42
0,362.63,1934,624,19.90,69.54,0,37.74,17.05.2024 15:23:44
0,360.94,1925,624,19.89,69.52,0,37.12,17.05.2024 15:23:46
0,359.06,1915,623,19.89,69.55,0,36.35,17.05.2024 15:23:49
0,360.56,1923,623,19.92,69.52,0,36.88,17.05.2024 15:23:51
0,356.81,1903,623,19.90,69.51,0,35.46,17.05.2024 15:23:53
0,355.31,1895,623,19.92,69.52,0,34.83,17.05.2024 15:23:55
0,355.13,1894,622,19.89,69.50,0,34.85,17.05.2024 15:23:57
0,354.19,1889,622,19.90,69.52,0,34.44,17.05.2024 15:23:59
0,351.94,1877,621,19.90,69.48,0,33.62,17.05.2024 15:24:01
0,350.63,1870,621,19.89,69.50,0,33.15,17.05.2024 15:24:03
0,350.44,1869,622,19.92,69.46,0,33.03,17.05.2024 15:24:06
0,347.81,1855,621,19.89,69.45,0,32.15,17.05.2024 15:24:08
0,346.88,1850,620,19.89,69.48,0,31.79,17.05.2024 15:24:10
0,346.69,1849,620,19.90,69.48,0,31.70,17.05.2024 15:24:12
0,343.88,1834,619,19.90,69.49,0,30.69,17.05.2024 15:24:14
0,347.44,1853,618,19.90,69.45,0,31.98,17.05.2024 15:24:16
0,347.06,1851,618,19.92,69.42,0,31.82,17.05.2024 15:24:18
0,347.06,1851,618,19.92,69.45,0,31.80,17.05.2024 15:24:22
0,343.50,1832,618,19.92,69.44,0,30.54,17.05.2024 15:24:25
0,346.69,1849,617,19.90,69.44,0,31.72,17.05.2024 15:24:27
0,345.19,1841,618,19.92,69.38,0,31.17,17.05.2024 15:24:29
0,345.38,1842,617,19.90,69.41,0,31.26,17.05.2024 15:24:31
0,342.38,1826,617,19.92,69.42,0,30.16,17.05.2024 15:24:33
0,343.88,1834,616,19.92,69.39,0,30.70,17.05.2024 15:24:35
0,345.75,1844,616,19.92,69.42,0,31.35,17.05.2024 15:24:37
0,339.94,1813,615,19.89,69.42,0,29.40,17.05.2024 15:24:39
0,337.88,1802,615,19.90,69.40,0,28.67,17.05.2024 15:24:42
0,337.31,1799,615,19.92,69.40,0,28.45,17.05.2024 15:24:44
0,340.88,1818,615,19.89,69.42,0,29.72,17.05.2024 15:24:46
0,340.88,1818,615,19.89,69.41,0,29.72,17.05.2024 15:24:48
0,337.88,1802,615,19.92,69.42,0,28.62,17.05.2024 15:24:50
0,337.13,1798,615,19.93,69.44,0,28.33,17.05.2024 15:24:52
0,336.94,1797,614,19.90,69.40,0,28.36,17.05.2024 15:24:54
0,337.69,1801,614,19.92,69.38,0,28.58,17.05.2024 15:24:56
0,335.06,1787,613,19.92,69.42,0,27.69,17.05.2024 15:24:59
0,336.38,1794,613,19.89,69.40,0,28.20,17.05.2024 15:25:01
0,335.63,1790,613,19.90,69.42,0,27.91,17.05.2024 15:25:03
0,339.19,1809,612,19.90,69.40,0,29.12,17.05.2024 15:25:05
0,337.13,1798,612,19.92,69.40,0,28.38,17.05.2024 15:25:07
0,339.38,1810,612,19.90,69.42,0,29.17,17.05.2024 15:25:09
0,338.25,1804,611,19.89,69.40,0,28.83,17.05.2024 15:25:11
0,336.75,1796,611,19.89,69.39,0,28.33,17.05.2024 15:25:13
0,336.19,1793,610,19.93,69.40,0,28.04,17.05.2024 15:25:16
0,340.88,1818,610,19.95,69.40,0,29.59,17.05.2024 15:25:18
0,337.50,1800,610,19.93,69.40,0,28.47,17.05.2024 15:25:20
0,335.81,1791,609,19.92,69.38,0,27.96,17.05.2024 15:25:22
0,337.50,1800,609,19.90,69.40,0,28.55,17.05.2024 15:25:24
0,336.38,1794,609,19.92,69.41,0,28.13,17.05.2024 15:25:26
0,338.81,1807,609,19.92,69.38,0,28.96,17.05.2024 15:25:28
0,342.00,1824,608,19.92,69.38,0,30.05,17.05.2024 15:25:30
0,338.81,1807,608,19.92,69.42,0,28.94,17.05.2024 15:25:33
0,340.31,1815,608,19.90,69.36,0,29.52,17.05.2024 15:25:35
0,339.19,1809,607,19.90,69.40,0,29.12,17.05.2024 15:25:37
0,343.13,1830,607,19.92,69.40,0,30.43,17.05.2024 15:25:39
0,344.25,1836,607,19.93,69.40,0,30.80,17.05.2024 15:25:41
0,340.50,1816,607,19.90,69.41,0,29.56,17.05.2024 15:25:43
0,340.88,1818,606,19.89,69.41,0,29.72,17.05.2024 15:25:45
0,344.81,1839,607,19.92,69.42,0,31.02,17.05.2024 15:25:47
0,345.00,1840,606,19.92,69.39,0,31.10,17.05.2024 15:25:50
0,340.50,1816,606,19.93,69.38,0,29.51,17.05.2024 15:25:52
0,344.81,1839,606,19.92,69.38,0,31.04,17.05.2024 15:25:54
0,341.63,1822,606,19.92,69.40,0,29.91,17.05.2024 15:25:56
0,337.88,1802,606,19.90,69.39,0,28.68,17.05.2024 15:25:58
0,342.00,1824,606,19.92,69.38,0,30.05,17.05.2024 15:26:00
0,341.44,1821,606,19.90,69.40,0,29.89,17.05.2024 15:26:02
0,340.13,1814,606,19.90,69.39,0,29.44,17.05.2024 15:26:04
0,340.31,1815,605,19.92,69.39,0,29.47,17.05.2024 15:26:07
0,340.69,1817,604,19.90,69.39,0,29.63,17.05.2024 15:26:09
0,340.13,1814,603,19.90,69.42,0,29.43,17.05.2024 15:26:11
0,342.38,1826,603,19.89,69.39,0,30.25,17.05.2024 15:26:13
0,340.31,1815,603,19.90,69.41,0,29.50,17.05.2024 15:26:15
0,343.13,1830,603,19.92,69.42,0,30.42,17.05.2024 15:26:17
0,342.75,1828,602,19.92,69.39,0,30.31,17.05.2024 15:26:19
0,343.50,1832,602,19.93,69.39,0,30.54,17.05.2024 15:26:21
0,342.19,1825,602,19.93,69.38,0,30.09,17.05.2024 15:26:24
0,344.25,1836,601,19.92,69.36,0,30.85,17.05.2024 15:26:26
0,341.25,1820,601,19.92,69.38,0,29.79,17.05.2024 15:26:28
0,340.50,1816,601,19.93,69.40,0,29.49,17.05.2024 15:26:30
0,342.38,1826,600,19.92,69.41,0,30.17,17.05.2024 15:26:32
0,341.81,1823,599,19.93,69.39,0,29.95,17.05.2024 15:26:34
0,340.31,1815,599,19.95,69.38,0,29.41,17.05.2024 15:26:36
0,339.00,1808,600,19.93,69.39,0,28.99,17.05.2024 15:26:38
0,339.56,1811,600,19.92,69.40,0,29.20,17.05.2024 15:26:41
0,345.00,1840,600,19.92,69.35,0,31.12,17.05.2024 15:26:43
0,344.06,1835,600,19.92,69.36,0,30.79,17.05.2024 15:26:45
0,343.50,1832,600,19.95,69.40,0,30.50,17.05.2024 15:26:47
0,343.69,1833,600,19.92,69.38,0,30.65,17.05.2024 15:26:49
0,340.50,1816,600,19.93,69.41,0,29.48,17.05.2024 15:26:51
0,342.38,1826,600,19.92,69.42,0,30.16,17.05.2024 15:26:53
0,340.69,1817,601,19.90,69.40,0,29.63,17.05.2024 15:26:56
0,341.06,1819,601,19.93,69.39,0,29.69,17.05.2024 15:26:58
0,339.38,1810,601,19.92,69.38,0,29.15,17.05.2024 15:27:00
0,340.50,1816,600,19.92,69.38,0,29.54,17.05.2024 15:27:02
0,342.19,1825,600,19.93,69.41,0,30.07,17.05.2024 15:27:04
0,338.25,1804,601,19.93,69.38,0,28.74,17.05.2024 15:27:06
0,345.38,1842,601,19.93,69.40,0,31.20,17.05.2024 15:27:08
0,342.94,1829,601,19.92,69.38,0,30.38,17.05.2024 15:27:10
0,342.56,1827,601,19.93,69.38,0,30.22,17.05.2024 15:27:13
0,341.25,1820,601,19.90,69.40,0,29.82,17.05.2024 15:27:15
0,342.56,1827,601,19.92,69.36,0,30.26,17.05.2024 15:27:17
0,339.00,1808,601,19.95,69.41,0,28.95,17.05.2024 15:27:19
0,338.81,1807,601,19.92,69.36,0,28.97,17.05.2024 15:27:21
0,342.38,1826,600,19.95,69.39,0,30.11,17.05.2024 15:27:23
0,341.25,1820,600,19.92,69.39,0,29.79,17.05.2024 15:27:25
0,340.88,1818,601,19.93,69.38,0,29.64,17.05.2024 15:27:27
0,340.13,1814,601,19.93,69.39,0,29.37,17.05.2024 15:27:30
0,341.06,1819,601,19.93,69.36,0,29.71,17.05.2024 15:27:32
0,340.31,1815,601,19.93,69.37,0,29.45,17.05.2024 15:27:34
0,342.19,1825,601,19.92,69.40,0,30.11,17.05.2024 15:27:36
0,338.44,1805,600,19.92,69.35,0,28.85,17.05.2024 15:27:38
0,343.13,1830,601,19.90,69.38,0,30.49,17.05.2024 15:27:40
0,336.75,1796,601,19.93,69.36,0,28.25,17.05.2024 15:27:42
0,339.75,1812,601,19.95,69.40,0,29.20,17.05.2024 15:27:44
0,336.38,1794,601,19.92,69.38,0,28.14,17.05.2024 15:27:47
0,340.88,1818,601,19.92,69.34,0,29.69,17.05.2024 15:27:49
0,340.69,1817,602,19.95,69.38,0,29.54,17.05.2024 15:27:51
0,338.81,1807,602,19.93,69.36,0,28.94,17.05.2024 15:27:53
0,337.88,1802,601,19.95,69.39,0,28.58,17.05.2024 15:27:55
0,336.94,1797,601,19.95,69.36,0,28.28,17.05.2024 15:27:57
0,339.19,1809,601,19.93,69.34,0,29.08,17.05.2024 15:27:59
0,337.50,1800,600,19.92,69.38,0,28.52,17.05.2024 15:28:01
0,339.94,1813,600,19.92,69.39,0,29.34,17.05.2024 15:28:04
0,343.13,1830,600,19.95,69.39,0,30.38,17.05.2024 15:28:06
0,336.94,1797,599,19.92,69.36,0,28.34,17.05.2024 15:28:08
0,340.31,1815,599,19.95,69.37,0,29.41,17.05.2024 15:28:10
0,339.75,1812,599,19.93,69.37,0,29.26,17.05.2024 15:28:12
0,340.69,1817,599,19.92,69.35,0,29.62,17.05.2024 15:28:14
0,336.38,1794,599,19.93,69.35,0,28.13,17.05.2024 15:28:16
0,340.13,1814,599,19.93,69.34,0,29.40,17.05.2024 15:28:18
0,338.63,1806,600,19.95,69.36,0,28.85,17.05.2024 15:28:21
0,339.94,1813,600,19.93,69.36,0,29.32,17.05.2024 15:28:23
0,336.75,1796,600,19.92,69.35,0,28.29,17.05.2024 15:28:25
0,343.13,1830,600,19.92,69.38,0,30.45,17.05.2024 15:28:27
0,341.06,1819,599,19.93,69.35,0,29.72,17.05.2024 15:28:29
0,341.63,1822,599,19.95,69.35,0,29.87,17.05.2024 15:28:31
0,341.63,1822,599,19.92,69.35,0,29.94,17.05.2024 15:28:33
0,338.25,1804,599,19.95,69.37,0,28.71,17.05.2024 15:28:35
0,339.38,1810,600,19.95,69.37,0,29.09,17.05.2024 15:28:38
0,342.56,1827,600,19.95,69.35,0,30.20,17.05.2024 15:28:40
0,339.19,1809,599,19.95,69.33,0,29.05,17.05.2024 15:28:42
0,339.75,1812,600,19.95,69.35,0,29.23,17.05.2024 15:28:44
0,337.69,1801,600,19.96,69.37,0,28.48,17.05.2024 15:28:46
0,339.75,1812,599,19.93,69.35,0,29.27,17.05.2024 15:28:48
0,336.19,1793,599,19.98,69.34,0,27.97,17.05.2024 15:28:50
0,342.19,1825,599,19.92,69.35,0,30.14,17.05.2024 15:28:52
0,339.75,1812,599,19.96,69.36,0,29.18,17.05.2024 15:28:55
0,340.69,1817,599,19.95,69.35,0,29.55,17.05.2024 15:28:57
0,340.13,1814,599,19.92,69.35,0,29.43,17.05.2024 15:28:59
0,339.75,1812,598,19.96,69.33,0,29.20,17.05.2024 15:29:01
0,338.81,1807,598,19.95,69.35,0,28.91,17.05.2024 15:29:03
0,339.56,1811,598,19.96,69.36,0,29.12,17.05.2024 15:29:05
0,341.44,1821,598,19.93,69.37,0,29.83,17.05.2024 15:29:07
0,341.25,1820,598,19.93,69.39,0,29.76,17.05.2024 15:29:09
0,337.69,1801,597,19.95,69.33,0,28.55,17.05.2024 15:29:12
0,338.25,1804,597,19.95,69.35,0,28.72,17.05.2024 15:29:14
0,340.88,1818,597,19.95,69.39,0,29.60,17.05.2024 15:29:16
0,338.25,1804,597,19.96,69.38,0,28.66,17.05.2024 15:29:18
0,339.38,1810,597,19.96,69.40,0,29.03,17.05.2024 15:29:20
0,340.69,1817,597,19.95,69.36,0,29.55,17.05.2024 15:29:22
0,335.81,1791,597,19.93,69.38,0,27.93,17.05.2024 15:29:24
0,338.63,1806,597,19.95,69.38,0,28.84,17.05.2024 15:29:26
0,338.81,1807,597,19.95,69.35,0,28.91,17.05.2024 15:29:29
0,339.00,1808,597,19.95,69.36,0,28.97,17.05.2024 15:29:31
0,339.94,1813,597,19.93,69.37,0,29.32,17.05.2024 15:29:33
0,338.44,1805,598,19.96,69.38,0,28.73,17.05.2024 15:29:35
0,337.88,1802,598,19.96,69.38,0,28.54,17.05.2024 15:29:39
0,340.31,1815,598,19.96,69.39,0,29.36,17.05.2024 15:29:41
0,337.50,1800,597,19.98,69.39,0,28.37,17.05.2024 15:29:43
0,335.06,1787,598,19.98,69.37,0,27.58,17.05.2024 15:29:45
0,337.13,1798,598,19.95,69.39,0,28.33,17.05.2024 15:29:48
0,337.31,1799,598,19.96,69.36,0,28.36,17.05.2024 15:29:50
0,338.44,1805,599,19.96,69.37,0,28.73,17.05.2024 15:29:52
0,338.25,1804,599,19.93,69.41,0,28.72,17.05.2024 15:29:54
0,341.25,1820,599,19.96,69.38,0,29.68,17.05.2024 15:29:56
0,334.31,1783,599,19.98,69.38,0,27.33,17.05.2024 15:29:58
0,333.38,1778,599,19.95,69.39,0,27.10,17.05.2024 15:30:00
0,334.13,1782,599,19.95,69.37,0,27.35,17.05.2024 15:30:02
0,332.63,1774,600,19.95,69.41,0,26.84,17.05.2024 15:30:05
0,336.19,1793,599,19.95,69.36,0,28.03,17.05.2024 15:30:07
0,335.25,1788,599,19.96,69.36,0,27.68,17.05.2024 15:30:09
0,331.88,1770,599,19.95,69.35,0,26.63,17.05.2024 15:30:11
0,333.94,1781,599,19.93,69.39,0,27.31,17.05.2024 15:30:13
0,333.00,1776,600,19.98,69.37,0,26.91,17.05.2024 15:30:15
0,330.75,1764,600,19.95,69.39,0,26.26,17.05.2024 15:30:17
0,339.56,1811,600,19.95,69.38,0,29.15,17.05.2024 15:30:19
0,334.88,1786,600,19.95,69.36,0,27.60,17.05.2024 15:30:22
0,335.25,1788,601,19.96,69.41,0,27.65,17.05.2024 15:30:24
0,333.38,1778,601,19.96,69.37,0,27.06,17.05.2024 15:30:26
0,334.69,1785,601,19.95,69.36,0,27.54,17.05.2024 15:30:28
0,334.31,1783,602,19.98,69.40,0,27.32,17.05.2024 15:30:30
0,336.94,1797,602,19.95,69.38,0,28.27,17.05.2024 15:30:32
0,337.13,1798,602,19.95,69.38,0,28.33,17.05.2024 15:30:34
0,332.44,1773,603,19.92,69.38,0,26.86,17.05.2024 15:30:36
0,335.44,1789,603,19.96,69.41,0,27.72,17.05.2024 15:30:39
0,337.31,1799,603,19.95,69.39,0,28.39,17.05.2024 15:30:41
0,339.56,1811,604,19.99,69.43,0,29.02,17.05.2024 15:30:43
0,337.69,1801,604,19.96,69.38,0,28.47,17.05.2024 15:30:45
0,335.81,1791,603,19.96,69.40,0,27.84,17.05.2024 15:30:47
0,336.75,1796,603,19.99,69.40,0,28.09,17.05.2024 15:30:49
0,336.19,1793,604,19.99,69.40,0,27.91,17.05.2024 15:30:51
0,338.63,1806,603,19.96,69.39,0,28.78,17.05.2024 15:30:53
0,338.06,1803,604,19.96,69.41,0,28.59,17.05.2024 15:30:56
0,340.31,1815,604,19.96,69.41,0,29.35,17.05.2024 15:30:58
0,336.94,1797,603,19.96,69.39,0,28.22,17.05.2024 15:31:00
0,339.56,1811,603,19.96,69.41,0,29.09,17.05.2024 15:31:02
0,339.75,1812,603,19.96,69.35,0,29.18,17.05.2024 15:31:04
0,339.75,1812,602,19.98,69.40,0,29.13,17.05.2024 15:31:06
0,341.06,1819,602,19.95,69.41,0,29.65,17.05.2024 15:31:08
0,342.19,1825,602,19.95,69.39,0,30.05,17.05.2024 15:31:10
0,338.81,1807,602,19.96,69.42,0,28.83,17.05.2024 15:31:13
0,340.69,1817,602,19.95,69.41,0,29.52,17.05.2024 15:31:15
0,338.81,1807,602,19.96,69.43,0,28.83,17.05.2024 15:31:17
0,341.06,1819,602,19.95,69.41,0,29.65,17.05.2024 15:31:19
0,338.81,1807,602,19.99,69.43,0,28.76,17.05.2024 15:31:21
0,337.69,1801,602,19.96,69.41,0,28.46,17.05.2024 15:31:23
0,338.44,1805,602,19.98,69.41,0,28.68,17.05.2024 15:31:25
0,339.00,1808,601,19.96,69.40,0,28.91,17.05.2024 15:31:27
0,340.31,1815,602,19.96,69.40,0,29.35,17.05.2024 15:31:30
0,340.31,1815,601,19.98,69.41,0,29.31,17.05.2024 15:31:32
0,341.63,1822,601,19.96,69.42,0,29.79,17.05.2024 15:31:34
0,339.56,1811,601,19.96,69.39,0,29.10,17.05.2024 15:31:36
0,341.81,1823,601,19.96,69.41,0,29.86,17.05.2024 15:31:38
0,339.94,1813,601,19.96,69.41,0,29.22,17.05.2024 15:31:40
0,342.19,1825,602,19.98,69.39,0,29.97,17.05.2024 15:31:42
0,339.19,1809,602,19.98,69.37,0,28.95,17.05.2024 15:31:44
0,339.75,1812,603,19.96,69.41,0,29.16,17.05.2024 15:31:47
0,337.69,1801,603,19.95,69.39,0,28.52,17.05.2024 15:31:49
0,339.38,1810,603,19.98,69.39,0,29.00,17.05.2024 15:31:51
0,339.38,1810,603,19.98,69.42,0,28.99,17.05.2024 15:31:53
0,337.31,1799,604,19.95,69.41,0,28.38,17.05.2024 15:31:55
0,339.94,1813,604,19.96,69.39,0,29.23,17.05.2024 15:31:57
0,342.56,1827,603,19.96,69.39,0,30.13,17.05.2024 15:31:59
0,341.44,1821,603,19.98,69.37,0,29.72,17.05.2024 15:32:01
0,339.19,1809,603,19.99,69.41,0,28.90,17.05.2024 15:32:04
0,340.88,1818,603,19.96,69.38,0,29.55,17.05.2024 15:32:06
0,339.56,1811,603,19.96,69.40,0,29.10,17.05.2024 15:32:08
0,341.44,1821,603,19.98,69.41,0,29.70,17.05.2024 15:32:10
0,339.19,1809,602,19.96,69.44,0,28.95,17.05.2024 15:32:12
0,335.63,1790,603,19.96,69.40,0,27.78,17.05.2024 15:32:14
0,342.38,1826,603,19.98,69.40,0,30.03,17.05.2024 15:32:16
0,342.19,1825,603,19.96,69.43,0,29.98,17.05.2024 15:32:18
0,340.88,1818,603,19.98,69.38,0,29.52,17.05.2024 15:32:21
0,336.38,1794,603,19.96,69.39,0,28.03,17.05.2024 15:32:23
0,337.69,1801,604,19.99,69.40,0,28.40,17.05.2024 15:32:25
0,339.56,1811,604,19.98,69.41,0,29.06,17.05.2024 15:32:27
0,336.75,1796,604,19.98,69.39,0,28.12,17.05.2024 15:32:29
0,338.25,1804,604,19.99,69.40,0,28.59,17.05.2024 15:32:31
0,337.13,1798,604,19.99,69.39,0,28.22,17.05.2024 15:32:33
0,338.44,1805,604,19.98,69.43,0,28.67,17.05.2024 15:32:35
0,339.38,1810,605,19.98,69.41,0,28.99,17.05.2024 15:32:38
0,338.44,1805,605,19.98,69.40,0,28.68,17.05.2024 15:32:40
0,337.31,1799,604,19.98,69.39,0,28.31,17.05.2024 15:32:42
0,342.56,1827,604,19.96,69.42,0,30.11,17.05.2024 15:32:44
0,337.50,1800,604,19.96,69.38,0,28.41,17.05.2024 15:32:46
0,338.25,1804,604,19.98,69.38,0,28.63,17.05.2024 15:32:48
0,337.69,1801,604,19.98,69.39,0,28.44,17.05.2024 15:32:50
0,338.44,1805,604,19.98,69.44,0,28.66,17.05.2024 15:32:52
0,338.81,1807,604,19.98,69.40,0,28.81,17.05.2024 15:32:55
0,336.94,1797,604,19.99,69.40,0,28.15,17.05.2024 15:32:57
0,340.13,1814,604,19.99,69.37,0,29.24,17.05.2024 15:32:59
0,341.44,1821,604,19.99,69.41,0,29.66,17.05.2024 15:33:01
0,336.56,1795,604,19.96,69.40,0,28.09,17.05.2024 15:33:03
0,337.50,1800,604,20.00,69.39,0,28.31,17.05.2024 15:33:05
0,339.00,1808,603,19.98,69.41,0,28.87,17.05.2024 15:33:07
0,340.13,1814,604,19.99,69.38,0,29.24,17.05.2024 15:33:09
0,339.19,1809,604,19.98,69.42,0,28.92,17.05.2024 15:33:12
0,337.50,1800,604,20.00,69.44,0,28.29,17.05.2024 15:33:14
0,340.69,1817,605,19.99,69.44,0,29.39,17.05.2024 15:33:16
0,339.00,1808,605,19.98,69.40,0,28.87,17.05.2024 15:33:18
0,337.69,1801,606,19.99,69.39,0,28.41,17.05.2024 15:33:20
0,335.81,1791,605,19.98,69.41,0,27.81,17.05.2024 15:33:22
0,341.06,1819,605,19.98,69.40,0,29.57,17.05.2024 15:33:24
0,339.94,1813,606,19.99,69.41,0,29.15,17.05.2024 15:33:26
0,342.00,1824,606,20.00,69.43,0,29.82,17.05.2024 15:33:29
0,340.13,1814,606,19.98,69.38,0,29.26,17.05.2024 15:33:31
0,337.13,1798,606,19.99,69.40,0,28.22,17.05.2024 15:33:33
0,339.94,1813,606,20.00,69.39,0,29.13,17.05.2024 15:33:35
0,341.06,1819,606,19.99,69.43,0,29.53,17.05.2024 15:33:37
0,339.19,1809,607,19.99,69.44,0,28.88,17.05.2024 15:33:39
0,338.25,1804,607,19.99,69.40,0,28.59,17.05.2024 15:33:41
0,338.81,1807,607,19.99,69.40,0,28.77,17.05.2024 15:33:44
0,336.75,1796,607,19.99,69.39,0,28.10,17.05.2024 15:33:46
0,337.50,1800,607,20.00,69.37,0,28.32,17.05.2024 15:33:48
0,341.25,1820,607,19.99,69.38,0,29.62,17.05.2024 15:33:50
0,341.06,1819,607,20.00,69.40,0,29.51,17.05.2024 15:33:52
0,339.56,1811,607,19.98,69.39,0,29.07,17.05.2024 15:33:54
0,339.19,1809,607,19.99,69.39,0,28.91,17.05.2024 15:33:56
0,337.31,1799,607,20.00,69.40,0,28.24,17.05.2024 15:33:58
0,338.06,1803,607,20.02,69.42,0,28.45,17.05.2024 15:34:01
0,338.81,1807,608,20.00,69.40,0,28.75,17.05.2024 15:34:03
0,342.00,1824,608,19.99,69.40,0,29.86,17.05.2024 15:34:05
0,339.56,1811,607,19.98,69.40,0,29.06,17.05.2024 15:34:07
0,338.44,1805,607,19.99,69.39,0,28.66,17.05.2024 15:34:09
0,339.00,1808,606,19.99,69.39,0,28.85,17.05.2024 15:34:11
0,338.25,1804,607,19.99,69.40,0,28.59,17.05.2024 15:34:13
0,342.19,1825,607,20.00,69.41,0,29.89,17.05.2024 15:34:15
0,341.81,1823,607,19.99,69.39,0,29.81,17.05.2024 15:34:18
0,338.06,1803,607,20.02,69.36,0,28.48,17.05.2024 15:34:20
0,340.31,1815,607,19.99,69.38,0,29.30,17.05.2024 15:34:22
0,336.75,1796,607,20.00,69.39,0,28.06,17.05.2024 15:34:24
0,337.31,1799,607,20.02,69.39,0,28.21,17.05.2024 15:34:26
0,336.38,1794,607,19.99,69.40,0,27.97,17.05.2024 15:34:28
0,339.38,1810,607,19.99,69.37,0,28.99,17.05.2024 15:34:30
0,340.13,1814,606,19.99,69.36,0,29.25,17.05.2024 15:34:32
0,338.06,1803,607,20.00,69.37,0,28.51,17.05.2024 15:34:35
0,338.06,1803,607,20.00,69.36,0,28.52,17.05.2024 15:34:37
0,341.06,1819,607,19.99,69.37,0,29.56,17.05.2024 15:34:39
0,336.94,1797,607,19.99,69.38,0,28.17,17.05.2024 15:34:41
0,339.38,1810,608,20.02,69.39,0,28.90,17.05.2024 15:34:43
0,336.19,1793,609,20.02,69.36,0,27.86,17.05.2024 15:34:45
0,339.19,1809,609,20.00,69.38,0,28.88,17.05.2024 15:34:47
0,336.00,1792,609,20.02,69.35,0,27.80,17.05.2024 15:34:49
0,341.06,1819,609,20.02,69.36,0,29.49,17.05.2024 15:34:52
0,336.38,1794,610,20.00,69.35,0,27.96,17.05.2024 15:34:54
0,336.00,1792,609,20.02,69.36,0,27.79,17.05.2024 15:34:56
0,337.31,1799,609,20.00,69.34,0,28.28,17.05.2024 15:34:58
0,343.13,1830,609,20.02,69.37,0,30.19,17.05.2024 15:35:00
0,338.81,1807,609,20.00,69.32,0,28.79,17.05.2024 15:35:02
0,337.50,1800,609,20.03,69.34,0,28.27,17.05.2024 15:35:04
0,339.00,1808,609,20.03,69.38,0,28.75,17.05.2024 15:35:06
0,340.69,1817,609,20.02,69.35,0,29.37,17.05.2024 15:35:09
0,338.25,1804,609,20.02,69.35,0,28.55,17.05.2024 15:35:11
0,338.63,1806,608,20.00,69.33,0,28.72,17.05.2024 15:35:13
0,337.13,1798,608,20.00,69.34,0,28.22,17.05.2024 15:35:15
0,337.69,1801,607,19.99,69.35,0,28.43,17.05.2024 15:35:17
0,338.63,1806,608,20.02,69.35,0,28.68,17.05.2024 15:35:19
0,337.88,1802,608,20.00,69.32,0,28.47,17.05.2024 15:35:21
0,334.69,1785,608,20.00,69.32,0,27.42,17.05.2024 15:35:25
0,335.25,1788,609,19.99,69.29,0,27.66,17.05.2024 15:35:28
0,339.56,1811,609,20.00,69.31,0,29.05,17.05.2024 15:35:30
0,336.94,1797,609,20.02,69.33,0,28.12,17.05.2024 15:35:32
0,338.44,1805,609,20.02,69.33,0,28.62,17.05.2024 15:35:34
0,339.00,1808,608,20.00,69.32,0,28.85,17.05.2024 15:35:36
0,335.81,1791,608,20.00,69.31,0,27.80,17.05.2024 15:35:38
0,340.88,1818,607,20.03,69.32,0,29.42,17.05.2024 15:35:40
0,337.69,1801,607,20.02,69.31,0,28.38,17.05.2024 15:35:42
0,332.63,1774,607,20.02,69.31,0,26.73,17.05.2024 15:35:45
0,334.69,1785,606,20.03,69.33,0,27.35,17.05.2024 15:35:47
0,334.88,1786,607,20.03,69.29,0,27.44,17.05.2024 15:35:49
0,334.88,1786,606,20.03,69.33,0,27.41,17.05.2024 15:35:51
0,334.69,1785,606,20.02,69.33,0,27.38,17.05.2024 15:35:53
0,337.31,1799,607,20.00,69.30,0,28.30,17.05.2024 15:35:55
0,337.13,1798,607,20.02,69.33,0,28.18,17.05.2024 15:35:57
0,331.69,1769,607,20.03,69.31,0,26.40,17.05.2024 15:35:59
0,334.69,1785,607,20.02,69.31,0,27.40,17.05.2024 15:36:02
0,335.25,1788,607,20.03,69.34,0,27.53,17.05.2024 15:36:04
0,333.56,1779,607,20.03,69.34,0,26.99,17.05.2024 15:36:06
0,333.19,1777,608,20.02,69.33,0,26.90,17.05.2024 15:36:08
0,330.94,1765,608,20.02,69.33,0,26.18,17.05.2024 15:36:10
0,333.19,1777,607,19.99,69.32,0,26.97,17.05.2024 15:36:12
0,331.88,1770,608,20.02,69.29,0,26.49,17.05.2024 15:36:14
0,338.44,1805,609,20.02,69.33,0,28.62,17.05.2024 15:36:16
0,336.00,1792,609,20.00,69.30,0,27.86,17.05.2024 15:36:19
0,335.06,1787,609,20.03,69.31,0,27.49,17.05.2024 15:36:21
0,335.44,1789,609,20.02,69.33,0,27.62,17.05.2024 15:36:23
0,333.00,1776,609,20.02,69.32,0,26.84,17.05.2024 15:36:25
0,333.00,1776,609,20.02,69.33,0,26.83,17.05.2024 15:36:27
0,337.31,1799,609,20.05,69.32,0,28.19,17.05.2024 15:36:29
0,335.06,1787,609,20.00,69.31,0,27.55,17.05.2024 15:36:31
0,338.06,1803,609,20.02,69.32,0,28.50,17.05.2024 15:36:33
0,337.88,1802,609,20.03,69.35,0,28.39,17.05.2024 15:36:36
0,339.38,1810,609,20.02,69.33,0,28.93,17.05.2024 15:36:38
0,339.75,1812,610,20.02,69.29,0,29.08,17.05.2024 15:36:40
0,339.56,1811,610,20.03,69.33,0,28.97,17.05.2024 15:36:42
0,339.38,1810,610,20.02,69.33,0,28.94,17.05.2024 15:36:44
0,339.19,1809,610,20.02,69.32,0,28.88,17.05.2024 15:36:46
0,342.19,1825,610,20.02,69.33,0,29.89,17.05.2024 15:36:48
0,338.25,1804,611,20.05,69.34,0,28.49,17.05.2024 15:36:50
0,342.00,1824,611,20.03,69.33,0,29.80,17.05.2024 15:36:53
0,339.56,1811,611,20.05,69.34,0,28.93,17.05.2024 15:36:55
0,339.94,1813,611,20.03,69.34,0,29.09,17.05.2024 15:36:57
0,341.81,1823,611,20.02,69.35,0,29.75,17.05.2024 15:36:59
0,338.06,1803,611,20.00,69.34,0,28.53,17.05.2024 15:37:01
0,341.44,1821,611,20.03,69.34,0,29.60,17.05.2024 15:37:03
0,343.50,1832,611,20.05,69.34,0,30.28,17.05.2024 15:37:05
0,341.44,1821,611,20.03,69.35,0,29.59,17.05.2024 15:37:07
0,337.88,1802,611,20.02,69.33,0,28.43,17.05.2024 15:37:10
0,344.06,1835,612,20.03,69.32,0,30.52,17.05.2024 15:37:12
0,341.44,1821,612,20.02,69.33,0,29.64,17.05.2024 15:37:14
0,339.38,1810,612,20.03,69.35,0,28.89,17.05.2024 15:37:16
0,341.06,1819,611,20.03,69.35,0,29.47,17.05.2024 15:37:18
0,338.81,1807,611,20.03,69.35,0,28.70,17.05.2024 15:37:20
0,340.13,1814,611,20.02,69.32,0,29.20,17.05.2024 15:37:22
0,340.13,1814,611,20.03,69.34,0,29.15,17.05.2024 15:37:24
0,336.19,1793,611,20.00,69.35,0,27.90,17.05.2024 15:37:27
0,338.63,1806,611,20.03,69.32,0,28.66,17.05.2024 15:37:29
0,340.69,1817,611,20.05,69.36,0,29.30,17.05.2024 15:37:31
0,339.00,1808,611,20.03,69.33,0,28.78,17.05.2024 15:37:33
0,340.13,1814,611,20.02,69.35,0,29.18,17.05.2024 15:37:35
0,340.69,1817,612,20.05,69.33,0,29.32,17.05.2024 15:37:37
0,339.56,1811,611,20.06,69.37,0,28.88,17.05.2024 15:37:39
0,340.69,1817,612,20.05,69.37,0,29.29,17.05.2024 15:37:41
0,339.94,1813,612,20.05,69.35,0,29.05,17.05.2024 15:37:44
0,340.31,1815,612,20.05,69.36,0,29.17,17.05.2024 15:37:46
0,335.06,1787,611,19.99,69.32,0,27.58,17.05.2024 15:37:48
0,338.06,1803,611,20.03,69.31,0,28.48,17.05.2024 15:37:50
0,345.56,1843,612,20.05,69.33,0,31.01,17.05.2024 15:37:52
0,340.13,1814,612,20.06,69.34,0,29.09,17.05.2024 15:37:54
0,339.19,1809,612,20.03,69.32,0,28.85,17.05.2024 15:37:56
0,338.06,1803,613,20.05,69.32,0,28.44,17.05.2024 15:37:58
0,339.56,1811,612,20.06,69.33,0,28.90,17.05.2024 15:38:01
0,340.31,1815,613,20.06,69.30,0,29.17,17.05.2024 15:38:03
0,341.63,1822,613,20.05,69.34,0,29.63,17.05.2024 15:38:05
0,342.00,1824,613,20.03,69.30,0,29.82,17.05.2024 15:38:07
0,339.94,1813,613,20.05,69.29,0,29.08,17.05.2024 15:38:09
0,338.81,1807,613,20.05,69.33,0,28.68,17.05.2024 15:38:11
0,339.38,1810,613,20.05,69.28,0,28.90,17.05.2024 15:38:13
0,337.69,1801,613,20.06,69.29,0,28.30,17.05.2024 15:38:15
0,340.50,1816,613,20.05,69.32,0,29.26,17.05.2024 15:38:18
0,338.81,1807,613,20.05,69.31,0,28.69,17.05.2024 15:38:20
0,339.38,1810,613,20.06,69.31,0,28.85,17.05.2024 15:38:22
0,339.00,1808,613,20.05,69.32,0,28.75,17.05.2024 15:38:24
0,339.38,1810,614,20.06,69.28,0,28.86,17.05.2024 15:38:26
0,340.31,1815,614,20.06,69.29,0,29.18,17.05.2024 15:38:28
0,338.81,1807,614,20.06,69.29,0,28.67,17.05.2024 15:38:30
0,337.88,1802,614,20.05,69.29,0,28.39,17.05.2024 15:38:32
0,339.94,1813,614,20.06,69.32,0,29.03,17.05.2024 15:38:35
0,338.06,1803,615,20.05,69.27,0,28.46,17.05.2024 15:38:37
0,341.63,1822,615,20.05,69.33,0,29.64,17.05.2024 15:38:39
0,339.94,1813,615,20.06,69.29,0,29.05,17.05.2024 15:38:41
0,341.06,1819,614,20.08,69.30,0,29.39,17.05.2024 15:38:43
0,340.88,1818,614,20.05,69.28,0,29.41,17.05.2024 15:38:45
0,341.81,1823,614,20.06,69.29,0,29.69,17.05.2024 15:38:47
0,339.19,1809,615,20.06,69.30,0,28.79,17.05.2024 15:38:49
0,341.06,1819,615,20.08,69.30,0,29.39,17.05.2024 15:38:52
0,340.69,1817,615,20.05,69.28,0,29.34,17.05.2024 15:38:54
0,339.19,1809,614,20.03,69.31,0,28.85,17.05.2024 15:38:56
0,336.75,1796,614,20.05,69.31,0,28.01,17.05.2024 15:38:58
0,338.25,1804,613,20.06,69.30,0,28.48,17.05.2024 15:39:00
0,338.06,1803,614,20.06,69.29,0,28.42,17.05.2024 15:39:02
0,340.69,1817,614,20.09,69.31,0,29.22,17.05.2024 15:39:04
0,339.38,1810,613,20.09,69.27,0,28.80,17.05.2024 15:39:06
0,342.38,1826,614,20.05,69.30,0,29.91,17.05.2024 15:39:09
0,339.38,1810,614,20.06,69.29,0,28.86,17.05.2024 15:39:11
0,338.44,1805,615,20.09,69.29,0,28.48,17.05.2024 15:39:13
0,339.19,1809,615,20.06,69.26,0,28.82,17.05.2024 15:39:15
0,346.88,1850,615,20.06,69.29,0,31.46,17.05.2024 15:39:17
0,337.31,1799,614,20.09,69.31,0,28.09,17.05.2024 15:39:19
0,335.81,1791,614,20.08,69.28,0,27.65,17.05.2024 15:39:21
0,335.63,1790,614,20.09,69.31,0,27.54,17.05.2024 15:39:23
0,337.88,1802,614,20.06,69.28,0,28.36,17.05.2024 15:39:26
0,341.63,1822,614,20.08,69.30,0,29.58,17.05.2024 15:39:28
0,338.44,1805,614,20.08,69.28,0,28.52,17.05.2024 15:39:30
0,336.75,1796,614,20.08,69.28,0,27.96,17.05.2024 15:39:32
0,338.81,1807,614,20.06,69.27,0,28.68,17.05.2024 15:39:34
0,337.88,1802,614,20.08,69.28,0,28.33,17.05.2024 15:39:36
0,339.75,1812,614,20.06,69.28,0,28.99,17.05.2024 15:39:38
0,336.56,1795,614,20.06,69.30,0,27.92,17.05.2024 15:39:41
0,342.00,1824,614,20.06,69.27,0,29.76,17.05.2024 15:39:43
0,337.13,1798,615,20.08,69.30,0,28.07,17.05.2024 15:39:45
0,338.06,1803,615,20.09,69.27,0,28.36,17.05.2024 15:39:47
0,342.00,1824,615,20.09,69.29,0,29.68,17.05.2024 15:39:49
0,340.31,1815,615,20.09,69.27,0,29.12,17.05.2024 15:39:51
0,336.56,1795,615,20.09,69.26,0,27.87,17.05.2024 15:39:53
0,340.13,1814,615,20.09,69.30,0,29.04,17.05.2024 15:39:55
0,338.06,1803,615,20.08,69.26,0,28.40,17.05.2024 15:39:58
0,339.75,1812,615,20.09,69.24,0,28.94,17.05.2024 15:40:00
0,339.56,1811,615,20.06,69.27,0,28.94,17.05.2024 15:40:02
0,336.38,1794,615,20.08,69.27,0,27.84,17.05.2024 15:40:04
0,338.25,1804,614,20.09,69.28,0,28.42,17.05.2024 15:40:06
0,339.00,1808,614,20.09,69.27,0,28.68,17.05.2024 15:40:08
0,338.63,1806,614,20.08,69.22,0,28.61,17.05.2024 15:40:10
0,340.13,1814,614,20.05,69.26,0,29.16,17.05.2024 15:40:12
0,337.31,1799,615,20.09,69.24,0,28.13,17.05.2024 15:40:15
0,339.56,1811,615,20.10,69.24,0,28.85,17.05.2024 15:40:17
0,337.88,1802,615,20.08,69.28,0,28.33,17.05.2024 15:40:19
0,338.81,1807,615,20.08,69.24,0,28.66,17.05.2024 15:40:21
0,338.25,1804,615,20.08,69.23,0,28.48,17.05.2024 15:40:23
0,342.56,1827,615,20.09,69.24,0,29.90,17.05.2024 15:40:25
0,339.00,1808,615,20.09,69.25,0,28.69,17.05.2024 15:40:27
0,337.88,1802,615,20.06,69.27,0,28.37,17.05.2024 15:40:29
0,339.00,1808,615,20.08,69.25,0,28.72,17.05.2024 15:40:32
0,341.25,1820,615,20.09,69.24,0,29.45,17.05.2024 15:40:34
0,340.69,1817,615,20.09,69.23,0,29.27,17.05.2024 15:40:36
0,338.25,1804,615,20.10,69.25,0,28.40,17.05.2024 15:40:38
0,336.94,1797,615,20.09,69.23,0,28.01,17.05.2024 15:40:40
0,338.81,1807,615,20.10,69.24,0,28.60,17.05.2024 15:40:42
0,339.38,1810,616,20.10,69.20,0,28.81,17.05.2024 15:40:44
0,340.31,1815,616,20.09,69.23,0,29.14,17.05.2024 15:40:46
0,339.94,1813,616,20.10,69.22,0,28.99,17.05.2024 15:40:49
0,338.06,1803,616,20.10,69.22,0,28.36,17.05.2024 15:40:51
0,340.88,1818,616,20.09,69.24,0,29.32,17.05.2024 15:40:55
0,337.69,1801,616,20.10,69.22,0,28.23,17.05.2024 15:40:57
0,337.50,1800,616,20.10,69.22,0,28.18,17.05.2024 15:40:59
0,340.50,1816,616,20.08,69.24,0,29.23,17.05.2024 15:41:01
0,340.69,1817,616,20.08,69.19,0,29.32,17.05.2024 15:41:03
0,336.94,1797,616,20.10,69.25,0,27.97,17.05.2024 15:41:05
0,337.88,1802,617,20.12,69.22,0,28.26,17.05.2024 15:41:08
0,337.50,1800,617,20.09,69.21,0,28.21,17.05.2024 15:41:10
0,339.56,1811,618,20.09,69.21,0,28.90,17.05.2024 15:41:12
0,336.56,1795,618,20.10,69.22,0,27.87,17.05.2024 15:41:14
0,336.56,1795,618,20.09,69.22,0,27.89,17.05.2024 15:41:16
0,336.19,1793,619,20.10,69.24,0,27.73,17.05.2024 15:41:18
0,334.31,1783,618,20.09,69.24,0,27.15,17.05.2024 15:41:20
0,333.75,1780,618,20.09,69.24,0,26.97,17.05.2024 15:41:22
0,334.88,1786,618,20.12,69.24,0,27.26,17.05.2024 15:41:25
0,330.94,1765,618,20.10,69.21,0,26.06,17.05.2024 15:41:27
0,337.69,1801,618,20.10,69.24,0,28.22,17.05.2024 15:41:29
0,333.00,1776,618,20.09,69.20,0,26.75,17.05.2024 15:41:31
0,335.25,1788,618,20.10,69.17,0,27.46,17.05.2024 15:41:33
0,335.44,1789,619,20.12,69.20,0,27.47,17.05.2024 15:41:35
0,334.31,1783,619,20.09,69.18,0,27.18,17.05.2024 15:41:37
0,333.00,1776,618,20.09,69.19,0,26.75,17.05.2024 15:41:39
0,332.44,1773,618,20.09,69.19,0,26.57,17.05.2024 15:41:42
0,333.75,1780,618,20.10,69.24,0,26.94,17.05.2024 15:41:44
0,335.44,1789,618,20.10,69.18,0,27.51,17.05.2024 15:41:46
0,333.19,1777,618,20.13,69.17,0,26.73,17.05.2024 15:41:48
0,329.81,1759,618,20.09,69.15,0,25.77,17.05.2024 15:41:50
0,329.25,1756,618,20.10,69.15,0,25.56,17.05.2024 15:41:52
0,326.06,1739,618,20.12,69.12,0,24.57,17.05.2024 15:41:54
0,329.06,1755,617,20.10,69.09,0,25.53,17.05.2024 15:41:56
0,316.50,1688,617,20.12,69.08,0,21.81,17.05.2024 15:41:59
0,320.25,1708,617,20.13,69.05,0,22.86,17.05.2024 15:42:01
0,321.19,1713,617,20.12,69.03,0,23.16,17.05.2024 15:42:03
0,316.31,1687,617,20.12,68.96,0,21.80,17.05.2024 15:42:05
0,313.88,1674,617,20.10,68.96,0,21.16,17.05.2024 15:42:07
0,312.56,1667,617,20.10,68.93,0,20.81,17.05.2024 15:42:09
0,313.50,1672,617,20.10,68.87,0,21.09,17.05.2024 15:42:11
0,310.31,1655,616,20.12,68.89,0,20.20,17.05.2024 15:42:13
0,309.94,1653,616,20.10,68.83,0,20.15,17.05.2024 15:42:16
0,306.56,1635,616,20.12,68.82,0,19.24,17.05.2024 15:42:18
0,309.00,1648,617,20.13,68.78,0,19.87,17.05.2024 15:42:20
0,303.75,1620,616,20.12,68.68,0,18.58,17.05.2024 15:42:22
0,302.81,1615,616,20.13,68.71,0,18.31,17.05.2024 15:42:24
0,303.56,1619,616,20.13,68.76,0,18.48,17.05.2024 15:42:26
0,302.44,1613,615,20.10,68.83,0,18.22,17.05.2024 15:42:28
0,310.13,1654,615,20.10,68.91,0,20.17,17.05.2024 15:42:30
0,303.38,1618,615,20.12,68.97,0,18.37,17.05.2024 15:42:33
0,304.69,1625,615,20.13,68.99,0,18.67,17.05.2024 15:42:35
0,302.81,1615,616,20.10,69.03,0,18.23,17.05.2024 15:42:37
0,308.06,1643,616,20.13,69.07,0,19.51,17.05.2024 15:42:39
0,303.00,1616,617,20.12,69.08,0,18.24,17.05.2024 15:42:41
0,306.94,1637,617,20.12,69.14,0,19.21,17.05.2024 15:42:43
0,304.13,1622,617,20.10,69.18,0,18.51,17.05.2024 15:42:45
0,309.94,1653,618,20.12,69.23,0,19.96,17.05.2024 15:42:47
0,310.69,1657,617,20.13,69.28,0,20.11,17.05.2024 15:42:50
0,311.25,1660,618,20.13,69.32,0,20.25,17.05.2024 15:42:52
0,310.69,1657,619,20.15,69.26,0,20.10,17.05.2024 15:42:54
0,310.13,1654,620,20.16,69.29,0,19.91,17.05.2024 15:42:56
0,312.94,1669,620,20.15,69.30,0,20.68,17.05.2024 15:42:58
0,311.63,1662,621,20.15,69.35,0,20.31,17.05.2024 15:43:00
0,313.69,1673,621,20.15,69.36,0,20.86,17.05.2024 15:43:02
0,314.81,1679,621,20.17,69.39,0,21.10,17.05.2024 15:43:04
0,317.06,1691,622,20.16,69.47,0,21.71,17.05.2024 15:43:07
0,319.69,1705,623,20.16,69.52,0,22.43,17.05.2024 15:43:09
0,315.75,1684,623,20.16,69.61,0,21.29,17.05.2024 15:43:11
0,315.00,1680,623,20.17,69.71,0,21.02,17.05.2024 15:43:13
0,316.69,1689,622,20.16,69.78,0,21.48,17.05.2024 15:43:15
0,318.00,1696,622,20.17,69.85,0,21.78,17.05.2024 15:43:17
0,317.63,1694,622,20.20,69.94,0,21.59,17.05.2024 15:43:19
0,316.88,1690,622,20.19,70.05,0,21.36,17.05.2024 15:43:21
0,317.81,1695,623,20.16,70.08,0,21.66,17.05.2024 15:43:24
0,319.31,1703,622,20.17,70.14,0,22.01,17.05.2024 15:43:26
0,320.25,1708,623,20.19,70.20,0,22.23,17.05.2024 15:43:28
0,316.69,1689,623,20.19,70.29,0,21.20,17.05.2024 15:43:30
0,314.25,1676,622,20.19,70.37,0,20.51,17.05.2024 15:43:32
0,285.19,1521,623,20.20,70.44,0,13.62,17.05.2024 15:43:34
0,275.25,1468,623,20.16,70.47,0,11.70,17.05.2024 15:43:36
0,276.94,1477,623,20.20,70.56,0,11.95,17.05.2024 15:43:38
0,279.00,1488,623,20.20,70.56,0,12.35,17.05.2024 15:43:41
0,281.06,1499,622,20.23,70.55,0,12.72,17.05.2024 15:43:43
0,283.13,1510,622,20.22,70.55,0,13.15,17.05.2024 15:43:45
0,281.81,1503,622,20.20,70.55,0,12.90,17.05.2024 15:43:47
0,279.00,1488,622,20.23,70.54,0,12.32,17.05.2024 15:43:49
0,279.94,1493,622,20.23,70.51,0,12.51,17.05.2024 15:43:51
0,281.06,1499,621,20.23,70.48,0,12.74,17.05.2024 15:43:53
0,280.69,1497,621,20.20,70.44,0,12.71,17.05.2024 15:43:55
0,282.19,1505,621,20.20,70.42,0,13.01,17.05.2024 15:43:58
0,282.19,1505,621,20.26,70.39,0,12.95,17.05.2024 15:44:00
0,282.94,1509,621,20.22,70.33,0,13.17,17.05.2024 15:44:02
0,280.88,1498,621,20.24,70.28,0,12.74,17.05.2024 15:44:04
0,280.13,1494,619,20.23,70.21,0,12.63,17.05.2024 15:44:06
0,279.56,1491,619,20.23,70.18,0,12.53,17.05.2024 15:44:08
0,277.31,1479,619,20.24,70.16,0,12.08,17.05.2024 15:44:10
0,278.25,1484,619,20.24,70.13,0,12.27,17.05.2024 15:44:12
0,280.31,1495,619,20.26,70.10,0,12.66,17.05.2024 15:44:15
0,276.94,1477,618,20.24,70.08,0,12.03,17.05.2024 15:44:17
0,274.13,1462,617,20.23,70.08,0,11.51,17.05.2024 15:44:19
0,274.31,1463,616,20.23,70.08,0,11.55,17.05.2024 15:44:21
0,275.81,1471,616,20.24,70.03,0,11.83,17.05.2024 15:44:23
0,275.25,1468,616,20.26,70.02,0,11.71,17.05.2024 15:44:25
0,273.56,1459,616,20.23,70.01,0,11.42,17.05.2024 15:44:27
0,276.19,1473,616,20.26,69.99,0,11.89,17.05.2024 15:44:29
0,274.50,1464,615,20.26,70.01,0,11.57,17.05.2024 15:44:32
0,272.81,1455,615,20.24,70.00,0,11.27,17.05.2024 15:44:34
0,270.19,1441,615,20.26,70.00,0,10.78,17.05.2024 15:44:36
0,271.69,1449,615,20.24,69.99,0,11.07,17.05.2024 15:44:38
0,273.19,1457,615,20.26,70.03,0,11.32,17.05.2024 15:44:40
0,273.75,1460,616,20.24,70.05,0,11.43,17.05.2024 15:44:42
0,271.69,1449,615,20.24,70.06,0,11.05,17.05.2024 15:44:44
0,266.44,1421,615,20.26,70.10,0,10.10,17.05.2024 15:44:46
0,276.38,1474,615,20.27,70.09,0,11.88,17.05.2024 15:44:49
0,270.94,1445,615,20.24,70.14,0,10.90,17.05.2024 15:44:51
0,273.94,1461,614,20.26,70.14,0,11.43,17.05.2024 15:44:53
0,269.81,1439,615,20.27,70.21,0,10.65,17.05.2024 15:44:55
0,272.63,1454,614,20.24,70.20,0,11.19,17.05.2024 15:44:57
0,272.25,1452,615,20.26,70.21,0,11.10,17.05.2024 15:44:59
0,272.44,1453,615,20.27,70.26,0,11.11,17.05.2024 15:45:01
0,273.56,1459,615,20.27,70.27,0,11.31,17.05.2024 15:45:03
0,271.31,1447,615,20.26,70.33,0,10.90,17.05.2024 15:45:06
0,272.81,1455,615,20.26,70.35,0,11.17,17.05.2024 15:45:08
0,273.56,1459,615,20.27,70.38,0,11.28,17.05.2024 15:45:10
0,267.94,1429,615,20.26,70.43,0,10.28,17.05.2024 15:45:12
0,271.88,1450,616,20.27,70.47,0,10.95,17.05.2024 15:45:14
0,268.31,1431,615,20.29,70.49,0,10.30,17.05.2024 15:45:16
0,269.06,1435,615,20.27,70.51,0,10.44,17.05.2024 15:45:18
0,272.25,1452,614,20.27,70.55,0,11.00,17.05.2024 15:45:20
0,270.19,1441,614,20.27,70.60,0,10.62,17.05.2024 15:45:23
0,267.75,1428,614,20.27,70.63,0,10.18,17.05.2024 15:45:25
0,267.00,1424,615,20.27,70.65,0,10.05,17.05.2024 15:45:27
0,269.44,1437,615,20.27,70.75,0,10.45,17.05.2024 15:45:29
0,266.25,1420,615,20.27,70.74,0,9.90,17.05.2024 15:45:31
0,267.56,1427,615,20.29,70.80,0,10.10,17.05.2024 15:45:33
0,266.81,1423,615,20.24,70.80,0,10.01,17.05.2024 15:45:35
0,265.69,1417,615,20.27,70.85,0,9.78,17.05.2024 15:45:37
0,268.50,1432,616,20.26,70.86,0,10.28,17.05.2024 15:45:40
0,266.81,1423,616,20.29,70.90,0,9.95,17.05.2024 15:45:42
0,269.63,1438,616,20.29,70.97,0,10.42,17.05.2024 15:45:44
0,270.38,1442,617,20.27,70.96,0,10.56,17.05.2024 15:45:46
0,272.63,1454,617,20.26,71.02,0,10.97,17.05.2024 15:45:48
0,267.75,1428,617,20.26,71.06,0,10.10,17.05.2024 15:45:50
0,266.06,1419,617,20.27,71.04,0,9.80,17.05.2024 15:45:52
0,266.44,1421,618,20.30,71.11,0,9.82,17.05.2024 15:45:54
0,267.56,1427,618,20.30,71.17,0,10.00,17.05.2024 15:45:57
0,267.56,1427,618,20.29,71.16,0,10.02,17.05.2024 15:45:59
0,269.25,1436,618,20.27,71.21,0,10.31,17.05.2024 15:46:01
0,267.19,1425,618,20.29,71.22,0,9.94,17.05.2024 15:46:03
0,270.00,1440,618,20.30,71.25,0,10.40,17.05.2024 15:46:05
0,265.69,1417,619,20.29,71.30,0,9.67,17.05.2024 15:46:07
0,266.81,1423,619,20.29,71.35,0,9.85,17.05.2024 15:46:09
0,266.06,1419,620,20.30,71.36,0,9.70,17.05.2024 15:46:11
0,267.56,1427,621,20.29,71.39,0,9.96,17.05.2024 15:46:14
0,269.25,1436,622,20.31,71.43,0,10.22,17.05.2024 15:46:16
0,268.13,1430,622,20.29,71.48,0,10.04,17.05.2024 15:46:18
0,264.56,1411,622,20.30,71.49,0,9.42,17.05.2024 15:46:20
0,266.06,1419,622,20.29,71.57,0,9.67,17.05.2024 15:46:22
0,267.75,1428,622,20.30,71.55,0,9.94,17.05.2024 15:46:24
0,264.38,1410,623,20.29,71.57,0,9.39,17.05.2024 15:46:26
0,266.25,1420,623,20.29,71.64,0,9.68,17.05.2024 15:46:28
0,267.00,1424,623,20.31,71.64,0,9.78,17.05.2024 15:46:31
0,268.69,1433,623,20.33,71.69,0,10.04,17.05.2024 15:46:33
0,268.13,1430,623,20.30,71.72,0,9.97,17.05.2024 15:46:35
0,267.94,1429,624,20.29,71.71,0,9.95,17.05.2024 15:46:37
0,266.06,1419,624,20.29,71.73,0,9.63,17.05.2024 15:46:41
0,268.69,1433,624,20.30,71.78,0,10.05,17.05.2024 15:46:43
0,266.63,1422,625,20.31,71.82,0,9.68,17.05.2024 15:46:45
0,268.88,1434,625,20.33,71.87,0,10.03,17.05.2024 15:46:48
0,266.06,1419,625,20.33,71.90,0,9.55,17.05.2024 15:46:50
0,264.19,1409,625,20.29,71.91,0,9.28,17.05.2024 15:46:52
0,263.44,1405,626,20.31,71.93,0,9.13,17.05.2024 15:46:54
0,267.00,1424,626,20.33,71.95,0,9.70,17.05.2024 15:46:56
0,264.94,1413,627,20.30,71.99,0,9.38,17.05.2024 15:46:58
0,261.75,1396,628,20.31,72.03,0,8.84,17.05.2024 15:47:00
0,263.81,1407,629,20.30,72.06,0,9.18,17.05.2024 15:47:02
0,261.19,1393,629,20.31,72.04,0,8.75,17.05.2024 15:47:05
0,262.13,1398,631,20.33,72.08,0,8.88,17.05.2024 15:47:07
0,263.06,1403,631,20.30,72.12,0,9.04,17.05.2024 15:47:09
0,263.63,1406,630,20.31,72.14,0,9.12,17.05.2024 15:47:11
0,262.50,1400,631,20.31,72.18,0,8.93,17.05.2024 15:47:13
0,260.44,1389,632,20.31,72.18,0,8.60,17.05.2024 15:47:15
0,263.63,1406,633,20.33,72.24,0,9.08,17.05.2024 15:47:17
0,262.13,1398,634,20.33,72.25,0,8.84,17.05.2024 15:47:19
0,265.69,1417,633,20.33,72.29,0,9.41,17.05.2024 15:47:22
0,264.38,1410,634,20.33,72.29,0,9.19,17.05.2024 15:47:24
0,263.63,1406,634,20.33,72.35,0,9.06,17.05.2024 15:47:26
0,259.13,1382,634,20.33,72.35,0,8.35,17.05.2024 15:47:28
0,264.56,1411,634,20.30,72.37,0,9.23,17.05.2024 15:47:30
0,261.56,1395,635,20.33,72.41,0,8.72,17.05.2024 15:47:32
0,263.25,1404,635,20.33,72.42,0,8.98,17.05.2024 15:47:34
0,265.13,1414,635,20.36,72.45,0,9.25,17.05.2024 15:47:36
0,260.44,1389,636,20.34,72.48,0,8.51,17.05.2024 15:47:39
0,260.44,1389,637,20.33,72.50,0,8.52,17.05.2024 15:47:41
0,261.00,1392,637,20.34,72.54,0,8.59,17.05.2024 15:47:43
0,264.00,1408,637,20.34,72.54,0,9.07,17.05.2024 15:47:45
0,267.75,1428,637,20.36,72.54,0,9.66,17.05.2024 15:47:47
0,260.63,1390,637,20.34,72.61,0,8.52,17.05.2024 15:47:49
0,264.56,1411,638,20.36,72.60,0,9.13,17.05.2024 15:47:51
0,262.50,1400,638,20.33,72.64,0,8.82,17.05.2024 15:47:53
0,265.69,1417,638,20.34,72.65,0,9.31,17.05.2024 15:47:56
0,262.50,1400,637,20.33,72.68,0,8.81,17.05.2024 15:47:58
0,266.63,1422,637,20.33,72.67,0,9.48,17.05.2024 15:48:00
0,265.50,1416,636,20.33,72.74,0,9.28,17.05.2024 15:48:02
0,265.50,1416,637,20.34,72.76,0,9.26,17.05.2024 15:48:04
0,266.44,1421,637,20.33,72.79,0,9.42,17.05.2024 15:48:06
0,265.88,1418,637,20.33,72.78,0,9.33,17.05.2024 15:48:08
0,266.06,1419,638,20.37,72.82,0,9.31,17.05.2024 15:48:10
0,271.50,1448,637,20.34,72.83,0,10.25,17.05.2024 15:48:13
0,264.38,1410,638,20.36,72.87,0,9.04,17.05.2024 15:48:15
0,268.13,1430,639,20.37,72.87,0,9.64,17.05.2024 15:48:17
0,265.69,1417,639,20.37,72.91,0,9.23,17.05.2024 15:48:19
0,264.75,1412,639,20.39,72.92,0,9.06,17.05.2024 15:48:21
0,265.88,1418,639,20.39,72.94,0,9.24,17.05.2024 15:48:23
0,266.81,1423,639,20.36,72.96,0,9.42,17.05.2024 15:48:25
0,263.63,1406,639,20.37,72.98,0,8.89,17.05.2024 15:48:27
0,266.25,1420,638,20.36,72.97,0,9.32,17.05.2024 15:48:30
0,265.13,1414,639,20.36,73.03,0,9.13,17.05.2024 15:48:32
0,267.75,1428,639,20.37,73.05,0,9.54,17.05.2024 15:48:34
0,264.94,1413,639,20.36,73.04,0,9.10,17.05.2024 15:48:36
0,267.75,1428,639,20.36,73.10,0,9.54,17.05.2024 15:48:38
0,265.31,1415,640,20.37,73.07,0,9.14,17.05.2024 15:48:40
0,264.75,1412,640,20.36,73.09,0,9.06,17.05.2024 15:48:42
0,266.44,1421,640,20.37,73.14,0,9.30,17.05.2024 15:48:44
0,267.00,1424,640,20.40,73.15,0,9.37,17.05.2024 15:48:47
0,266.81,1423,640,20.37,73.18,0,9.36,17.05.2024 15:48:49
0,264.00,1408,640,20.39,73.16,0,8.89,17.05.2024 15:48:51
0,266.81,1423,640,20.37,73.19,0,9.35,17.05.2024 15:48:53
0,268.50,1432,640,20.37,73.23,0,9.62,17.05.2024 15:48:55
0,266.44,1421,639,20.37,73.25,0,9.28,17.05.2024 15:48:57
0,267.38,1426,640,20.39,73.26,0,9.42,17.05.2024 15:48:59
0,266.81,1423,640,20.36,73.24,0,9.36,17.05.2024 15:49:01
0,267.19,1425,640,20.37,73.28,0,9.39,17.05.2024 15:49:04
0,260.63,1390,640,20.40,73.32,0,8.33,17.05.2024 15:49:06
0,261.00,1392,640,20.39,73.33,0,8.39,17.05.2024 15:49:08
0,264.94,1413,640,20.40,73.39,0,8.98,17.05.2024 15:49:10
0,264.56,1411,639,20.39,73.37,0,8.94,17.05.2024 15:49:12
0,263.44,1405,640,20.40,73.41,0,8.74,17.05.2024 15:49:14
0,265.50,1416,639,20.40,73.43,0,9.06,17.05.2024 15:49:16
0,261.19,1393,639,20.40,73.43,0,8.39,17.05.2024 15:49:18
0,265.50,1416,639,20.41,73.45,0,9.05,17.05.2024 15:49:21
0,264.00,1408,640,20.40,73.49,0,8.81,17.05.2024 15:49:23
0,266.63,1422,639,20.40,73.49,0,9.23,17.05.2024 15:49:25
0,264.00,1408,640,20.39,73.46,0,8.83,17.05.2024 15:49:27
0,267.94,1429,640,20.43,73.51,0,9.41,17.05.2024 15:49:29
0,265.69,1417,640,20.40,73.54,0,9.07,17.05.2024 15:49:31
0,264.75,1412,640,20.41,73.56,0,8.91,17.05.2024 15:49:33
0,266.25,1420,639,20.41,73.59,0,9.14,17.05.2024 15:49:35
0,268.13,1430,639,20.41,73.60,0,9.44,17.05.2024 15:49:38
0,265.88,1418,639,20.43,73.61,0,9.06,17.05.2024 15:49:40
0,261.75,1396,638,20.43,73.62,0,8.41,17.05.2024 15:49:42
0,264.19,1409,637,20.43,73.64,0,8.78,17.05.2024 15:49:44
0,264.19,1409,637,20.41,73.66,0,8.79,17.05.2024 15:49:46
0,267.56,1427,637,20.43,73.67,0,9.32,17.05.2024 15:49:48
0,264.00,1408,637,20.43,73.68,0,8.75,17.05.2024 15:49:50
0,267.38,1426,637,20.46,73.70,0,9.25,17.05.2024 15:49:52
0,264.75,1412,637,20.43,73.74,0,8.85,17.05.2024 15:49:55
0,266.06,1419,638,20.43,73.72,0,9.07,17.05.2024 15:49:57
0,261.19,1393,638,20.43,73.76,0,8.30,17.05.2024 15:49:59
0,264.38,1410,638,20.43,73.75,0,8.79,17.05.2024 15:50:01
0,261.75,1396,638,20.43,73.76,0,8.38,17.05.2024 15:50:03
0,266.06,1419,638,20.43,73.79,0,9.05,17.05.2024 15:50:05
0,265.13,1414,638,20.46,73.81,0,8.87,17.05.2024 15:50:07
0,265.88,1418,637,20.44,73.81,0,9.00,17.05.2024 15:50:09
0,264.75,1412,638,20.46,73.84,0,8.81,17.05.2024 15:50:12
0,264.94,1413,638,20.44,73.83,0,8.85,17.05.2024 15:50:14
0,266.81,1423,638,20.46,73.84,0,9.13,17.05.2024 15:50:16
0,263.44,1405,639,20.47,73.85,0,8.58,17.05.2024 15:50:18
0,264.19,1409,640,20.46,73.84,0,8.72,17.05.2024 15:50:20
0,262.69,1401,641,20.47,73.88,0,8.46,17.05.2024 15:50:22
0,264.19,1409,643,20.46,73.85,0,8.72,17.05.2024 15:50:24
0,267.19,1425,651,20.44,73.88,0,9.20,17.05.2024 15:50:26
0,265.50,1416,654,20.47,73.92,0,8.89,17.05.2024 15:50:29
