0,152.81,815,761,10.51,70.21,0,0.57,17.05.2024 04:00:00
0,156.38,834,760,10.52,70.15,0,0.85,17.05.2024 04:00:02
0,151.50,808,760,10.51,70.15,0,0.47,17.05.2024 04:00:04
0,151.88,810,760,10.54,70.17,0,0.49,17.05.2024 04:00:06
0,154.13,822,760,10.52,70.19,0,0.67,17.05.2024 04:00:08
0,151.69,809,759,10.49,70.18,0,0.48,17.05.2024 04:00:10
0,149.25,796,760,10.51,70.19,0,0.29,17.05.2024 04:00:12
0,148.69,793,760,10.52,70.18,0,0.25,17.05.2024 04:00:14
0,149.63,798,760,10.51,70.17,0,0.32,17.05.2024 04:00:17
0,149.81,799,760,10.51,70.19,0,0.34,17.05.2024 04:00:19
0,150.19,801,761,10.52,70.18,0,0.36,17.05.2024 04:00:21
0,151.69,809,760,10.54,70.18,0,0.47,17.05.2024 04:00:23
0,155.44,829,760,10.51,70.19,0,0.78,17.05.2024 04:00:25
0,150.38,802,760,10.49,70.16,0,0.38,17.05.2024 04:00:27
0,151.69,809,760,10.51,70.18,0,0.48,17.05.2024 04:00:29
0,154.69,825,760,10.49,70.18,0,0.72,17.05.2024 04:00:31
0,150.38,802,760,10.52,70.17,0,0.38,17.05.2024 04:00:34
0,153.00,816,760,10.54,70.16,0,0.58,17.05.2024 04:00:36
0,153.19,817,759,10.52,70.19,0,0.59,17.05.2024 04:00:38
0,149.63,798,759,10.51,70.17,0,0.32,17.05.2024 04:00:40
0,151.69,809,759,10.51,70.19,0,0.48,17.05.2024 04:00:42
0,151.50,808,759,10.52,70.16,0,0.46,17.05.2024 04:00:44
0,149.63,798,759,10.54,70.18,0,0.32,17.05.2024 04:00:46
0,148.13,790,759,10.51,70.19,0,0.21,17.05.2024 04:00:48
0,152.63,814,759,10.51,70.19,0,0.55,17.05.2024 04:00:50
0,152.25,812,759,10.51,70.16,0,0.52,17.05.2024 04:00:53
0,147.75,788,759,10.51,70.18,0,0.18,17.05.2024 04:00:55
0,148.88,794,759,10.52,70.14,0,0.27,17.05.2024 04:00:57
0,151.88,810,759,10.52,70.18,0,0.49,17.05.2024 04:00:59
0,151.50,808,758,10.51,70.17,0,0.47,17.05.2024 04:01:03
0,148.88,794,758,10.51,70.16,0,0.27,17.05.2024 04:01:05
0,150.38,802,759,10.52,70.20,0,0.38,17.05.2024 04:01:07
0,147.56,787,759,10.54,70.17,0,0.17,17.05.2024 04:01:09
0,149.25,796,759,10.52,70.21,0,0.29,17.05.2024 04:01:12
0,147.75,788,759,10.52,70.21,0,0.18,17.05.2024 04:01:14
0,149.06,795,758,10.49,70.16,0,0.28,17.05.2024 04:01:16
0,148.13,790,758,10.49,70.19,0,0.21,17.05.2024 04:01:18
0,149.25,796,757,10.51,70.19,0,0.29,17.05.2024 04:01:20
0,148.31,791,758,10.51,70.19,0,0.23,17.05.2024 04:01:22
0,147.94,789,758,10.52,70.18,0,0.20,17.05.2024 04:01:24
0,148.88,794,758,10.52,70.17,0,0.27,17.05.2024 04:01:26
0,147.19,785,757,10.51,70.16,0,0.14,17.05.2024 04:01:29
0,149.06,795,757,10.51,70.18,0,0.28,17.05.2024 04:01:31
0,150.38,802,757,10.52,70.18,0,0.38,17.05.2024 04:01:33
0,148.88,794,758,10.51,70.20,0,0.27,17.05.2024 04:01:35
0,152.44,813,757,10.51,70.17,0,0.54,17.05.2024 04:01:37
0,150.94,805,757,10.52,70.19,0,0.42,17.05.2024 04:01:39
0,152.44,813,758,10.54,70.20,0,0.53,17.05.2024 04:01:41
0,151.69,809,758,10.51,70.20,0,0.48,17.05.2024 04:01:43
0,151.69,809,758,10.52,70.18,0,0.48,17.05.2024 04:01:45
0,150.38,802,758,10.49,70.16,0,0.38,17.05.2024 04:01:48
0,151.31,807,758,10.51,70.20,0,0.45,17.05.2024 04:01:50
0,154.69,825,758,10.51,70.18,0,0.72,17.05.2024 04:01:52
0,152.06,811,758,10.52,70.20,0,0.51,17.05.2024 04:01:54
0,149.81,799,757,10.51,70.17,0,0.34,17.05.2024 04:01:56
0,150.56,803,757,10.51,70.21,0,0.39,17.05.2024 04:01:58
0,151.13,806,757,10.51,70.19,0,0.44,17.05.2024 04:02:00
0,151.88,810,756,10.51,70.19,0,0.49,17.05.2024 04:02:02
0,151.50,808,757,10.52,70.19,0,0.46,17.05.2024 04:02:05
0,150.19,801,757,10.49,70.18,0,0.37,17.05.2024 04:02:07
0,152.63,814,757,10.48,70.20,0,0.56,17.05.2024 04:02:09
0,148.69,793,757,10.51,70.20,0,0.25,17.05.2024 04:02:11
0,148.50,792,757,10.51,70.18,0,0.24,17.05.2024 04:02:13
0,152.25,812,758,10.52,70.20,0,0.52,17.05.2024 04:02:15
0,153.38,818,758,10.51,70.22,0,0.61,17.05.2024 04:02:17
0,146.63,782,758,10.52,70.21,0,0.10,17.05.2024 04:02:19
0,149.44,797,758,10.51,70.20,0,0.31,17.05.2024 04:02:22
0,150.00,800,758,10.52,70.20,0,0.35,17.05.2024 04:02:24
0,154.69,825,757,10.48,70.17,0,0.72,17.05.2024 04:02:26
0,155.06,827,757,10.51,70.22,0,0.75,17.05.2024 04:02:28
0,152.06,811,757,10.51,70.18,0,0.51,17.05.2024 04:02:30
0,152.06,811,756,10.49,70.20,0,0.51,17.05.2024 04:02:32
0,149.81,799,757,10.49,70.18,0,0.34,17.05.2024 04:02:34
0,152.44,813,757,10.54,70.20,0,0.53,17.05.2024 04:02:36
0,153.19,817,757,10.51,70.22,0,0.60,17.05.2024 04:02:38
0,150.56,803,757,10.52,70.21,0,0.39,17.05.2024 04:02:41
0,150.38,802,757,10.51,70.18,0,0.38,17.05.2024 04:02:43
0,151.31,807,756,10.51,70.19,0,0.45,17.05.2024 04:02:45
0,149.25,796,756,10.51,70.21,0,0.29,17.05.2024 04:02:47
0,151.50,808,756,10.52,70.21,0,0.46,17.05.2024 04:02:49
0,151.31,807,755,10.49,70.18,0,0.45,17.05.2024 04:02:51
0,148.31,791,755,10.52,70.21,0,0.22,17.05.2024 04:02:53
0,154.88,826,756,10.49,70.18,0,0.74,17.05.2024 04:02:55
0,147.94,789,756,10.52,70.17,0,0.20,17.05.2024 04:02:58
0,155.25,828,755,10.49,70.16,0,0.77,17.05.2024 04:03:00
0,150.19,801,755,10.51,70.19,0,0.36,17.05.2024 04:03:02
0,149.63,798,755,10.51,70.21,0,0.32,17.05.2024 04:03:06
0,153.75,820,755,10.52,70.21,0,0.64,17.05.2024 04:03:08
0,149.81,799,754,10.52,70.23,0,0.33,17.05.2024 04:03:10
0,147.94,789,754,10.51,70.18,0,0.20,17.05.2024 04:03:12
0,148.31,791,755,10.51,70.19,0,0.23,17.05.2024 04:03:14
0,150.00,800,755,10.52,70.18,0,0.35,17.05.2024 04:03:17
0,146.63,782,755,10.51,70.18,0,0.10,17.05.2024 04:03:19
0,148.13,790,755,10.51,70.20,0,0.21,17.05.2024 04:03:21
0,149.44,797,755,10.49,70.21,0,0.31,17.05.2024 04:03:23
0,147.94,789,755,10.49,70.19,0,0.20,17.05.2024 04:03:25
0,148.69,793,755,10.48,70.18,0,0.26,17.05.2024 04:03:27
0,147.56,787,754,10.51,70.20,0,0.17,17.05.2024 04:03:29
0,150.94,805,754,10.49,70.20,0,0.42,17.05.2024 04:03:31
0,151.88,810,754,10.51,70.21,0,0.49,17.05.2024 04:03:33
0,150.00,800,754,10.48,70.21,0,0.35,17.05.2024 04:03:36
0,153.38,818,754,10.51,70.19,0,0.61,17.05.2024 04:03:38
0,149.44,797,754,10.49,70.20,0,0.31,17.05.2024 04:03:40
0,153.56,819,754,10.52,70.21,0,0.62,17.05.2024 04:03:42
0,149.63,798,754,10.51,70.18,0,0.32,17.05.2024 04:03:44
0,151.50,808,754,10.48,70.19,0,0.47,17.05.2024 04:03:46
0,153.19,817,754,10.51,70.19,0,0.60,17.05.2024 04:03:48
0,151.69,809,754,10.49,70.18,0,0.48,17.05.2024 04:03:50
0,149.63,798,754,10.51,70.21,0,0.32,17.05.2024 04:03:53
0,153.38,818,754,10.51,70.21,0,0.61,17.05.2024 04:03:55
0,150.00,800,753,10.52,70.23,0,0.35,17.05.2024 04:03:57
0,147.94,789,754,10.49,70.22,0,0.20,17.05.2024 04:03:59
0,147.75,788,754,10.51,70.21,0,0.18,17.05.2024 04:04:01
0,152.81,815,754,10.51,70.21,0,0.57,17.05.2024 04:04:03
0,152.06,811,754,10.51,70.22,0,0.51,17.05.2024 04:04:05
0,154.31,823,753,10.49,70.22,0,0.69,17.05.2024 04:04:07
0,152.06,811,754,10.52,70.20,0,0.51,17.05.2024 04:04:10
0,151.69,809,754,10.49,70.20,0,0.48,17.05.2024 04:04:12
0,153.19,817,754,10.51,70.21,0,0.60,17.05.2024 04:04:14
0,148.50,792,754,10.49,70.21,0,0.24,17.05.2024 04:04:16
0,149.25,796,754,10.49,70.21,0,0.30,17.05.2024 04:04:18
0,150.94,805,755,10.49,70.20,0,0.42,17.05.2024 04:04:20
0,153.75,820,755,10.51,70.22,0,0.64,17.05.2024 04:04:22
0,148.13,790,755,10.51,70.21,0,0.21,17.05.2024 04:04:24
0,150.56,803,755,10.51,70.21,0,0.39,17.05.2024 04:04:26
0,149.81,799,755,10.49,70.23,0,0.34,17.05.2024 04:04:29
0,152.44,813,755,10.52,70.24,0,0.53,17.05.2024 04:04:31
0,148.69,793,755,10.52,70.21,0,0.25,17.05.2024 04:04:33
0,151.50,808,755,10.51,70.19,0,0.46,17.05.2024 04:04:35
0,151.88,810,754,10.49,70.21,0,0.50,17.05.2024 04:04:37
0,151.31,807,754,10.49,70.18,0,0.45,17.05.2024 04:04:39
0,151.88,810,755,10.51,70.19,0,0.49,17.05.2024 04:04:41
0,152.25,812,754,10.49,70.22,0,0.52,17.05.2024 04:04:43
0,150.00,800,754,10.48,70.17,0,0.36,17.05.2024 04:04:46
0,150.94,805,753,10.51,70.18,0,0.42,17.05.2024 04:04:48
0,149.06,795,753,10.48,70.21,0,0.28,17.05.2024 04:04:50
0,151.31,807,753,10.51,70.22,0,0.45,17.05.2024 04:04:52
0,148.50,792,753,10.49,70.21,0,0.24,17.05.2024 04:04:54
0,148.69,793,753,10.51,70.21,0,0.25,17.05.2024 04:04:56
0,149.81,799,753,10.52,70.21,0,0.33,17.05.2024 04:04:58
0,149.44,797,753,10.51,70.21,0,0.31,17.05.2024 04:05:00
0,150.56,803,752,10.49,70.24,0,0.39,17.05.2024 04:05:03
0,151.31,807,752,10.51,70.19,0,0.45,17.05.2024 04:05:05
0,151.88,810,753,10.52,70.19,0,0.49,17.05.2024 04:05:09
0,148.13,790,752,10.49,70.21,0,0.21,17.05.2024 04:05:11
0,150.19,801,752,10.51,70.19,0,0.36,17.05.2024 04:05:13
0,146.25,780,752,10.48,70.23,0,0.08,17.05.2024 04:05:15
0,145.88,778,752,10.52,70.21,0,0.05,17.05.2024 04:05:17
0,149.44,797,752,10.51,70.19,0,0.31,17.05.2024 04:05:19
0,149.81,799,752,10.51,70.22,0,0.34,17.05.2024 04:05:22
0,147.94,789,752,10.51,70.20,0,0.20,17.05.2024 04:05:24
0,148.88,794,752,10.49,70.19,0,0.27,17.05.2024 04:05:26
0,146.44,781,751,10.49,70.22,0,0.09,17.05.2024 04:05:28
0,147.56,787,752,10.49,70.19,0,0.17,17.05.2024 04:05:30
0,145.31,775,751,10.49,70.24,0,0.01,17.05.2024 04:05:32
0,146.25,780,751,10.52,70.16,0,0.08,17.05.2024 04:05:34
0,149.81,799,751,10.49,70.20,0,0.34,17.05.2024 04:05:36
0,150.75,804,752,10.48,70.19,0,0.41,17.05.2024 04:05:38
0,152.44,813,752,10.51,70.21,0,0.54,17.05.2024 04:05:41
0,149.06,795,751,10.48,70.21,0,0.28,17.05.2024 04:05:43
0,149.44,797,751,10.51,70.25,0,0.31,17.05.2024 04:05:45
0,149.44,797,751,10.49,70.20,0,0.31,17.05.2024 04:05:47
0,151.88,810,751,10.48,70.19,0,0.50,17.05.2024 04:05:49
0,149.81,799,751,10.49,70.18,0,0.34,17.05.2024 04:05:51
0,148.50,792,751,10.49,70.22,0,0.24,17.05.2024 04:05:53
0,152.06,811,751,10.48,70.19,0,0.51,17.05.2024 04:05:55
0,151.31,807,751,10.49,70.22,0,0.45,17.05.2024 04:05:58
0,153.94,821,751,10.49,70.23,0,0.66,17.05.2024 04:06:00
0,150.56,803,750,10.51,70.21,0,0.39,17.05.2024 04:06:02
0,150.94,805,750,10.52,70.23,0,0.42,17.05.2024 04:06:04
0,150.94,805,751,10.51,70.24,0,0.42,17.05.2024 04:06:06
0,154.69,825,751,10.49,70.21,0,0.72,17.05.2024 04:06:08
0,149.25,796,751,10.51,70.19,0,0.29,17.05.2024 04:06:10
0,151.13,806,752,10.48,70.22,0,0.44,17.05.2024 04:06:12
0,154.50,824,751,10.48,70.23,0,0.71,17.05.2024 04:06:15
0,150.56,803,751,10.48,70.20,0,0.40,17.05.2024 04:06:17
0,148.31,791,752,10.51,70.23,0,0.22,17.05.2024 04:06:19
0,147.75,788,752,10.48,70.19,0,0.19,17.05.2024 04:06:21
0,150.19,801,752,10.51,70.19,0,0.36,17.05.2024 04:06:23
0,149.81,799,752,10.49,70.20,0,0.34,17.05.2024 04:06:25
0,148.50,792,753,10.49,70.19,0,0.24,17.05.2024 04:06:27
0,150.94,805,753,10.49,70.19,0,0.42,17.05.2024 04:06:29
0,147.38,786,753,10.49,70.21,0,0.16,17.05.2024 04:06:31
0,149.44,797,753,10.49,70.22,0,0.31,17.05.2024 04:06:34
0,149.06,795,754,10.51,70.21,0,0.28,17.05.2024 04:06:36
0,152.81,815,754,10.49,70.18,0,0.57,17.05.2024 04:06:38
0,151.50,808,754,10.48,70.19,0,0.47,17.05.2024 04:06:40
0,146.44,781,754,10.49,70.20,0,0.09,17.05.2024 04:06:42
0,151.13,806,755,10.52,70.20,0,0.43,17.05.2024 04:06:44
0,149.81,799,754,10.49,70.21,0,0.34,17.05.2024 04:06:46
0,150.38,802,755,10.51,70.21,0,0.38,17.05.2024 04:06:48
0,154.88,826,755,10.51,70.21,0,0.73,17.05.2024 04:06:51
0,151.88,810,755,10.51,70.18,0,0.49,17.05.2024 04:06:53
0,148.13,790,755,10.56,70.20,0,0.20,17.05.2024 04:06:55
0,148.13,790,755,10.49,70.19,0,0.21,17.05.2024 04:06:57
0,153.75,820,754,10.49,70.18,0,0.64,17.05.2024 04:06:59
0,150.75,804,755,10.49,70.16,0,0.41,17.05.2024 04:07:01
0,151.31,807,755,10.49,70.18,0,0.45,17.05.2024 04:07:03
0,147.56,787,754,10.51,70.20,0,0.17,17.05.2024 04:07:05
0,150.94,805,754,10.49,70.18,0,0.42,17.05.2024 04:07:08
0,149.81,799,754,10.51,70.21,0,0.34,17.05.2024 04:07:10
0,147.38,786,754,10.51,70.20,0,0.16,17.05.2024 04:07:12
0,150.19,801,754,10.51,70.17,0,0.37,17.05.2024 04:07:16
0,152.06,811,754,10.51,70.19,0,0.51,17.05.2024 04:07:18
0,150.94,805,754,10.49,70.21,0,0.42,17.05.2024 04:07:20
0,148.69,793,754,10.49,70.16,0,0.26,17.05.2024 04:07:22
0,147.94,789,755,10.49,70.22,0,0.20,17.05.2024 04:07:24
0,150.19,801,754,10.49,70.18,0,0.37,17.05.2024 04:07:26
0,149.06,795,753,10.48,70.19,0,0.29,17.05.2024 04:07:29
0,148.50,792,753,10.49,70.21,0,0.24,17.05.2024 04:07:31
0,150.19,801,753,10.49,70.21,0,0.37,17.05.2024 04:07:33
0,145.88,778,753,10.49,70.18,0,0.05,17.05.2024 04:07:35
0,147.38,786,754,10.48,70.17,0,0.16,17.05.2024 04:07:37
0,148.50,792,754,10.49,70.18,0,0.24,17.05.2024 04:07:39
0,151.69,809,754,10.49,70.20,0,0.48,17.05.2024 04:07:41
0,153.38,818,754,10.51,70.20,0,0.61,17.05.2024 04:07:43
0,150.75,804,754,10.51,70.21,0,0.41,17.05.2024 04:07:46
0,147.56,787,754,10.51,70.19,0,0.17,17.05.2024 04:07:48
0,156.75,836,754,10.49,70.19,0,0.89,17.05.2024 04:07:50
0,148.88,794,754,10.48,70.19,0,0.27,17.05.2024 04:07:52
0,148.69,793,754,10.51,70.22,0,0.25,17.05.2024 04:07:54
0,150.94,805,754,10.49,70.19,0,0.42,17.05.2024 04:07:56
0,146.81,783,753,10.51,70.21,0,0.12,17.05.2024 04:07:58
0,151.31,807,753,10.49,70.19,0,0.45,17.05.2024 04:08:00
0,150.19,801,753,10.51,70.21,0,0.36,17.05.2024 04:08:03
0,153.00,816,753,10.51,70.22,0,0.58,17.05.2024 04:08:05
0,150.56,803,753,10.49,70.19,0,0.40,17.05.2024 04:08:07
0,150.00,800,753,10.48,70.19,0,0.36,17.05.2024 04:08:09
0,150.75,804,753,10.51,70.20,0,0.41,17.05.2024 04:08:11
0,153.00,816,753,10.49,70.20,0,0.58,17.05.2024 04:08:13
0,150.00,800,753,10.51,70.17,0,0.35,17.05.2024 04:08:15
0,149.25,796,753,10.51,70.20,0,0.29,17.05.2024 04:08:17
0,147.38,786,752,10.49,70.16,0,0.16,17.05.2024 04:08:19
0,149.44,797,753,10.49,70.18,0,0.31,17.05.2024 04:08:22
0,148.69,793,753,10.48,70.20,0,0.26,17.05.2024 04:08:24
0,152.44,813,753,10.49,70.18,0,0.54,17.05.2024 04:08:26
0,150.94,805,753,10.48,70.19,0,0.43,17.05.2024 04:08:28
0,147.56,787,753,10.51,70.22,0,0.17,17.05.2024 04:08:30
0,149.06,795,753,10.51,70.17,0,0.28,17.05.2024 04:08:32
0,154.69,825,753,10.52,70.17,0,0.72,17.05.2024 04:08:34
0,149.44,797,753,10.48,70.19,0,0.31,17.05.2024 04:08:36
0,152.81,815,753,10.49,70.21,0,0.57,17.05.2024 04:08:39
0,147.94,789,752,10.51,70.21,0,0.20,17.05.2024 04:08:41
0,149.63,798,753,10.49,70.18,0,0.33,17.05.2024 04:08:43
0,156.00,832,754,10.49,70.19,0,0.83,17.05.2024 04:08:45
0,150.00,800,754,10.49,70.20,0,0.35,17.05.2024 04:08:47
0,152.06,811,753,10.52,70.21,0,0.50,17.05.2024 04:08:49
0,151.50,808,754,10.49,70.20,0,0.47,17.05.2024 04:08:51
0,153.94,821,754,10.48,70.18,0,0.66,17.05.2024 04:08:53
0,147.38,786,754,10.51,70.19,0,0.16,17.05.2024 04:08:56
0,151.50,808,754,10.51,70.20,0,0.46,17.05.2024 04:08:58
0,152.25,812,755,10.49,70.18,0,0.53,17.05.2024 04:09:00
0,150.19,801,755,10.51,70.20,0,0.36,17.05.2024 04:09:02
0,146.25,780,755,10.51,70.16,0,0.08,17.05.2024 04:09:04
0,148.69,793,755,10.51,70.19,0,0.25,17.05.2024 04:09:06
0,149.44,797,754,10.51,70.19,0,0.31,17.05.2024 04:09:08
0,151.31,807,754,10.52,70.19,0,0.45,17.05.2024 04:09:10
0,149.63,798,754,10.48,70.18,0,0.33,17.05.2024 04:09:13
0,148.88,794,754,10.48,70.19,0,0.27,17.05.2024 04:09:15
0,149.06,795,754,10.51,70.19,0,0.28,17.05.2024 04:09:17
0,150.00,800,754,10.51,70.20,0,0.35,17.05.2024 04:09:21
0,150.38,802,754,10.48,70.17,0,0.38,17.05.2024 04:09:23
0,147.56,787,754,10.49,70.20,0,0.17,17.05.2024 04:09:25
0,152.63,814,754,10.49,70.16,0,0.56,17.05.2024 04:09:27
0,142.88,762,755,10.49,70.18,0,-0.15,17.05.2024 04:09:29
0,148.31,791,754,10.49,70.19,0,0.23,17.05.2024 04:09:31
0,146.81,783,755,10.48,70.17,0,0.12,17.05.2024 04:09:34
0,147.19,785,755,10.49,70.18,0,0.15,17.05.2024 04:09:36
0,150.94,805,755,10.48,70.19,0,0.43,17.05.2024 04:09:38
0,146.63,782,755,10.49,70.18,0,0.11,17.05.2024 04:09:40
0,151.50,808,755,10.51,70.19,0,0.46,17.05.2024 04:09:42
0,147.94,789,755,10.48,70.17,0,0.20,17.05.2024 04:09:44
0,147.75,788,755,10.49,70.18,0,0.19,17.05.2024 04:09:46
0,153.56,819,755,10.47,70.21,0,0.63,17.05.2024 04:09:48
0,147.75,788,755,10.48,70.16,0,0.19,17.05.2024 04:09:51
0,148.13,790,755,10.51,70.18,0,0.21,17.05.2024 04:09:53
0,154.13,822,754,10.48,70.21,0,0.68,17.05.2024 04:09:55
0,151.69,809,754,10.49,70.19,0,0.48,17.05.2024 04:09:57
0,148.69,793,754,10.51,70.18,0,0.25,17.05.2024 04:09:59
0,147.56,787,754,10.48,70.21,0,0.17,17.05.2024 04:10:01
0,148.69,793,754,10.51,70.19,0,0.25,17.05.2024 04:10:03
0,152.81,815,754,10.49,70.20,0,0.57,17.05.2024 04:10:05
0,151.50,808,754,10.48,70.21,0,0.47,17.05.2024 04:10:08
0,152.81,815,754,10.49,70.18,0,0.57,17.05.2024 04:10:10
0,149.44,797,755,10.49,70.20,0,0.31,17.05.2024 04:10:12
0,153.56,819,755,10.49,70.18,0,0.63,17.05.2024 04:10:14
0,151.88,810,755,10.49,70.21,0,0.50,17.05.2024 04:10:16
0,148.69,793,754,10.47,70.15,0,0.26,17.05.2024 04:10:18
0,149.06,795,755,10.49,70.20,0,0.28,17.05.2024 04:10:20
0,149.44,797,754,10.49,70.18,0,0.31,17.05.2024 04:10:22
0,150.00,800,754,10.49,70.18,0,0.35,17.05.2024 04:10:24
0,150.56,803,754,10.47,70.18,0,0.40,17.05.2024 04:10:27
0,151.31,807,754,10.48,70.18,0,0.46,17.05.2024 04:10:29
0,147.94,789,754,10.49,70.20,0,0.20,17.05.2024 04:10:31
0,148.69,793,754,10.49,70.22,0,0.25,17.05.2024 04:10:33
0,153.00,816,754,10.49,70.19,0,0.58,17.05.2024 04:10:35
0,148.69,793,754,10.51,70.19,0,0.25,17.05.2024 04:10:37
0,149.06,795,754,10.49,70.22,0,0.28,17.05.2024 04:10:39
0,149.44,797,754,10.48,70.19,0,0.31,17.05.2024 04:10:41
0,148.69,793,754,10.49,70.20,0,0.25,17.05.2024 04:10:44
0,153.94,821,754,10.48,70.19,0,0.66,17.05.2024 04:10:46
0,150.75,804,755,10.51,70.19,0,0.41,17.05.2024 04:10:48
0,151.13,806,754,10.48,70.18,0,0.44,17.05.2024 04:10:50
0,148.31,791,754,10.49,70.18,0,0.23,17.05.2024 04:10:52
0,149.25,796,755,10.49,70.20,0,0.30,17.05.2024 04:10:54
0,152.44,813,755,10.48,70.18,0,0.54,17.05.2024 04:10:56
0,147.75,788,755,10.48,70.16,0,0.19,17.05.2024 04:10:58
0,149.63,798,755,10.48,70.19,0,0.33,17.05.2024 04:11:01
0,149.63,798,755,10.49,70.16,0,0.33,17.05.2024 04:11:03
0,150.56,803,755,10.51,70.19,0,0.39,17.05.2024 04:11:05
0,151.13,806,755,10.48,70.18,0,0.44,17.05.2024 04:11:07
0,148.88,794,755,10.49,70.19,0,0.27,17.05.2024 04:11:09
0,149.06,795,754,10.48,70.17,0,0.29,17.05.2024 04:11:11
0,156.38,834,754,10.47,70.18,0,0.86,17.05.2024 04:11:13
0,149.81,799,754,10.48,70.21,0,0.34,17.05.2024 04:11:15
0,153.19,817,755,10.48,70.17,0,0.60,17.05.2024 04:11:17
0,151.50,808,755,10.48,70.21,0,0.47,17.05.2024 04:11:20
0,150.19,801,754,10.47,70.18,0,0.37,17.05.2024 04:11:22
0,149.25,796,754,10.48,70.18,0,0.30,17.05.2024 04:11:26
0,149.63,798,755,10.51,70.20,0,0.32,17.05.2024 04:11:28
0,150.94,805,755,10.49,70.20,0,0.42,17.05.2024 04:11:30
0,145.88,778,755,10.49,70.16,0,0.05,17.05.2024 04:11:32
0,147.94,789,755,10.49,70.16,0,0.20,17.05.2024 04:11:34
0,144.38,770,755,10.51,70.19,0,-0.05,17.05.2024 04:11:36
0,147.56,787,754,10.48,70.21,0,0.17,17.05.2024 04:11:39
0,149.25,796,754,10.49,70.19,0,0.30,17.05.2024 04:11:41
0,149.63,798,754,10.51,70.18,0,0.32,17.05.2024 04:11:43
0,147.94,789,754,10.49,70.18,0,0.20,17.05.2024 04:11:45
0,147.00,784,754,10.49,70.18,0,0.13,17.05.2024 04:11:47
0,149.06,795,754,10.47,70.13,0,0.29,17.05.2024 04:11:49
0,147.00,784,754,10.49,70.20,0,0.13,17.05.2024 04:11:51
0,151.69,809,754,10.48,70.19,0,0.48,17.05.2024 04:11:53
0,152.06,811,754,10.48,70.17,0,0.51,17.05.2024 04:11:56
0,149.63,798,754,10.47,70.18,0,0.33,17.05.2024 04:11:58
0,147.94,789,754,10.51,70.17,0,0.20,17.05.2024 04:12:00
0,152.06,811,754,10.49,70.18,0,0.51,17.05.2024 04:12:02
0,151.13,806,753,10.48,70.19,0,0.44,17.05.2024 04:12:04
0,151.88,810,753,10.48,70.18,0,0.50,17.05.2024 04:12:06
0,148.31,791,753,10.49,70.18,0,0.23,17.05.2024 04:12:08
0,150.00,800,753,10.48,70.17,0,0.36,17.05.2024 04:12:10
0,148.88,794,753,10.49,70.19,0,0.27,17.05.2024 04:12:12
0,150.00,800,753,10.48,70.22,0,0.35,17.05.2024 04:12:15
0,151.69,809,752,10.51,70.21,0,0.48,17.05.2024 04:12:17
0,149.44,797,751,10.47,70.17,0,0.32,17.05.2024 04:12:19
0,151.31,807,751,10.48,70.21,0,0.45,17.05.2024 04:12:21
0,150.75,804,751,10.49,70.19,0,0.41,17.05.2024 04:12:23
0,150.19,801,752,10.48,70.18,0,0.37,17.05.2024 04:12:25
0,154.13,822,751,10.49,70.23,0,0.67,17.05.2024 04:12:27
0,149.06,795,751,10.47,70.21,0,0.29,17.05.2024 04:12:29
0,150.56,803,751,10.48,70.18,0,0.40,17.05.2024 04:12:32
0,149.25,796,751,10.49,70.21,0,0.30,17.05.2024 04:12:34
0,150.19,801,751,10.51,70.22,0,0.36,17.05.2024 04:12:36
0,150.00,800,751,10.48,70.21,0,0.35,17.05.2024 04:12:38
0,149.06,795,751,10.48,70.20,0,0.28,17.05.2024 04:12:40
0,146.81,783,750,10.48,70.21,0,0.12,17.05.2024 04:12:42
0,150.00,800,750,10.47,70.19,0,0.36,17.05.2024 04:12:44
0,148.69,793,750,10.48,70.20,0,0.26,17.05.2024 04:12:46
0,148.69,793,750,10.48,70.20,0,0.26,17.05.2024 04:12:49
0,153.56,819,750,10.48,70.19,0,0.63,17.05.2024 04:12:51
0,147.56,787,750,10.47,70.18,0,0.18,17.05.2024 04:12:53
0,150.00,800,750,10.49,70.22,0,0.35,17.05.2024 04:12:55
0,150.38,802,749,10.47,70.21,0,0.39,17.05.2024 04:12:57
0,151.88,810,749,10.48,70.19,0,0.50,17.05.2024 04:12:59
0,153.94,821,750,10.49,70.21,0,0.66,17.05.2024 04:13:01
0,153.94,821,750,10.48,70.21,0,0.66,17.05.2024 04:13:03
0,150.94,805,750,10.51,70.21,0,0.42,17.05.2024 04:13:06
0,154.31,823,750,10.48,70.18,0,0.69,17.05.2024 04:13:08
0,152.63,814,750,10.48,70.20,0,0.56,17.05.2024 04:13:10
0,151.13,806,750,10.47,70.23,0,0.44,17.05.2024 04:13:12
0,147.19,785,750,10.48,70.22,0,0.15,17.05.2024 04:13:14
0,156.75,836,750,10.48,70.22,0,0.89,17.05.2024 04:13:16
0,152.25,812,750,10.47,70.21,0,0.53,17.05.2024 04:13:18
0,148.13,790,750,10.49,70.20,0,0.21,17.05.2024 04:13:20
0,150.56,803,750,10.48,70.21,0,0.40,17.05.2024 04:13:22
0,147.94,789,751,10.48,70.16,0,0.20,17.05.2024 04:13:25
0,147.56,787,751,10.49,70.19,0,0.17,17.05.2024 04:13:27
0,151.31,807,751,10.47,70.21,0,0.46,17.05.2024 04:13:31
0,148.88,794,751,10.48,70.18,0,0.27,17.05.2024 04:13:33
0,151.69,809,750,10.48,70.20,0,0.48,17.05.2024 04:13:35
0,147.38,786,751,10.49,70.21,0,0.16,17.05.2024 04:13:37
0,145.31,775,750,10.49,70.21,0,0.01,17.05.2024 04:13:39
0,148.69,793,750,10.47,70.19,0,0.26,17.05.2024 04:13:41
0,149.25,796,750,10.48,70.17,0,0.30,17.05.2024 04:13:44
0,147.38,786,749,10.51,70.21,0,0.16,17.05.2024 04:13:46
0,147.94,789,750,10.49,70.22,0,0.20,17.05.2024 04:13:48
0,148.13,790,750,10.47,70.21,0,0.22,17.05.2024 04:13:50
0,149.63,798,750,10.48,70.19,0,0.33,17.05.2024 04:13:52
0,149.25,796,750,10.45,70.22,0,0.30,17.05.2024 04:13:54
0,147.75,788,749,10.49,70.18,0,0.19,17.05.2024 04:13:56
0,147.75,788,750,10.48,70.22,0,0.19,17.05.2024 04:13:58
0,151.31,807,749,10.49,70.22,0,0.45,17.05.2024 04:14:01
0,149.25,796,749,10.47,70.19,0,0.30,17.05.2024 04:14:03
0,153.56,819,749,10.47,70.19,0,0.63,17.05.2024 04:14:05
0,152.44,813,748,10.48,70.18,0,0.54,17.05.2024 04:14:07
0,148.31,791,749,10.48,70.19,0,0.23,17.05.2024 04:14:09
0,149.25,796,749,10.48,70.17,0,0.30,17.05.2024 04:14:11
0,149.44,797,750,10.48,70.23,0,0.31,17.05.2024 04:14:13
0,147.75,788,749,10.47,70.17,0,0.19,17.05.2024 04:14:15
0,150.00,800,749,10.51,70.20,0,0.35,17.05.2024 04:14:17
0,151.50,808,750,10.48,70.21,0,0.47,17.05.2024 04:14:20
0,150.19,801,750,10.48,70.21,0,0.37,17.05.2024 04:14:22
0,149.44,797,749,10.49,70.22,0,0.31,17.05.2024 04:14:24
0,152.06,811,749,10.48,70.19,0,0.51,17.05.2024 04:14:26
0,152.63,814,749,10.49,70.20,0,0.55,17.05.2024 04:14:28
0,150.56,803,749,10.49,70.23,0,0.39,17.05.2024 04:14:30
0,149.81,799,750,10.49,70.18,0,0.34,17.05.2024 04:14:32
0,152.81,815,750,10.51,70.21,0,0.57,17.05.2024 04:14:34
0,152.81,815,749,10.48,70.20,0,0.57,17.05.2024 04:14:37
0,150.94,805,749,10.47,70.17,0,0.43,17.05.2024 04:14:39
0,153.56,819,750,10.49,70.20,0,0.63,17.05.2024 04:14:41
0,145.31,775,750,10.49,70.19,0,0.01,17.05.2024 04:14:43
0,153.38,818,750,10.48,70.21,0,0.62,17.05.2024 04:14:45
0,148.88,794,750,10.48,70.21,0,0.27,17.05.2024 04:14:47
0,152.63,814,750,10.47,70.20,0,0.56,17.05.2024 04:14:49
0,153.94,821,750,10.47,70.20,0,0.66,17.05.2024 04:14:51
0,151.31,807,750,10.48,70.19,0,0.46,17.05.2024 04:14:54
0,148.50,792,751,10.48,70.22,0,0.24,17.05.2024 04:14:56
0,148.88,794,751,10.49,70.21,0,0.27,17.05.2024 04:14:58
0,153.75,820,751,10.48,70.22,0,0.65,17.05.2024 04:15:00
0,152.25,812,750,10.47,70.19,0,0.53,17.05.2024 04:15:02
0,149.06,795,750,10.49,70.23,0,0.28,17.05.2024 04:15:04
0,152.44,813,750,10.49,70.21,0,0.54,17.05.2024 04:15:06
0,148.69,793,750,10.49,70.20,0,0.25,17.05.2024 04:15:08
0,153.00,816,750,10.49,70.21,0,0.58,17.05.2024 04:15:10
0,150.75,804,750,10.48,70.23,0,0.41,17.05.2024 04:15:13
0,149.44,797,750,10.49,70.20,0,0.31,17.05.2024 04:15:15
0,146.25,780,750,10.47,70.21,0,0.08,17.05.2024 04:15:17
0,151.31,807,750,10.48,70.18,0,0.46,17.05.2024 04:15:19
0,150.94,805,750,10.47,70.21,0,0.43,17.05.2024 04:15:21
0,150.00,800,751,10.48,70.19,0,0.36,17.05.2024 04:15:23
0,150.38,802,750,10.47,70.19,0,0.39,17.05.2024 04:15:25
0,150.94,805,750,10.48,70.18,0,0.43,17.05.2024 04:15:27
0,154.31,823,750,10.47,70.19,0,0.69,17.05.2024 04:15:30
0,145.50,776,750,10.49,70.18,0,0.03,17.05.2024 04:15:32
0,153.00,816,750,10.48,70.21,0,0.59,17.05.2024 04:15:34
0,150.00,800,750,10.47,70.18,0,0.36,17.05.2024 04:15:38
0,148.13,790,750,10.48,70.21,0,0.22,17.05.2024 04:15:40
0,151.31,807,751,10.48,70.20,0,0.45,17.05.2024 04:15:42
0,149.06,795,750,10.49,70.19,0,0.28,17.05.2024 04:15:44
0,147.00,784,751,10.45,70.21,0,0.14,17.05.2024 04:15:46
0,148.50,792,751,10.47,70.21,0,0.25,17.05.2024 04:15:49
0,147.75,788,751,10.48,70.22,0,0.19,17.05.2024 04:15:51
0,148.88,794,751,10.47,70.22,0,0.27,17.05.2024 04:15:53
0,150.19,801,752,10.47,70.18,0,0.37,17.05.2024 04:15:55
0,146.81,783,752,10.44,70.16,0,0.13,17.05.2024 04:15:57
0,151.88,810,751,10.48,70.19,0,0.50,17.05.2024 04:15:59
0,148.88,794,752,10.47,70.20,0,0.27,17.05.2024 04:16:01
0,145.69,777,752,10.47,70.18,0,0.04,17.05.2024 04:16:03
0,150.75,804,752,10.47,70.21,0,0.41,17.05.2024 04:16:05
0,151.31,807,751,10.47,70.20,0,0.46,17.05.2024 04:16:08
0,152.44,813,751,10.45,70.18,0,0.55,17.05.2024 04:16:10
0,147.38,786,751,10.48,70.18,0,0.16,17.05.2024 04:16:12
0,151.69,809,750,10.48,70.21,0,0.48,17.05.2024 04:16:14
0,151.31,807,750,10.45,70.21,0,0.46,17.05.2024 04:16:16
0,154.69,825,751,10.47,70.21,0,0.72,17.05.2024 04:16:18
0,148.50,792,750,10.49,70.21,0,0.24,17.05.2024 04:16:20
0,150.94,805,750,10.47,70.19,0,0.43,17.05.2024 04:16:22
0,150.00,800,751,10.48,70.21,0,0.35,17.05.2024 04:16:25
0,152.06,811,751,10.47,70.19,0,0.52,17.05.2024 04:16:27
0,146.06,779,751,10.48,70.21,0,0.07,17.05.2024 04:16:29
0,150.94,805,751,10.45,70.22,0,0.43,17.05.2024 04:16:31
0,147.00,784,751,10.47,70.21,0,0.14,17.05.2024 04:16:33
0,149.25,796,751,10.48,70.20,0,0.30,17.05.2024 04:16:35
0,150.38,802,751,10.49,70.21,0,0.38,17.05.2024 04:16:37
0,148.50,792,751,10.49,70.18,0,0.24,17.05.2024 04:16:39
0,151.50,808,750,10.47,70.21,0,0.47,17.05.2024 04:16:42
0,148.88,794,750,10.47,70.19,0,0.27,17.05.2024 04:16:44
0,147.00,784,750,10.47,70.21,0,0.14,17.05.2024 04:16:46
0,148.31,791,750,10.45,70.19,0,0.23,17.05.2024 04:16:48
0,150.56,803,749,10.45,70.17,0,0.40,17.05.2024 04:16:50
0,151.13,806,750,10.47,70.19,0,0.44,17.05.2024 04:16:52
0,152.44,813,749,10.48,70.22,0,0.54,17.05.2024 04:16:54
0,150.00,800,749,10.49,70.20,0,0.35,17.05.2024 04:16:56
0,150.38,802,749,10.47,70.17,0,0.39,17.05.2024 04:16:59
0,153.56,819,748,10.47,70.21,0,0.63,17.05.2024 04:17:01
0,152.06,811,748,10.49,70.20,0,0.51,17.05.2024 04:17:03
0,150.56,803,748,10.45,70.22,0,0.40,17.05.2024 04:17:05
0,148.31,791,748,10.48,70.20,0,0.23,17.05.2024 04:17:07
0,150.19,801,748,10.48,70.20,0,0.37,17.05.2024 04:17:09
0,150.19,801,748,10.47,70.19,0,0.37,17.05.2024 04:17:11
0,145.31,775,748,10.45,70.20,0,0.02,17.05.2024 04:17:13
0,148.88,794,748,10.48,70.23,0,0.27,17.05.2024 04:17:15
0,148.69,793,748,10.48,70.23,0,0.26,17.05.2024 04:17:18
0,147.38,786,747,10.48,70.19,0,0.16,17.05.2024 04:17:20
0,147.56,787,747,10.47,70.19,0,0.18,17.05.2024 04:17:22
0,149.06,795,747,10.48,70.22,0,0.28,17.05.2024 04:17:24
0,150.56,803,747,10.47,70.21,0,0.40,17.05.2024 04:17:26
0,151.69,809,746,10.47,70.20,0,0.49,17.05.2024 04:17:28
0,152.63,814,747,10.48,70.20,0,0.56,17.05.2024 04:17:30
0,150.19,801,747,10.47,70.19,0,0.37,17.05.2024 04:17:32
0,146.81,783,747,10.47,70.19,0,0.12,17.05.2024 04:17:35
0,151.88,810,747,10.45,70.20,0,0.50,17.05.2024 04:17:37
0,149.44,797,747,10.47,70.20,0,0.32,17.05.2024 04:17:39
0,150.56,803,747,10.48,70.21,0,0.40,17.05.2024 04:17:41
0,151.13,806,747,10.48,70.21,0,0.44,17.05.2024 04:17:43
0,148.13,790,747,10.48,70.23,0,0.21,17.05.2024 04:17:47
0,149.63,798,747,10.47,70.18,0,0.33,17.05.2024 04:17:49
0,146.44,781,747,10.48,70.19,0,0.09,17.05.2024 04:17:51
0,147.94,789,748,10.47,70.22,0,0.20,17.05.2024 04:17:54
0,144.38,770,748,10.45,70.20,0,-0.05,17.05.2024 04:17:56
0,147.19,785,748,10.48,70.20,0,0.15,17.05.2024 04:17:58
0,146.81,783,748,10.47,70.20,0,0.12,17.05.2024 04:18:00
0,149.63,798,748,10.48,70.21,0,0.33,17.05.2024 04:18:02
0,148.13,790,749,10.45,70.20,0,0.22,17.05.2024 04:18:04
0,149.63,798,748,10.47,70.20,0,0.33,17.05.2024 04:18:06
0,149.25,796,748,10.47,70.22,0,0.30,17.05.2024 04:18:08
0,148.88,794,748,10.49,70.21,0,0.27,17.05.2024 04:18:10
0,146.81,783,748,10.48,70.18,0,0.12,17.05.2024 04:18:13
0,149.44,797,748,10.48,70.21,0,0.31,17.05.2024 04:18:15
0,148.69,793,748,10.47,70.18,0,0.26,17.05.2024 04:18:17
0,151.69,809,748,10.47,70.21,0,0.49,17.05.2024 04:18:19
0,149.81,799,748,10.48,70.23,0,0.34,17.05.2024 04:18:21
0,149.25,796,748,10.48,70.20,0,0.30,17.05.2024 04:18:23
0,151.13,806,748,10.48,70.21,0,0.44,17.05.2024 04:18:25
0,149.81,799,748,10.45,70.20,0,0.35,17.05.2024 04:18:27
0,149.25,796,748,10.47,70.18,0,0.30,17.05.2024 04:18:30
0,151.50,808,748,10.47,70.22,0,0.47,17.05.2024 04:18:32
0,152.25,812,748,10.47,70.21,0,0.53,17.05.2024 04:18:34
0,152.63,814,748,10.49,70.21,0,0.55,17.05.2024 04:18:36
0,153.19,817,748,10.45,70.20,0,0.61,17.05.2024 04:18:38
0,151.13,806,748,10.45,70.22,0,0.44,17.05.2024 04:18:40
0,150.19,801,748,10.45,70.18,0,0.37,17.05.2024 04:18:42
0,149.81,799,748,10.47,70.20,0,0.34,17.05.2024 04:18:44
0,150.75,804,747,10.47,70.21,0,0.41,17.05.2024 04:18:47
0,153.56,819,748,10.47,70.20,0,0.63,17.05.2024 04:18:49
0,152.63,814,748,10.45,70.20,0,0.56,17.05.2024 04:18:51
0,149.81,799,748,10.48,70.22,0,0.34,17.05.2024 04:18:53
0,152.06,811,747,10.47,70.21,0,0.52,17.05.2024 04:18:55
0,149.06,795,747,10.49,70.21,0,0.28,17.05.2024 04:18:57
0,153.38,818,747,10.48,70.24,0,0.61,17.05.2024 04:18:59
0,154.13,822,748,10.47,70.23,0,0.68,17.05.2024 04:19:01
0,150.56,803,748,10.48,70.20,0,0.40,17.05.2024 04:19:03
0,151.69,809,748,10.47,70.21,0,0.49,17.05.2024 04:19:06
0,152.44,813,748,10.47,70.21,0,0.54,17.05.2024 04:19:08
0,150.75,804,749,10.48,70.23,0,0.41,17.05.2024 04:19:10
0,152.81,815,749,10.47,70.21,0,0.57,17.05.2024 04:19:12
0,148.69,793,749,10.45,70.20,0,0.26,17.05.2024 04:19:14
0,153.75,820,748,10.49,70.24,0,0.64,17.05.2024 04:19:16
0,150.94,805,749,10.48,70.19,0,0.43,17.05.2024 04:19:18
0,149.06,795,749,10.48,70.20,0,0.28,17.05.2024 04:19:20
0,150.94,805,749,10.47,70.20,0,0.43,17.05.2024 04:19:23
0,149.63,798,749,10.45,70.21,0,0.33,17.05.2024 04:19:25
0,149.81,799,749,10.48,70.23,0,0.34,17.05.2024 04:19:27
0,150.75,804,750,10.47,70.21,0,0.41,17.05.2024 04:19:29
0,147.00,784,750,10.45,70.23,0,0.14,17.05.2024 04:19:31
0,149.44,797,749,10.47,70.21,0,0.31,17.05.2024 04:19:33
0,150.56,803,750,10.47,70.21,0,0.40,17.05.2024 04:19:35
0,151.31,807,750,10.48,70.20,0,0.45,17.05.2024 04:19:37
0,150.94,805,750,10.45,70.19,0,0.43,17.05.2024 04:19:40
0,150.00,800,750,10.45,70.21,0,0.36,17.05.2024 04:19:42
0,150.38,802,750,10.47,70.20,0,0.39,17.05.2024 04:19:44
0,151.13,806,750,10.47,70.21,0,0.44,17.05.2024 04:19:48
0,149.63,798,749,10.47,70.20,0,0.33,17.05.2024 04:19:50
0,149.81,799,749,10.47,70.21,0,0.34,17.05.2024 04:19:52
0,143.63,766,749,10.45,70.20,0,-0.10,17.05.2024 04:19:54
0,147.56,787,749,10.49,70.24,0,0.17,17.05.2024 04:19:56
0,146.63,782,750,10.48,70.22,0,0.11,17.05.2024 04:19:58
0,148.69,793,750,10.48,70.22,0,0.26,17.05.2024 04:20:01
0,152.44,813,750,10.48,70.20,0,0.54,17.05.2024 04:20:03
0,148.88,794,750,10.48,70.21,0,0.27,17.05.2024 04:20:05
0,149.06,795,751,10.48,70.23,0,0.28,17.05.2024 04:20:07
0,148.88,794,750,10.45,70.23,0,0.27,17.05.2024 04:20:09
0,148.13,790,750,10.47,70.20,0,0.22,17.05.2024 04:20:11
0,150.19,801,751,10.48,70.21,0,0.37,17.05.2024 04:20:13
0,150.38,802,751,10.47,70.20,0,0.39,17.05.2024 04:20:15
0,150.56,803,751,10.45,70.23,0,0.40,17.05.2024 04:20:18
0,153.38,818,751,10.44,70.19,0,0.62,17.05.2024 04:20:20
0,150.38,802,751,10.47,70.18,0,0.39,17.05.2024 04:20:22
0,147.94,789,751,10.44,70.22,0,0.21,17.05.2024 04:20:24
0,149.06,795,750,10.47,70.19,0,0.29,17.05.2024 04:20:26
0,151.13,806,750,10.48,70.22,0,0.44,17.05.2024 04:20:28
0,151.50,808,751,10.47,70.21,0,0.47,17.05.2024 04:20:30
0,150.94,805,751,10.48,70.23,0,0.42,17.05.2024 04:20:32
0,152.25,812,750,10.47,70.20,0,0.53,17.05.2024 04:20:35
0,151.13,806,749,10.45,70.20,0,0.44,17.05.2024 04:20:37
0,152.25,812,748,10.45,70.21,0,0.53,17.05.2024 04:20:39
0,150.19,801,748,10.44,70.23,0,0.38,17.05.2024 04:20:41
0,149.25,796,748,10.47,70.24,0,0.30,17.05.2024 04:20:43
0,149.81,799,748,10.47,70.22,0,0.34,17.05.2024 04:20:45
0,150.19,801,748,10.47,70.22,0,0.37,17.05.2024 04:20:47
0,149.63,798,748,10.45,70.24,0,0.33,17.05.2024 04:20:49
0,149.25,796,748,10.45,70.22,0,0.30,17.05.2024 04:20:52
0,150.00,800,748,10.45,70.23,0,0.36,17.05.2024 04:20:54
0,150.38,802,748,10.47,70.19,0,0.39,17.05.2024 04:20:56
0,149.44,797,748,10.48,70.22,0,0.31,17.05.2024 04:20:58
0,151.69,809,749,10.47,70.23,0,0.49,17.05.2024 04:21:00
0,152.25,812,748,10.47,70.20,0,0.53,17.05.2024 04:21:02
0,145.88,778,748,10.45,70.20,0,0.06,17.05.2024 04:21:04
0,153.56,819,748,10.47,70.22,0,0.63,17.05.2024 04:21:06
0,153.75,820,748,10.47,70.21,0,0.65,17.05.2024 04:21:08
0,149.44,797,747,10.48,70.21,0,0.31,17.05.2024 04:21:11
0,150.19,801,748,10.45,70.22,0,0.37,17.05.2024 04:21:13
0,149.25,796,747,10.45,70.24,0,0.30,17.05.2024 04:21:15
0,150.38,802,748,10.45,70.20,0,0.39,17.05.2024 04:21:17
0,147.56,787,748,10.45,70.23,0,0.18,17.05.2024 04:21:19
0,152.25,812,748,10.47,70.21,0,0.53,17.05.2024 04:21:21
0,151.50,808,748,10.47,70.21,0,0.47,17.05.2024 04:21:23
0,153.38,818,748,10.45,70.20,0,0.62,17.05.2024 04:21:25
0,146.44,781,748,10.44,70.21,0,0.10,17.05.2024 04:21:28
0,147.00,784,748,10.47,70.24,0,0.14,17.05.2024 04:21:30
0,150.19,801,749,10.48,70.23,0,0.37,17.05.2024 04:21:32
0,150.38,802,749,10.47,70.21,0,0.39,17.05.2024 04:21:34
0,149.25,796,749,10.47,70.23,0,0.30,17.05.2024 04:21:36
0,149.63,798,750,10.47,70.21,0,0.33,17.05.2024 04:21:38
0,151.69,809,750,10.48,70.25,0,0.48,17.05.2024 04:21:40
0,151.50,808,751,10.47,70.24,0,0.47,17.05.2024 04:21:42
0,148.13,790,750,10.45,70.22,0,0.22,17.05.2024 04:21:45
0,151.88,810,751,10.47,70.22,0,0.50,17.05.2024 04:21:47
0,150.00,800,751,10.45,70.20,0,0.36,17.05.2024 04:21:49
0,152.81,815,751,10.47,70.21,0,0.57,17.05.2024 04:21:51
0,147.94,789,751,10.47,70.21,0,0.20,17.05.2024 04:21:53
0,151.88,810,751,10.47,70.22,0,0.50,17.05.2024 04:21:55
0,151.50,808,751,10.45,70.20,0,0.47,17.05.2024 04:21:57
0,148.13,790,752,10.45,70.23,0,0.22,17.05.2024 04:21:59
0,149.25,796,751,10.45,70.24,0,0.30,17.05.2024 04:22:02
0,150.38,802,751,10.45,70.21,0,0.39,17.05.2024 04:22:06
0,152.25,812,752,10.48,70.20,0,0.53,17.05.2024 04:22:08
0,150.38,802,752,10.47,70.22,0,0.38,17.05.2024 04:22:10
0,144.94,773,752,10.47,70.21,0,-0.01,17.05.2024 04:22:12
0,147.00,784,752,10.45,70.25,0,0.14,17.05.2024 04:22:14
0,148.69,793,752,10.47,70.21,0,0.26,17.05.2024 04:22:16
0,151.13,806,752,10.47,70.20,0,0.44,17.05.2024 04:22:18
0,145.50,776,752,10.45,70.21,0,0.03,17.05.2024 04:22:21
0,150.00,800,751,10.45,70.19,0,0.36,17.05.2024 04:22:23
0,146.81,783,751,10.47,70.21,0,0.12,17.05.2024 04:22:25
0,149.63,798,751,10.47,70.24,0,0.33,17.05.2024 04:22:27
0,149.63,798,752,10.45,70.20,0,0.33,17.05.2024 04:22:29
0,146.81,783,752,10.47,70.23,0,0.12,17.05.2024 04:22:31
0,147.94,789,751,10.45,70.23,0,0.21,17.05.2024 04:22:33
0,149.81,799,751,10.45,70.23,0,0.34,17.05.2024 04:22:35
0,148.13,790,751,10.47,70.22,0,0.22,17.05.2024 04:22:38
0,149.25,796,752,10.47,70.23,0,0.30,17.05.2024 04:22:40
0,149.44,797,752,10.45,70.20,0,0.32,17.05.2024 04:22:42
0,152.06,811,752,10.45,70.21,0,0.52,17.05.2024 04:22:44
0,150.75,804,752,10.45,70.21,0,0.42,17.05.2024 04:22:46
0,151.31,807,752,10.45,70.20,0,0.46,17.05.2024 04:22:48
0,152.81,815,752,10.45,70.20,0,0.58,17.05.2024 04:22:50
0,152.44,813,752,10.47,70.21,0,0.54,17.05.2024 04:22:52
0,150.75,804,752,10.45,70.23,0,0.42,17.05.2024 04:22:54
0,151.13,806,753,10.45,70.22,0,0.44,17.05.2024 04:22:57
0,148.88,794,753,10.45,70.22,0,0.27,17.05.2024 04:22:59
0,152.44,813,753,10.47,70.23,0,0.54,17.05.2024 04:23:01
0,150.56,803,754,10.44,70.22,0,0.40,17.05.2024 04:23:03
0,153.19,817,754,10.48,70.22,0,0.60,17.05.2024 04:23:05
0,148.69,793,754,10.45,70.20,0,0.26,17.05.2024 04:23:07
0,148.13,790,754,10.45,70.22,0,0.22,17.05.2024 04:23:09
0,151.13,806,754,10.47,70.21,0,0.44,17.05.2024 04:23:11
0,147.00,784,753,10.45,70.22,0,0.14,17.05.2024 04:23:14
0,150.00,800,754,10.45,70.23,0,0.36,17.05.2024 04:23:16
0,150.94,805,754,10.45,70.22,0,0.43,17.05.2024 04:23:18
0,152.63,814,753,10.45,70.22,0,0.56,17.05.2024 04:23:20
0,146.63,782,753,10.44,70.19,0,0.11,17.05.2024 04:23:22
0,150.94,805,753,10.48,70.22,0,0.43,17.05.2024 04:23:24
0,148.88,794,753,10.44,70.21,0,0.28,17.05.2024 04:23:26
0,152.06,811,753,10.45,70.24,0,0.52,17.05.2024 04:23:28
0,150.38,802,754,10.45,70.20,0,0.39,17.05.2024 04:23:31
0,149.63,798,754,10.45,70.21,0,0.33,17.05.2024 04:23:33
0,150.56,803,754,10.45,70.21,0,0.40,17.05.2024 04:23:35
0,146.44,781,754,10.47,70.21,0,0.10,17.05.2024 04:23:37
0,150.00,800,754,10.47,70.23,0,0.36,17.05.2024 04:23:39
0,151.13,806,754,10.45,70.19,0,0.45,17.05.2024 04:23:41
0,149.63,798,754,10.45,70.22,0,0.33,17.05.2024 04:23:43
0,149.81,799,754,10.47,70.23,0,0.34,17.05.2024 04:23:45
0,147.94,789,754,10.47,70.21,0,0.20,17.05.2024 04:23:48
0,146.63,782,754,10.47,70.19,0,0.11,17.05.2024 04:23:50
0,152.25,812,754,10.45,70.20,0,0.53,17.05.2024 04:23:52
0,152.06,811,754,10.47,70.21,0,0.52,17.05.2024 04:23:54
0,149.06,795,754,10.45,70.22,0,0.29,17.05.2024 04:23:56
0,149.63,798,754,10.45,70.22,0,0.33,17.05.2024 04:23:58
0,151.69,809,754,10.45,70.22,0,0.49,17.05.2024 04:24:00
0,149.63,798,754,10.47,70.19,0,0.33,17.05.2024 04:24:02
0,154.69,825,753,10.47,70.19,0,0.72,17.05.2024 04:24:05
0,148.50,792,753,10.45,70.24,0,0.25,17.05.2024 04:24:07
0,155.63,830,753,10.45,70.22,0,0.80,17.05.2024 04:24:09
0,148.88,794,753,10.48,70.20,0,0.27,17.05.2024 04:24:11
0,149.63,798,753,10.47,70.21,0,0.33,17.05.2024 04:24:13
0,150.00,800,753,10.47,70.22,0,0.36,17.05.2024 04:24:15
0,148.69,793,753,10.44,70.23,0,0.26,17.05.2024 04:24:17
0,151.50,808,753,10.44,70.21,0,0.48,17.05.2024 04:24:19
0,150.56,803,753,10.45,70.22,0,0.40,17.05.2024 04:24:24
0,147.75,788,753,10.45,70.20,0,0.19,17.05.2024 04:24:26
0,150.75,804,753,10.47,70.20,0,0.41,17.05.2024 04:24:28
0,146.81,783,753,10.45,70.21,0,0.12,17.05.2024 04:24:30
0,145.13,774,753,10.45,70.21,0,0.01,17.05.2024 04:24:32
0,149.44,797,753,10.47,70.21,0,0.31,17.05.2024 04:24:34
0,146.81,783,753,10.47,70.24,0,0.12,17.05.2024 04:24:36
0,142.13,758,753,10.45,70.21,0,-0.20,17.05.2024 04:24:38
0,148.31,791,753,10.47,70.21,0,0.23,17.05.2024 04:24:41
0,145.88,778,752,10.45,70.20,0,0.06,17.05.2024 04:24:43
0,150.19,801,752,10.47,70.23,0,0.37,17.05.2024 04:24:45
0,146.25,780,751,10.45,70.24,0,0.08,17.05.2024 04:24:47
0,147.56,787,751,10.45,70.16,0,0.18,17.05.2024 04:24:49
0,151.31,807,752,10.45,70.20,0,0.46,17.05.2024 04:24:51
0,140.63,750,752,10.45,70.22,0,-0.30,17.05.2024 04:24:54
0,150.00,800,752,10.45,70.20,0,0.36,17.05.2024 04:24:56
0,153.00,816,752,10.45,70.24,0,0.59,17.05.2024 04:24:58
0,151.88,810,752,10.47,70.22,0,0.50,17.05.2024 04:25:01
0,153.56,819,752,10.45,70.21,0,0.64,17.05.2024 04:25:03
0,151.50,808,752,10.44,70.19,0,0.48,17.05.2024 04:25:05
0,153.56,819,752,10.45,70.23,0,0.64,17.05.2024 04:25:08
0,150.75,804,751,10.45,70.22,0,0.42,17.05.2024 04:25:10
0,151.50,808,751,10.45,70.20,0,0.47,17.05.2024 04:25:12
0,147.38,786,751,10.44,70.23,0,0.17,17.05.2024 04:25:15
0,146.25,780,751,10.47,70.23,0,0.08,17.05.2024 04:25:17
0,148.31,791,750,10.44,70.23,0,0.24,17.05.2024 04:25:19
0,147.94,789,750,10.47,70.21,0,0.20,17.05.2024 04:25:22
0,152.44,813,751,10.45,70.23,0,0.55,17.05.2024 04:25:24
0,144.94,773,750,10.45,70.19,0,-0.01,17.05.2024 04:25:26
0,150.00,800,750,10.45,70.21,0,0.36,17.05.2024 04:25:30
0,147.19,785,750,10.45,70.20,0,0.15,17.05.2024 04:25:32
0,151.13,806,750,10.48,70.23,0,0.44,17.05.2024 04:25:35
0,147.56,787,750,10.44,70.21,0,0.18,17.05.2024 04:25:37
0,145.88,778,750,10.45,70.21,0,0.06,17.05.2024 04:25:39
0,149.25,796,750,10.45,70.23,0,0.30,17.05.2024 04:25:41
0,148.88,794,750,10.44,70.22,0,0.28,17.05.2024 04:25:43
0,148.13,790,750,10.45,70.23,0,0.22,17.05.2024 04:25:45
0,151.50,808,750,10.44,70.21,0,0.48,17.05.2024 04:25:47
0,148.13,790,749,10.45,70.20,0,0.22,17.05.2024 04:25:49
0,151.88,810,749,10.44,70.22,0,0.51,17.05.2024 04:25:52
0,148.31,791,749,10.44,70.22,0,0.24,17.05.2024 04:25:54
0,148.13,790,749,10.47,70.20,0,0.22,17.05.2024 04:25:56
0,157.88,842,749,10.45,70.24,0,0.99,17.05.2024 04:25:58
0,150.38,802,748,10.45,70.20,0,0.39,17.05.2024 04:26:00
0,152.63,814,748,10.45,70.22,0,0.56,17.05.2024 04:26:02
0,147.38,786,748,10.44,70.20,0,0.17,17.05.2024 04:26:04
0,151.50,808,748,10.45,70.21,0,0.47,17.05.2024 04:26:06
0,151.50,808,748,10.45,70.23,0,0.47,17.05.2024 04:26:08
0,149.25,796,749,10.43,70.23,0,0.31,17.05.2024 04:26:11
0,151.69,809,749,10.44,70.20,0,0.49,17.05.2024 04:26:13
0,148.88,794,749,10.45,70.22,0,0.27,17.05.2024 04:26:15
0,148.13,790,750,10.47,70.21,0,0.22,17.05.2024 04:26:17
0,151.31,807,750,10.44,70.22,0,0.46,17.05.2024 04:26:19
0,152.63,814,750,10.45,70.22,0,0.56,17.05.2024 04:26:21
0,149.81,799,749,10.44,70.22,0,0.35,17.05.2024 04:26:23
0,150.94,805,749,10.44,70.21,0,0.43,17.05.2024 04:26:25
0,155.25,828,749,10.44,70.18,0,0.78,17.05.2024 04:26:28
0,150.56,803,749,10.44,70.20,0,0.40,17.05.2024 04:26:30
0,150.00,800,749,10.47,70.22,0,0.36,17.05.2024 04:26:32
0,153.56,819,749,10.44,70.20,0,0.64,17.05.2024 04:26:34
0,149.44,797,749,10.44,70.23,0,0.32,17.05.2024 04:26:36
0,151.88,810,749,10.45,70.20,0,0.50,17.05.2024 04:26:38
0,149.63,798,749,10.44,70.25,0,0.33,17.05.2024 04:26:40
0,150.19,801,749,10.45,70.20,0,0.37,17.05.2024 04:26:42
0,147.38,786,749,10.43,70.19,0,0.17,17.05.2024 04:26:45
0,152.06,811,749,10.47,70.23,0,0.51,17.05.2024 04:26:47
0,149.63,798,749,10.45,70.23,0,0.33,17.05.2024 04:26:49
0,150.56,803,750,10.43,70.25,0,0.41,17.05.2024 04:26:51
0,147.75,788,749,10.45,70.19,0,0.19,17.05.2024 04:26:53
0,147.94,789,749,10.45,70.20,0,0.21,17.05.2024 04:26:55
0,148.88,794,749,10.45,70.24,0,0.27,17.05.2024 04:26:57
0,149.63,798,749,10.45,70.22,0,0.33,17.05.2024 04:26:59
0,149.44,797,750,10.45,70.23,0,0.32,17.05.2024 04:27:02
0,151.13,806,749,10.45,70.22,0,0.44,17.05.2024 04:27:04
0,147.00,784,749,10.47,70.20,0,0.14,17.05.2024 04:27:06
0,152.63,814,749,10.47,70.23,0,0.56,17.05.2024 04:27:08
0,151.88,810,749,10.44,70.23,0,0.50,17.05.2024 04:27:10
0,146.63,782,750,10.45,70.23,0,0.11,17.05.2024 04:27:12
0,149.25,796,749,10.44,70.22,0,0.31,17.05.2024 04:27:14
0,150.00,800,750,10.44,70.23,0,0.36,17.05.2024 04:27:16
0,148.31,791,749,10.45,70.22,0,0.23,17.05.2024 04:27:19
0,151.50,808,750,10.44,70.23,0,0.48,17.05.2024 04:27:21
0,153.00,816,749,10.44,70.21,0,0.59,17.05.2024 04:27:23
0,150.38,802,750,10.45,70.22,0,0.39,17.05.2024 04:27:25
0,150.75,804,749,10.47,70.20,0,0.41,17.05.2024 04:27:27
0,150.38,802,750,10.47,70.23,0,0.38,17.05.2024 04:27:29
0,148.69,793,749,10.45,70.20,0,0.26,17.05.2024 04:27:31
0,150.38,802,749,10.44,70.20,0,0.39,17.05.2024 04:27:33
0,147.00,784,749,10.45,70.20,0,0.14,17.05.2024 04:27:36
0,151.69,809,748,10.45,70.20,0,0.49,17.05.2024 04:27:38
0,145.13,774,749,10.44,70.21,0,0.01,17.05.2024 04:27:40
0,153.38,818,749,10.45,70.20,0,0.62,17.05.2024 04:27:44
0,151.69,809,749,10.45,70.21,0,0.49,17.05.2024 04:27:46
0,147.94,789,749,10.45,70.17,0,0.21,17.05.2024 04:27:48
0,147.94,789,748,10.45,70.20,0,0.21,17.05.2024 04:27:50
0,146.44,781,748,10.44,70.20,0,0.10,17.05.2024 04:27:52
0,145.13,774,748,10.45,70.20,0,0.01,17.05.2024 04:27:54
0,149.25,796,747,10.43,70.21,0,0.31,17.05.2024 04:27:57
0,148.13,790,747,10.44,70.23,0,0.22,17.05.2024 04:27:59
0,146.63,782,747,10.44,70.23,0,0.11,17.05.2024 04:28:01
0,149.25,796,747,10.45,70.21,0,0.30,17.05.2024 04:28:03
0,150.19,801,748,10.45,70.22,0,0.37,17.05.2024 04:28:05
0,149.63,798,748,10.45,70.23,0,0.33,17.05.2024 04:28:07
0,149.44,797,748,10.44,70.22,0,0.32,17.05.2024 04:28:09
0,148.88,794,748,10.44,70.21,0,0.28,17.05.2024 04:28:11
0,149.81,799,749,10.47,70.23,0,0.34,17.05.2024 04:28:14
0,151.31,807,749,10.44,70.22,0,0.46,17.05.2024 04:28:16
0,152.81,815,748,10.44,70.25,0,0.58,17.05.2024 04:28:18
0,151.50,808,749,10.44,70.22,0,0.48,17.05.2024 04:28:20
0,152.44,813,749,10.45,70.23,0,0.55,17.05.2024 04:28:22
0,150.56,803,748,10.45,70.19,0,0.40,17.05.2024 04:28:24
0,151.88,810,749,10.43,70.20,0,0.51,17.05.2024 04:28:26
0,147.75,788,750,10.45,70.21,0,0.19,17.05.2024 04:28:28
0,149.63,798,750,10.44,70.22,0,0.33,17.05.2024 04:28:31
0,150.94,805,750,10.44,70.21,0,0.43,17.05.2024 04:28:33
0,148.50,792,750,10.44,70.22,0,0.25,17.05.2024 04:28:35
0,150.56,803,750,10.44,70.22,0,0.40,17.05.2024 04:28:37
0,151.50,808,750,10.45,70.22,0,0.47,17.05.2024 04:28:39
0,151.31,807,750,10.43,70.20,0,0.46,17.05.2024 04:28:41
0,149.81,799,749,10.45,70.24,0,0.34,17.05.2024 04:28:43
0,150.94,805,749,10.44,70.25,0,0.43,17.05.2024 04:28:45
0,146.44,781,749,10.44,70.21,0,0.10,17.05.2024 04:28:48
0,149.25,796,749,10.44,70.24,0,0.30,17.05.2024 04:28:50
0,151.31,807,749,10.45,70.21,0,0.46,17.05.2024 04:28:52
0,150.94,805,749,10.45,70.22,0,0.43,17.05.2024 04:28:54
0,149.63,798,749,10.45,70.22,0,0.33,17.05.2024 04:28:56
0,151.50,808,749,10.44,70.23,0,0.48,17.05.2024 04:28:58
0,147.94,789,749,10.45,70.25,0,0.20,17.05.2024 04:29:00
0,148.13,790,748,10.47,70.20,0,0.22,17.05.2024 04:29:02
0,150.75,804,748,10.44,70.21,0,0.42,17.05.2024 04:29:05
0,151.50,808,748,10.45,70.22,0,0.47,17.05.2024 04:29:07
0,150.75,804,748,10.45,70.21,0,0.42,17.05.2024 04:29:09
0,147.94,789,747,10.45,70.20,0,0.21,17.05.2024 04:29:11
0,149.25,796,747,10.45,70.23,0,0.30,17.05.2024 04:29:13
0,150.75,804,746,10.44,70.20,0,0.42,17.05.2024 04:29:15
0,149.63,798,747,10.45,70.24,0,0.33,17.05.2024 04:29:17
0,152.06,811,747,10.47,70.22,0,0.51,17.05.2024 04:29:19
0,150.94,805,746,10.45,70.22,0,0.43,17.05.2024 04:29:22
0,147.94,789,746,10.44,70.20,0,0.21,17.05.2024 04:29:24
0,148.13,790,745,10.45,70.20,0,0.22,17.05.2024 04:29:26
0,148.88,794,745,10.44,70.23,0,0.28,17.05.2024 04:29:28
0,154.13,822,745,10.44,70.20,0,0.68,17.05.2024 04:29:30
0,149.63,798,745,10.45,70.22,0,0.33,17.05.2024 04:29:32
0,147.19,785,744,10.44,70.23,0,0.15,17.05.2024 04:29:34
0,153.56,819,745,10.44,70.22,0,0.64,17.05.2024 04:29:36
0,150.94,805,744,10.43,70.21,0,0.44,17.05.2024 04:29:38
0,150.94,805,744,10.44,70.23,0,0.43,17.05.2024 04:29:41
0,149.44,797,744,10.44,70.21,0,0.32,17.05.2024 04:29:43
0,151.13,806,743,10.45,70.20,0,0.44,17.05.2024 04:29:45
0,149.06,795,743,10.43,70.21,0,0.29,17.05.2024 04:29:47
0,147.94,789,743,10.45,70.21,0,0.21,17.05.2024 04:29:49
0,149.25,796,743,10.47,70.24,0,0.30,17.05.2024 04:29:51
0,149.06,795,742,10.44,70.21,0,0.29,17.05.2024 04:29:53
0,148.50,792,742,10.45,70.22,0,0.25,17.05.2024 04:29:55
0,149.44,797,742,10.44,70.21,0,0.32,17.05.2024 04:30:00
0,149.06,795,742,10.44,70.22,0,0.29,17.05.2024 04:30:02
0,150.94,805,743,10.44,70.21,0,0.43,17.05.2024 04:30:04
0,148.88,794,742,10.44,70.23,0,0.28,17.05.2024 04:30:06
0,147.38,786,742,10.45,70.24,0,0.16,17.05.2024 04:30:08
0,149.06,795,742,10.44,70.22,0,0.29,17.05.2024 04:30:10
0,149.63,798,743,10.44,70.22,0,0.33,17.05.2024 04:30:12
0,147.38,786,742,10.44,70.22,0,0.17,17.05.2024 04:30:14
0,149.44,797,742,10.44,70.21,0,0.32,17.05.2024 04:30:17
0,145.31,775,742,10.44,70.23,0,0.02,17.05.2024 04:30:19
0,147.94,789,743,10.45,70.22,0,0.21,17.05.2024 04:30:21
0,148.13,790,743,10.47,70.21,0,0.22,17.05.2024 04:30:23
0,151.13,806,742,10.43,70.22,0,0.45,17.05.2024 04:30:25
0,147.56,787,742,10.44,70.21,0,0.18,17.05.2024 04:30:27
0,147.75,788,743,10.44,70.21,0,0.20,17.05.2024 04:30:29
0,148.31,791,743,10.44,70.21,0,0.24,17.05.2024 04:30:31
0,152.44,813,743,10.44,70.24,0,0.55,17.05.2024 04:30:34
0,150.00,800,744,10.45,70.20,0,0.36,17.05.2024 04:30:36
0,151.50,808,744,10.44,70.22,0,0.48,17.05.2024 04:30:38
0,149.81,799,744,10.44,70.23,0,0.35,17.05.2024 04:30:40
0,151.50,808,745,10.43,70.22,0,0.48,17.05.2024 04:30:42
0,150.19,801,744,10.43,70.22,0,0.38,17.05.2024 04:30:44
0,149.81,799,744,10.43,70.24,0,0.35,17.05.2024 04:30:46
0,149.63,798,744,10.44,70.22,0,0.33,17.05.2024 04:30:48
0,152.44,813,744,10.44,70.25,0,0.55,17.05.2024 04:30:51
0,152.44,813,743,10.43,70.21,0,0.55,17.05.2024 04:30:53
0,153.38,818,744,10.44,70.23,0,0.62,17.05.2024 04:30:55
0,148.69,793,743,10.44,70.23,0,0.26,17.05.2024 04:30:57
0,150.19,801,744,10.43,70.21,0,0.38,17.05.2024 04:30:59
0,149.63,798,744,10.45,70.22,0,0.33,17.05.2024 04:31:01
0,154.69,825,742,10.43,70.22,0,0.73,17.05.2024 04:31:03
0,153.38,818,743,10.45,70.23,0,0.62,17.05.2024 04:31:05
0,149.44,797,743,10.43,70.23,0,0.32,17.05.2024 04:31:08
0,150.56,803,742,10.44,70.24,0,0.40,17.05.2024 04:31:10
0,151.31,807,743,10.44,70.26,0,0.46,17.05.2024 04:31:12
0,151.88,810,743,10.44,70.24,0,0.50,17.05.2024 04:31:14
0,151.50,808,743,10.44,70.26,0,0.47,17.05.2024 04:31:16
0,152.63,814,744,10.45,70.23,0,0.56,17.05.2024 04:31:18
0,153.56,819,744,10.45,70.26,0,0.63,17.05.2024 04:31:20
0,151.50,808,744,10.44,70.21,0,0.48,17.05.2024 04:31:22
0,152.44,813,744,10.44,70.22,0,0.55,17.05.2024 04:31:24
0,147.38,786,744,10.44,70.22,0,0.17,17.05.2024 04:31:27
0,150.94,805,744,10.47,70.27,0,0.43,17.05.2024 04:31:29
0,149.06,795,745,10.43,70.23,0,0.29,17.05.2024 04:31:31
0,149.63,798,745,10.44,70.25,0,0.33,17.05.2024 04:31:33
0,152.63,814,745,10.43,70.23,0,0.57,17.05.2024 04:31:35
0,153.75,820,746,10.43,70.25,0,0.65,17.05.2024 04:31:37
0,149.63,798,746,10.45,70.23,0,0.33,17.05.2024 04:31:39
0,148.13,790,746,10.44,70.21,0,0.22,17.05.2024 04:31:41
0,150.56,803,746,10.44,70.21,0,0.40,17.05.2024 04:31:44
0,149.81,799,746,10.43,70.23,0,0.35,17.05.2024 04:31:46
0,152.81,815,747,10.43,70.22,0,0.58,17.05.2024 04:31:48
0,150.94,805,747,10.43,70.23,0,0.43,17.05.2024 04:31:50
0,150.19,801,748,10.44,70.23,0,0.38,17.05.2024 04:31:52
0,148.31,791,747,10.41,70.22,0,0.24,17.05.2024 04:31:54
0,147.56,787,747,10.44,70.22,0,0.18,17.05.2024 04:31:56
0,151.50,808,747,10.47,70.21,0,0.47,17.05.2024 04:31:58
0,145.13,774,748,10.43,70.23,0,0.01,17.05.2024 04:32:01
0,147.94,789,748,10.43,70.21,0,0.21,17.05.2024 04:32:03
0,152.44,813,749,10.43,70.22,0,0.55,17.05.2024 04:32:05
0,148.13,790,749,10.45,70.25,0,0.22,17.05.2024 04:32:07
0,152.63,814,749,10.41,70.22,0,0.57,17.05.2024 04:32:09
0,150.75,804,749,10.44,70.22,0,0.42,17.05.2024 04:32:11
0,150.94,805,749,10.44,70.22,0,0.43,17.05.2024 04:32:15
0,150.94,805,749,10.43,70.21,0,0.44,17.05.2024 04:32:17
0,151.31,807,749,10.45,70.23,0,0.46,17.05.2024 04:32:20
0,147.56,787,750,10.44,70.24,0,0.18,17.05.2024 04:32:22
0,145.13,774,750,10.44,70.23,0,0.01,17.05.2024 04:32:24
0,147.00,784,749,10.45,70.21,0,0.14,17.05.2024 04:32:26
0,151.31,807,750,10.45,70.24,0,0.46,17.05.2024 04:32:28
0,146.25,780,750,10.45,70.24,0,0.08,17.05.2024 04:32:30
0,148.50,792,750,10.43,70.25,0,0.25,17.05.2024 04:32:32
0,148.50,792,750,10.44,70.24,0,0.25,17.05.2024 04:32:34
0,141.94,757,751,10.44,70.27,0,-0.21,17.05.2024 04:32:37
0,145.88,778,751,10.44,70.25,0,0.06,17.05.2024 04:32:39
0,149.25,796,751,10.44,70.27,0,0.30,17.05.2024 04:32:41
0,150.00,800,751,10.44,70.22,0,0.36,17.05.2024 04:32:43
0,156.38,834,750,10.44,70.25,0,0.87,17.05.2024 04:32:45
0,152.25,812,750,10.47,70.27,0,0.53,17.05.2024 04:32:47
0,150.38,802,750,10.45,70.23,0,0.39,17.05.2024 04:32:49
0,150.56,803,750,10.44,70.23,0,0.40,17.05.2024 04:32:51
0,149.44,797,749,10.43,70.22,0,0.32,17.05.2024 04:32:53
0,148.69,793,749,10.43,70.25,0,0.26,17.05.2024 04:32:56
0,149.63,798,749,10.43,70.22,0,0.34,17.05.2024 04:32:58
0,151.69,809,749,10.45,70.24,0,0.49,17.05.2024 04:33:00
0,149.06,795,749,10.45,70.26,0,0.29,17.05.2024 04:33:02
0,150.94,805,749,10.43,70.23,0,0.43,17.05.2024 04:33:04
0,148.13,790,749,10.44,70.23,0,0.22,17.05.2024 04:33:06
0,148.69,793,749,10.45,70.25,0,0.26,17.05.2024 04:33:08
0,154.13,822,749,10.43,70.25,0,0.68,17.05.2024 04:33:10
0,150.94,805,749,10.44,70.26,0,0.43,17.05.2024 04:33:13
0,151.31,807,749,10.44,70.27,0,0.46,17.05.2024 04:33:15
0,146.06,779,749,10.44,70.24,0,0.07,17.05.2024 04:33:17
0,150.94,805,748,10.45,70.24,0,0.43,17.05.2024 04:33:19
0,150.19,801,748,10.43,70.24,0,0.38,17.05.2024 04:33:21
0,149.44,797,747,10.44,70.25,0,0.32,17.05.2024 04:33:23
0,153.56,819,747,10.44,70.26,0,0.64,17.05.2024 04:33:25
0,150.38,802,747,10.43,70.25,0,0.39,17.05.2024 04:33:27
0,151.13,806,747,10.44,70.24,0,0.45,17.05.2024 04:33:30
0,150.19,801,747,10.41,70.21,0,0.38,17.05.2024 04:33:32
0,153.00,816,747,10.43,70.25,0,0.60,17.05.2024 04:33:34
0,147.19,785,746,10.43,70.25,0,0.16,17.05.2024 04:33:36
0,149.44,797,746,10.45,70.22,0,0.32,17.05.2024 04:33:38
0,150.56,803,746,10.43,70.27,0,0.40,17.05.2024 04:33:40
0,148.50,792,745,10.44,70.26,0,0.25,17.05.2024 04:33:42
0,153.94,821,745,10.44,70.23,0,0.67,17.05.2024 04:33:44
0,151.13,806,745,10.44,70.23,0,0.45,17.05.2024 04:33:47
0,149.81,799,745,10.44,70.24,0,0.35,17.05.2024 04:33:49
0,151.88,810,745,10.43,70.23,0,0.51,17.05.2024 04:33:51
0,151.13,806,745,10.43,70.25,0,0.45,17.05.2024 04:33:53
0,150.94,805,744,10.45,70.22,0,0.43,17.05.2024 04:33:55
0,150.75,804,745,10.44,70.27,0,0.42,17.05.2024 04:33:57
0,152.06,811,745,10.44,70.22,0,0.52,17.05.2024 04:33:59
0,153.00,816,745,10.44,70.26,0,0.59,17.05.2024 04:34:01
0,145.50,776,744,10.43,70.24,0,0.04,17.05.2024 04:34:04
0,152.63,814,745,10.44,70.22,0,0.56,17.05.2024 04:34:06
0,151.31,807,744,10.41,70.24,0,0.47,17.05.2024 04:34:08
0,150.38,802,745,10.44,70.22,0,0.39,17.05.2024 04:34:10
0,153.19,817,745,10.43,70.24,0,0.61,17.05.2024 04:34:12
0,149.06,795,744,10.44,70.26,0,0.29,17.05.2024 04:34:14
0,155.44,829,744,10.44,70.24,0,0.79,17.05.2024 04:34:16
0,148.50,792,744,10.44,70.26,0,0.25,17.05.2024 04:34:18
0,150.38,802,744,10.45,70.27,0,0.39,17.05.2024 04:34:21
0,150.94,805,744,10.43,70.25,0,0.43,17.05.2024 04:34:23
0,150.75,804,744,10.43,70.23,0,0.42,17.05.2024 04:34:25
0,149.44,797,744,10.44,70.27,0,0.32,17.05.2024 04:34:29
0,151.31,807,744,10.43,70.24,0,0.46,17.05.2024 04:34:31
0,147.56,787,745,10.44,70.21,0,0.18,17.05.2024 04:34:33
0,148.69,793,744,10.43,70.24,0,0.27,17.05.2024 04:34:35
0,145.69,777,744,10.44,70.25,0,0.05,17.05.2024 04:34:37
0,150.94,805,745,10.43,70.25,0,0.43,17.05.2024 04:34:39
0,144.75,772,745,10.45,70.23,0,-0.02,17.05.2024 04:34:42
0,147.94,789,745,10.44,70.25,0,0.21,17.05.2024 04:34:44
0,149.63,798,745,10.43,70.24,0,0.33,17.05.2024 04:34:46
0,147.19,785,744,10.43,70.24,0,0.16,17.05.2024 04:34:48
0,149.44,797,744,10.45,70.25,0,0.32,17.05.2024 04:34:50
0,150.94,805,745,10.43,70.24,0,0.43,17.05.2024 04:34:52
0,149.06,795,745,10.44,70.22,0,0.29,17.05.2024 04:34:54
0,149.81,799,745,10.43,70.24,0,0.35,17.05.2024 04:34:56
0,150.00,800,745,10.44,70.24,0,0.36,17.05.2024 04:34:59
0,154.88,826,745,10.45,70.25,0,0.74,17.05.2024 04:35:01
0,147.19,785,745,10.44,70.24,0,0.15,17.05.2024 04:35:03
0,150.00,800,745,10.47,70.24,0,0.36,17.05.2024 04:35:05
0,150.75,804,745,10.43,70.23,0,0.42,17.05.2024 04:35:07
0,150.00,800,744,10.43,70.25,0,0.36,17.05.2024 04:35:09
0,153.00,816,744,10.45,70.26,0,0.59,17.05.2024 04:35:11
0,150.75,804,744,10.44,70.25,0,0.42,17.05.2024 04:35:13
0,149.44,797,745,10.43,70.22,0,0.32,17.05.2024 04:35:16
0,151.13,806,745,10.43,70.25,0,0.45,17.05.2024 04:35:18
0,151.50,808,744,10.43,70.24,0,0.48,17.05.2024 04:35:20
0,151.50,808,744,10.44,70.24,0,0.48,17.05.2024 04:35:22
0,150.75,804,744,10.41,70.26,0,0.42,17.05.2024 04:35:24
0,149.63,798,744,10.44,70.27,0,0.33,17.05.2024 04:35:26
0,153.56,819,744,10.44,70.25,0,0.64,17.05.2024 04:35:28
0,150.56,803,744,10.44,70.24,0,0.40,17.05.2024 04:35:30
0,150.94,805,744,10.44,70.23,0,0.43,17.05.2024 04:35:33
0,150.56,803,744,10.45,70.24,0,0.40,17.05.2024 04:35:35
0,151.13,806,744,10.43,70.26,0,0.45,17.05.2024 04:35:37
0,150.94,805,743,10.41,70.22,0,0.44,17.05.2024 04:35:39
0,150.94,805,743,10.44,70.25,0,0.43,17.05.2024 04:35:41
0,149.81,799,744,10.44,70.24,0,0.35,17.05.2024 04:35:43
0,149.81,799,744,10.43,70.25,0,0.35,17.05.2024 04:35:45
0,153.00,816,744,10.43,70.24,0,0.60,17.05.2024 04:35:47
0,151.50,808,743,10.41,70.23,0,0.48,17.05.2024 04:35:50
0,149.06,795,743,10.43,70.25,0,0.29,17.05.2024 04:35:52
0,154.13,822,743,10.43,70.25,0,0.68,17.05.2024 04:35:54
0,150.19,801,743,10.43,70.24,0,0.38,17.05.2024 04:35:56
0,150.00,800,743,10.43,70.24,0,0.36,17.05.2024 04:35:58
0,149.63,798,743,10.44,70.27,0,0.33,17.05.2024 04:36:00
0,150.00,800,743,10.45,70.25,0,0.36,17.05.2024 04:36:02
0,151.50,808,742,10.41,70.23,0,0.48,17.05.2024 04:36:04
0,148.50,792,742,10.44,70.27,0,0.25,17.05.2024 04:36:07
0,153.94,821,742,10.43,70.25,0,0.67,17.05.2024 04:36:09
0,148.13,790,742,10.44,70.26,0,0.22,17.05.2024 04:36:11
0,149.63,798,742,10.44,70.23,0,0.33,17.05.2024 04:36:13
0,149.63,798,743,10.47,70.26,0,0.33,17.05.2024 04:36:15
0,151.88,810,743,10.43,70.24,0,0.51,17.05.2024 04:36:17
0,147.56,787,743,10.43,70.25,0,0.18,17.05.2024 04:36:19
0,152.06,811,743,10.44,70.22,0,0.52,17.05.2024 04:36:21
0,150.19,801,743,10.43,70.22,0,0.38,17.05.2024 04:36:23
0,149.63,798,743,10.41,70.22,0,0.34,17.05.2024 04:36:26
0,149.25,796,744,10.45,70.23,0,0.30,17.05.2024 04:36:28
0,149.81,799,743,10.43,70.24,0,0.35,17.05.2024 04:36:30
0,147.19,785,743,10.44,70.26,0,0.15,17.05.2024 04:36:32
0,150.00,800,743,10.43,70.23,0,0.36,17.05.2024 04:36:34
0,146.63,782,743,10.43,70.22,0,0.12,17.05.2024 04:36:36
0,150.00,800,743,10.44,70.25,0,0.36,17.05.2024 04:36:38
0,148.13,790,744,10.45,70.25,0,0.22,17.05.2024 04:36:40
0,149.25,796,743,10.43,70.24,0,0.31,17.05.2024 04:36:43
0,150.94,805,743,10.41,70.20,0,0.44,17.05.2024 04:36:45
0,152.06,811,744,10.41,70.22,0,0.52,17.05.2024 04:36:49
0,149.44,797,745,10.41,70.21,0,0.32,17.05.2024 04:36:51
0,147.00,784,745,10.43,70.22,0,0.14,17.05.2024 04:36:53
0,142.88,762,745,10.43,70.21,0,-0.14,17.05.2024 04:36:55
0,147.94,789,745,10.43,70.23,0,0.21,17.05.2024 04:36:57
0,145.88,778,745,10.43,70.22,0,0.06,17.05.2024 04:36:59
0,147.56,787,745,10.44,70.23,0,0.18,17.05.2024 04:37:02
0,145.31,775,744,10.44,70.23,0,0.02,17.05.2024 04:37:04
0,150.00,800,744,10.41,70.23,0,0.37,17.05.2024 04:37:06
0,148.31,791,745,10.45,70.23,0,0.23,17.05.2024 04:37:08
0,148.31,791,745,10.43,70.23,0,0.24,17.05.2024 04:37:10
0,148.13,790,745,10.44,70.23,0,0.22,17.05.2024 04:37:12
0,147.56,787,745,10.43,70.21,0,0.18,17.05.2024 04:37:14
0,148.50,792,745,10.44,70.22,0,0.25,17.05.2024 04:37:16
0,151.50,808,745,10.43,70.22,0,0.48,17.05.2024 04:37:19
0,150.38,802,744,10.40,70.21,0,0.40,17.05.2024 04:37:21
0,153.19,817,745,10.41,70.22,0,0.61,17.05.2024 04:37:23
0,151.69,809,745,10.44,70.23,0,0.49,17.05.2024 04:37:25
0,150.19,801,745,10.41,70.21,0,0.38,17.05.2024 04:37:27
0,150.19,801,746,10.43,70.22,0,0.38,17.05.2024 04:37:29
0,150.75,804,745,10.44,70.23,0,0.42,17.05.2024 04:37:31
0,151.69,809,745,10.44,70.22,0,0.49,17.05.2024 04:37:33
0,153.38,818,745,10.43,70.25,0,0.62,17.05.2024 04:37:36
0,149.81,799,745,10.43,70.23,0,0.35,17.05.2024 04:37:38
0,149.81,799,745,10.44,70.23,0,0.35,17.05.2024 04:37:40
0,148.50,792,746,10.43,70.23,0,0.25,17.05.2024 04:37:42
0,149.63,798,745,10.44,70.23,0,0.33,17.05.2024 04:37:44
0,148.50,792,745,10.45,70.24,0,0.25,17.05.2024 04:37:46
0,150.94,805,745,10.44,70.26,0,0.43,17.05.2024 04:37:48
0,147.19,785,745,10.43,70.21,0,0.16,17.05.2024 04:37:50
0,152.06,811,745,10.44,70.23,0,0.52,17.05.2024 04:37:53
0,150.00,800,745,10.41,70.22,0,0.37,17.05.2024 04:37:55
0,152.06,811,745,10.43,70.23,0,0.52,17.05.2024 04:37:57
0,151.69,809,745,10.41,70.23,0,0.49,17.05.2024 04:37:59
0,150.00,800,745,10.43,70.27,0,0.36,17.05.2024 04:38:01
0,151.31,807,745,10.41,70.21,0,0.47,17.05.2024 04:38:03
0,150.38,802,745,10.44,70.25,0,0.39,17.05.2024 04:38:05
0,149.25,796,745,10.43,70.23,0,0.31,17.05.2024 04:38:07
0,149.63,798,745,10.43,70.22,0,0.34,17.05.2024 04:38:09
0,153.38,818,745,10.44,70.23,0,0.62,17.05.2024 04:38:12
0,150.19,801,745,10.43,70.21,0,0.38,17.05.2024 04:38:14
0,153.19,817,745,10.45,70.21,0,0.61,17.05.2024 04:38:16
0,152.81,815,745,10.43,70.23,0,0.58,17.05.2024 04:38:18
0,147.94,789,746,10.44,70.24,0,0.21,17.05.2024 04:38:20
0,151.69,809,746,10.44,70.20,0,0.49,17.05.2024 04:38:22
0,148.31,791,746,10.44,70.23,0,0.24,17.05.2024 04:38:24
0,150.00,800,746,10.44,70.23,0,0.36,17.05.2024 04:38:26
0,151.13,806,746,10.43,70.23,0,0.45,17.05.2024 04:38:29
0,150.56,803,745,10.44,70.21,0,0.40,17.05.2024 04:38:31
0,149.63,798,746,10.44,70.20,0,0.33,17.05.2024 04:38:33
0,148.13,790,745,10.43,70.19,0,0.23,17.05.2024 04:38:35
0,149.44,797,745,10.43,70.25,0,0.32,17.05.2024 04:38:37
0,152.06,811,745,10.44,70.23,0,0.52,17.05.2024 04:38:39
0,151.69,809,745,10.41,70.21,0,0.50,17.05.2024 04:38:41
0,150.38,802,745,10.44,70.24,0,0.39,17.05.2024 04:38:43
0,147.94,789,744,10.43,70.21,0,0.21,17.05.2024 04:38:46
0,147.94,789,745,10.43,70.20,0,0.21,17.05.2024 04:38:48
0,154.13,822,745,10.41,70.21,0,0.69,17.05.2024 04:38:50
0,151.88,810,745,10.45,70.22,0,0.50,17.05.2024 04:38:52
0,146.81,783,745,10.44,70.25,0,0.13,17.05.2024 04:38:54
0,147.56,787,744,10.43,70.21,0,0.18,17.05.2024 04:38:56
0,146.63,782,744,10.41,70.23,0,0.12,17.05.2024 04:38:58
0,149.44,797,744,10.41,70.24,0,0.32,17.05.2024 04:39:00
0,148.50,792,744,10.41,70.23,0,0.25,17.05.2024 04:39:05
0,150.19,801,743,10.43,70.22,0,0.38,17.05.2024 04:39:07
0,150.19,801,744,10.44,70.21,0,0.38,17.05.2024 04:39:09
0,150.19,801,743,10.44,70.19,0,0.38,17.05.2024 04:39:11
0,146.81,783,743,10.45,70.24,0,0.12,17.05.2024 04:39:13
0,149.81,799,742,10.43,70.23,0,0.35,17.05.2024 04:39:15
0,146.44,781,741,10.44,70.23,0,0.10,17.05.2024 04:39:17
0,144.38,770,742,10.40,70.22,0,-0.04,17.05.2024 04:39:19
0,148.13,790,742,10.44,70.21,0,0.22,17.05.2024 04:39:22
0,152.63,814,742,10.45,70.23,0,0.56,17.05.2024 04:39:24
0,148.88,794,742,10.41,70.22,0,0.28,17.05.2024 04:39:26
0,146.63,782,742,10.44,70.24,0,0.11,17.05.2024 04:39:28
0,150.94,805,741,10.43,70.23,0,0.43,17.05.2024 04:39:30
0,148.88,794,741,10.41,70.21,0,0.28,17.05.2024 04:39:32
0,147.00,784,741,10.41,70.22,0,0.14,17.05.2024 04:39:34
0,150.56,803,741,10.41,70.22,0,0.41,17.05.2024 04:39:36
0,150.94,805,741,10.43,70.21,0,0.44,17.05.2024 04:39:39
0,153.38,818,741,10.41,70.21,0,0.63,17.05.2024 04:39:41
0,151.13,806,742,10.43,70.21,0,0.45,17.05.2024 04:39:43
0,151.69,809,741,10.41,70.22,0,0.50,17.05.2024 04:39:45
0,151.31,807,742,10.43,70.25,0,0.46,17.05.2024 04:39:47
0,147.56,787,741,10.40,70.18,0,0.19,17.05.2024 04:39:49
0,152.44,813,741,10.43,70.23,0,0.55,17.05.2024 04:39:51
0,150.00,800,740,10.41,70.21,0,0.37,17.05.2024 04:39:53
0,150.75,804,741,10.43,70.21,0,0.42,17.05.2024 04:39:55
0,149.25,796,742,10.43,70.22,0,0.31,17.05.2024 04:39:58
0,149.81,799,742,10.43,70.24,0,0.35,17.05.2024 04:40:00
0,153.94,821,741,10.41,70.22,0,0.67,17.05.2024 04:40:02
0,149.25,796,741,10.41,70.21,0,0.31,17.05.2024 04:40:04
0,149.44,797,741,10.45,70.26,0,0.32,17.05.2024 04:40:06
0,151.13,806,741,10.40,70.21,0,0.46,17.05.2024 04:40:08
0,150.38,802,742,10.44,70.23,0,0.39,17.05.2024 04:40:10
0,149.25,796,742,10.44,70.23,0,0.30,17.05.2024 04:40:12
0,151.50,808,742,10.44,70.27,0,0.47,17.05.2024 04:40:15
0,151.69,809,742,10.43,70.25,0,0.49,17.05.2024 04:40:17
0,150.38,802,742,10.41,70.24,0,0.39,17.05.2024 04:40:19
0,150.94,805,742,10.41,70.21,0,0.44,17.05.2024 04:40:21
0,150.19,801,742,10.40,70.21,0,0.38,17.05.2024 04:40:23
0,155.63,830,742,10.43,70.24,0,0.81,17.05.2024 04:40:25
0,147.00,784,744,10.40,70.22,0,0.15,17.05.2024 04:40:27
0,148.69,793,743,10.44,70.24,0,0.26,17.05.2024 04:40:29
0,148.31,791,744,10.43,70.24,0,0.24,17.05.2024 04:40:32
0,151.31,807,744,10.41,70.23,0,0.47,17.05.2024 04:40:34
0,151.13,806,744,10.40,70.19,0,0.46,17.05.2024 04:40:36
0,150.94,805,743,10.43,70.23,0,0.43,17.05.2024 04:40:38
0,151.69,809,743,10.44,70.23,0,0.49,17.05.2024 04:40:40
0,152.81,815,743,10.43,70.22,0,0.58,17.05.2024 04:40:42
0,151.13,806,742,10.41,70.20,0,0.45,17.05.2024 04:40:44
0,153.94,821,742,10.43,70.25,0,0.67,17.05.2024 04:40:46
0,150.00,800,742,10.43,70.22,0,0.36,17.05.2024 04:40:49
0,149.44,797,742,10.43,70.21,0,0.32,17.05.2024 04:40:51
0,150.00,800,741,10.43,70.25,0,0.36,17.05.2024 04:40:53
0,149.81,799,741,10.41,70.25,0,0.35,17.05.2024 04:40:55
0,150.19,801,741,10.44,70.20,0,0.38,17.05.2024 04:40:57
0,150.00,800,742,10.41,70.21,0,0.37,17.05.2024 04:40:59
0,149.63,798,741,10.41,70.21,0,0.34,17.05.2024 04:41:01
0,150.19,801,740,10.44,70.22,0,0.38,17.05.2024 04:41:03
0,151.88,810,740,10.41,70.18,0,0.51,17.05.2024 04:41:06
0,152.63,814,740,10.41,70.22,0,0.57,17.05.2024 04:41:08
0,148.13,790,741,10.43,70.23,0,0.22,17.05.2024 04:41:10
0,150.00,800,741,10.43,70.22,0,0.36,17.05.2024 04:41:12
0,149.25,796,740,10.41,70.21,0,0.31,17.05.2024 04:41:14
0,151.50,808,740,10.41,70.20,0,0.48,17.05.2024 04:41:16
0,151.13,806,740,10.44,70.19,0,0.45,17.05.2024 04:41:18
0,149.63,798,740,10.44,70.22,0,0.33,17.05.2024 04:41:22
0,150.38,802,741,10.41,70.21,0,0.39,17.05.2024 04:41:25
0,150.38,802,741,10.41,70.21,0,0.39,17.05.2024 04:41:27
0,148.13,790,741,10.43,70.21,0,0.22,17.05.2024 04:41:29
0,147.38,786,741,10.40,70.22,0,0.17,17.05.2024 04:41:31
0,150.94,805,741,10.41,70.18,0,0.44,17.05.2024 04:41:33
0,148.69,793,741,10.43,70.18,0,0.27,17.05.2024 04:41:35
0,147.94,789,741,10.41,70.21,0,0.21,17.05.2024 04:41:37
0,146.25,780,741,10.43,70.19,0,0.09,17.05.2024 04:41:39
0,148.13,790,741,10.43,70.21,0,0.22,17.05.2024 04:41:42
0,150.00,800,741,10.41,70.21,0,0.37,17.05.2024 04:41:44
0,147.75,788,741,10.44,70.21,0,0.20,17.05.2024 04:41:46
0,145.88,778,741,10.41,70.21,0,0.06,17.05.2024 04:41:48
0,149.25,796,741,10.44,70.17,0,0.31,17.05.2024 04:41:50
0,151.88,810,740,10.41,70.21,0,0.51,17.05.2024 04:41:52
0,147.38,786,740,10.41,70.26,0,0.17,17.05.2024 04:41:54
0,149.81,799,740,10.44,70.23,0,0.35,17.05.2024 04:41:56
0,150.38,802,740,10.41,70.21,0,0.40,17.05.2024 04:41:58
0,150.00,800,740,10.40,70.18,0,0.37,17.05.2024 04:42:01
0,151.88,810,740,10.41,70.20,0,0.51,17.05.2024 04:42:03
0,150.19,801,740,10.41,70.21,0,0.38,17.05.2024 04:42:05
0,147.56,787,740,10.41,70.24,0,0.18,17.05.2024 04:42:07
0,155.63,830,740,10.41,70.21,0,0.81,17.05.2024 04:42:09
0,150.75,804,741,10.41,70.21,0,0.42,17.05.2024 04:42:11
0,151.50,808,740,10.43,70.23,0,0.48,17.05.2024 04:42:13
0,152.44,813,741,10.41,70.22,0,0.55,17.05.2024 04:42:15
0,149.06,795,740,10.38,70.19,0,0.30,17.05.2024 04:42:18
0,148.50,792,739,10.43,70.24,0,0.25,17.05.2024 04:42:20
0,151.88,810,739,10.41,70.18,0,0.51,17.05.2024 04:42:22
0,148.50,792,740,10.41,70.20,0,0.25,17.05.2024 04:42:24
0,150.19,801,740,10.43,70.24,0,0.38,17.05.2024 04:42:26
0,148.50,792,740,10.41,70.22,0,0.25,17.05.2024 04:42:28
0,148.50,792,740,10.41,70.19,0,0.26,17.05.2024 04:42:30
0,151.69,809,740,10.44,70.21,0,0.49,17.05.2024 04:42:32
0,147.00,784,739,10.41,70.22,0,0.14,17.05.2024 04:42:35
0,148.13,790,739,10.41,70.21,0,0.23,17.05.2024 04:42:37
0,148.88,794,739,10.41,70.22,0,0.28,17.05.2024 04:42:39
0,153.75,820,739,10.41,70.21,0,0.66,17.05.2024 04:42:41
0,152.25,812,739,10.40,70.18,0,0.54,17.05.2024 04:42:43
0,151.13,806,739,10.41,70.19,0,0.45,17.05.2024 04:42:45
0,146.25,780,739,10.41,70.22,0,0.09,17.05.2024 04:42:47
0,146.25,780,739,10.41,70.21,0,0.09,17.05.2024 04:42:49
0,149.81,799,739,10.41,70.21,0,0.35,17.05.2024 04:42:52
0,148.88,794,739,10.44,70.21,0,0.28,17.05.2024 04:42:54
0,152.44,813,739,10.43,70.20,0,0.55,17.05.2024 04:42:56
0,151.88,810,739,10.43,70.21,0,0.51,17.05.2024 04:42:58
0,150.00,800,739,10.41,70.18,0,0.37,17.05.2024 04:43:00
0,152.44,813,739,10.41,70.21,0,0.55,17.05.2024 04:43:02
0,149.63,798,740,10.41,70.19,0,0.34,17.05.2024 04:43:04
0,151.50,808,740,10.40,70.19,0,0.48,17.05.2024 04:43:06
0,149.44,797,740,10.41,70.22,0,0.32,17.05.2024 04:43:09
0,152.81,815,740,10.41,70.20,0,0.58,17.05.2024 04:43:11
0,148.69,793,740,10.43,70.19,0,0.27,17.05.2024 04:43:13
0,151.50,808,740,10.44,70.20,0,0.48,17.05.2024 04:43:15
0,149.63,798,740,10.41,70.18,0,0.34,17.05.2024 04:43:17
0,148.50,792,741,10.40,70.18,0,0.26,17.05.2024 04:43:19
0,150.00,800,740,10.40,70.19,0,0.37,17.05.2024 04:43:21
0,149.25,796,740,10.41,70.22,0,0.31,17.05.2024 04:43:23
0,152.44,813,740,10.41,70.20,0,0.55,17.05.2024 04:43:26
0,149.63,798,740,10.44,70.20,0,0.33,17.05.2024 04:43:28
0,151.88,810,740,10.41,70.20,0,0.51,17.05.2024 04:43:30
0,151.31,807,740,10.41,70.21,0,0.47,17.05.2024 04:43:32
0,149.81,799,740,10.40,70.18,0,0.36,17.05.2024 04:43:36
0,148.13,790,740,10.43,70.23,0,0.22,17.05.2024 04:43:38
0,147.19,785,740,10.43,70.19,0,0.16,17.05.2024 04:43:40
0,144.56,771,741,10.43,70.18,0,-0.03,17.05.2024 04:43:42
0,144.56,771,741,10.43,70.18,0,-0.03,17.05.2024 04:43:44
0,149.06,795,741,10.43,70.21,0,0.29,17.05.2024 04:43:47
0,144.75,772,741,10.43,70.18,0,-0.01,17.05.2024 04:43:49
0,147.94,789,741,10.41,70.19,0,0.21,17.05.2024 04:43:51
0,144.75,772,741,10.44,70.20,0,-0.02,17.05.2024 04:43:53
0,147.94,789,741,10.43,70.18,0,0.21,17.05.2024 04:43:55
0,145.50,776,741,10.41,70.21,0,0.04,17.05.2024 04:43:57
0,148.13,790,741,10.41,70.17,0,0.23,17.05.2024 04:43:59
0,151.13,806,741,10.44,70.22,0,0.45,17.05.2024 04:44:01
0,148.50,792,742,10.43,70.19,0,0.25,17.05.2024 04:44:04
0,150.19,801,742,10.41,70.19,0,0.38,17.05.2024 04:44:06
0,150.00,800,742,10.43,70.16,0,0.37,17.05.2024 04:44:08
0,151.13,806,742,10.43,70.22,0,0.45,17.05.2024 04:44:10
0,148.88,794,742,10.40,70.17,0,0.29,17.05.2024 04:44:12
0,145.88,778,742,10.43,70.20,0,0.06,17.05.2024 04:44:14
0,151.69,809,742,10.44,70.19,0,0.49,17.05.2024 04:44:16
0,152.25,812,743,10.38,70.18,0,0.55,17.05.2024 04:44:18
0,150.75,804,743,10.41,70.21,0,0.42,17.05.2024 04:44:21
0,149.63,798,743,10.40,70.19,0,0.34,17.05.2024 04:44:23
0,147.56,787,744,10.41,70.20,0,0.19,17.05.2024 04:44:25
0,150.94,805,745,10.41,70.17,0,0.44,17.05.2024 04:44:27
0,153.94,821,745,10.40,70.21,0,0.68,17.05.2024 04:44:29
0,153.19,817,745,10.43,70.18,0,0.61,17.05.2024 04:44:31
0,150.19,801,745,10.40,70.16,0,0.38,17.05.2024 04:44:33
0,147.19,785,745,10.43,70.17,0,0.16,17.05.2024 04:44:35
0,149.06,795,745,10.41,70.21,0,0.30,17.05.2024 04:44:38
0,151.50,808,746,10.41,70.18,0,0.48,17.05.2024 04:44:40
0,151.69,809,746,10.41,70.15,0,0.50,17.05.2024 04:44:42
0,151.50,808,746,10.43,70.20,0,0.48,17.05.2024 04:44:44
0,149.06,795,746,10.41,70.20,0,0.30,17.05.2024 04:44:46
0,150.38,802,746,10.41,70.21,0,0.39,17.05.2024 04:44:48
0,153.94,821,746,10.40,70.19,0,0.68,17.05.2024 04:44:50
0,148.69,793,746,10.41,70.18,0,0.27,17.05.2024 04:44:52
0,151.50,808,746,10.43,70.20,0,0.48,17.05.2024 04:44:55
0,148.88,794,746,10.43,70.21,0,0.28,17.05.2024 04:44:57
0,150.00,800,745,10.41,70.21,0,0.37,17.05.2024 04:44:59
0,153.19,817,745,10.40,70.22,0,0.62,17.05.2024 04:45:01
0,152.06,811,745,10.43,70.18,0,0.52,17.05.2024 04:45:03
0,155.63,830,745,10.43,70.20,0,0.81,17.05.2024 04:45:05
0,149.81,799,746,10.41,70.19,0,0.35,17.05.2024 04:45:07
0,152.25,812,746,10.41,70.20,0,0.54,17.05.2024 04:45:09
0,151.50,808,746,10.41,70.19,0,0.48,17.05.2024 04:45:12
0,148.88,794,746,10.38,70.17,0,0.29,17.05.2024 04:45:14
0,150.75,804,746,10.40,70.17,0,0.43,17.05.2024 04:45:16
0,152.06,811,746,10.43,70.20,0,0.52,17.05.2024 04:45:18
0,151.69,809,745,10.40,70.19,0,0.50,17.05.2024 04:45:20
0,149.63,798,746,10.41,70.20,0,0.34,17.05.2024 04:45:22
0,152.81,815,746,10.40,70.20,0,0.59,17.05.2024 04:45:24
0,148.88,794,747,10.41,70.20,0,0.28,17.05.2024 04:45:26
0,150.94,805,747,10.43,70.21,0,0.44,17.05.2024 04:45:28
0,152.25,812,747,10.40,70.17,0,0.54,17.05.2024 04:45:31
0,149.81,799,747,10.41,70.19,0,0.35,17.05.2024 04:45:33
0,150.75,804,747,10.40,70.16,0,0.43,17.05.2024 04:45:35
0,148.69,793,747,10.41,70.18,0,0.27,17.05.2024 04:45:37
0,151.31,807,747,10.41,70.19,0,0.47,17.05.2024 04:45:39
0,152.06,811,747,10.41,70.15,0,0.53,17.05.2024 04:45:41
0,150.56,803,747,10.43,70.17,0,0.41,17.05.2024 04:45:43
0,151.88,810,747,10.41,70.20,0,0.51,17.05.2024 04:45:45
0,150.38,802,747,10.40,70.20,0,0.40,17.05.2024 04:45:48
0,149.44,797,747,10.43,70.14,0,0.32,17.05.2024 04:45:50
0,147.00,784,748,10.41,70.20,0,0.15,17.05.2024 04:45:54
0,148.88,794,748,10.43,70.19,0,0.28,17.05.2024 04:45:56
0,150.00,800,748,10.41,70.20,0,0.37,17.05.2024 04:45:58
0,147.38,786,747,10.40,70.17,0,0.18,17.05.2024 04:46:00
0,145.31,775,748,10.41,70.16,0,0.03,17.05.2024 04:46:02
0,144.56,771,748,10.40,70.16,0,-0.02,17.05.2024 04:46:04
0,149.81,799,748,10.40,70.17,0,0.36,17.05.2024 04:46:07
0,149.25,796,747,10.41,70.16,0,0.31,17.05.2024 04:46:09
0,144.56,771,747,10.41,70.20,0,-0.03,17.05.2024 04:46:11
0,146.63,782,747,10.41,70.21,0,0.12,17.05.2024 04:46:13
0,144.94,773,747,10.41,70.16,0,0.00,17.05.2024 04:46:15
0,147.19,785,748,10.38,70.16,0,0.17,17.05.2024 04:46:17
0,149.63,798,747,10.40,70.19,0,0.34,17.05.2024 04:46:19
0,151.69,809,747,10.43,70.18,0,0.49,17.05.2024 04:46:21
0,149.81,799,747,10.41,70.17,0,0.35,17.05.2024 04:46:24
0,151.13,806,746,10.41,70.19,0,0.45,17.05.2024 04:46:26
0,148.69,793,747,10.43,70.17,0,0.27,17.05.2024 04:46:28
0,148.69,793,747,10.43,70.17,0,0.27,17.05.2024 04:46:30
0,151.13,806,746,10.43,70.19,0,0.45,17.05.2024 04:46:32
0,150.00,800,746,10.41,70.19,0,0.37,17.05.2024 04:46:34
0,147.19,785,746,10.40,70.18,0,0.16,17.05.2024 04:46:36
0,153.19,817,745,10.43,70.18,0,0.61,17.05.2024 04:46:38
0,151.31,807,745,10.41,70.18,0,0.47,17.05.2024 04:46:41
0,153.75,820,746,10.41,70.21,0,0.66,17.05.2024 04:46:43
0,151.13,806,746,10.38,70.19,0,0.46,17.05.2024 04:46:45
0,152.25,812,746,10.41,70.17,0,0.54,17.05.2024 04:46:47
0,152.25,812,746,10.41,70.19,0,0.54,17.05.2024 04:46:49
0,148.69,793,747,10.40,70.19,0,0.27,17.05.2024 04:46:51
0,149.06,795,746,10.40,70.19,0,0.30,17.05.2024 04:46:53
0,149.06,795,746,10.38,70.16,0,0.30,17.05.2024 04:46:55
0,153.19,817,747,10.38,70.18,0,0.62,17.05.2024 04:46:58
0,150.38,802,747,10.40,70.19,0,0.40,17.05.2024 04:47:00
0,154.50,824,746,10.43,70.16,0,0.72,17.05.2024 04:47:02
0,151.69,809,747,10.41,70.17,0,0.50,17.05.2024 04:47:04
0,148.13,790,747,10.41,70.21,0,0.23,17.05.2024 04:47:06
0,152.44,813,746,10.40,70.16,0,0.56,17.05.2024 04:47:08
0,151.31,807,746,10.38,70.17,0,0.47,17.05.2024 04:47:10
0,153.00,816,746,10.43,70.21,0,0.60,17.05.2024 04:47:12
0,149.25,796,747,10.43,70.16,0,0.31,17.05.2024 04:47:14
0,151.88,810,747,10.41,70.19,0,0.51,17.05.2024 04:47:17
0,151.13,806,747,10.40,70.18,0,0.46,17.05.2024 04:47:19
0,144.75,772,746,10.40,70.18,0,-0.01,17.05.2024 04:47:21
0,149.06,795,746,10.41,70.18,0,0.30,17.05.2024 04:47:23
0,150.19,801,746,10.40,70.20,0,0.38,17.05.2024 04:47:25
0,148.88,794,746,10.41,70.17,0,0.28,17.05.2024 04:47:27
0,149.44,797,747,10.38,70.17,0,0.33,17.05.2024 04:47:29
0,145.88,778,747,10.40,70.19,0,0.07,17.05.2024 04:47:31
0,149.44,797,746,10.41,70.19,0,0.32,17.05.2024 04:47:34
0,150.38,802,746,10.41,70.17,0,0.40,17.05.2024 04:47:36
0,150.38,802,746,10.38,70.16,0,0.40,17.05.2024 04:47:38
0,148.13,790,746,10.41,70.20,0,0.23,17.05.2024 04:47:40
0,148.13,790,747,10.40,70.17,0,0.23,17.05.2024 04:47:42
0,150.75,804,746,10.40,70.19,0,0.43,17.05.2024 04:47:44
0,151.50,808,746,10.41,70.20,0,0.48,17.05.2024 04:47:46
0,150.94,805,746,10.41,70.21,0,0.44,17.05.2024 04:47:48
0,152.06,811,745,10.43,70.20,0,0.52,17.05.2024 04:47:51
0,148.69,793,745,10.40,70.18,0,0.27,17.05.2024 04:47:53
0,151.13,806,745,10.41,70.16,0,0.45,17.05.2024 04:47:55
0,152.06,811,745,10.38,70.19,0,0.53,17.05.2024 04:47:57
0,147.19,785,745,10.38,70.18,0,0.16,17.05.2024 04:47:59
0,150.75,804,744,10.41,70.18,0,0.42,17.05.2024 04:48:01
0,151.69,809,745,10.40,70.19,0,0.50,17.05.2024 04:48:03
0,149.63,798,745,10.43,70.19,0,0.34,17.05.2024 04:48:05
0,150.94,805,745,10.41,70.17,0,0.44,17.05.2024 04:48:10
0,147.38,786,745,10.40,70.16,0,0.18,17.05.2024 04:48:12
0,146.44,781,745,10.43,70.20,0,0.10,17.05.2024 04:48:14
0,147.00,784,746,10.40,70.20,0,0.15,17.05.2024 04:48:16
0,148.13,790,745,10.40,70.17,0,0.23,17.05.2024 04:48:18
0,147.94,789,746,10.41,70.17,0,0.21,17.05.2024 04:48:20
0,146.25,780,745,10.41,70.18,0,0.09,17.05.2024 04:48:22
0,148.31,791,746,10.38,70.16,0,0.25,17.05.2024 04:48:24
0,147.19,785,746,10.41,70.19,0,0.16,17.05.2024 04:48:27
0,148.31,791,746,10.40,70.18,0,0.24,17.05.2024 04:48:29
0,146.25,780,745,10.40,70.16,0,0.10,17.05.2024 04:48:31
0,148.50,792,745,10.38,70.19,0,0.26,17.05.2024 04:48:33
0,147.56,787,745,10.41,70.20,0,0.19,17.05.2024 04:48:35
0,149.81,799,745,10.38,70.17,0,0.36,17.05.2024 04:48:37
0,150.19,801,744,10.40,70.23,0,0.38,17.05.2024 04:48:39
0,151.31,807,744,10.40,70.22,0,0.47,17.05.2024 04:48:41
0,148.50,792,744,10.41,70.16,0,0.26,17.05.2024 04:48:44
0,148.88,794,744,10.41,70.21,0,0.28,17.05.2024 04:48:46
0,149.25,796,745,10.38,70.18,0,0.32,17.05.2024 04:48:48
0,153.56,819,745,10.40,70.18,0,0.65,17.05.2024 04:48:50
0,151.31,807,745,10.40,70.19,0,0.47,17.05.2024 04:48:52
0,150.00,800,745,10.38,70.17,0,0.37,17.05.2024 04:48:54
0,152.25,812,746,10.43,70.20,0,0.54,17.05.2024 04:48:56
0,149.81,799,746,10.38,70.20,0,0.36,17.05.2024 04:48:58
0,149.63,798,745,10.40,70.23,0,0.34,17.05.2024 04:49:00
0,150.56,803,746,10.40,70.21,0,0.41,17.05.2024 04:49:03
0,150.00,800,746,10.40,70.22,0,0.37,17.05.2024 04:49:05
0,151.13,806,746,10.41,70.20,0,0.45,17.05.2024 04:49:07
0,146.25,780,746,10.40,70.20,0,0.09,17.05.2024 04:49:09
0,150.19,801,746,10.40,70.20,0,0.38,17.05.2024 04:49:11
0,146.63,782,746,10.41,70.20,0,0.12,17.05.2024 04:49:13
0,149.63,798,746,10.40,70.22,0,0.34,17.05.2024 04:49:15
0,149.44,797,746,10.41,70.21,0,0.32,17.05.2024 04:49:17
0,149.25,796,747,10.37,70.21,0,0.32,17.05.2024 04:49:20
0,149.25,796,746,10.41,70.21,0,0.31,17.05.2024 04:49:22
0,149.81,799,747,10.40,70.19,0,0.36,17.05.2024 04:49:24
0,150.75,804,747,10.40,70.18,0,0.43,17.05.2024 04:49:26
0,149.81,799,747,10.40,70.18,0,0.36,17.05.2024 04:49:28
0,148.69,793,748,10.41,70.21,0,0.27,17.05.2024 04:49:30
0,148.88,794,748,10.40,70.20,0,0.28,17.05.2024 04:49:32
0,152.44,813,748,10.40,70.20,0,0.56,17.05.2024 04:49:34
0,154.31,823,749,10.40,70.21,0,0.71,17.05.2024 04:49:37
0,146.81,783,749,10.40,70.21,0,0.13,17.05.2024 04:49:39
0,151.31,807,748,10.38,70.22,0,0.47,17.05.2024 04:49:41
0,149.63,798,748,10.38,70.23,0,0.34,17.05.2024 04:49:43
0,148.88,794,748,10.38,70.18,0,0.29,17.05.2024 04:49:45
0,148.31,791,748,10.40,70.19,0,0.24,17.05.2024 04:49:47
0,150.75,804,748,10.40,70.21,0,0.43,17.05.2024 04:49:49
0,151.88,810,748,10.38,70.22,0,0.52,17.05.2024 04:49:51
0,149.81,799,748,10.40,70.23,0,0.35,17.05.2024 04:49:54
0,147.75,788,749,10.41,70.22,0,0.20,17.05.2024 04:49:56
0,147.94,789,748,10.38,70.22,0,0.22,17.05.2024 04:49:58
0,153.00,816,748,10.37,70.21,0,0.61,17.05.2024 04:50:00
0,149.81,799,748,10.40,70.22,0,0.35,17.05.2024 04:50:02
0,148.31,791,748,10.38,70.18,0,0.25,17.05.2024 04:50:04
0,150.00,800,748,10.40,70.21,0,0.37,17.05.2024 04:50:06
0,149.44,797,748,10.41,70.21,0,0.32,17.05.2024 04:50:08
0,147.38,786,749,10.40,70.21,0,0.17,17.05.2024 04:50:11
0,148.50,792,749,10.41,70.22,0,0.25,17.05.2024 04:50:13
0,153.38,818,749,10.40,70.21,0,0.63,17.05.2024 04:50:15
0,150.94,805,748,10.43,70.22,0,0.44,17.05.2024 04:50:17
0,149.06,795,748,10.40,70.21,0,0.30,17.05.2024 04:50:19
0,150.19,801,748,10.38,70.21,0,0.39,17.05.2024 04:50:23
0,150.56,803,748,10.40,70.26,0,0.41,17.05.2024 04:50:25
0,148.31,791,748,10.38,70.21,0,0.25,17.05.2024 04:50:27
0,150.19,801,748,10.40,70.21,0,0.38,17.05.2024 04:50:30
0,144.94,773,749,10.40,70.21,0,0.00,17.05.2024 04:50:32
0,148.88,794,748,10.40,70.21,0,0.28,17.05.2024 04:50:34
0,149.81,799,748,10.41,70.25,0,0.35,17.05.2024 04:50:36
0,147.75,788,748,10.40,70.23,0,0.20,17.05.2024 04:50:38
0,150.19,801,748,10.41,70.24,0,0.38,17.05.2024 04:50:40
0,148.88,794,748,10.41,70.22,0,0.28,17.05.2024 04:50:42
0,145.88,778,748,10.40,70.23,0,0.07,17.05.2024 04:50:44
0,149.81,799,747,10.41,70.25,0,0.35,17.05.2024 04:50:46
0,146.06,779,747,10.40,70.22,0,0.08,17.05.2024 04:50:49
0,150.94,805,748,10.41,70.26,0,0.44,17.05.2024 04:50:51
0,150.56,803,749,10.40,70.25,0,0.41,17.05.2024 04:50:53
0,148.88,794,748,10.38,70.24,0,0.29,17.05.2024 04:50:55
0,149.81,799,748,10.41,70.24,0,0.35,17.05.2024 04:50:57
0,147.94,789,748,10.40,70.22,0,0.22,17.05.2024 04:50:59
0,151.88,810,748,10.40,70.25,0,0.51,17.05.2024 04:51:01
0,150.75,804,748,10.40,70.25,0,0.42,17.05.2024 04:51:03
0,151.69,809,748,10.38,70.24,0,0.50,17.05.2024 04:51:06
0,151.69,809,748,10.41,70.26,0,0.49,17.05.2024 04:51:08
0,149.63,798,747,10.40,70.23,0,0.34,17.05.2024 04:51:10
0,150.38,802,748,10.41,70.24,0,0.39,17.05.2024 04:51:12
0,150.56,803,748,10.43,70.25,0,0.41,17.05.2024 04:51:14
0,153.56,819,748,10.43,70.26,0,0.64,17.05.2024 04:51:16
0,150.94,805,749,10.40,70.27,0,0.44,17.05.2024 04:51:18
0,150.38,802,749,10.38,70.28,0,0.40,17.05.2024 04:51:20
0,150.75,804,749,10.37,70.26,0,0.43,17.05.2024 04:51:23
0,152.44,813,749,10.37,70.26,0,0.56,17.05.2024 04:51:25
0,150.00,800,748,10.40,70.26,0,0.37,17.05.2024 04:51:27
0,150.00,800,747,10.38,70.25,0,0.37,17.05.2024 04:51:29
0,149.06,795,748,10.40,70.23,0,0.30,17.05.2024 04:51:31
0,147.56,787,748,10.37,70.25,0,0.19,17.05.2024 04:51:33
0,147.56,787,748,10.40,70.26,0,0.19,17.05.2024 04:51:35
0,153.00,816,748,10.38,70.25,0,0.60,17.05.2024 04:51:37
0,149.25,796,748,10.38,70.23,0,0.31,17.05.2024 04:51:40
0,151.88,810,749,10.41,70.25,0,0.51,17.05.2024 04:51:42
0,153.56,819,748,10.38,70.27,0,0.65,17.05.2024 04:51:44
0,150.38,802,748,10.40,70.26,0,0.40,17.05.2024 04:51:46
0,152.25,812,748,10.38,70.26,0,0.54,17.05.2024 04:51:48
0,147.75,788,747,10.40,70.25,0,0.20,17.05.2024 04:51:50
0,148.13,790,748,10.38,70.27,0,0.23,17.05.2024 04:51:52
0,149.25,796,748,10.41,70.27,0,0.31,17.05.2024 04:51:54
0,149.63,798,748,10.38,70.27,0,0.34,17.05.2024 04:51:57
0,150.56,803,748,10.38,70.25,0,0.41,17.05.2024 04:51:59
0,150.75,804,748,10.41,70.27,0,0.42,17.05.2024 04:52:01
0,149.81,799,747,10.40,70.29,0,0.35,17.05.2024 04:52:03
0,151.50,808,747,10.41,70.25,0,0.48,17.05.2024 04:52:05
0,150.19,801,746,10.40,70.28,0,0.38,17.05.2024 04:52:07
0,151.69,809,747,10.40,70.26,0,0.50,17.05.2024 04:52:09
0,153.00,816,746,10.43,70.28,0,0.59,17.05.2024 04:52:11
0,148.88,794,746,10.38,70.29,0,0.28,17.05.2024 04:52:14
0,148.69,793,746,10.41,70.26,0,0.27,17.05.2024 04:52:16
0,150.00,800,745,10.40,70.28,0,0.37,17.05.2024 04:52:18
0,148.31,791,745,10.40,70.29,0,0.24,17.05.2024 04:52:20
0,148.69,793,745,10.40,70.27,0,0.27,17.05.2024 04:52:22
0,148.69,793,745,10.40,70.28,0,0.27,17.05.2024 04:52:24
0,148.69,793,745,10.41,70.29,0,0.27,17.05.2024 04:52:26
0,150.38,802,745,10.40,70.28,0,0.40,17.05.2024 04:52:28
0,148.88,794,745,10.40,70.24,0,0.28,17.05.2024 04:52:30
0,149.44,797,746,10.40,70.27,0,0.32,17.05.2024 04:52:33
0,149.25,796,745,10.41,70.27,0,0.31,17.05.2024 04:52:37
0,147.56,787,746,10.36,70.28,0,0.19,17.05.2024 04:52:39
0,149.44,797,746,10.41,70.27,0,0.32,17.05.2024 04:52:41
0,146.25,780,746,10.40,70.27,0,0.09,17.05.2024 04:52:43
0,149.44,797,746,10.38,70.28,0,0.33,17.05.2024 04:52:45
0,148.88,794,746,10.37,70.29,0,0.29,17.05.2024 04:52:47
0,147.94,789,746,10.40,70.29,0,0.21,17.05.2024 04:52:49
0,149.25,796,746,10.40,70.28,0,0.31,17.05.2024 04:52:52
0,146.44,781,746,10.37,70.25,0,0.11,17.05.2024 04:52:54
0,147.38,786,747,10.38,70.27,0,0.17,17.05.2024 04:52:56
0,152.63,814,746,10.43,70.29,0,0.56,17.05.2024 04:52:58
0,149.44,797,747,10.41,70.27,0,0.32,17.05.2024 04:53:00
0,147.56,787,747,10.41,70.27,0,0.18,17.05.2024 04:53:02
0,150.75,804,747,10.38,70.27,0,0.43,17.05.2024 04:53:04
0,150.94,805,747,10.38,70.28,0,0.44,17.05.2024 04:53:06
0,150.19,801,747,10.40,70.29,0,0.38,17.05.2024 04:53:09
0,151.31,807,747,10.38,70.30,0,0.47,17.05.2024 04:53:11
0,150.38,802,747,10.40,70.31,0,0.39,17.05.2024 04:53:13
0,154.31,823,747,10.38,70.29,0,0.71,17.05.2024 04:53:15
0,151.13,806,748,10.40,70.29,0,0.45,17.05.2024 04:53:17
0,150.94,805,747,10.38,70.28,0,0.44,17.05.2024 04:53:19
0,150.56,803,747,10.38,70.31,0,0.41,17.05.2024 04:53:21
0,151.50,808,747,10.41,70.30,0,0.48,17.05.2024 04:53:23
0,152.44,813,748,10.40,70.30,0,0.55,17.05.2024 04:53:26
0,149.81,799,747,10.38,70.30,0,0.35,17.05.2024 04:53:28
0,152.81,815,747,10.38,70.29,0,0.59,17.05.2024 04:53:30
0,148.69,793,747,10.40,70.29,0,0.27,17.05.2024 04:53:32
0,154.13,822,746,10.40,70.29,0,0.69,17.05.2024 04:53:34
0,152.25,812,746,10.40,70.34,0,0.54,17.05.2024 04:53:36
0,148.88,794,746,10.40,70.34,0,0.28,17.05.2024 04:53:38
0,149.44,797,746,10.38,70.32,0,0.33,17.05.2024 04:53:40
0,148.69,793,745,10.41,70.32,0,0.26,17.05.2024 04:53:43
0,151.88,810,745,10.40,70.32,0,0.51,17.05.2024 04:53:45
0,145.88,778,745,10.38,70.28,0,0.07,17.05.2024 04:53:47
0,148.13,790,745,10.38,70.30,0,0.23,17.05.2024 04:53:49
0,152.63,814,745,10.38,70.32,0,0.57,17.05.2024 04:53:51
0,148.50,792,745,10.38,70.30,0,0.26,17.05.2024 04:53:53
0,151.31,807,745,10.38,70.30,0,0.47,17.05.2024 04:53:55
0,150.94,805,745,10.40,70.32,0,0.44,17.05.2024 04:53:57
0,149.63,798,744,10.38,70.33,0,0.34,17.05.2024 04:54:00
0,148.88,794,744,10.37,70.30,0,0.29,17.05.2024 04:54:02
0,150.38,802,744,10.40,70.34,0,0.39,17.05.2024 04:54:04
0,150.94,805,745,10.40,70.31,0,0.44,17.05.2024 04:54:06
0,153.00,816,744,10.40,70.34,0,0.60,17.05.2024 04:54:08
0,154.69,825,744,10.38,70.30,0,0.74,17.05.2024 04:54:10
0,148.50,792,744,10.38,70.35,0,0.25,17.05.2024 04:54:12
0,149.44,797,743,10.38,70.30,0,0.33,17.05.2024 04:54:14
0,149.25,796,743,10.40,70.37,0,0.31,17.05.2024 04:54:16
0,150.00,800,743,10.41,70.33,0,0.36,17.05.2024 04:54:19
0,150.00,800,743,10.40,70.32,0,0.36,17.05.2024 04:54:21
0,150.38,802,743,10.40,70.32,0,0.39,17.05.2024 04:54:23
0,148.88,794,743,10.37,70.32,0,0.29,17.05.2024 04:54:25
0,151.50,808,743,10.41,70.33,0,0.48,17.05.2024 04:54:27
0,149.25,796,744,10.38,70.30,0,0.31,17.05.2024 04:54:29
0,151.31,807,743,10.41,70.32,0,0.46,17.05.2024 04:54:31
0,144.94,773,744,10.40,70.31,0,-0.00,17.05.2024 04:54:33
0,148.31,791,743,10.40,70.34,0,0.24,17.05.2024 04:54:36
0,148.69,793,743,10.40,70.35,0,0.27,17.05.2024 04:54:38
0,151.88,810,743,10.40,70.33,0,0.51,17.05.2024 04:54:40
0,146.81,783,743,10.38,70.35,0,0.13,17.05.2024 04:54:42
0,150.56,803,744,10.38,70.32,0,0.41,17.05.2024 04:54:44
0,152.44,813,744,10.41,70.34,0,0.55,17.05.2024 04:54:46
0,149.25,796,743,10.40,70.33,0,0.31,17.05.2024 04:54:48
0,153.94,821,744,10.43,70.32,0,0.67,17.05.2024 04:54:50
0,149.25,796,744,10.40,70.31,0,0.31,17.05.2024 04:54:53
0,149.63,798,744,10.40,70.32,0,0.34,17.05.2024 04:54:55
0,151.13,806,744,10.40,70.33,0,0.45,17.05.2024 04:54:59
0,149.25,796,744,10.40,70.36,0,0.31,17.05.2024 04:55:01
0,154.13,822,744,10.40,70.35,0,0.69,17.05.2024 04:55:03
0,150.75,804,744,10.41,70.34,0,0.42,17.05.2024 04:55:05
0,146.44,781,743,10.40,70.32,0,0.10,17.05.2024 04:55:07
0,151.69,809,744,10.41,70.30,0,0.49,17.05.2024 04:55:09
0,147.19,785,744,10.40,70.34,0,0.16,17.05.2024 04:55:12
0,146.25,780,745,10.40,70.33,0,0.09,17.05.2024 04:55:14
0,147.94,789,745,10.41,70.33,0,0.21,17.05.2024 04:55:16
0,145.69,777,745,10.38,70.35,0,0.05,17.05.2024 04:55:18
0,148.31,791,745,10.40,70.37,0,0.24,17.05.2024 04:55:20
0,150.75,804,745,10.40,70.36,0,0.42,17.05.2024 04:55:22
0,146.63,782,745,10.38,70.38,0,0.12,17.05.2024 04:55:24
0,148.69,793,744,10.40,70.36,0,0.27,17.05.2024 04:55:26
0,142.69,761,744,10.38,70.32,0,-0.15,17.05.2024 04:55:29
0,152.06,811,744,10.43,70.37,0,0.52,17.05.2024 04:55:31
0,147.00,784,744,10.40,70.32,0,0.14,17.05.2024 04:55:33
0,151.13,806,745,10.40,70.39,0,0.45,17.05.2024 04:55:35
0,153.19,817,745,10.38,70.34,0,0.61,17.05.2024 04:55:37
0,151.88,810,745,10.40,70.33,0,0.51,17.05.2024 04:55:39
0,152.25,812,745,10.38,70.37,0,0.54,17.05.2024 04:55:41
0,148.50,792,744,10.41,70.34,0,0.25,17.05.2024 04:55:43
0,151.69,809,745,10.40,70.35,0,0.49,17.05.2024 04:55:46
0,151.13,806,745,10.40,70.36,0,0.45,17.05.2024 04:55:48
0,149.25,796,745,10.40,70.36,0,0.31,17.05.2024 04:55:50
0,152.06,811,744,10.40,70.35,0,0.52,17.05.2024 04:55:52
0,150.75,804,744,10.38,70.34,0,0.42,17.05.2024 04:55:54
0,150.00,800,744,10.40,70.39,0,0.36,17.05.2024 04:55:56
0,150.75,804,744,10.40,70.38,0,0.42,17.05.2024 04:55:58
0,151.13,806,744,10.40,70.40,0,0.45,17.05.2024 04:56:00
0,148.13,790,743,10.40,70.39,0,0.22,17.05.2024 04:56:03
0,146.81,783,744,10.40,70.35,0,0.13,17.05.2024 04:56:05
0,152.44,813,744,10.40,70.37,0,0.55,17.05.2024 04:56:07
0,153.56,819,744,10.40,70.36,0,0.64,17.05.2024 04:56:09
0,151.13,806,745,10.40,70.38,0,0.45,17.05.2024 04:56:11
0,153.56,819,745,10.38,70.38,0,0.64,17.05.2024 04:56:13
0,150.19,801,744,10.40,70.37,0,0.38,17.05.2024 04:56:15
0,153.94,821,744,10.40,70.37,0,0.67,17.05.2024 04:56:17
0,153.38,818,744,10.40,70.37,0,0.63,17.05.2024 04:56:20
0,151.13,806,743,10.40,70.38,0,0.45,17.05.2024 04:56:22
0,152.25,812,744,10.41,70.38,0,0.53,17.05.2024 04:56:24
0,151.88,810,744,10.40,70.38,0,0.51,17.05.2024 04:56:26
0,150.56,803,745,10.38,70.38,0,0.41,17.05.2024 04:56:28
0,149.81,799,744,10.40,70.39,0,0.35,17.05.2024 04:56:30
0,151.13,806,744,10.40,70.37,0,0.45,17.05.2024 04:56:32
0,151.88,810,744,10.41,70.38,0,0.50,17.05.2024 04:56:34
0,149.44,797,744,10.41,70.39,0,0.32,17.05.2024 04:56:36
0,153.00,816,744,10.40,70.37,0,0.60,17.05.2024 04:56:39
0,148.50,792,744,10.38,70.38,0,0.25,17.05.2024 04:56:41
0,149.25,796,744,10.38,70.37,0,0.31,17.05.2024 04:56:43
0,151.88,810,744,10.40,70.41,0,0.51,17.05.2024 04:56:45
0,150.38,802,744,10.38,70.35,0,0.39,17.05.2024 04:56:47
0,151.50,808,745,10.41,70.40,0,0.47,17.05.2024 04:56:49
0,151.13,806,744,10.40,70.39,0,0.45,17.05.2024 04:56:51
0,152.06,811,744,10.38,70.40,0,0.52,17.05.2024 04:56:53
0,150.56,803,744,10.38,70.40,0,0.41,17.05.2024 04:56:56
0,153.75,820,744,10.41,70.41,0,0.65,17.05.2024 04:56:58
0,151.31,807,744,10.40,70.39,0,0.46,17.05.2024 04:57:00
0,150.19,801,744,10.40,70.39,0,0.38,17.05.2024 04:57:02
0,153.00,816,744,10.43,70.38,0,0.59,17.05.2024 04:57:04
0,151.50,808,745,10.40,70.37,0,0.48,17.05.2024 04:57:06
0,149.25,796,745,10.41,70.40,0,0.30,17.05.2024 04:57:08
0,150.94,805,744,10.41,70.40,0,0.43,17.05.2024 04:57:10
0,150.56,803,744,10.38,70.39,0,0.41,17.05.2024 04:57:13
0,150.19,801,744,10.41,70.40,0,0.37,17.05.2024 04:57:15
0,147.19,785,744,10.41,70.42,0,0.15,17.05.2024 04:57:17
0,149.06,795,744,10.41,70.40,0,0.29,17.05.2024 04:57:19
0,148.69,793,744,10.43,70.40,0,0.26,17.05.2024 04:57:21
0,149.06,795,745,10.41,70.40,0,0.29,17.05.2024 04:57:23
0,147.94,789,745,10.38,70.40,0,0.21,17.05.2024 04:57:27
0,151.69,809,744,10.41,70.40,0,0.49,17.05.2024 04:57:29
0,152.25,812,745,10.44,70.39,0,0.53,17.05.2024 04:57:32
0,153.00,816,744,10.40,70.41,0,0.59,17.05.2024 04:57:34
0,148.69,793,744,10.41,70.42,0,0.26,17.05.2024 04:57:36
0,151.88,810,744,10.41,70.42,0,0.50,17.05.2024 04:57:38
0,148.31,791,744,10.40,70.39,0,0.24,17.05.2024 04:57:40
0,148.31,791,743,10.40,70.39,0,0.24,17.05.2024 04:57:42
0,146.44,781,743,10.41,70.43,0,0.10,17.05.2024 04:57:44
0,149.63,798,743,10.40,70.42,0,0.33,17.05.2024 04:57:46
0,147.94,789,743,10.41,70.42,0,0.21,17.05.2024 04:57:49
0,149.25,796,743,10.40,70.40,0,0.31,17.05.2024 04:57:51
0,147.94,789,744,10.40,70.39,0,0.21,17.05.2024 04:57:53
0,148.50,792,743,10.43,70.40,0,0.25,17.05.2024 04:57:55
0,147.19,785,743,10.41,70.41,0,0.15,17.05.2024 04:57:57
0,149.25,796,743,10.41,70.42,0,0.30,17.05.2024 04:57:59
0,150.38,802,743,10.40,70.43,0,0.39,17.05.2024 04:58:01
0,151.50,808,744,10.41,70.42,0,0.47,17.05.2024 04:58:03
0,152.25,812,744,10.40,70.41,0,0.53,17.05.2024 04:58:06
0,153.00,816,744,10.41,70.40,0,0.59,17.05.2024 04:58:08
0,150.94,805,744,10.41,70.45,0,0.43,17.05.2024 04:58:10
0,152.06,811,744,10.40,70.44,0,0.52,17.05.2024 04:58:12
0,152.25,812,744,10.41,70.42,0,0.53,17.05.2024 04:58:14
0,150.56,803,744,10.41,70.43,0,0.40,17.05.2024 04:58:16
0,151.50,808,744,10.40,70.46,0,0.47,17.05.2024 04:58:18
0,151.13,806,744,10.43,70.42,0,0.44,17.05.2024 04:58:20
0,149.81,799,744,10.38,70.43,0,0.35,17.05.2024 04:58:22
0,149.63,798,743,10.40,70.41,0,0.33,17.05.2024 04:58:25
0,149.63,798,743,10.41,70.47,0,0.33,17.05.2024 04:58:27
0,151.50,808,743,10.41,70.45,0,0.47,17.05.2024 04:58:29
0,154.31,823,744,10.40,70.43,0,0.70,17.05.2024 04:58:31
0,149.63,798,743,10.44,70.46,0,0.32,17.05.2024 04:58:33
0,152.06,811,743,10.41,70.43,0,0.52,17.05.2024 04:58:35
0,150.56,803,743,10.43,70.48,0,0.40,17.05.2024 04:58:37
0,148.69,793,744,10.41,70.42,0,0.26,17.05.2024 04:58:39
0,148.69,793,744,10.41,70.45,0,0.26,17.05.2024 04:58:42
0,150.38,802,744,10.40,70.45,0,0.39,17.05.2024 04:58:44
0,148.69,793,743,10.40,70.44,0,0.26,17.05.2024 04:58:46
0,150.56,803,743,10.40,70.44,0,0.40,17.05.2024 04:58:48
0,152.44,813,743,10.41,70.47,0,0.54,17.05.2024 04:58:50
0,150.75,804,743,10.41,70.45,0,0.41,17.05.2024 04:58:52
0,150.19,801,744,10.40,70.45,0,0.37,17.05.2024 04:58:54
0,148.50,792,744,10.43,70.44,0,0.24,17.05.2024 04:58:56
0,153.75,820,744,10.43,70.44,0,0.65,17.05.2024 04:58:59
0,147.56,787,744,10.40,70.45,0,0.18,17.05.2024 04:59:01
0,151.69,809,744,10.43,70.45,0,0.48,17.05.2024 04:59:03
0,149.44,797,744,10.41,70.45,0,0.32,17.05.2024 04:59:05
0,151.88,810,744,10.40,70.46,0,0.50,17.05.2024 04:59:07
0,150.38,802,744,10.40,70.44,0,0.39,17.05.2024 04:59:09
0,152.06,811,744,10.41,70.43,0,0.52,17.05.2024 04:59:11
0,152.81,815,744,10.41,70.47,0,0.57,17.05.2024 04:59:13
0,151.31,807,744,10.40,70.46,0,0.46,17.05.2024 04:59:16
0,151.50,808,744,10.43,70.48,0,0.47,17.05.2024 04:59:18
0,148.69,793,744,10.41,70.47,0,0.26,17.05.2024 04:59:20
0,152.25,812,744,10.40,70.44,0,0.53,17.05.2024 04:59:22
0,152.81,815,744,10.41,70.48,0,0.57,17.05.2024 04:59:24
0,153.00,816,743,10.41,70.45,0,0.59,17.05.2024 04:59:26
0,151.31,807,743,10.41,70.43,0,0.46,17.05.2024 04:59:28
0,150.56,803,743,10.43,70.48,0,0.40,17.05.2024 04:59:30
0,146.81,783,743,10.43,70.48,0,0.12,17.05.2024 04:59:33
0,146.44,781,742,10.41,70.47,0,0.10,17.05.2024 04:59:35
0,153.00,816,741,10.41,70.45,0,0.59,17.05.2024 04:59:37
0,147.75,788,742,10.41,70.47,0,0.19,17.05.2024 04:59:39
0,149.81,799,741,10.40,70.47,0,0.35,17.05.2024 04:59:41
0,151.50,808,742,10.41,70.47,0,0.47,17.05.2024 04:59:43
0,150.19,801,742,10.43,70.47,0,0.37,17.05.2024 04:59:45
0,151.31,807,742,10.41,70.48,0,0.46,17.05.2024 04:59:47
0,150.75,804,743,10.40,70.46,0,0.42,17.05.2024 04:59:50
0,148.31,791,742,10.41,70.47,0,0.23,17.05.2024 04:59:52
0,148.50,792,743,10.40,70.48,0,0.25,17.05.2024 04:59:54
0,152.81,815,742,10.41,70.47,0,0.57,17.05.2024 04:59:58
