0,151.88,810,693,10.23,70.28,0,0.54,17.05.2024 08:00:01
0,150.19,801,693,10.23,70.30,0,0.41,17.05.2024 08:00:03
0,149.81,799,694,10.21,70.31,0,0.38,17.05.2024 08:00:05
0,148.88,794,694,10.20,70.30,0,0.31,17.05.2024 08:00:07
0,147.38,786,693,10.24,70.32,0,0.20,17.05.2024 08:00:09
0,149.06,795,693,10.23,70.35,0,0.32,17.05.2024 08:00:11
0,149.25,796,693,10.20,70.30,0,0.34,17.05.2024 08:00:13
0,149.63,798,693,10.23,70.33,0,0.37,17.05.2024 08:00:15
0,149.81,799,693,10.21,70.32,0,0.38,17.05.2024 08:00:18
0,149.06,795,694,10.24,70.30,0,0.32,17.05.2024 08:00:20
0,151.88,810,694,10.23,70.33,0,0.54,17.05.2024 08:00:22
0,149.44,797,694,10.23,70.28,0,0.35,17.05.2024 08:00:24
0,150.94,805,694,10.23,70.30,0,0.47,17.05.2024 08:00:26
0,149.06,795,694,10.24,70.33,0,0.32,17.05.2024 08:00:28
0,148.31,791,695,10.21,70.33,0,0.27,17.05.2024 08:00:30
0,150.19,801,694,10.21,70.29,0,0.41,17.05.2024 08:00:32
0,151.31,807,693,10.23,70.32,0,0.49,17.05.2024 08:00:34
0,154.31,823,694,10.20,70.29,0,0.74,17.05.2024 08:00:37
0,146.25,780,694,10.23,70.30,0,0.12,17.05.2024 08:00:39
0,151.88,810,695,10.23,70.30,0,0.54,17.05.2024 08:00:41
0,149.44,797,695,10.24,70.34,0,0.35,17.05.2024 08:00:43
0,153.19,817,696,10.24,70.31,0,0.64,17.05.2024 08:00:45
0,150.19,801,695,10.23,70.32,0,0.41,17.05.2024 08:00:47
0,148.50,792,695,10.24,70.34,0,0.28,17.05.2024 08:00:49
0,147.19,785,695,10.21,70.31,0,0.19,17.05.2024 08:00:51
0,151.88,810,694,10.20,70.31,0,0.54,17.05.2024 08:00:54
0,150.75,804,695,10.23,70.32,0,0.45,17.05.2024 08:00:56
0,149.44,797,695,10.21,70.32,0,0.35,17.05.2024 08:00:58
0,153.38,818,695,10.20,70.30,0,0.66,17.05.2024 08:01:00
0,148.88,794,695,10.23,70.31,0,0.31,17.05.2024 08:01:02
0,150.75,804,694,10.23,70.31,0,0.45,17.05.2024 08:01:04
0,153.00,816,694,10.23,70.28,0,0.63,17.05.2024 08:01:06
0,148.13,790,694,10.23,70.31,0,0.25,17.05.2024 08:01:08
0,147.75,788,694,10.24,70.28,0,0.22,17.05.2024 08:01:11
0,150.75,804,694,10.23,70.29,0,0.45,17.05.2024 08:01:13
0,150.19,801,693,10.21,70.31,0,0.41,17.05.2024 08:01:15
0,150.75,804,693,10.21,70.32,0,0.45,17.05.2024 08:01:17
0,149.44,797,693,10.21,70.30,0,0.35,17.05.2024 08:01:19
0,150.94,805,694,10.21,70.31,0,0.47,17.05.2024 08:01:21
0,147.56,787,694,10.23,70.30,0,0.21,17.05.2024 08:01:23
0,152.06,811,694,10.24,70.31,0,0.55,17.05.2024 08:01:25
0,149.06,795,694,10.23,70.31,0,0.32,17.05.2024 08:01:27
0,147.00,784,693,10.21,70.28,0,0.17,17.05.2024 08:01:32
0,151.13,806,694,10.23,70.30,0,0.48,17.05.2024 08:01:34
0,150.38,802,694,10.21,70.30,0,0.43,17.05.2024 08:01:36
0,149.06,795,694,10.23,70.29,0,0.32,17.05.2024 08:01:38
0,147.94,789,694,10.21,70.31,0,0.24,17.05.2024 08:01:40
0,148.31,791,694,10.23,70.31,0,0.27,17.05.2024 08:01:42
0,146.06,779,694,10.21,70.31,0,0.11,17.05.2024 08:01:44
0,152.81,815,693,10.20,70.28,0,0.62,17.05.2024 08:01:46
0,148.88,794,693,10.23,70.31,0,0.31,17.05.2024 08:01:49
0,147.94,789,693,10.23,70.31,0,0.24,17.05.2024 08:01:51
0,148.13,790,693,10.20,70.29,0,0.26,17.05.2024 08:01:53
0,148.50,792,692,10.21,70.29,0,0.28,17.05.2024 08:01:55
0,150.38,802,692,10.21,70.28,0,0.43,17.05.2024 08:01:57
0,152.81,815,692,10.24,70.30,0,0.61,17.05.2024 08:01:59
0,151.50,808,692,10.21,70.29,0,0.51,17.05.2024 08:02:01
0,151.69,809,692,10.20,70.30,0,0.53,17.05.2024 08:02:03
0,150.19,801,692,10.26,70.28,0,0.40,17.05.2024 08:02:06
0,149.81,799,692,10.20,70.28,0,0.39,17.05.2024 08:02:08
0,149.44,797,692,10.24,70.31,0,0.35,17.05.2024 08:02:10
0,150.56,803,692,10.21,70.30,0,0.44,17.05.2024 08:02:12
0,147.00,784,692,10.26,70.31,0,0.17,17.05.2024 08:02:14
0,148.88,794,692,10.23,70.31,0,0.31,17.05.2024 08:02:16
0,150.56,803,692,10.21,70.32,0,0.44,17.05.2024 08:02:18
0,150.94,805,692,10.21,70.29,0,0.47,17.05.2024 08:02:20
0,150.75,804,692,10.21,70.29,0,0.45,17.05.2024 08:02:22
0,151.69,809,692,10.23,70.32,0,0.52,17.05.2024 08:02:25
0,148.31,791,692,10.23,70.31,0,0.27,17.05.2024 08:02:27
0,149.81,799,692,10.21,70.33,0,0.38,17.05.2024 08:02:29
0,148.50,792,692,10.17,70.32,0,0.29,17.05.2024 08:02:31
0,145.88,778,692,10.21,70.32,0,0.09,17.05.2024 08:02:33
0,150.94,805,692,10.21,70.31,0,0.47,17.05.2024 08:02:35
0,150.00,800,692,10.20,70.29,0,0.40,17.05.2024 08:02:37
0,148.13,790,692,10.21,70.30,0,0.26,17.05.2024 08:02:39
0,149.44,797,692,10.21,70.32,0,0.35,17.05.2024 08:02:42
0,147.94,789,692,10.23,70.32,0,0.24,17.05.2024 08:02:44
0,150.56,803,693,10.21,70.35,0,0.44,17.05.2024 08:02:46
0,148.13,790,693,10.23,70.32,0,0.25,17.05.2024 08:02:48
0,147.00,784,693,10.23,70.32,0,0.17,17.05.2024 08:02:50
0,152.44,813,693,10.24,70.30,0,0.58,17.05.2024 08:02:52
0,147.94,789,693,10.20,70.31,0,0.24,17.05.2024 08:02:54
0,147.75,788,693,10.20,70.30,0,0.23,17.05.2024 08:02:56
0,149.25,796,693,10.21,70.29,0,0.34,17.05.2024 08:02:59
0,151.50,808,694,10.23,70.29,0,0.51,17.05.2024 08:03:01
0,149.81,799,694,10.21,70.31,0,0.38,17.05.2024 08:03:03
0,147.56,787,694,10.23,70.29,0,0.21,17.05.2024 08:03:05
0,150.00,800,694,10.23,70.30,0,0.39,17.05.2024 08:03:07
0,149.44,797,693,10.23,70.31,0,0.35,17.05.2024 08:03:09
0,145.69,777,693,10.20,70.30,0,0.08,17.05.2024 08:03:11
0,147.75,788,693,10.21,70.28,0,0.23,17.05.2024 08:03:13
0,149.63,798,693,10.21,70.26,0,0.37,17.05.2024 08:03:16
0,147.19,785,693,10.23,70.29,0,0.19,17.05.2024 08:03:18
0,150.75,804,693,10.23,70.28,0,0.45,17.05.2024 08:03:20
0,150.00,800,693,10.21,70.29,0,0.40,17.05.2024 08:03:22
0,147.56,787,692,10.24,70.28,0,0.21,17.05.2024 08:03:24
0,146.25,780,692,10.24,70.30,0,0.12,17.05.2024 08:03:26
0,151.50,808,692,10.24,70.32,0,0.51,17.05.2024 08:03:28
0,147.56,787,692,10.21,70.29,0,0.21,17.05.2024 08:03:30
0,150.38,802,692,10.21,70.27,0,0.43,17.05.2024 08:03:32
0,150.75,804,692,10.23,70.31,0,0.45,17.05.2024 08:03:35
0,149.81,799,692,10.24,70.30,0,0.38,17.05.2024 08:03:39
0,150.75,804,692,10.20,70.29,0,0.46,17.05.2024 08:03:41
0,151.69,809,691,10.23,70.29,0,0.53,17.05.2024 08:03:43
0,145.50,776,692,10.24,70.30,0,0.06,17.05.2024 08:03:45
0,148.13,790,692,10.23,70.30,0,0.25,17.05.2024 08:03:47
0,147.94,789,692,10.20,70.29,0,0.24,17.05.2024 08:03:49
0,147.75,788,692,10.21,70.32,0,0.23,17.05.2024 08:03:51
0,144.00,768,693,10.23,70.27,0,-0.04,17.05.2024 08:03:54
0,146.44,781,693,10.23,70.29,0,0.13,17.05.2024 08:03:56
0,147.94,789,693,10.23,70.26,0,0.24,17.05.2024 08:03:58
0,146.81,783,693,10.24,70.33,0,0.15,17.05.2024 08:04:00
0,148.31,791,694,10.21,70.28,0,0.27,17.05.2024 08:04:02
0,149.44,797,693,10.20,70.30,0,0.36,17.05.2024 08:04:04
0,154.69,825,694,10.23,70.28,0,0.77,17.05.2024 08:04:06
0,149.44,797,694,10.21,70.29,0,0.35,17.05.2024 08:04:08
0,149.44,797,693,10.23,70.29,0,0.35,17.05.2024 08:04:11
0,151.13,806,694,10.20,70.31,0,0.49,17.05.2024 08:04:13
0,148.13,790,693,10.21,70.27,0,0.26,17.05.2024 08:04:15
0,153.00,816,694,10.23,70.30,0,0.63,17.05.2024 08:04:17
0,150.00,800,693,10.21,70.29,0,0.40,17.05.2024 08:04:19
0,148.13,790,693,10.21,70.32,0,0.26,17.05.2024 08:04:21
0,151.50,808,693,10.23,70.28,0,0.51,17.05.2024 08:04:23
0,153.38,818,692,10.20,70.30,0,0.66,17.05.2024 08:04:25
0,151.13,806,692,10.21,70.29,0,0.48,17.05.2024 08:04:27
0,150.56,803,692,10.21,70.30,0,0.44,17.05.2024 08:04:30
0,148.88,794,693,10.21,70.30,0,0.31,17.05.2024 08:04:32
0,152.44,813,693,10.21,70.30,0,0.59,17.05.2024 08:04:34
0,150.00,800,693,10.23,70.34,0,0.39,17.05.2024 08:04:36
0,149.44,797,693,10.21,70.31,0,0.35,17.05.2024 08:04:38
0,147.56,787,693,10.20,70.30,0,0.22,17.05.2024 08:04:40
0,152.63,814,692,10.20,70.27,0,0.60,17.05.2024 08:04:42
0,152.06,811,693,10.21,70.29,0,0.56,17.05.2024 08:04:44
0,150.38,802,692,10.21,70.31,0,0.43,17.05.2024 08:04:47
0,152.06,811,692,10.20,70.30,0,0.56,17.05.2024 08:04:49
0,150.75,804,692,10.23,70.32,0,0.45,17.05.2024 08:04:51
0,145.13,774,692,10.23,70.31,0,0.04,17.05.2024 08:04:53
0,149.81,799,692,10.21,70.29,0,0.38,17.05.2024 08:04:55
0,150.94,805,692,10.21,70.27,0,0.47,17.05.2024 08:04:57
0,149.44,797,692,10.21,70.29,0,0.35,17.05.2024 08:04:59
0,147.94,789,692,10.23,70.27,0,0.24,17.05.2024 08:05:01
0,151.31,807,692,10.20,70.30,0,0.50,17.05.2024 08:05:04
0,153.56,819,692,10.23,70.32,0,0.67,17.05.2024 08:05:06
0,150.19,801,692,10.23,70.35,0,0.41,17.05.2024 08:05:08
0,150.00,800,691,10.20,70.30,0,0.40,17.05.2024 08:05:10
0,151.13,806,691,10.23,70.33,0,0.48,17.05.2024 08:05:12
0,148.50,792,692,10.21,70.31,0,0.28,17.05.2024 08:05:14
0,148.50,792,691,10.21,70.31,0,0.28,17.05.2024 08:05:16
0,147.38,786,691,10.24,70.30,0,0.20,17.05.2024 08:05:18
0,148.50,792,691,10.24,70.30,0,0.28,17.05.2024 08:05:20
0,149.63,798,690,10.23,70.33,0,0.37,17.05.2024 08:05:23
0,150.19,801,690,10.21,70.33,0,0.41,17.05.2024 08:05:25
0,152.06,811,690,10.21,70.31,0,0.56,17.05.2024 08:05:27
0,150.56,803,690,10.21,70.31,0,0.44,17.05.2024 08:05:29
0,146.81,783,691,10.23,70.30,0,0.16,17.05.2024 08:05:31
0,151.13,806,690,10.21,70.32,0,0.48,17.05.2024 08:05:33
0,147.94,789,690,10.24,70.34,0,0.24,17.05.2024 08:05:35
0,149.06,795,690,10.20,70.29,0,0.33,17.05.2024 08:05:37
0,149.06,795,691,10.23,70.30,0,0.32,17.05.2024 08:05:40
0,149.63,798,691,10.19,70.31,0,0.37,17.05.2024 08:05:42
0,148.69,793,691,10.23,70.30,0,0.30,17.05.2024 08:05:44
0,149.25,796,691,10.21,70.32,0,0.34,17.05.2024 08:05:46
0,150.75,804,692,10.23,70.32,0,0.45,17.05.2024 08:05:50
0,149.63,798,692,10.20,70.31,0,0.37,17.05.2024 08:05:52
0,149.06,795,692,10.21,70.30,0,0.33,17.05.2024 08:05:54
0,145.13,774,691,10.23,70.29,0,0.04,17.05.2024 08:05:56
0,147.00,784,691,10.21,70.31,0,0.17,17.05.2024 08:05:59
0,143.81,767,691,10.21,70.28,0,-0.05,17.05.2024 08:06:01
0,145.69,777,691,10.20,70.29,0,0.08,17.05.2024 08:06:03
0,147.56,787,691,10.23,70.32,0,0.21,17.05.2024 08:06:05
0,151.50,808,691,10.21,70.32,0,0.51,17.05.2024 08:06:07
0,148.31,791,691,10.21,70.31,0,0.27,17.05.2024 08:06:09
0,146.63,782,692,10.19,70.27,0,0.15,17.05.2024 08:06:11
0,147.94,789,692,10.23,70.29,0,0.24,17.05.2024 08:06:13
0,148.31,791,691,10.20,70.30,0,0.27,17.05.2024 08:06:16
0,148.69,793,691,10.20,70.32,0,0.30,17.05.2024 08:06:18
0,152.06,811,691,10.21,70.30,0,0.56,17.05.2024 08:06:20
0,150.00,800,691,10.21,70.33,0,0.40,17.05.2024 08:06:22
0,149.06,795,691,10.21,70.31,0,0.33,17.05.2024 08:06:24
0,149.63,798,690,10.21,70.31,0,0.37,17.05.2024 08:06:26
0,149.44,797,690,10.23,70.28,0,0.35,17.05.2024 08:06:28
0,150.56,803,691,10.23,70.30,0,0.44,17.05.2024 08:06:30
0,151.31,807,691,10.21,70.29,0,0.50,17.05.2024 08:06:32
0,155.63,830,691,10.20,70.30,0,0.85,17.05.2024 08:06:35
0,149.81,799,690,10.20,70.30,0,0.38,17.05.2024 08:06:37
0,148.50,792,690,10.19,70.29,0,0.29,17.05.2024 08:06:39
0,151.88,810,690,10.20,70.28,0,0.55,17.05.2024 08:06:41
0,150.38,802,691,10.23,70.29,0,0.42,17.05.2024 08:06:43
0,152.06,811,690,10.21,70.29,0,0.56,17.05.2024 08:06:45
0,148.88,794,691,10.20,70.30,0,0.31,17.05.2024 08:06:47
0,153.56,819,691,10.24,70.28,0,0.67,17.05.2024 08:06:49
0,149.81,799,691,10.23,70.29,0,0.38,17.05.2024 08:06:52
0,153.19,817,691,10.21,70.28,0,0.65,17.05.2024 08:06:54
0,150.56,803,691,10.23,70.28,0,0.44,17.05.2024 08:06:56
0,152.25,812,691,10.20,70.28,0,0.57,17.05.2024 08:06:58
0,146.06,779,691,10.24,70.30,0,0.10,17.05.2024 08:07:00
0,152.25,812,691,10.23,70.32,0,0.57,17.05.2024 08:07:02
0,150.19,801,691,10.23,70.29,0,0.41,17.05.2024 08:07:04
0,150.00,800,692,10.21,70.28,0,0.40,17.05.2024 08:07:06
0,150.38,802,692,10.21,70.28,0,0.43,17.05.2024 08:07:09
0,151.69,809,691,10.21,70.32,0,0.53,17.05.2024 08:07:11
0,156.00,832,691,10.23,70.28,0,0.88,17.05.2024 08:07:13
0,153.00,816,691,10.20,70.29,0,0.63,17.05.2024 08:07:15
0,149.81,799,690,10.21,70.28,0,0.38,17.05.2024 08:07:17
0,150.38,802,691,10.21,70.30,0,0.43,17.05.2024 08:07:19
0,146.81,783,691,10.23,70.32,0,0.16,17.05.2024 08:07:21
0,151.31,807,691,10.20,70.30,0,0.50,17.05.2024 08:07:23
0,150.38,802,690,10.23,70.30,0,0.42,17.05.2024 08:07:25
0,150.75,804,690,10.20,70.29,0,0.46,17.05.2024 08:07:28
0,150.56,803,690,10.21,70.32,0,0.44,17.05.2024 08:07:30
0,150.19,801,690,10.21,70.30,0,0.41,17.05.2024 08:07:32
0,150.00,800,690,10.23,70.28,0,0.39,17.05.2024 08:07:34
0,148.13,790,690,10.21,70.30,0,0.26,17.05.2024 08:07:36
0,153.75,820,691,10.21,70.29,0,0.69,17.05.2024 08:07:38
0,147.75,788,691,10.21,70.31,0,0.23,17.05.2024 08:07:40
0,148.13,790,692,10.21,70.30,0,0.26,17.05.2024 08:07:42
0,147.94,789,692,10.21,70.31,0,0.24,17.05.2024 08:07:45
0,150.75,804,692,10.23,70.28,0,0.45,17.05.2024 08:07:47
0,149.25,796,692,10.21,70.28,0,0.34,17.05.2024 08:07:49
0,147.75,788,692,10.23,70.28,0,0.23,17.05.2024 08:07:51
0,150.38,802,692,10.24,70.31,0,0.42,17.05.2024 08:07:53
0,147.00,784,692,10.21,70.29,0,0.17,17.05.2024 08:07:57
0,148.88,794,692,10.21,70.31,0,0.31,17.05.2024 08:07:59
0,147.94,789,692,10.23,70.30,0,0.24,17.05.2024 08:08:01
0,147.75,788,692,10.21,70.29,0,0.23,17.05.2024 08:08:04
0,146.06,779,692,10.21,70.32,0,0.11,17.05.2024 08:08:06
0,147.94,789,692,10.21,70.27,0,0.24,17.05.2024 08:08:08
0,146.25,780,693,10.21,70.29,0,0.12,17.05.2024 08:08:10
0,147.56,787,693,10.24,70.28,0,0.21,17.05.2024 08:08:12
0,147.94,789,693,10.20,70.30,0,0.24,17.05.2024 08:08:14
0,146.25,780,693,10.23,70.28,0,0.12,17.05.2024 08:08:16
0,147.00,784,693,10.21,70.31,0,0.17,17.05.2024 08:08:18
0,151.88,810,693,10.23,70.28,0,0.54,17.05.2024 08:08:20
0,147.94,789,694,10.20,70.28,0,0.24,17.05.2024 08:08:23
0,147.94,789,694,10.21,70.31,0,0.24,17.05.2024 08:08:25
0,152.25,812,693,10.23,70.30,0,0.57,17.05.2024 08:08:27
0,150.19,801,693,10.23,70.31,0,0.41,17.05.2024 08:08:29
0,152.25,812,693,10.24,70.30,0,0.57,17.05.2024 08:08:31
0,151.69,809,694,10.24,70.30,0,0.52,17.05.2024 08:08:33
0,152.44,813,694,10.21,70.30,0,0.59,17.05.2024 08:08:35
0,151.69,809,694,10.20,70.30,0,0.53,17.05.2024 08:08:37
0,150.00,800,694,10.23,70.28,0,0.39,17.05.2024 08:08:40
0,149.63,798,694,10.21,70.30,0,0.37,17.05.2024 08:08:42
0,151.31,807,694,10.23,70.32,0,0.49,17.05.2024 08:08:44
0,148.88,794,694,10.23,70.29,0,0.31,17.05.2024 08:08:46
0,148.88,794,694,10.20,70.29,0,0.31,17.05.2024 08:08:48
0,152.63,814,695,10.21,70.33,0,0.60,17.05.2024 08:08:50
0,149.63,798,694,10.19,70.31,0,0.37,17.05.2024 08:08:52
0,147.75,788,694,10.21,70.29,0,0.23,17.05.2024 08:08:54
0,151.69,809,693,10.21,70.31,0,0.53,17.05.2024 08:08:57
0,150.94,805,693,10.21,70.31,0,0.47,17.05.2024 08:08:59
0,148.31,791,693,10.23,70.31,0,0.27,17.05.2024 08:09:01
0,149.25,796,693,10.21,70.31,0,0.34,17.05.2024 08:09:03
0,150.94,805,693,10.20,70.32,0,0.47,17.05.2024 08:09:05
0,151.31,807,693,10.20,70.32,0,0.50,17.05.2024 08:09:07
0,148.88,794,693,10.21,70.30,0,0.31,17.05.2024 08:09:09
0,148.88,794,693,10.21,70.28,0,0.31,17.05.2024 08:09:11
0,150.19,801,693,10.21,70.28,0,0.41,17.05.2024 08:09:13
0,149.81,799,693,10.23,70.31,0,0.38,17.05.2024 08:09:16
0,148.31,791,694,10.20,70.29,0,0.27,17.05.2024 08:09:18
0,152.63,814,694,10.21,70.31,0,0.60,17.05.2024 08:09:20
0,146.81,783,694,10.21,70.29,0,0.16,17.05.2024 08:09:22
0,147.94,789,693,10.20,70.30,0,0.24,17.05.2024 08:09:24
0,151.50,808,694,10.23,70.29,0,0.51,17.05.2024 08:09:26
0,150.38,802,694,10.24,70.31,0,0.42,17.05.2024 08:09:28
0,149.44,797,694,10.20,70.31,0,0.36,17.05.2024 08:09:30
0,146.06,779,694,10.21,70.29,0,0.11,17.05.2024 08:09:33
0,149.06,795,694,10.21,70.30,0,0.33,17.05.2024 08:09:35
0,148.31,791,694,10.21,70.30,0,0.27,17.05.2024 08:09:37
0,148.69,793,694,10.21,70.30,0,0.30,17.05.2024 08:09:39
0,146.06,779,694,10.23,70.28,0,0.10,17.05.2024 08:09:41
0,149.25,796,695,10.23,70.31,0,0.34,17.05.2024 08:09:43
0,152.06,811,695,10.23,70.32,0,0.55,17.05.2024 08:09:45
0,150.56,803,695,10.21,70.30,0,0.44,17.05.2024 08:09:47
0,149.06,795,694,10.23,70.29,0,0.32,17.05.2024 08:09:50
0,146.25,780,694,10.23,70.33,0,0.12,17.05.2024 08:09:52
0,147.94,789,694,10.21,70.32,0,0.24,17.05.2024 08:09:54
0,150.75,804,694,10.21,70.30,0,0.45,17.05.2024 08:09:56
0,153.75,820,695,10.21,70.30,0,0.69,17.05.2024 08:10:00
0,149.06,795,695,10.23,70.29,0,0.32,17.05.2024 08:10:02
0,147.56,787,694,10.24,70.30,0,0.21,17.05.2024 08:10:04
0,145.69,777,695,10.21,70.30,0,0.08,17.05.2024 08:10:06
0,145.13,774,695,10.24,70.30,0,0.04,17.05.2024 08:10:09
0,147.38,786,695,10.23,70.31,0,0.20,17.05.2024 08:10:11
0,149.06,795,696,10.20,70.28,0,0.33,17.05.2024 08:10:13
0,145.88,778,696,10.23,70.27,0,0.09,17.05.2024 08:10:15
0,148.13,790,696,10.21,70.28,0,0.26,17.05.2024 08:10:17
0,147.94,789,695,10.21,70.29,0,0.24,17.05.2024 08:10:19
0,146.44,781,695,10.23,70.29,0,0.13,17.05.2024 08:10:21
0,144.75,772,696,10.20,70.29,0,0.02,17.05.2024 08:10:23
0,147.56,787,695,10.21,70.29,0,0.21,17.05.2024 08:10:25
0,149.44,797,694,10.19,70.29,0,0.36,17.05.2024 08:10:28
0,150.19,801,695,10.23,70.29,0,0.41,17.05.2024 08:10:30
0,153.19,817,695,10.21,70.30,0,0.65,17.05.2024 08:10:32
0,149.25,796,695,10.20,70.30,0,0.34,17.05.2024 08:10:34
0,148.69,793,694,10.21,70.29,0,0.30,17.05.2024 08:10:36
0,151.31,807,695,10.24,70.30,0,0.49,17.05.2024 08:10:38
0,152.06,811,695,10.23,70.29,0,0.55,17.05.2024 08:10:40
0,145.69,777,695,10.21,70.30,0,0.08,17.05.2024 08:10:42
0,150.38,802,695,10.21,70.32,0,0.42,17.05.2024 08:10:45
0,149.81,799,695,10.23,70.26,0,0.38,17.05.2024 08:10:47
0,149.63,798,695,10.23,70.28,0,0.37,17.05.2024 08:10:49
0,151.31,807,695,10.21,70.31,0,0.50,17.05.2024 08:10:51
0,148.88,794,694,10.21,70.30,0,0.31,17.05.2024 08:10:53
0,148.69,793,694,10.20,70.30,0,0.30,17.05.2024 08:10:55
0,151.31,807,694,10.21,70.31,0,0.50,17.05.2024 08:10:57
0,148.88,794,693,10.20,70.28,0,0.31,17.05.2024 08:10:59
0,152.44,813,692,10.23,70.28,0,0.58,17.05.2024 08:11:02
0,150.94,805,693,10.21,70.32,0,0.47,17.05.2024 08:11:04
0,149.44,797,692,10.20,70.30,0,0.36,17.05.2024 08:11:06
0,146.63,782,693,10.23,70.28,0,0.14,17.05.2024 08:11:08
0,154.13,822,693,10.21,70.32,0,0.72,17.05.2024 08:11:10
0,149.81,799,693,10.21,70.31,0,0.38,17.05.2024 08:11:12
0,148.50,792,693,10.20,70.29,0,0.29,17.05.2024 08:11:14
0,152.06,811,693,10.23,70.32,0,0.55,17.05.2024 08:11:16
0,151.88,810,692,10.20,70.30,0,0.54,17.05.2024 08:11:18
0,148.88,794,692,10.21,70.30,0,0.31,17.05.2024 08:11:21
0,149.63,798,692,10.20,70.27,0,0.37,17.05.2024 08:11:23
0,151.69,809,692,10.21,70.25,0,0.53,17.05.2024 08:11:25
0,145.88,778,692,10.21,70.33,0,0.09,17.05.2024 08:11:27
0,147.75,788,693,10.21,70.29,0,0.23,17.05.2024 08:11:29
0,150.19,801,693,10.21,70.28,0,0.41,17.05.2024 08:11:31
0,152.63,814,693,10.20,70.29,0,0.60,17.05.2024 08:11:33
0,150.00,800,693,10.20,70.29,0,0.40,17.05.2024 08:11:35
0,152.44,813,693,10.19,70.28,0,0.59,17.05.2024 08:11:38
0,149.25,796,693,10.20,70.30,0,0.34,17.05.2024 08:11:40
0,149.44,797,692,10.23,70.28,0,0.35,17.05.2024 08:11:42
0,149.44,797,692,10.21,70.32,0,0.35,17.05.2024 08:11:44
0,150.00,800,693,10.23,70.31,0,0.39,17.05.2024 08:11:46
0,147.19,785,693,10.24,70.31,0,0.18,17.05.2024 08:11:48
0,149.81,799,693,10.21,70.31,0,0.38,17.05.2024 08:11:50
0,149.25,796,693,10.21,70.30,0,0.34,17.05.2024 08:11:52
0,149.44,797,692,10.20,70.29,0,0.36,17.05.2024 08:11:55
0,150.75,804,692,10.21,70.31,0,0.45,17.05.2024 08:11:57
0,151.88,810,692,10.21,70.31,0,0.54,17.05.2024 08:11:59
0,150.38,802,693,10.20,70.29,0,0.43,17.05.2024 08:12:03
0,149.63,798,693,10.23,70.28,0,0.37,17.05.2024 08:12:05
0,147.94,789,693,10.21,70.30,0,0.24,17.05.2024 08:12:07
0,149.81,799,693,10.21,70.26,0,0.38,17.05.2024 08:12:09
0,146.63,782,693,10.23,70.28,0,0.14,17.05.2024 08:12:11
0,149.63,798,693,10.21,70.30,0,0.37,17.05.2024 08:12:13
0,149.81,799,693,10.21,70.29,0,0.38,17.05.2024 08:12:16
0,147.19,785,693,10.20,70.30,0,0.19,17.05.2024 08:12:18
0,147.38,786,693,10.20,70.34,0,0.20,17.05.2024 08:12:20
0,147.75,788,692,10.20,70.30,0,0.23,17.05.2024 08:12:22
0,147.00,784,692,10.21,70.30,0,0.17,17.05.2024 08:12:24
0,147.94,789,693,10.20,70.31,0,0.24,17.05.2024 08:12:26
0,147.00,784,693,10.23,70.28,0,0.17,17.05.2024 08:12:28
0,150.75,804,692,10.20,70.30,0,0.46,17.05.2024 08:12:30
0,150.75,804,691,10.23,70.31,0,0.45,17.05.2024 08:12:33
0,151.88,810,691,10.21,70.31,0,0.54,17.05.2024 08:12:35
0,153.19,817,691,10.19,70.33,0,0.65,17.05.2024 08:12:37
0,148.13,790,691,10.23,70.32,0,0.25,17.05.2024 08:12:39
0,149.81,799,691,10.20,70.30,0,0.38,17.05.2024 08:12:41
0,147.38,786,691,10.20,70.30,0,0.20,17.05.2024 08:12:43
0,150.56,803,690,10.20,70.30,0,0.44,17.05.2024 08:12:45
0,150.75,804,691,10.23,70.32,0,0.45,17.05.2024 08:12:47
0,147.19,785,690,10.21,70.31,0,0.19,17.05.2024 08:12:50
0,149.81,799,690,10.23,70.29,0,0.38,17.05.2024 08:12:52
0,151.31,807,690,10.20,70.29,0,0.50,17.05.2024 08:12:54
0,150.38,802,690,10.20,70.30,0,0.43,17.05.2024 08:12:56
0,150.56,803,690,10.21,70.29,0,0.44,17.05.2024 08:12:58
0,152.44,813,689,10.23,70.32,0,0.58,17.05.2024 08:13:00
0,150.00,800,689,10.20,70.30,0,0.40,17.05.2024 08:13:02
0,149.06,795,689,10.21,70.31,0,0.33,17.05.2024 08:13:04
0,148.88,794,689,10.21,70.32,0,0.31,17.05.2024 08:13:07
0,148.50,792,689,10.23,70.33,0,0.28,17.05.2024 08:13:09
0,151.31,807,688,10.21,70.32,0,0.50,17.05.2024 08:13:11
0,153.00,816,688,10.20,70.30,0,0.63,17.05.2024 08:13:13
0,149.44,797,688,10.20,70.30,0,0.36,17.05.2024 08:13:15
0,151.13,806,688,10.20,70.31,0,0.49,17.05.2024 08:13:17
0,148.69,793,687,10.21,70.31,0,0.30,17.05.2024 08:13:19
0,151.31,807,687,10.20,70.31,0,0.50,17.05.2024 08:13:21
0,151.13,806,687,10.21,70.27,0,0.48,17.05.2024 08:13:23
0,149.81,799,688,10.21,70.30,0,0.38,17.05.2024 08:13:26
0,151.69,809,688,10.20,70.30,0,0.53,17.05.2024 08:13:28
0,152.63,814,687,10.21,70.28,0,0.60,17.05.2024 08:13:30
0,149.81,799,687,10.21,70.33,0,0.38,17.05.2024 08:13:32
0,150.94,805,687,10.19,70.32,0,0.47,17.05.2024 08:13:34
0,148.88,794,687,10.23,70.36,0,0.31,17.05.2024 08:13:36
0,150.56,803,686,10.21,70.32,0,0.44,17.05.2024 08:13:38
0,151.88,810,687,10.21,70.32,0,0.54,17.05.2024 08:13:40
0,152.06,811,686,10.21,70.32,0,0.56,17.05.2024 08:13:43
0,150.00,800,686,10.21,70.31,0,0.40,17.05.2024 08:13:45
0,149.63,798,686,10.19,70.30,0,0.37,17.05.2024 08:13:47
0,149.44,797,687,10.20,70.27,0,0.36,17.05.2024 08:13:49
0,147.75,788,687,10.23,70.29,0,0.23,17.05.2024 08:13:51
0,149.25,796,687,10.23,70.30,0,0.34,17.05.2024 08:13:53
0,150.19,801,687,10.20,70.30,0,0.41,17.05.2024 08:13:55
0,150.00,800,687,10.20,70.30,0,0.40,17.05.2024 08:13:57
0,149.44,797,688,10.20,70.31,0,0.36,17.05.2024 08:14:00
0,148.13,790,688,10.23,70.29,0,0.25,17.05.2024 08:14:02
0,147.56,787,688,10.21,70.31,0,0.21,17.05.2024 08:14:04
0,147.38,786,688,10.21,70.30,0,0.20,17.05.2024 08:14:06
0,156.19,833,687,10.21,70.32,0,0.89,17.05.2024 08:14:08
0,151.31,807,687,10.21,70.30,0,0.50,17.05.2024 08:14:12
0,149.25,796,687,10.21,70.28,0,0.34,17.05.2024 08:14:14
0,149.06,795,687,10.21,70.27,0,0.33,17.05.2024 08:14:16
0,150.00,800,687,10.20,70.30,0,0.40,17.05.2024 08:14:18
0,146.06,779,687,10.20,70.31,0,0.11,17.05.2024 08:14:21
0,147.94,789,687,10.24,70.32,0,0.24,17.05.2024 08:14:23
0,147.38,786,687,10.21,70.28,0,0.20,17.05.2024 08:14:25
0,148.69,793,687,10.24,70.30,0,0.29,17.05.2024 08:14:27
0,146.44,781,687,10.20,70.29,0,0.14,17.05.2024 08:14:29
0,149.81,799,687,10.20,70.30,0,0.38,17.05.2024 08:14:31
0,147.38,786,687,10.20,70.29,0,0.20,17.05.2024 08:14:33
0,148.31,791,687,10.20,70.31,0,0.27,17.05.2024 08:14:35
0,149.44,797,687,10.21,70.27,0,0.36,17.05.2024 08:14:38
0,148.69,793,686,10.21,70.27,0,0.30,17.05.2024 08:14:40
0,150.00,800,686,10.21,70.30,0,0.40,17.05.2024 08:14:42
0,150.94,805,686,10.20,70.33,0,0.47,17.05.2024 08:14:44
0,152.81,815,686,10.20,70.30,0,0.62,17.05.2024 08:14:46
0,153.00,816,687,10.23,70.30,0,0.63,17.05.2024 08:14:48
0,151.13,806,687,10.20,70.30,0,0.49,17.05.2024 08:14:50
0,151.31,807,688,10.20,70.30,0,0.50,17.05.2024 08:14:52
0,152.63,814,688,10.21,70.32,0,0.60,17.05.2024 08:14:55
0,150.38,802,688,10.21,70.32,0,0.42,17.05.2024 08:14:57
0,145.50,776,688,10.21,70.31,0,0.07,17.05.2024 08:14:59
0,153.00,816,688,10.20,70.32,0,0.63,17.05.2024 08:15:01
0,150.94,805,688,10.20,70.31,0,0.47,17.05.2024 08:15:03
0,146.25,780,688,10.21,70.28,0,0.12,17.05.2024 08:15:05
0,150.38,802,688,10.21,70.30,0,0.43,17.05.2024 08:15:07
0,153.94,821,688,10.19,70.30,0,0.71,17.05.2024 08:15:09
0,148.31,791,687,10.21,70.30,0,0.27,17.05.2024 08:15:11
0,151.50,808,688,10.21,70.30,0,0.51,17.05.2024 08:15:14
0,152.06,811,687,10.21,70.28,0,0.56,17.05.2024 08:15:16
0,149.25,796,688,10.20,70.30,0,0.34,17.05.2024 08:15:18
0,155.25,828,688,10.20,70.30,0,0.82,17.05.2024 08:15:20
0,151.13,806,688,10.20,70.33,0,0.48,17.05.2024 08:15:22
0,149.81,799,688,10.21,70.30,0,0.38,17.05.2024 08:15:24
0,150.94,805,688,10.21,70.28,0,0.47,17.05.2024 08:15:26
0,153.00,816,688,10.21,70.32,0,0.63,17.05.2024 08:15:28
0,148.88,794,688,10.19,70.29,0,0.32,17.05.2024 08:15:31
0,152.81,815,688,10.21,70.32,0,0.62,17.05.2024 08:15:33
0,151.50,808,688,10.23,70.28,0,0.51,17.05.2024 08:15:35
0,149.44,797,689,10.23,70.31,0,0.35,17.05.2024 08:15:37
0,149.25,796,689,10.20,70.31,0,0.34,17.05.2024 08:15:39
0,148.88,794,688,10.20,70.29,0,0.31,17.05.2024 08:15:41
0,149.44,797,688,10.21,70.32,0,0.35,17.05.2024 08:15:43
0,152.44,813,688,10.20,70.28,0,0.59,17.05.2024 08:15:45
0,148.69,793,688,10.20,70.30,0,0.30,17.05.2024 08:15:48
0,152.81,815,688,10.20,70.30,0,0.62,17.05.2024 08:15:50
0,151.31,807,688,10.23,70.30,0,0.50,17.05.2024 08:15:52
0,147.19,785,688,10.20,70.29,0,0.19,17.05.2024 08:15:54
0,151.31,807,687,10.20,70.33,0,0.50,17.05.2024 08:15:56
0,150.00,800,688,10.23,70.32,0,0.39,17.05.2024 08:15:58
0,147.38,786,688,10.20,70.30,0,0.20,17.05.2024 08:16:00
0,151.13,806,687,10.21,70.28,0,0.48,17.05.2024 08:16:02
0,148.88,794,687,10.20,70.30,0,0.31,17.05.2024 08:16:05
0,148.50,792,688,10.20,70.30,0,0.29,17.05.2024 08:16:07
0,148.69,793,687,10.20,70.30,0,0.30,17.05.2024 08:16:09
0,152.63,814,687,10.21,70.28,0,0.60,17.05.2024 08:16:11
0,151.50,808,688,10.21,70.31,0,0.51,17.05.2024 08:16:13
0,149.25,796,688,10.21,70.30,0,0.34,17.05.2024 08:16:15
0,148.31,791,688,10.23,70.29,0,0.27,17.05.2024 08:16:17
0,151.13,806,688,10.20,70.29,0,0.49,17.05.2024 08:16:19
0,151.69,809,688,10.21,70.31,0,0.53,17.05.2024 08:16:21
0,149.25,796,688,10.20,70.33,0,0.34,17.05.2024 08:16:26
0,150.38,802,688,10.21,70.31,0,0.43,17.05.2024 08:16:28
0,151.50,808,688,10.21,70.31,0,0.51,17.05.2024 08:16:30
0,145.88,778,688,10.20,70.30,0,0.09,17.05.2024 08:16:32
0,149.81,799,688,10.21,70.28,0,0.38,17.05.2024 08:16:34
0,149.06,795,688,10.21,70.29,0,0.33,17.05.2024 08:16:36
0,147.19,785,688,10.21,70.30,0,0.19,17.05.2024 08:16:38
0,148.31,791,688,10.23,70.31,0,0.27,17.05.2024 08:16:40
0,146.25,780,688,10.21,70.27,0,0.12,17.05.2024 08:16:43
0,145.88,778,687,10.20,70.30,0,0.09,17.05.2024 08:16:45
0,145.50,776,688,10.19,70.33,0,0.07,17.05.2024 08:16:47
0,145.88,778,687,10.21,70.28,0,0.09,17.05.2024 08:16:49
0,149.81,799,687,10.21,70.30,0,0.38,17.05.2024 08:16:51
0,147.56,787,687,10.21,70.30,0,0.21,17.05.2024 08:16:53
0,151.69,809,687,10.20,70.30,0,0.53,17.05.2024 08:16:55
0,152.63,814,686,10.19,70.34,0,0.61,17.05.2024 08:16:57
0,149.25,796,686,10.19,70.30,0,0.34,17.05.2024 08:17:00
0,152.06,811,686,10.19,70.32,0,0.56,17.05.2024 08:17:02
0,148.69,793,686,10.19,70.28,0,0.30,17.05.2024 08:17:04
0,150.94,805,686,10.21,70.31,0,0.47,17.05.2024 08:17:06
0,153.19,817,686,10.20,70.28,0,0.65,17.05.2024 08:17:08
0,149.63,798,686,10.20,70.31,0,0.37,17.05.2024 08:17:10
0,153.75,820,685,10.21,70.31,0,0.69,17.05.2024 08:17:12
0,151.69,809,686,10.20,70.30,0,0.53,17.05.2024 08:17:14
0,147.00,784,686,10.21,70.33,0,0.17,17.05.2024 08:17:16
0,150.38,802,685,10.20,70.32,0,0.43,17.05.2024 08:17:19
0,148.50,792,685,10.20,70.31,0,0.29,17.05.2024 08:17:21
0,150.38,802,685,10.21,70.32,0,0.42,17.05.2024 08:17:23
0,148.13,790,685,10.20,70.30,0,0.26,17.05.2024 08:17:25
0,150.38,802,685,10.21,70.32,0,0.42,17.05.2024 08:17:27
0,150.75,804,685,10.23,70.36,0,0.45,17.05.2024 08:17:29
0,150.94,805,685,10.20,70.30,0,0.47,17.05.2024 08:17:31
0,150.00,800,684,10.19,70.31,0,0.40,17.05.2024 08:17:33
0,153.38,818,685,10.20,70.30,0,0.66,17.05.2024 08:17:36
0,150.75,804,685,10.21,70.32,0,0.45,17.05.2024 08:17:38
0,149.25,796,685,10.21,70.32,0,0.34,17.05.2024 08:17:40
0,148.13,790,685,10.21,70.33,0,0.25,17.05.2024 08:17:42
0,150.00,800,685,10.21,70.31,0,0.40,17.05.2024 08:17:44
0,150.00,800,685,10.20,70.30,0,0.40,17.05.2024 08:17:46
0,149.81,799,685,10.20,70.31,0,0.38,17.05.2024 08:17:48
0,147.00,784,685,10.20,70.31,0,0.18,17.05.2024 08:17:50
0,150.00,800,684,10.21,70.33,0,0.40,17.05.2024 08:17:53
0,147.56,787,685,10.19,70.32,0,0.22,17.05.2024 08:17:55
0,149.63,798,684,10.21,70.33,0,0.37,17.05.2024 08:17:57
0,150.00,800,685,10.19,70.29,0,0.40,17.05.2024 08:17:59
0,148.88,794,685,10.20,70.32,0,0.31,17.05.2024 08:18:01
0,152.25,812,686,10.19,70.27,0,0.58,17.05.2024 08:18:03
0,150.38,802,686,10.20,70.32,0,0.43,17.05.2024 08:18:05
0,151.13,806,685,10.21,70.30,0,0.48,17.05.2024 08:18:07
0,149.63,798,686,10.19,70.27,0,0.37,17.05.2024 08:18:09
0,152.81,815,686,10.20,70.31,0,0.62,17.05.2024 08:18:12
0,149.81,799,686,10.20,70.30,0,0.38,17.05.2024 08:18:14
0,150.94,805,686,10.23,70.32,0,0.47,17.05.2024 08:18:16
0,149.44,797,686,10.21,70.31,0,0.35,17.05.2024 08:18:18
0,150.19,801,685,10.21,70.30,0,0.41,17.05.2024 08:18:20
0,150.19,801,686,10.20,70.30,0,0.41,17.05.2024 08:18:22
0,149.44,797,685,10.21,70.30,0,0.35,17.05.2024 08:18:24
0,148.88,794,685,10.20,70.32,0,0.31,17.05.2024 08:18:26
0,152.44,813,685,10.21,70.28,0,0.59,17.05.2024 08:18:29
0,150.56,803,685,10.23,70.32,0,0.44,17.05.2024 08:18:31
0,144.94,773,685,10.19,70.32,0,0.03,17.05.2024 08:18:33
0,149.63,798,685,10.19,70.28,0,0.37,17.05.2024 08:18:37
0,151.31,807,684,10.21,70.30,0,0.50,17.05.2024 08:18:39
0,148.31,791,684,10.20,70.29,0,0.27,17.05.2024 08:18:41
0,145.50,776,685,10.21,70.28,0,0.07,17.05.2024 08:18:43
0,152.25,812,685,10.21,70.33,0,0.57,17.05.2024 08:18:45
0,150.56,803,685,10.23,70.31,0,0.44,17.05.2024 08:18:48
0,148.88,794,686,10.23,70.30,0,0.31,17.05.2024 08:18:50
0,147.19,785,685,10.20,70.32,0,0.19,17.05.2024 08:18:52
0,146.81,783,685,10.21,70.31,0,0.16,17.05.2024 08:18:54
0,145.13,774,685,10.23,70.28,0,0.04,17.05.2024 08:18:56
0,151.50,808,685,10.19,70.27,0,0.52,17.05.2024 08:18:58
0,147.19,785,685,10.20,70.30,0,0.19,17.05.2024 08:19:00
0,150.56,803,685,10.21,70.28,0,0.44,17.05.2024 08:19:02
0,148.50,792,685,10.21,70.32,0,0.28,17.05.2024 08:19:05
0,151.13,806,685,10.21,70.29,0,0.48,17.05.2024 08:19:07
0,150.56,803,685,10.20,70.29,0,0.44,17.05.2024 08:19:09
0,151.50,808,685,10.20,70.31,0,0.51,17.05.2024 08:19:11
0,150.94,805,685,10.20,70.29,0,0.47,17.05.2024 08:19:13
0,149.81,799,685,10.20,70.31,0,0.38,17.05.2024 08:19:15
0,152.06,811,685,10.21,70.30,0,0.56,17.05.2024 08:19:17
0,153.94,821,685,10.17,70.28,0,0.72,17.05.2024 08:19:19
0,150.75,804,686,10.21,70.29,0,0.45,17.05.2024 08:19:21
0,150.56,803,686,10.20,70.29,0,0.44,17.05.2024 08:19:24
0,150.19,801,685,10.21,70.30,0,0.41,17.05.2024 08:19:26
0,148.50,792,685,10.19,70.31,0,0.29,17.05.2024 08:19:28
0,146.44,781,686,10.19,70.31,0,0.14,17.05.2024 08:19:30
0,150.75,804,686,10.19,70.29,0,0.46,17.05.2024 08:19:32
0,151.69,809,686,10.21,70.31,0,0.53,17.05.2024 08:19:34
0,149.44,797,686,10.20,70.30,0,0.36,17.05.2024 08:19:36
0,150.00,800,685,10.19,70.29,0,0.40,17.05.2024 08:19:38
0,151.31,807,685,10.21,70.31,0,0.50,17.05.2024 08:19:41
0,150.00,800,686,10.16,70.30,0,0.41,17.05.2024 08:19:43
0,148.69,793,685,10.20,70.31,0,0.30,17.05.2024 08:19:45
0,145.31,775,685,10.20,70.30,0,0.05,17.05.2024 08:19:47
0,152.25,812,685,10.21,70.32,0,0.57,17.05.2024 08:19:49
0,153.00,816,684,10.19,70.33,0,0.64,17.05.2024 08:19:51
0,147.00,784,684,10.19,70.29,0,0.18,17.05.2024 08:19:53
0,150.75,804,685,10.19,70.32,0,0.46,17.05.2024 08:19:55
0,149.63,798,685,10.19,70.31,0,0.37,17.05.2024 08:19:58
0,149.06,795,685,10.21,70.31,0,0.33,17.05.2024 08:20:00
0,151.31,807,684,10.20,70.30,0,0.50,17.05.2024 08:20:02
0,152.81,815,685,10.20,70.30,0,0.62,17.05.2024 08:20:04
0,152.06,811,685,10.20,70.31,0,0.56,17.05.2024 08:20:06
0,150.19,801,685,10.21,70.31,0,0.41,17.05.2024 08:20:08
0,145.50,776,685,10.20,70.29,0,0.07,17.05.2024 08:20:10
0,151.50,808,685,10.20,70.31,0,0.51,17.05.2024 08:20:12
0,148.31,791,685,10.19,70.31,0,0.27,17.05.2024 08:20:14
0,149.25,796,685,10.20,70.30,0,0.34,17.05.2024 08:20:17
0,149.81,799,685,10.20,70.30,0,0.38,17.05.2024 08:20:19
0,150.19,801,685,10.19,70.32,0,0.42,17.05.2024 08:20:21
0,147.75,788,685,10.20,70.31,0,0.23,17.05.2024 08:20:23
0,150.00,800,685,10.19,70.31,0,0.40,17.05.2024 08:20:25
0,148.50,792,686,10.21,70.30,0,0.28,17.05.2024 08:20:27
0,149.63,798,686,10.21,70.30,0,0.37,17.05.2024 08:20:29
0,155.06,827,685,10.21,70.27,0,0.80,17.05.2024 08:20:31
0,150.19,801,685,10.21,70.26,0,0.41,17.05.2024 08:20:34
0,150.00,800,685,10.21,70.33,0,0.40,17.05.2024 08:20:36
0,148.50,792,684,10.19,70.30,0,0.29,17.05.2024 08:20:38
0,149.06,795,685,10.21,70.33,0,0.32,17.05.2024 08:20:40
0,149.44,797,685,10.19,70.29,0,0.36,17.05.2024 08:20:42
0,152.44,813,685,10.21,70.31,0,0.59,17.05.2024 08:20:44
0,147.19,785,685,10.19,70.28,0,0.19,17.05.2024 08:20:46
0,146.44,781,685,10.19,70.31,0,0.14,17.05.2024 08:20:50
0,150.75,804,685,10.23,70.29,0,0.45,17.05.2024 08:20:53
0,148.88,794,684,10.20,70.29,0,0.31,17.05.2024 08:20:55
0,146.06,779,685,10.20,70.30,0,0.11,17.05.2024 08:20:57
0,147.75,788,685,10.20,70.29,0,0.23,17.05.2024 08:20:59
0,146.81,783,685,10.21,70.29,0,0.16,17.05.2024 08:21:01
0,146.44,781,685,10.20,70.28,0,0.14,17.05.2024 08:21:03
0,144.94,773,685,10.20,70.30,0,0.03,17.05.2024 08:21:05
0,147.19,785,685,10.20,70.30,0,0.19,17.05.2024 08:21:07
0,147.94,789,685,10.19,70.29,0,0.25,17.05.2024 08:21:10
0,148.13,790,685,10.19,70.28,0,0.26,17.05.2024 08:21:12
0,147.19,785,684,10.20,70.29,0,0.19,17.05.2024 08:21:14
0,146.25,780,685,10.20,70.30,0,0.12,17.05.2024 08:21:16
0,147.94,789,684,10.21,70.30,0,0.24,17.05.2024 08:21:18
0,150.38,802,684,10.20,70.30,0,0.43,17.05.2024 08:21:20
0,152.44,813,683,10.20,70.30,0,0.59,17.05.2024 08:21:22
0,147.56,787,683,10.23,70.29,0,0.21,17.05.2024 08:21:24
0,151.13,806,683,10.21,70.30,0,0.48,17.05.2024 08:21:27
0,151.69,809,682,10.19,70.26,0,0.53,17.05.2024 08:21:29
0,151.88,810,682,10.20,70.30,0,0.54,17.05.2024 08:21:31
0,147.19,785,682,10.19,70.29,0,0.19,17.05.2024 08:21:33
0,150.38,802,682,10.20,70.27,0,0.43,17.05.2024 08:21:35
0,150.00,800,682,10.19,70.31,0,0.40,17.05.2024 08:21:37
0,150.56,803,682,10.21,70.33,0,0.44,17.05.2024 08:21:39
0,148.88,794,682,10.20,70.30,0,0.31,17.05.2024 08:21:41
0,152.06,811,682,10.19,70.27,0,0.56,17.05.2024 08:21:43
0,150.38,802,682,10.20,70.30,0,0.43,17.05.2024 08:21:46
0,151.88,810,682,10.19,70.30,0,0.55,17.05.2024 08:21:48
0,149.25,796,682,10.20,70.31,0,0.34,17.05.2024 08:21:50
0,148.88,794,682,10.19,70.30,0,0.32,17.05.2024 08:21:52
0,151.69,809,682,10.21,70.31,0,0.53,17.05.2024 08:21:54
0,153.19,817,681,10.20,70.30,0,0.65,17.05.2024 08:21:56
0,149.06,795,681,10.20,70.32,0,0.33,17.05.2024 08:21:58
0,146.25,780,681,10.19,70.30,0,0.12,17.05.2024 08:22:00
0,152.44,813,681,10.20,70.29,0,0.59,17.05.2024 08:22:03
0,151.13,806,681,10.21,70.30,0,0.48,17.05.2024 08:22:05
0,150.38,802,681,10.19,70.27,0,0.43,17.05.2024 08:22:07
0,151.13,806,682,10.20,70.31,0,0.49,17.05.2024 08:22:09
0,144.75,772,681,10.20,70.30,0,0.02,17.05.2024 08:22:11
0,150.94,805,681,10.21,70.30,0,0.47,17.05.2024 08:22:13
0,148.31,791,681,10.20,70.30,0,0.27,17.05.2024 08:22:15
0,153.94,821,681,10.21,70.29,0,0.71,17.05.2024 08:22:17
0,147.56,787,681,10.20,70.30,0,0.22,17.05.2024 08:22:20
0,148.69,793,680,10.17,70.29,0,0.31,17.05.2024 08:22:22
0,156.75,836,680,10.20,70.30,0,0.94,17.05.2024 08:22:24
0,151.31,807,680,10.19,70.27,0,0.50,17.05.2024 08:22:26
0,147.56,787,680,10.20,70.28,0,0.22,17.05.2024 08:22:28
0,149.63,798,680,10.20,70.30,0,0.37,17.05.2024 08:22:30
0,150.94,805,679,10.20,70.30,0,0.47,17.05.2024 08:22:32
0,149.81,799,680,10.20,70.30,0,0.38,17.05.2024 08:22:34
0,151.13,806,680,10.19,70.28,0,0.49,17.05.2024 08:22:37
0,153.00,816,680,10.19,70.28,0,0.64,17.05.2024 08:22:39
0,153.00,816,679,10.21,70.26,0,0.63,17.05.2024 08:22:41
0,149.81,799,679,10.19,70.27,0,0.39,17.05.2024 08:22:43
0,154.13,822,678,10.20,70.30,0,0.72,17.05.2024 08:22:45
0,150.56,803,678,10.19,70.30,0,0.44,17.05.2024 08:22:47
0,150.38,802,678,10.20,70.28,0,0.43,17.05.2024 08:22:49
0,149.06,795,678,10.19,70.27,0,0.33,17.05.2024 08:22:51
0,150.38,802,678,10.21,70.29,0,0.43,17.05.2024 08:22:54
0,150.94,805,677,10.21,70.30,0,0.47,17.05.2024 08:22:56
0,147.38,786,678,10.19,70.29,0,0.21,17.05.2024 08:22:58
0,143.44,765,677,10.20,70.30,0,-0.08,17.05.2024 08:23:00
0,150.56,803,678,10.21,70.28,0,0.44,17.05.2024 08:23:02
0,146.81,783,678,10.20,70.28,0,0.16,17.05.2024 08:23:06
0,148.88,794,678,10.21,70.30,0,0.31,17.05.2024 08:23:08
0,149.81,799,678,10.19,70.27,0,0.39,17.05.2024 08:23:10
0,147.94,789,678,10.21,70.28,0,0.24,17.05.2024 08:23:13
0,145.69,777,678,10.21,70.28,0,0.08,17.05.2024 08:23:15
0,148.50,792,678,10.20,70.30,0,0.29,17.05.2024 08:23:17
0,150.75,804,677,10.20,70.28,0,0.46,17.05.2024 08:23:19
0,144.56,771,678,10.21,70.29,0,0.00,17.05.2024 08:23:21
0,149.06,795,677,10.23,70.29,0,0.32,17.05.2024 08:23:23
0,148.69,793,677,10.19,70.29,0,0.30,17.05.2024 08:23:25
0,148.13,790,677,10.19,70.29,0,0.26,17.05.2024 08:23:27
0,144.94,773,677,10.21,70.28,0,0.03,17.05.2024 08:23:30
0,149.44,797,677,10.20,70.29,0,0.36,17.05.2024 08:23:32
0,147.38,786,677,10.19,70.28,0,0.21,17.05.2024 08:23:34
0,148.50,792,678,10.20,70.27,0,0.29,17.05.2024 08:23:36
0,155.25,828,678,10.20,70.28,0,0.82,17.05.2024 08:23:38
0,150.38,802,678,10.21,70.26,0,0.43,17.05.2024 08:23:40
0,150.19,801,678,10.21,70.28,0,0.41,17.05.2024 08:23:42
0,150.56,803,678,10.19,70.27,0,0.45,17.05.2024 08:23:44
0,152.63,814,678,10.19,70.27,0,0.61,17.05.2024 08:23:46
0,151.13,806,678,10.20,70.30,0,0.49,17.05.2024 08:23:49
0,150.94,805,677,10.19,70.27,0,0.48,17.05.2024 08:23:51
0,150.19,801,677,10.19,70.26,0,0.42,17.05.2024 08:23:53
0,151.50,808,677,10.20,70.30,0,0.51,17.05.2024 08:23:55
0,152.25,812,677,10.20,70.27,0,0.58,17.05.2024 08:23:57
0,149.06,795,678,10.19,70.27,0,0.33,17.05.2024 08:23:59
0,150.56,803,678,10.19,70.26,0,0.45,17.05.2024 08:24:01
0,148.69,793,677,10.21,70.30,0,0.30,17.05.2024 08:24:03
0,151.50,808,678,10.21,70.29,0,0.51,17.05.2024 08:24:06
0,152.63,814,678,10.20,70.29,0,0.60,17.05.2024 08:24:08
0,149.81,799,678,10.20,70.29,0,0.39,17.05.2024 08:24:10
0,150.38,802,678,10.21,70.29,0,0.43,17.05.2024 08:24:12
0,153.94,821,678,10.17,70.29,0,0.72,17.05.2024 08:24:14
0,150.19,801,679,10.20,70.27,0,0.41,17.05.2024 08:24:16
0,150.38,802,678,10.21,70.31,0,0.43,17.05.2024 08:24:18
0,149.81,799,678,10.19,70.26,0,0.39,17.05.2024 08:24:20
0,151.50,808,678,10.20,70.29,0,0.52,17.05.2024 08:24:23
0,149.81,799,677,10.19,70.28,0,0.39,17.05.2024 08:24:25
0,149.25,796,677,10.20,70.28,0,0.34,17.05.2024 08:24:27
0,148.13,790,677,10.20,70.26,0,0.26,17.05.2024 08:24:29
0,149.25,796,677,10.20,70.25,0,0.34,17.05.2024 08:24:31
0,152.81,815,677,10.20,70.28,0,0.62,17.05.2024 08:24:33
0,148.13,790,677,10.19,70.26,0,0.26,17.05.2024 08:24:35
0,146.63,782,677,10.20,70.28,0,0.15,17.05.2024 08:24:37
0,147.94,789,677,10.23,70.29,0,0.24,17.05.2024 08:24:40
0,152.06,811,677,10.20,70.30,0,0.56,17.05.2024 08:24:42
0,149.81,799,677,10.20,70.22,0,0.39,17.05.2024 08:24:44
0,153.75,820,676,10.21,70.27,0,0.69,17.05.2024 08:24:46
0,149.25,796,676,10.20,70.26,0,0.34,17.05.2024 08:24:48
0,150.38,802,676,10.20,70.29,0,0.43,17.05.2024 08:24:50
0,151.69,809,676,10.19,70.28,0,0.53,17.05.2024 08:24:52
0,148.69,793,676,10.20,70.30,0,0.30,17.05.2024 08:24:54
0,148.31,791,676,10.21,70.27,0,0.27,17.05.2024 08:24:57
0,148.69,793,676,10.20,70.28,0,0.30,17.05.2024 08:24:59
0,150.75,804,676,10.20,70.24,0,0.46,17.05.2024 08:25:01
0,148.13,790,676,10.19,70.27,0,0.26,17.05.2024 08:25:03
0,151.13,806,675,10.20,70.29,0,0.49,17.05.2024 08:25:05
0,149.81,799,675,10.17,70.27,0,0.39,17.05.2024 08:25:07
0,147.19,785,675,10.20,70.27,0,0.19,17.05.2024 08:25:09
0,148.31,791,676,10.20,70.26,0,0.27,17.05.2024 08:25:11
0,148.88,794,676,10.19,70.25,0,0.32,17.05.2024 08:25:16
0,152.63,814,675,10.20,70.27,0,0.60,17.05.2024 08:25:18
0,150.38,802,675,10.19,70.28,0,0.43,17.05.2024 08:25:20
0,144.19,769,675,10.21,70.27,0,-0.02,17.05.2024 08:25:22
0,147.00,784,675,10.19,70.27,0,0.18,17.05.2024 08:25:24
0,147.19,785,675,10.20,70.26,0,0.19,17.05.2024 08:25:26
0,148.50,792,674,10.21,70.25,0,0.29,17.05.2024 08:25:28
0,143.63,766,675,10.20,70.26,0,-0.06,17.05.2024 08:25:30
0,148.13,790,674,10.20,70.29,0,0.26,17.05.2024 08:25:32
0,146.06,779,674,10.23,70.27,0,0.10,17.05.2024 08:25:35
0,144.38,770,674,10.19,70.27,0,-0.01,17.05.2024 08:25:37
0,147.75,788,674,10.20,70.25,0,0.23,17.05.2024 08:25:39
0,149.25,796,675,10.19,70.25,0,0.35,17.05.2024 08:25:41
0,149.44,797,675,10.19,70.24,0,0.36,17.05.2024 08:25:43
0,148.50,792,674,10.19,70.24,0,0.29,17.05.2024 08:25:45
0,151.50,808,675,10.19,70.24,0,0.52,17.05.2024 08:25:47
0,150.19,801,675,10.20,70.27,0,0.41,17.05.2024 08:25:49
0,150.56,803,675,10.17,70.26,0,0.45,17.05.2024 08:25:52
0,150.56,803,674,10.20,70.26,0,0.44,17.05.2024 08:25:54
0,151.88,810,674,10.17,70.27,0,0.55,17.05.2024 08:25:56
0,152.81,815,674,10.20,70.27,0,0.62,17.05.2024 08:25:58
0,148.88,794,674,10.20,70.26,0,0.32,17.05.2024 08:26:00
0,151.50,808,674,10.19,70.27,0,0.52,17.05.2024 08:26:02
0,146.44,781,674,10.19,70.26,0,0.14,17.05.2024 08:26:04
0,148.69,793,673,10.19,70.27,0,0.30,17.05.2024 08:26:06
0,151.88,810,673,10.19,70.26,0,0.55,17.05.2024 08:26:09
0,149.63,798,672,10.19,70.25,0,0.37,17.05.2024 08:26:11
0,148.50,792,672,10.20,70.26,0,0.29,17.05.2024 08:26:13
0,149.63,798,672,10.19,70.25,0,0.37,17.05.2024 08:26:15
0,150.75,804,672,10.17,70.27,0,0.46,17.05.2024 08:26:17
0,150.38,802,671,10.19,70.25,0,0.43,17.05.2024 08:26:19
0,150.00,800,671,10.16,70.25,0,0.41,17.05.2024 08:26:21
0,151.31,807,671,10.17,70.27,0,0.51,17.05.2024 08:26:23
0,155.44,829,672,10.17,70.26,0,0.84,17.05.2024 08:26:26
0,150.38,802,671,10.17,70.26,0,0.43,17.05.2024 08:26:28
0,150.56,803,671,10.20,70.26,0,0.44,17.05.2024 08:26:30
0,153.00,816,671,10.20,70.29,0,0.63,17.05.2024 08:26:32
0,154.13,822,671,10.19,70.25,0,0.73,17.05.2024 08:26:34
0,154.13,822,671,10.20,70.29,0,0.73,17.05.2024 08:26:36
0,150.00,800,671,10.19,70.24,0,0.40,17.05.2024 08:26:38
0,147.75,788,671,10.19,70.25,0,0.23,17.05.2024 08:26:40
0,150.38,802,671,10.17,70.25,0,0.43,17.05.2024 08:26:43
0,151.50,808,672,10.20,70.26,0,0.52,17.05.2024 08:26:45
0,148.69,793,672,10.19,70.27,0,0.30,17.05.2024 08:26:47
0,150.75,804,671,10.19,70.27,0,0.46,17.05.2024 08:26:49
0,152.25,812,670,10.19,70.27,0,0.58,17.05.2024 08:26:51
0,151.69,809,670,10.21,70.26,0,0.53,17.05.2024 08:26:53
0,148.13,790,670,10.20,70.25,0,0.26,17.05.2024 08:26:55
0,150.38,802,670,10.19,70.26,0,0.43,17.05.2024 08:26:57
0,150.56,803,670,10.19,70.25,0,0.45,17.05.2024 08:27:00
0,150.94,805,669,10.19,70.25,0,0.48,17.05.2024 08:27:02
0,149.25,796,669,10.19,70.27,0,0.35,17.05.2024 08:27:04
0,148.50,792,670,10.19,70.27,0,0.29,17.05.2024 08:27:06
0,150.56,803,670,10.19,70.27,0,0.45,17.05.2024 08:27:08
0,151.69,809,670,10.20,70.25,0,0.53,17.05.2024 08:27:10
0,149.25,796,670,10.19,70.25,0,0.35,17.05.2024 08:27:12
0,150.00,800,670,10.20,70.24,0,0.40,17.05.2024 08:27:14
0,149.25,796,670,10.17,70.25,0,0.35,17.05.2024 08:27:17
0,146.63,782,670,10.19,70.26,0,0.15,17.05.2024 08:27:19
0,150.19,801,670,10.17,70.26,0,0.42,17.05.2024 08:27:21
0,149.06,795,670,10.19,70.25,0,0.33,17.05.2024 08:27:25
0,148.31,791,670,10.19,70.25,0,0.28,17.05.2024 08:27:27
0,147.19,785,670,10.19,70.27,0,0.19,17.05.2024 08:27:29
0,144.94,773,669,10.20,70.29,0,0.03,17.05.2024 08:27:31
0,145.13,774,670,10.19,70.24,0,0.05,17.05.2024 08:27:33
0,146.44,781,670,10.17,70.25,0,0.14,17.05.2024 08:27:35
0,148.69,793,670,10.19,70.22,0,0.31,17.05.2024 08:27:38
0,147.94,789,670,10.19,70.24,0,0.25,17.05.2024 08:27:40
0,147.75,788,670,10.20,70.26,0,0.23,17.05.2024 08:27:42
0,148.69,793,670,10.20,70.24,0,0.30,17.05.2024 08:27:44
0,147.94,789,670,10.19,70.21,0,0.25,17.05.2024 08:27:46
0,148.13,790,670,10.19,70.24,0,0.26,17.05.2024 08:27:48
0,148.50,792,670,10.19,70.25,0,0.29,17.05.2024 08:27:50
0,150.38,802,670,10.17,70.23,0,0.44,17.05.2024 08:27:52
0,147.38,786,670,10.20,70.23,0,0.21,17.05.2024 08:27:55
0,148.88,794,670,10.19,70.23,0,0.32,17.05.2024 08:27:57
0,148.50,792,670,10.17,70.23,0,0.29,17.05.2024 08:27:59
0,148.88,794,670,10.19,70.23,0,0.32,17.05.2024 08:28:01
0,149.25,796,670,10.19,70.23,0,0.35,17.05.2024 08:28:03
0,150.19,801,670,10.19,70.22,0,0.42,17.05.2024 08:28:05
0,149.81,799,670,10.19,70.25,0,0.39,17.05.2024 08:28:07
0,149.44,797,670,10.19,70.25,0,0.36,17.05.2024 08:28:09
0,150.19,801,670,10.17,70.25,0,0.42,17.05.2024 08:28:12
0,149.44,797,670,10.16,70.24,0,0.37,17.05.2024 08:28:14
0,150.56,803,670,10.16,70.24,0,0.45,17.05.2024 08:28:16
0,149.63,798,670,10.17,70.22,0,0.38,17.05.2024 08:28:18
0,150.19,801,670,10.17,70.22,0,0.42,17.05.2024 08:28:20
0,152.44,813,670,10.17,70.23,0,0.60,17.05.2024 08:28:22
0,151.88,810,670,10.20,70.25,0,0.55,17.05.2024 08:28:24
0,151.69,809,670,10.17,70.22,0,0.54,17.05.2024 08:28:27
0,148.88,794,670,10.17,70.25,0,0.32,17.05.2024 08:28:29
0,148.31,791,670,10.17,70.25,0,0.28,17.05.2024 08:28:31
0,148.31,791,671,10.20,70.23,0,0.27,17.05.2024 08:28:34
0,146.44,781,671,10.19,70.25,0,0.14,17.05.2024 08:28:36
0,147.56,787,670,10.16,70.21,0,0.23,17.05.2024 08:28:38
0,144.75,772,670,10.17,70.25,0,0.02,17.05.2024 08:28:40
0,151.69,809,670,10.19,70.23,0,0.54,17.05.2024 08:28:42
0,148.88,794,670,10.19,70.27,0,0.32,17.05.2024 08:28:44
0,151.13,806,670,10.19,70.24,0,0.49,17.05.2024 08:28:46
0,146.25,780,670,10.17,70.23,0,0.13,17.05.2024 08:28:49
0,150.38,802,670,10.17,70.25,0,0.43,17.05.2024 08:28:51
0,147.94,789,670,10.21,70.22,0,0.24,17.05.2024 08:28:53
0,150.75,804,670,10.20,70.21,0,0.46,17.05.2024 08:28:55
0,150.00,800,669,10.16,70.23,0,0.41,17.05.2024 08:28:57
0,148.69,793,669,10.19,70.21,0,0.31,17.05.2024 08:28:59
0,152.81,815,670,10.17,70.23,0,0.63,17.05.2024 08:29:01
0,148.31,791,669,10.17,70.24,0,0.28,17.05.2024 08:29:03
0,147.56,787,669,10.19,70.23,0,0.22,17.05.2024 08:29:06
0,149.63,798,669,10.16,70.20,0,0.38,17.05.2024 08:29:08
0,148.50,792,669,10.17,70.21,0,0.29,17.05.2024 08:29:10
0,146.81,783,668,10.20,70.22,0,0.16,17.05.2024 08:29:12
0,148.31,791,668,10.17,70.24,0,0.28,17.05.2024 08:29:14
0,149.06,795,668,10.17,70.24,0,0.34,17.05.2024 08:29:16
0,147.56,787,668,10.17,70.26,0,0.22,17.05.2024 08:29:18
0,150.56,803,668,10.19,70.22,0,0.45,17.05.2024 08:29:20
0,149.44,797,668,10.17,70.23,0,0.36,17.05.2024 08:29:22
0,150.00,800,668,10.19,70.22,0,0.40,17.05.2024 08:29:25
0,150.38,802,668,10.19,70.21,0,0.43,17.05.2024 08:29:27
0,146.81,783,668,10.19,70.24,0,0.17,17.05.2024 08:29:29
0,153.38,818,669,10.17,70.25,0,0.67,17.05.2024 08:29:31
0,148.31,791,668,10.16,70.22,0,0.28,17.05.2024 08:29:33
0,150.38,802,668,10.16,70.24,0,0.44,17.05.2024 08:29:35
0,148.13,790,668,10.17,70.24,0,0.26,17.05.2024 08:29:37
0,146.63,782,667,10.17,70.21,0,0.16,17.05.2024 08:29:39
0,150.00,800,667,10.19,70.19,0,0.41,17.05.2024 08:29:42
0,148.50,792,667,10.17,70.24,0,0.29,17.05.2024 08:29:44
0,150.00,800,667,10.19,70.23,0,0.40,17.05.2024 08:29:46
0,151.50,808,666,10.17,70.23,0,0.52,17.05.2024 08:29:48
0,152.06,811,666,10.19,70.23,0,0.56,17.05.2024 08:29:50
0,151.13,806,667,10.19,70.27,0,0.49,17.05.2024 08:29:52
0,147.56,787,667,10.17,70.21,0,0.22,17.05.2024 08:29:54
0,147.94,789,666,10.17,70.24,0,0.25,17.05.2024 08:29:56
0,147.75,788,667,10.19,70.22,0,0.24,17.05.2024 08:29:59
0,149.81,799,667,10.17,70.22,0,0.39,17.05.2024 08:30:01
0,150.75,804,667,10.19,70.18,0,0.46,17.05.2024 08:30:03
0,150.00,800,667,10.19,70.24,0,0.40,17.05.2024 08:30:05
0,151.69,809,667,10.19,70.21,0,0.54,17.05.2024 08:30:07
0,150.19,801,667,10.20,70.24,0,0.42,17.05.2024 08:30:09
0,151.50,808,667,10.17,70.21,0,0.52,17.05.2024 08:30:11
0,148.69,793,667,10.17,70.21,0,0.31,17.05.2024 08:30:13
0,148.69,793,667,10.19,70.20,0,0.31,17.05.2024 08:30:16
0,147.75,788,667,10.19,70.22,0,0.24,17.05.2024 08:30:18
0,148.88,794,667,10.17,70.25,0,0.32,17.05.2024 08:30:20
0,150.56,803,667,10.17,70.22,0,0.45,17.05.2024 08:30:22
0,147.94,789,667,10.17,70.22,0,0.25,17.05.2024 08:30:24
0,149.81,799,667,10.20,70.23,0,0.39,17.05.2024 08:30:26
0,153.38,818,667,10.17,70.24,0,0.67,17.05.2024 08:30:28
0,151.13,806,667,10.19,70.21,0,0.49,17.05.2024 08:30:30
0,150.19,801,667,10.20,70.20,0,0.42,17.05.2024 08:30:33
0,148.69,793,668,10.17,70.22,0,0.31,17.05.2024 08:30:37
0,147.19,785,668,10.19,70.20,0,0.20,17.05.2024 08:30:39
0,146.25,780,668,10.19,70.23,0,0.13,17.05.2024 08:30:41
0,145.69,777,668,10.16,70.22,0,0.09,17.05.2024 08:30:43
0,149.25,796,668,10.17,70.24,0,0.35,17.05.2024 08:30:45
0,148.69,793,669,10.20,70.20,0,0.30,17.05.2024 08:30:47
0,148.88,794,669,10.17,70.19,0,0.32,17.05.2024 08:30:49
0,145.31,775,669,10.17,70.25,0,0.06,17.05.2024 08:30:52
0,146.44,781,669,10.19,70.21,0,0.14,17.05.2024 08:30:54
0,148.69,793,669,10.17,70.20,0,0.31,17.05.2024 08:30:56
0,147.00,784,669,10.19,70.19,0,0.18,17.05.2024 08:30:58
0,147.94,789,669,10.19,70.19,0,0.25,17.05.2024 08:31:00
0,145.31,775,669,10.19,70.21,0,0.06,17.05.2024 08:31:02
0,154.69,825,669,10.16,70.20,0,0.78,17.05.2024 08:31:04
0,152.63,814,669,10.19,70.22,0,0.61,17.05.2024 08:31:06
0,149.25,796,669,10.16,70.19,0,0.35,17.05.2024 08:31:09
0,147.94,789,668,10.19,70.22,0,0.25,17.05.2024 08:31:11
0,149.81,799,668,10.17,70.19,0,0.39,17.05.2024 08:31:13
0,147.19,785,668,10.19,70.19,0,0.20,17.05.2024 08:31:15
0,148.50,792,668,10.17,70.19,0,0.29,17.05.2024 08:31:17
0,149.25,796,668,10.16,70.20,0,0.35,17.05.2024 08:31:19
0,152.25,812,667,10.19,70.24,0,0.58,17.05.2024 08:31:21
0,148.50,792,668,10.17,70.20,0,0.29,17.05.2024 08:31:23
0,149.63,798,668,10.17,70.23,0,0.38,17.05.2024 08:31:25
0,152.44,813,667,10.19,70.21,0,0.60,17.05.2024 08:31:28
0,147.56,787,667,10.16,70.23,0,0.23,17.05.2024 08:31:30
0,152.06,811,667,10.16,70.20,0,0.57,17.05.2024 08:31:32
0,151.13,806,667,10.17,70.19,0,0.49,17.05.2024 08:31:34
0,148.69,793,667,10.16,70.19,0,0.31,17.05.2024 08:31:36
0,151.50,808,668,10.17,70.19,0,0.52,17.05.2024 08:31:38
0,148.69,793,667,10.16,70.20,0,0.31,17.05.2024 08:31:40
0,147.19,785,667,10.16,70.22,0,0.20,17.05.2024 08:31:42
0,149.44,797,667,10.19,70.22,0,0.36,17.05.2024 08:31:45
0,148.13,790,667,10.16,70.20,0,0.27,17.05.2024 08:31:47
0,152.25,812,667,10.16,70.21,0,0.59,17.05.2024 08:31:49
0,150.38,802,667,10.16,70.24,0,0.44,17.05.2024 08:31:51
0,147.38,786,666,10.17,70.20,0,0.21,17.05.2024 08:31:53
0,145.31,775,667,10.16,70.20,0,0.06,17.05.2024 08:31:55
0,147.56,787,667,10.14,70.22,0,0.23,17.05.2024 08:31:57
0,152.25,812,666,10.14,70.16,0,0.59,17.05.2024 08:31:59
0,147.94,789,666,10.19,70.20,0,0.25,17.05.2024 08:32:02
0,151.13,806,667,10.19,70.21,0,0.49,17.05.2024 08:32:04
0,148.13,790,666,10.16,70.20,0,0.27,17.05.2024 08:32:06
0,147.56,787,666,10.16,70.22,0,0.23,17.05.2024 08:32:08
0,147.38,786,666,10.19,70.17,0,0.21,17.05.2024 08:32:10
0,145.88,778,666,10.17,70.21,0,0.10,17.05.2024 08:32:12
0,149.25,796,666,10.17,70.19,0,0.35,17.05.2024 08:32:14
0,147.94,789,666,10.17,70.18,0,0.25,17.05.2024 08:32:16
0,150.56,803,666,10.16,70.21,0,0.45,17.05.2024 08:32:19
0,151.69,809,667,10.17,70.22,0,0.54,17.05.2024 08:32:21
0,149.25,796,667,10.19,70.18,0,0.35,17.05.2024 08:32:23
0,151.50,808,667,10.16,70.21,0,0.53,17.05.2024 08:32:25
0,146.06,779,667,10.17,70.21,0,0.12,17.05.2024 08:32:27
0,147.00,784,667,10.16,70.19,0,0.19,17.05.2024 08:32:29
0,151.13,806,668,10.17,70.17,0,0.50,17.05.2024 08:32:31
0,150.38,802,668,10.17,70.18,0,0.44,17.05.2024 08:32:33
0,146.81,783,669,10.17,70.18,0,0.17,17.05.2024 08:32:36
0,150.19,801,669,10.16,70.20,0,0.42,17.05.2024 08:32:38
0,148.13,790,668,10.16,70.20,0,0.27,17.05.2024 08:32:40
0,145.88,778,668,10.17,70.17,0,0.10,17.05.2024 08:32:42
0,150.00,800,669,10.17,70.21,0,0.41,17.05.2024 08:32:44
0,147.38,786,669,10.17,70.21,0,0.21,17.05.2024 08:32:48
0,147.38,786,669,10.20,70.20,0,0.21,17.05.2024 08:32:50
0,145.69,777,669,10.19,70.19,0,0.09,17.05.2024 08:32:52
0,145.13,774,670,10.17,70.19,0,0.05,17.05.2024 08:32:55
0,147.56,787,669,10.19,70.15,0,0.22,17.05.2024 08:32:57
0,147.38,786,670,10.17,70.22,0,0.21,17.05.2024 08:32:59
0,147.38,786,670,10.17,70.21,0,0.21,17.05.2024 08:33:01
0,146.25,780,670,10.16,70.20,0,0.13,17.05.2024 08:33:03
0,146.25,780,670,10.19,70.20,0,0.13,17.05.2024 08:33:05
0,144.94,773,670,10.17,70.18,0,0.04,17.05.2024 08:33:07
0,149.06,795,670,10.16,70.17,0,0.34,17.05.2024 08:33:09
0,148.50,792,670,10.16,70.20,0,0.30,17.05.2024 08:33:11
0,144.38,770,670,10.17,70.18,0,-0.00,17.05.2024 08:33:14
0,148.69,793,670,10.17,70.20,0,0.31,17.05.2024 08:33:16
0,147.19,785,670,10.16,70.20,0,0.20,17.05.2024 08:33:18
0,151.69,809,671,10.16,70.18,0,0.54,17.05.2024 08:33:20
0,147.38,786,671,10.17,70.20,0,0.21,17.05.2024 08:33:22
0,148.69,793,671,10.19,70.19,0,0.31,17.05.2024 08:33:24
0,150.56,803,670,10.17,70.20,0,0.45,17.05.2024 08:33:26
0,148.50,792,671,10.16,70.20,0,0.30,17.05.2024 08:33:28
0,150.00,800,670,10.16,70.20,0,0.41,17.05.2024 08:33:31
0,148.88,794,671,10.19,70.18,0,0.32,17.05.2024 08:33:33
0,149.81,799,671,10.13,70.20,0,0.40,17.05.2024 08:33:35
0,149.63,798,671,10.17,70.21,0,0.38,17.05.2024 08:33:37
0,150.56,803,671,10.16,70.20,0,0.45,17.05.2024 08:33:39
0,150.75,804,671,10.14,70.16,0,0.47,17.05.2024 08:33:41
0,150.19,801,670,10.19,70.18,0,0.42,17.05.2024 08:33:43
0,150.56,803,671,10.14,70.20,0,0.46,17.05.2024 08:33:45
0,151.31,807,671,10.16,70.20,0,0.51,17.05.2024 08:33:48
0,146.25,780,672,10.16,70.20,0,0.13,17.05.2024 08:33:50
0,148.31,791,672,10.16,70.20,0,0.28,17.05.2024 08:33:52
0,153.19,817,672,10.17,70.19,0,0.66,17.05.2024 08:33:54
0,148.88,794,672,10.16,70.20,0,0.32,17.05.2024 08:33:56
0,152.25,812,672,10.14,70.18,0,0.59,17.05.2024 08:33:58
0,147.94,789,672,10.17,70.23,0,0.25,17.05.2024 08:34:00
0,151.69,809,672,10.16,70.22,0,0.54,17.05.2024 08:34:02
0,149.06,795,671,10.19,70.21,0,0.33,17.05.2024 08:34:05
0,149.81,799,672,10.17,70.21,0,0.39,17.05.2024 08:34:07
0,150.19,801,672,10.17,70.23,0,0.42,17.05.2024 08:34:09
0,149.06,795,672,10.16,70.21,0,0.34,17.05.2024 08:34:11
0,148.50,792,672,10.17,70.20,0,0.29,17.05.2024 08:34:13
0,152.63,814,673,10.16,70.20,0,0.62,17.05.2024 08:34:15
0,148.50,792,673,10.16,70.20,0,0.30,17.05.2024 08:34:17
0,147.75,788,672,10.14,70.18,0,0.24,17.05.2024 08:34:19
0,149.44,797,672,10.16,70.21,0,0.37,17.05.2024 08:34:22
0,151.31,807,672,10.17,70.20,0,0.51,17.05.2024 08:34:24
0,148.88,794,672,10.14,70.17,0,0.33,17.05.2024 08:34:26
0,153.56,819,673,10.14,70.17,0,0.69,17.05.2024 08:34:28
0,147.94,789,672,10.17,70.20,0,0.25,17.05.2024 08:34:30
0,149.63,798,672,10.17,70.23,0,0.38,17.05.2024 08:34:32
0,147.75,788,673,10.16,70.20,0,0.24,17.05.2024 08:34:34
0,147.00,784,672,10.14,70.17,0,0.19,17.05.2024 08:34:36
0,149.44,797,672,10.17,70.22,0,0.36,17.05.2024 08:34:39
0,149.63,798,672,10.14,70.20,0,0.38,17.05.2024 08:34:41
0,150.75,804,673,10.17,70.19,0,0.47,17.05.2024 08:34:43
0,149.25,796,673,10.16,70.20,0,0.35,17.05.2024 08:34:45
0,152.25,812,672,10.17,70.18,0,0.58,17.05.2024 08:34:47
0,152.25,812,672,10.17,70.18,0,0.58,17.05.2024 08:34:49
0,147.75,788,671,10.16,70.22,0,0.24,17.05.2024 08:34:51
0,149.44,797,671,10.14,70.20,0,0.37,17.05.2024 08:34:53
0,148.69,793,671,10.17,70.18,0,0.31,17.05.2024 08:34:58
0,150.00,800,670,10.17,70.17,0,0.41,17.05.2024 08:35:00
0,150.75,804,670,10.16,70.20,0,0.47,17.05.2024 08:35:02
0,147.56,787,670,10.19,70.19,0,0.22,17.05.2024 08:35:04
0,145.31,775,670,10.17,70.22,0,0.06,17.05.2024 08:35:06
0,147.00,784,671,10.17,70.17,0,0.18,17.05.2024 08:35:08
0,150.19,801,671,10.17,70.22,0,0.42,17.05.2024 08:35:10
0,149.44,797,671,10.14,70.18,0,0.37,17.05.2024 08:35:12
0,147.94,789,671,10.17,70.20,0,0.25,17.05.2024 08:35:14
0,149.63,798,671,10.17,70.22,0,0.38,17.05.2024 08:35:17
0,147.19,785,671,10.16,70.20,0,0.20,17.05.2024 08:35:19
0,151.31,807,670,10.16,70.20,0,0.51,17.05.2024 08:35:21
0,148.69,793,670,10.13,70.18,0,0.32,17.05.2024 08:35:23
0,149.44,797,670,10.16,70.21,0,0.37,17.05.2024 08:35:25
0,150.19,801,670,10.16,70.21,0,0.42,17.05.2024 08:35:27
0,149.06,795,670,10.16,70.20,0,0.34,17.05.2024 08:35:29
0,150.75,804,671,10.17,70.22,0,0.46,17.05.2024 08:35:31
0,146.81,783,670,10.17,70.21,0,0.17,17.05.2024 08:35:34
0,147.75,788,671,10.17,70.19,0,0.24,17.05.2024 08:35:36
0,148.88,794,671,10.14,70.17,0,0.33,17.05.2024 08:35:38
0,149.63,798,671,10.14,70.20,0,0.38,17.05.2024 08:35:40
0,150.94,805,671,10.16,70.23,0,0.48,17.05.2024 08:35:42
0,149.63,798,671,10.16,70.21,0,0.38,17.05.2024 08:35:44
0,149.81,799,671,10.16,70.20,0,0.40,17.05.2024 08:35:46
0,148.50,792,671,10.17,70.23,0,0.29,17.05.2024 08:35:48
0,151.88,810,672,10.16,70.20,0,0.56,17.05.2024 08:35:51
0,148.50,792,672,10.14,70.22,0,0.30,17.05.2024 08:35:53
0,148.13,790,672,10.16,70.20,0,0.27,17.05.2024 08:35:55
0,154.13,822,671,10.17,70.23,0,0.73,17.05.2024 08:35:57
0,152.06,811,671,10.16,70.21,0,0.57,17.05.2024 08:35:59
0,154.50,824,671,10.17,70.24,0,0.76,17.05.2024 08:36:01
0,147.19,785,671,10.16,70.23,0,0.20,17.05.2024 08:36:03
0,152.44,813,671,10.14,70.20,0,0.60,17.05.2024 08:36:05
0,150.94,805,670,10.13,70.20,0,0.49,17.05.2024 08:36:08
0,150.94,805,671,10.16,70.21,0,0.48,17.05.2024 08:36:10
0,152.44,813,671,10.16,70.20,0,0.60,17.05.2024 08:36:12
0,146.81,783,670,10.19,70.23,0,0.17,17.05.2024 08:36:14
0,148.31,791,671,10.16,70.24,0,0.28,17.05.2024 08:36:16
0,147.75,788,671,10.14,70.21,0,0.24,17.05.2024 08:36:18
0,149.44,797,671,10.16,70.22,0,0.37,17.05.2024 08:36:20
0,146.63,782,671,10.16,70.25,0,0.16,17.05.2024 08:36:22
0,153.38,818,671,10.17,70.23,0,0.67,17.05.2024 08:36:25
0,150.94,805,671,10.14,70.20,0,0.49,17.05.2024 08:36:27
0,147.38,786,671,10.16,70.20,0,0.21,17.05.2024 08:36:29
0,150.56,803,671,10.16,70.20,0,0.45,17.05.2024 08:36:31
0,150.19,801,671,10.17,70.23,0,0.42,17.05.2024 08:36:33
0,150.75,804,671,10.14,70.23,0,0.47,17.05.2024 08:36:35
0,150.75,804,671,10.14,70.22,0,0.47,17.05.2024 08:36:37
0,148.31,791,671,10.14,70.22,0,0.28,17.05.2024 08:36:39
0,148.31,791,671,10.16,70.21,0,0.28,17.05.2024 08:36:41
0,148.31,791,671,10.17,70.24,0,0.28,17.05.2024 08:36:44
0,149.81,799,670,10.13,70.23,0,0.40,17.05.2024 08:36:46
0,147.00,784,670,10.17,70.23,0,0.18,17.05.2024 08:36:48
0,155.06,827,670,10.16,70.23,0,0.81,17.05.2024 08:36:50
0,146.44,781,670,10.14,70.22,0,0.15,17.05.2024 08:36:52
0,149.81,799,670,10.16,70.21,0,0.40,17.05.2024 08:36:54
0,147.94,789,670,10.16,70.21,0,0.25,17.05.2024 08:36:56
0,151.13,806,670,10.13,70.22,0,0.50,17.05.2024 08:36:58
0,147.75,788,669,10.14,70.24,0,0.24,17.05.2024 08:37:01
0,151.13,806,669,10.14,70.24,0,0.50,17.05.2024 08:37:03
0,149.06,795,669,10.16,70.23,0,0.34,17.05.2024 08:37:05
0,147.94,789,669,10.16,70.23,0,0.25,17.05.2024 08:37:07
0,152.25,812,668,10.13,70.24,0,0.59,17.05.2024 08:37:09
0,149.81,799,668,10.16,70.20,0,0.40,17.05.2024 08:37:11
0,148.88,794,668,10.14,70.24,0,0.33,17.05.2024 08:37:13
0,149.81,799,668,10.13,70.24,0,0.40,17.05.2024 08:37:15
0,147.38,786,668,10.16,70.24,0,0.21,17.05.2024 08:37:20
0,148.88,794,668,10.13,70.21,0,0.33,17.05.2024 08:37:22
0,148.88,794,668,10.16,70.22,0,0.32,17.05.2024 08:37:24
0,147.19,785,668,10.16,70.24,0,0.20,17.05.2024 08:37:26
0,144.75,772,669,10.17,70.24,0,0.02,17.05.2024 08:37:28
0,147.38,786,669,10.13,70.19,0,0.22,17.05.2024 08:37:30
0,146.81,783,668,10.14,70.25,0,0.17,17.05.2024 08:37:32
0,145.50,776,668,10.14,70.24,0,0.08,17.05.2024 08:37:34
0,147.56,787,668,10.17,70.25,0,0.22,17.05.2024 08:37:37
0,151.13,806,668,10.13,70.24,0,0.50,17.05.2024 08:37:39
0,147.94,789,668,10.16,70.27,0,0.25,17.05.2024 08:37:41
0,150.38,802,668,10.16,70.23,0,0.44,17.05.2024 08:37:43
0,150.56,803,668,10.16,70.23,0,0.45,17.05.2024 08:37:45
0,146.63,782,668,10.13,70.25,0,0.16,17.05.2024 08:37:47
0,149.81,799,668,10.14,70.24,0,0.40,17.05.2024 08:37:49
0,150.00,800,668,10.13,70.25,0,0.41,17.05.2024 08:37:51
0,150.94,805,668,10.13,70.25,0,0.49,17.05.2024 08:37:54
0,154.50,824,668,10.14,70.26,0,0.77,17.05.2024 08:37:56
0,151.69,809,668,10.16,70.27,0,0.54,17.05.2024 08:37:58
0,150.19,801,669,10.14,70.24,0,0.43,17.05.2024 08:38:00
0,148.69,793,668,10.16,70.26,0,0.31,17.05.2024 08:38:02
0,150.19,801,669,10.16,70.24,0,0.42,17.05.2024 08:38:04
0,149.25,796,669,10.14,70.28,0,0.35,17.05.2024 08:38:06
0,148.50,792,669,10.16,70.29,0,0.29,17.05.2024 08:38:08
0,151.13,806,669,10.14,70.30,0,0.50,17.05.2024 08:38:11
0,149.81,799,669,10.13,70.28,0,0.40,17.05.2024 08:38:13
0,151.69,809,669,10.13,70.28,0,0.54,17.05.2024 08:38:15
0,151.31,807,669,10.17,70.29,0,0.51,17.05.2024 08:38:17
0,153.19,817,669,10.13,70.30,0,0.66,17.05.2024 08:38:19
0,151.69,809,669,10.14,70.27,0,0.54,17.05.2024 08:38:21
0,151.88,810,669,10.14,70.30,0,0.55,17.05.2024 08:38:23
0,148.50,792,669,10.16,70.32,0,0.29,17.05.2024 08:38:25
0,151.69,809,669,10.14,70.28,0,0.54,17.05.2024 08:38:28
0,151.50,808,668,10.17,70.32,0,0.52,17.05.2024 08:38:30
0,149.81,799,668,10.13,70.27,0,0.40,17.05.2024 08:38:32
0,151.50,808,668,10.13,70.33,0,0.53,17.05.2024 08:38:34
0,147.38,786,669,10.14,70.31,0,0.21,17.05.2024 08:38:36
0,150.75,804,669,10.14,70.35,0,0.47,17.05.2024 08:38:38
0,150.19,801,669,10.14,70.32,0,0.42,17.05.2024 08:38:40
0,151.13,806,669,10.14,70.32,0,0.50,17.05.2024 08:38:42
0,150.19,801,669,10.14,70.34,0,0.42,17.05.2024 08:38:44
0,150.94,805,669,10.14,70.37,0,0.48,17.05.2024 08:38:47
0,151.13,806,669,10.16,70.36,0,0.49,17.05.2024 08:38:49
0,152.44,813,669,10.16,70.34,0,0.59,17.05.2024 08:38:51
0,147.75,788,670,10.16,70.34,0,0.24,17.05.2024 08:38:53
0,153.38,818,670,10.14,70.37,0,0.67,17.05.2024 08:38:55
0,147.38,786,669,10.14,70.36,0,0.21,17.05.2024 08:38:57
0,149.63,798,669,10.16,70.37,0,0.38,17.05.2024 08:38:59
0,145.88,778,670,10.19,70.38,0,0.09,17.05.2024 08:39:01
0,150.00,800,671,10.14,70.38,0,0.41,17.05.2024 08:39:04
0,153.75,820,671,10.16,70.37,0,0.70,17.05.2024 08:39:06
0,152.06,811,671,10.16,70.37,0,0.56,17.05.2024 08:39:08
0,150.19,801,672,10.13,70.36,0,0.42,17.05.2024 08:39:10
0,147.19,785,672,10.14,70.37,0,0.20,17.05.2024 08:39:12
0,153.19,817,672,10.14,70.39,0,0.66,17.05.2024 08:39:14
0,155.81,831,672,10.14,70.36,0,0.87,17.05.2024 08:39:16
0,150.00,800,672,10.14,70.35,0,0.41,17.05.2024 08:39:18
0,146.63,782,672,10.16,70.39,0,0.15,17.05.2024 08:39:21
0,147.75,788,672,10.17,70.40,0,0.23,17.05.2024 08:39:23
0,149.44,797,672,10.14,70.41,0,0.36,17.05.2024 08:39:25
0,151.50,808,672,10.14,70.40,0,0.52,17.05.2024 08:39:27
0,145.88,778,673,10.13,70.40,0,0.10,17.05.2024 08:39:29
0,149.25,796,673,10.14,70.40,0,0.35,17.05.2024 08:39:31
0,150.38,802,673,10.14,70.41,0,0.43,17.05.2024 08:39:35
0,152.63,814,673,10.17,70.44,0,0.60,17.05.2024 08:39:37
0,147.75,788,673,10.16,70.43,0,0.23,17.05.2024 08:39:40
0,150.19,801,673,10.16,70.44,0,0.42,17.05.2024 08:39:42
0,148.13,790,673,10.16,70.44,0,0.26,17.05.2024 08:39:44
0,146.63,782,674,10.17,70.47,0,0.15,17.05.2024 08:39:46
0,149.63,798,673,10.14,70.45,0,0.37,17.05.2024 08:39:48
0,147.00,784,674,10.14,70.46,0,0.18,17.05.2024 08:39:50
0,147.94,789,674,10.16,70.46,0,0.25,17.05.2024 08:39:52
0,149.44,797,674,10.16,70.47,0,0.36,17.05.2024 08:39:54
0,153.38,818,674,10.14,70.49,0,0.67,17.05.2024 08:39:57
0,150.00,800,674,10.16,70.50,0,0.40,17.05.2024 08:39:59
0,151.13,806,674,10.17,70.50,0,0.48,17.05.2024 08:40:01
0,147.94,789,673,10.14,70.50,0,0.25,17.05.2024 08:40:03
0,149.44,797,673,10.17,70.53,0,0.35,17.05.2024 08:40:05
0,148.13,790,673,10.14,70.52,0,0.26,17.05.2024 08:40:07
0,149.63,798,673,10.14,70.56,0,0.37,17.05.2024 08:40:09
0,152.63,814,673,10.16,70.57,0,0.60,17.05.2024 08:40:11
0,151.50,808,673,10.14,70.57,0,0.52,17.05.2024 08:40:14
0,152.44,813,673,10.16,70.59,0,0.59,17.05.2024 08:40:16
0,151.13,806,673,10.17,70.59,0,0.48,17.05.2024 08:40:18
0,153.94,821,673,10.16,70.59,0,0.71,17.05.2024 08:40:20
0,152.44,813,672,10.16,70.60,0,0.58,17.05.2024 08:40:22
0,151.50,808,672,10.14,70.64,0,0.51,17.05.2024 08:40:24
0,150.94,805,672,10.16,70.61,0,0.47,17.05.2024 08:40:26
0,152.63,814,673,10.16,70.63,0,0.60,17.05.2024 08:40:28
0,153.75,820,673,10.16,70.68,0,0.69,17.05.2024 08:40:30
0,153.19,817,673,10.14,70.68,0,0.64,17.05.2024 08:40:33
0,153.00,816,672,10.16,70.64,0,0.63,17.05.2024 08:40:35
0,151.69,809,672,10.17,70.70,0,0.52,17.05.2024 08:40:37
0,153.00,816,672,10.16,70.71,0,0.63,17.05.2024 08:40:39
0,152.25,812,672,10.14,70.73,0,0.57,17.05.2024 08:40:41
0,150.00,800,672,10.16,70.74,0,0.39,17.05.2024 08:40:43
0,155.81,831,672,10.16,70.71,0,0.86,17.05.2024 08:40:45
0,153.56,819,672,10.16,70.74,0,0.67,17.05.2024 08:40:47
0,153.00,816,672,10.16,70.76,0,0.62,17.05.2024 08:40:50
0,154.50,824,672,10.17,70.77,0,0.74,17.05.2024 08:40:52
0,153.38,818,672,10.16,70.77,0,0.65,17.05.2024 08:40:54
0,152.63,814,672,10.17,70.78,0,0.59,17.05.2024 08:40:56
0,153.00,816,673,10.19,70.79,0,0.62,17.05.2024 08:40:58
0,156.00,832,673,10.16,70.80,0,0.87,17.05.2024 08:41:00
0,151.31,807,673,10.17,70.81,0,0.49,17.05.2024 08:41:02
0,151.31,807,672,10.19,70.82,0,0.48,17.05.2024 08:41:04
0,152.63,814,673,10.16,70.81,0,0.59,17.05.2024 08:41:07
0,154.69,825,673,10.16,70.82,0,0.76,17.05.2024 08:41:09
0,150.38,802,673,10.17,70.85,0,0.41,17.05.2024 08:41:11
0,154.31,823,673,10.19,70.85,0,0.72,17.05.2024 08:41:13
0,153.56,819,672,10.14,70.86,0,0.67,17.05.2024 08:41:15
0,149.63,798,672,10.19,70.88,0,0.35,17.05.2024 08:41:17
0,153.19,817,672,10.17,70.87,0,0.63,17.05.2024 08:41:19
0,152.81,815,673,10.17,70.87,0,0.60,17.05.2024 08:41:21
0,159.19,849,673,10.16,70.92,0,1.14,17.05.2024 08:41:24
0,153.19,817,673,10.17,70.90,0,0.63,17.05.2024 08:41:26
0,150.56,803,673,10.19,70.93,0,0.42,17.05.2024 08:41:28
0,154.13,822,674,10.16,70.92,0,0.71,17.05.2024 08:41:30
0,150.94,805,674,10.17,70.92,0,0.45,17.05.2024 08:41:32
0,151.13,806,673,10.17,70.95,0,0.47,17.05.2024 08:41:34
0,152.06,811,673,10.20,70.97,0,0.53,17.05.2024 08:41:36
0,154.13,822,674,10.19,70.94,0,0.70,17.05.2024 08:41:38
0,154.31,823,673,10.17,70.98,0,0.72,17.05.2024 08:41:41
0,152.81,815,673,10.19,70.95,0,0.60,17.05.2024 08:41:43
0,155.25,828,674,10.19,70.97,0,0.79,17.05.2024 08:41:45
0,157.13,838,674,10.17,70.96,0,0.95,17.05.2024 08:41:47
0,150.75,804,674,10.17,70.98,0,0.44,17.05.2024 08:41:49
0,153.75,820,675,10.19,71.01,0,0.67,17.05.2024 08:41:51
0,153.38,818,676,10.19,71.01,0,0.64,17.05.2024 08:41:53
0,152.63,814,676,10.17,70.99,0,0.58,17.05.2024 08:41:57
0,152.25,812,676,10.19,70.99,0,0.55,17.05.2024 08:42:00
0,153.00,816,676,10.19,71.02,0,0.61,17.05.2024 08:42:02
0,146.06,779,676,10.19,71.02,0,0.09,17.05.2024 08:42:04
0,150.94,805,676,10.20,71.04,0,0.44,17.05.2024 08:42:06
0,152.06,811,677,10.19,71.08,0,0.53,17.05.2024 08:42:08
0,155.44,829,677,10.19,71.06,0,0.81,17.05.2024 08:42:10
0,150.38,802,677,10.20,71.08,0,0.40,17.05.2024 08:42:12
0,148.88,794,677,10.17,71.08,0,0.29,17.05.2024 08:42:14
0,150.00,800,677,10.20,71.09,0,0.37,17.05.2024 08:42:17
0,150.75,804,677,10.19,71.11,0,0.43,17.05.2024 08:42:19
0,150.56,803,677,10.20,71.13,0,0.41,17.05.2024 08:42:21
0,150.19,801,678,10.20,71.10,0,0.38,17.05.2024 08:42:23
0,153.75,820,678,10.19,71.14,0,0.66,17.05.2024 08:42:25
0,151.31,807,678,10.20,71.14,0,0.47,17.05.2024 08:42:27
0,156.94,837,679,10.21,71.15,0,0.92,17.05.2024 08:42:29
0,152.63,814,679,10.20,71.14,0,0.57,17.05.2024 08:42:31
0,154.69,825,679,10.20,71.20,0,0.73,17.05.2024 08:42:33
0,154.13,822,679,10.21,71.19,0,0.69,17.05.2024 08:42:36
0,157.31,839,679,10.21,71.21,0,0.95,17.05.2024 08:42:38
0,156.56,835,680,10.21,71.20,0,0.89,17.05.2024 08:42:40
0,155.81,831,681,10.19,71.21,0,0.83,17.05.2024 08:42:42
0,152.06,811,682,10.21,71.25,0,0.52,17.05.2024 08:42:44
0,152.25,812,681,10.21,71.25,0,0.54,17.05.2024 08:42:46
0,156.75,836,681,10.23,71.22,0,0.90,17.05.2024 08:42:48
0,155.81,831,681,10.23,71.26,0,0.82,17.05.2024 08:42:50
0,154.88,826,682,10.21,71.27,0,0.75,17.05.2024 08:42:53
0,154.88,826,681,10.23,71.28,0,0.74,17.05.2024 08:42:55
0,158.44,845,681,10.21,71.31,0,1.04,17.05.2024 08:42:57
0,156.56,835,681,10.21,71.29,0,0.88,17.05.2024 08:42:59
0,150.56,803,681,10.23,71.34,0,0.40,17.05.2024 08:43:01
0,153.19,817,681,10.23,71.31,0,0.60,17.05.2024 08:43:03
0,157.88,842,682,10.21,71.32,0,0.99,17.05.2024 08:43:05
0,151.69,809,682,10.21,71.36,0,0.49,17.05.2024 08:43:07
0,155.06,827,682,10.23,71.35,0,0.75,17.05.2024 08:43:10
0,153.75,820,682,10.24,71.35,0,0.65,17.05.2024 08:43:12
0,151.88,810,683,10.23,71.38,0,0.50,17.05.2024 08:43:14
0,154.50,824,683,10.20,71.35,0,0.71,17.05.2024 08:43:16
0,155.25,828,683,10.23,71.38,0,0.77,17.05.2024 08:43:18
0,153.94,821,683,10.23,71.35,0,0.66,17.05.2024 08:43:20
0,151.31,807,683,10.21,71.39,0,0.46,17.05.2024 08:43:22
0,153.94,821,683,10.21,71.39,0,0.66,17.05.2024 08:43:24
0,150.56,803,684,10.24,71.41,0,0.39,17.05.2024 08:43:27
0,154.50,824,684,10.24,71.42,0,0.70,17.05.2024 08:43:29
0,151.69,809,684,10.24,71.39,0,0.48,17.05.2024 08:43:31
0,157.50,840,684,10.24,71.43,0,0.95,17.05.2024 08:43:33
0,156.38,834,684,10.26,71.44,0,0.85,17.05.2024 08:43:35
0,152.63,814,684,10.24,71.46,0,0.55,17.05.2024 08:43:37
0,157.88,842,685,10.26,71.43,0,0.98,17.05.2024 08:43:39
0,156.00,832,685,10.24,71.46,0,0.82,17.05.2024 08:43:41
0,150.75,804,686,10.26,71.47,0,0.40,17.05.2024 08:43:44
0,156.75,836,687,10.26,71.46,0,0.88,17.05.2024 08:43:46
0,154.50,824,687,10.24,71.46,0,0.70,17.05.2024 08:43:48
0,151.31,807,687,10.26,71.49,0,0.45,17.05.2024 08:43:50
0,153.94,821,688,10.27,71.49,0,0.65,17.05.2024 08:43:52
0,153.94,821,688,10.26,71.48,0,0.65,17.05.2024 08:43:54
0,153.00,816,689,10.28,71.49,0,0.57,17.05.2024 08:43:56
0,154.50,824,689,10.24,71.49,0,0.70,17.05.2024 08:43:58
0,154.31,823,689,10.27,71.51,0,0.68,17.05.2024 08:44:01
0,156.38,834,689,10.27,71.50,0,0.85,17.05.2024 08:44:03
0,155.44,829,690,10.27,71.52,0,0.77,17.05.2024 08:44:05
0,154.50,824,690,10.26,71.50,0,0.70,17.05.2024 08:44:07
0,155.44,829,690,10.26,71.52,0,0.77,17.05.2024 08:44:09
0,156.56,835,690,10.27,71.54,0,0.86,17.05.2024 08:44:11
0,154.13,822,690,10.24,71.56,0,0.67,17.05.2024 08:44:13
0,156.56,835,690,10.27,71.55,0,0.86,17.05.2024 08:44:15
0,154.31,823,691,10.27,71.58,0,0.68,17.05.2024 08:44:20
0,154.50,824,691,10.27,71.57,0,0.69,17.05.2024 08:44:22
0,157.69,841,691,10.28,71.57,0,0.95,17.05.2024 08:44:24
0,151.69,809,691,10.27,71.56,0,0.47,17.05.2024 08:44:26
0,156.75,836,691,10.30,71.57,0,0.87,17.05.2024 08:44:28
0,148.69,793,692,10.28,71.57,0,0.24,17.05.2024 08:44:30
0,153.75,820,691,10.28,71.59,0,0.63,17.05.2024 08:44:32
0,155.25,828,692,10.27,71.56,0,0.75,17.05.2024 08:44:34
0,152.06,811,692,10.27,71.60,0,0.50,17.05.2024 08:44:36
0,151.69,809,692,10.28,71.61,0,0.47,17.05.2024 08:44:39
0,153.38,818,692,10.28,71.59,0,0.60,17.05.2024 08:44:41
0,150.94,805,692,10.28,71.61,0,0.41,17.05.2024 08:44:43
0,154.69,825,692,10.30,71.59,0,0.70,17.05.2024 08:44:45
0,150.75,804,692,10.28,71.62,0,0.39,17.05.2024 08:44:47
0,154.69,825,693,10.30,71.62,0,0.70,17.05.2024 08:44:49
0,152.81,815,692,10.30,71.60,0,0.55,17.05.2024 08:44:51
0,153.38,818,693,10.28,71.62,0,0.60,17.05.2024 08:44:53
0,156.38,834,693,10.30,71.63,0,0.84,17.05.2024 08:44:56
0,156.56,835,692,10.28,71.64,0,0.86,17.05.2024 08:44:58
0,157.69,841,693,10.27,71.64,0,0.95,17.05.2024 08:45:00
0,158.44,845,693,10.28,71.65,0,1.01,17.05.2024 08:45:02
0,156.75,836,693,10.28,71.62,0,0.87,17.05.2024 08:45:04
0,156.38,834,693,10.30,71.61,0,0.84,17.05.2024 08:45:06
0,155.25,828,694,10.31,71.66,0,0.74,17.05.2024 08:45:08
0,153.94,821,695,10.31,71.68,0,0.63,17.05.2024 08:45:10
0,154.50,824,694,10.30,71.64,0,0.68,17.05.2024 08:45:13
0,153.00,816,695,10.33,71.64,0,0.56,17.05.2024 08:45:15
0,158.81,847,695,10.31,71.69,0,1.04,17.05.2024 08:45:17
0,153.19,817,696,10.33,71.66,0,0.57,17.05.2024 08:45:19
0,161.81,863,696,10.31,71.67,0,1.30,17.05.2024 08:45:21
0,157.31,839,697,10.30,71.68,0,0.91,17.05.2024 08:45:23
0,157.50,840,697,10.31,71.68,0,0.93,17.05.2024 08:45:25
0,155.63,830,698,10.33,71.69,0,0.77,17.05.2024 08:45:27
0,155.06,827,698,10.30,71.68,0,0.73,17.05.2024 08:45:30
0,159.56,851,697,10.33,71.71,0,1.10,17.05.2024 08:45:32
0,157.13,838,697,10.33,71.68,0,0.89,17.05.2024 08:45:34
0,155.81,831,698,10.34,71.70,0,0.78,17.05.2024 08:45:36
0,154.31,823,698,10.33,71.66,0,0.66,17.05.2024 08:45:38
0,158.25,844,697,10.33,71.68,0,0.99,17.05.2024 08:45:40
0,155.25,828,697,10.33,71.70,0,0.74,17.05.2024 08:45:42
0,157.69,841,698,10.31,71.72,0,0.94,17.05.2024 08:45:44
0,156.38,834,698,10.34,71.73,0,0.83,17.05.2024 08:45:47
0,159.19,849,698,10.34,71.73,0,1.06,17.05.2024 08:45:49
0,153.38,818,699,10.36,71.72,0,0.58,17.05.2024 08:45:51
0,157.69,841,699,10.36,71.70,0,0.93,17.05.2024 08:45:53
0,154.13,822,699,10.31,71.73,0,0.65,17.05.2024 08:45:55
0,154.88,826,699,10.34,71.71,0,0.70,17.05.2024 08:45:57
0,157.69,841,699,10.36,71.71,0,0.93,17.05.2024 08:45:59
0,158.25,844,699,10.34,71.74,0,0.98,17.05.2024 08:46:01
0,154.88,826,699,10.34,71.72,0,0.70,17.05.2024 08:46:04
0,153.38,818,699,10.34,71.73,0,0.58,17.05.2024 08:46:06
0,157.50,840,699,10.33,71.72,0,0.92,17.05.2024 08:46:08
0,155.44,829,700,10.34,71.72,0,0.75,17.05.2024 08:46:10
0,156.94,837,700,10.36,71.72,0,0.87,17.05.2024 08:46:12
0,156.00,832,700,10.36,71.74,0,0.79,17.05.2024 08:46:14
0,157.69,841,701,10.37,71.73,0,0.93,17.05.2024 08:46:16
0,155.44,829,700,10.37,71.72,0,0.74,17.05.2024 08:46:18
0,155.25,828,700,10.36,71.73,0,0.73,17.05.2024 08:46:20
0,154.88,826,700,10.37,71.72,0,0.70,17.05.2024 08:46:23
0,158.44,845,700,10.36,71.73,0,1.00,17.05.2024 08:46:25
0,160.88,858,700,10.37,71.72,0,1.21,17.05.2024 08:46:27
0,154.50,824,701,10.37,71.74,0,0.67,17.05.2024 08:46:29
0,154.31,823,701,10.34,71.74,0,0.66,17.05.2024 08:46:31
0,156.00,832,701,10.36,71.75,0,0.79,17.05.2024 08:46:33
0,152.44,813,701,10.36,71.74,0,0.51,17.05.2024 08:46:35
0,156.19,833,701,10.36,71.71,0,0.81,17.05.2024 08:46:37
0,158.25,844,701,10.38,71.71,0,0.98,17.05.2024 08:46:40
0,157.13,838,701,10.37,71.75,0,0.88,17.05.2024 08:46:42
0,154.69,825,701,10.36,71.71,0,0.69,17.05.2024 08:46:46
0,153.19,817,701,10.38,71.73,0,0.56,17.05.2024 08:46:48
0,153.00,816,702,10.40,71.72,0,0.54,17.05.2024 08:46:50
0,153.00,816,701,10.38,71.74,0,0.55,17.05.2024 08:46:52
0,155.63,830,701,10.37,71.71,0,0.76,17.05.2024 08:46:54
0,154.88,826,701,10.38,71.69,0,0.70,17.05.2024 08:46:56
0,153.94,821,702,10.40,71.73,0,0.62,17.05.2024 08:46:59
0,156.56,835,701,10.40,71.72,0,0.83,17.05.2024 08:47:01
0,154.88,826,702,10.37,71.73,0,0.70,17.05.2024 08:47:03
0,153.94,821,701,10.38,71.72,0,0.62,17.05.2024 08:47:05
0,156.56,835,702,10.37,71.73,0,0.84,17.05.2024 08:47:07
0,151.69,809,702,10.41,71.73,0,0.44,17.05.2024 08:47:09
0,153.19,817,702,10.38,71.73,0,0.56,17.05.2024 08:47:11
0,155.63,830,703,10.37,71.73,0,0.76,17.05.2024 08:47:13
0,156.94,837,702,10.37,71.72,0,0.87,17.05.2024 08:47:16
0,156.75,836,703,10.40,71.72,0,0.85,17.05.2024 08:47:18
0,158.44,845,703,10.37,71.70,0,0.99,17.05.2024 08:47:20
0,156.19,833,704,10.41,71.73,0,0.80,17.05.2024 08:47:22
0,153.94,821,704,10.40,71.72,0,0.62,17.05.2024 08:47:24
0,157.69,841,704,10.40,71.73,0,0.92,17.05.2024 08:47:26
0,155.81,831,704,10.41,71.70,0,0.77,17.05.2024 08:47:28
0,157.31,839,704,10.41,71.73,0,0.89,17.05.2024 08:47:30
0,153.75,820,704,10.40,71.73,0,0.60,17.05.2024 08:47:33
0,156.38,834,705,10.40,71.71,0,0.82,17.05.2024 08:47:35
0,159.38,850,705,10.41,71.72,0,1.07,17.05.2024 08:47:37
0,156.56,835,706,10.41,71.73,0,0.83,17.05.2024 08:47:39
0,156.19,833,706,10.41,71.73,0,0.80,17.05.2024 08:47:41
0,156.94,837,705,10.38,71.70,0,0.86,17.05.2024 08:47:43
0,160.13,854,705,10.40,71.71,0,1.13,17.05.2024 08:47:45
0,155.06,827,706,10.41,71.72,0,0.70,17.05.2024 08:47:47
0,157.31,839,706,10.40,71.73,0,0.89,17.05.2024 08:47:50
0,157.50,840,706,10.43,71.70,0,0.90,17.05.2024 08:47:52
0,157.69,841,706,10.44,71.70,0,0.92,17.05.2024 08:47:54
0,157.31,839,707,10.41,71.72,0,0.89,17.05.2024 08:47:56
0,154.50,824,706,10.44,71.73,0,0.65,17.05.2024 08:47:58
0,155.44,829,706,10.43,71.73,0,0.73,17.05.2024 08:48:00
0,156.56,835,707,10.43,71.72,0,0.82,17.05.2024 08:48:02
0,156.75,836,707,10.41,71.71,0,0.84,17.05.2024 08:48:04
0,155.25,828,708,10.41,71.71,0,0.72,17.05.2024 08:48:07
0,154.50,824,708,10.43,71.71,0,0.66,17.05.2024 08:48:09
0,155.06,827,708,10.43,71.70,0,0.70,17.05.2024 08:48:11
0,156.00,832,708,10.43,71.69,0,0.78,17.05.2024 08:48:13
0,156.19,833,708,10.41,71.73,0,0.80,17.05.2024 08:48:15
0,156.94,837,708,10.43,71.70,0,0.86,17.05.2024 08:48:17
0,156.75,836,708,10.43,71.69,0,0.84,17.05.2024 08:48:19
0,156.00,832,708,10.45,71.71,0,0.77,17.05.2024 08:48:21
0,155.06,827,709,10.43,71.72,0,0.70,17.05.2024 08:48:23
0,155.25,828,709,10.44,71.71,0,0.71,17.05.2024 08:48:26
0,156.00,832,709,10.44,71.68,0,0.78,17.05.2024 08:48:28
0,157.88,842,709,10.41,71.69,0,0.94,17.05.2024 08:48:30
0,158.44,845,709,10.45,71.70,0,0.98,17.05.2024 08:48:32
0,158.81,847,710,10.44,71.67,0,1.01,17.05.2024 08:48:34
0,152.06,811,709,10.44,71.73,0,0.46,17.05.2024 08:48:36
0,155.44,829,710,10.45,71.71,0,0.73,17.05.2024 08:48:38
0,155.06,827,710,10.45,71.68,0,0.70,17.05.2024 08:48:40
0,155.44,829,710,10.45,71.70,0,0.73,17.05.2024 08:48:43
0,157.31,839,710,10.45,71.68,0,0.88,17.05.2024 08:48:45
0,157.69,841,709,10.45,71.69,0,0.91,17.05.2024 08:48:47
0,154.31,823,709,10.44,71.66,0,0.64,17.05.2024 08:48:49
0,153.38,818,709,10.47,71.70,0,0.56,17.05.2024 08:48:51
0,155.44,829,709,10.47,71.66,0,0.73,17.05.2024 08:48:53
0,156.19,833,709,10.44,71.66,0,0.79,17.05.2024 08:48:55
0,153.56,819,709,10.45,71.67,0,0.58,17.05.2024 08:48:57
0,152.81,815,709,10.45,71.67,0,0.52,17.05.2024 08:49:00
0,156.00,832,710,10.45,71.69,0,0.77,17.05.2024 08:49:02
0,156.94,837,710,10.47,71.65,0,0.85,17.05.2024 08:49:04
0,153.19,817,710,10.47,71.67,0,0.55,17.05.2024 08:49:08
0,153.38,818,710,10.48,71.67,0,0.56,17.05.2024 08:49:10
0,152.81,815,710,10.47,71.67,0,0.52,17.05.2024 08:49:12
0,155.44,829,709,10.45,71.67,0,0.73,17.05.2024 08:49:14
0,152.44,813,709,10.47,71.64,0,0.49,17.05.2024 08:49:16
0,154.69,825,709,10.48,71.68,0,0.66,17.05.2024 08:49:19
0,154.31,823,709,10.47,71.64,0,0.64,17.05.2024 08:49:21
0,152.06,811,709,10.47,71.66,0,0.46,17.05.2024 08:49:23
0,155.81,831,710,10.47,71.63,0,0.76,17.05.2024 08:49:25
0,152.81,815,709,10.47,71.66,0,0.52,17.05.2024 08:49:27
0,153.56,819,709,10.49,71.65,0,0.57,17.05.2024 08:49:29
0,153.75,820,710,10.47,71.67,0,0.59,17.05.2024 08:49:31
0,154.69,825,709,10.48,71.65,0,0.66,17.05.2024 08:49:33
0,155.81,831,710,10.47,71.64,0,0.76,17.05.2024 08:49:36
0,157.31,839,710,10.47,71.65,0,0.88,17.05.2024 08:49:38
0,153.94,821,710,10.48,71.66,0,0.60,17.05.2024 08:49:40
0,158.63,846,710,10.47,71.63,0,0.99,17.05.2024 08:49:42
0,158.06,843,710,10.48,71.62,0,0.94,17.05.2024 08:49:44
0,155.25,828,709,10.44,71.61,0,0.72,17.05.2024 08:49:46
0,154.69,825,709,10.47,71.63,0,0.67,17.05.2024 08:49:48
0,155.25,828,709,10.49,71.64,0,0.71,17.05.2024 08:49:50
0,157.31,839,709,10.51,71.63,0,0.87,17.05.2024 08:49:53
0,154.69,825,709,10.48,71.63,0,0.66,17.05.2024 08:49:55
0,158.06,843,709,10.51,71.62,0,0.94,17.05.2024 08:49:57
0,154.50,824,709,10.48,71.62,0,0.65,17.05.2024 08:49:59
0,159.19,849,709,10.48,71.62,0,1.04,17.05.2024 08:50:01
0,153.00,816,710,10.47,71.64,0,0.53,17.05.2024 08:50:03
0,155.63,830,710,10.49,71.62,0,0.74,17.05.2024 08:50:05
0,155.06,827,710,10.49,71.60,0,0.69,17.05.2024 08:50:07
0,151.88,810,710,10.49,71.61,0,0.44,17.05.2024 08:50:10
0,155.81,831,710,10.48,71.59,0,0.76,17.05.2024 08:50:12
0,153.94,821,710,10.49,71.62,0,0.60,17.05.2024 08:50:14
0,158.81,847,710,10.48,71.62,0,1.01,17.05.2024 08:50:16
0,156.75,836,710,10.49,71.61,0,0.83,17.05.2024 08:50:18
0,156.94,837,709,10.49,71.60,0,0.85,17.05.2024 08:50:20
0,156.94,837,710,10.51,71.59,0,0.84,17.05.2024 08:50:22
0,157.88,842,710,10.51,71.62,0,0.92,17.05.2024 08:50:24
0,155.06,827,710,10.48,71.61,0,0.70,17.05.2024 08:50:26
0,156.75,836,709,10.51,71.60,0,0.83,17.05.2024 08:50:29
0,158.81,847,709,10.51,71.58,0,1.00,17.05.2024 08:50:31
0,154.69,825,709,10.52,71.58,0,0.66,17.05.2024 08:50:33
0,154.88,826,709,10.49,71.56,0,0.68,17.05.2024 08:50:35
0,157.88,842,709,10.49,71.59,0,0.93,17.05.2024 08:50:37
0,159.38,850,709,10.49,71.59,0,1.05,17.05.2024 08:50:39
0,155.63,830,709,10.52,71.62,0,0.73,17.05.2024 08:50:41
0,157.88,842,709,10.49,71.57,0,0.93,17.05.2024 08:50:43
0,156.38,834,710,10.51,71.59,0,0.80,17.05.2024 08:50:46
0,157.69,841,710,10.52,71.55,0,0.91,17.05.2024 08:50:48
0,154.88,826,711,10.52,71.56,0,0.67,17.05.2024 08:50:50
0,156.94,837,711,10.54,71.56,0,0.84,17.05.2024 08:50:52
0,157.31,839,711,10.51,71.55,0,0.88,17.05.2024 08:50:54
0,157.13,838,711,10.51,71.53,0,0.86,17.05.2024 08:50:56
0,159.94,853,712,10.52,71.54,0,1.10,17.05.2024 08:50:58
0,154.13,822,712,10.51,71.56,0,0.62,17.05.2024 08:51:00
0,154.50,824,712,10.54,71.55,0,0.64,17.05.2024 08:51:03
0,153.56,819,712,10.52,71.55,0,0.57,17.05.2024 08:51:05
0,156.56,835,712,10.54,71.55,0,0.81,17.05.2024 08:51:07
0,154.50,824,712,10.52,71.55,0,0.65,17.05.2024 08:51:09
0,158.63,846,712,10.54,71.54,0,0.98,17.05.2024 08:51:11
0,156.75,836,713,10.54,71.52,0,0.83,17.05.2024 08:51:13
0,158.25,844,713,10.54,71.55,0,0.95,17.05.2024 08:51:15
0,155.25,828,714,10.56,71.52,0,0.70,17.05.2024 08:51:17
0,152.44,813,714,10.51,71.51,0,0.49,17.05.2024 08:51:20
0,157.50,840,714,10.56,71.51,0,0.88,17.05.2024 08:51:22
0,154.69,825,715,10.54,71.53,0,0.66,17.05.2024 08:51:26
0,151.31,807,715,10.52,71.53,0,0.40,17.05.2024 08:51:28
0,152.81,815,714,10.52,71.51,0,0.51,17.05.2024 08:51:30
0,153.19,817,714,10.54,71.54,0,0.54,17.05.2024 08:51:32
0,152.44,813,714,10.54,71.50,0,0.48,17.05.2024 08:51:34
0,155.81,831,714,10.54,71.52,0,0.75,17.05.2024 08:51:36
0,159.56,851,714,10.56,71.49,0,1.06,17.05.2024 08:51:39
0,155.44,829,715,10.54,71.51,0,0.72,17.05.2024 08:51:41
0,154.69,825,715,10.54,71.48,0,0.66,17.05.2024 08:51:43
0,156.19,833,715,10.54,71.49,0,0.78,17.05.2024 08:51:45
0,150.38,802,715,10.56,71.46,0,0.32,17.05.2024 08:51:47
0,153.38,818,715,10.52,71.50,0,0.56,17.05.2024 08:51:49
0,153.75,820,715,10.54,71.46,0,0.59,17.05.2024 08:51:51
0,153.94,821,715,10.54,71.49,0,0.60,17.05.2024 08:51:53
0,155.44,829,715,10.52,71.50,0,0.72,17.05.2024 08:51:56
0,155.81,831,715,10.52,71.50,0,0.75,17.05.2024 08:51:58
0,154.50,824,715,10.54,71.47,0,0.65,17.05.2024 08:52:00
0,157.88,842,715,10.54,71.47,0,0.92,17.05.2024 08:52:02
0,159.00,848,716,10.54,71.46,0,1.02,17.05.2024 08:52:04
0,157.13,838,715,10.54,71.49,0,0.86,17.05.2024 08:52:06
0,155.06,827,715,10.54,71.48,0,0.69,17.05.2024 08:52:08
0,153.94,821,715,10.52,71.46,0,0.60,17.05.2024 08:52:10
0,156.38,834,716,10.57,71.48,0,0.79,17.05.2024 08:52:12
0,155.25,828,716,10.57,71.46,0,0.70,17.05.2024 08:52:15
0,154.50,824,715,10.57,71.48,0,0.64,17.05.2024 08:52:17
0,156.94,837,715,10.54,71.46,0,0.84,17.05.2024 08:52:19
0,154.31,823,715,10.54,71.46,0,0.63,17.05.2024 08:52:21
0,157.13,838,715,10.54,71.46,0,0.86,17.05.2024 08:52:23
0,157.31,839,715,10.56,71.43,0,0.87,17.05.2024 08:52:25
0,157.13,838,716,10.56,71.45,0,0.86,17.05.2024 08:52:27
0,157.13,838,716,10.56,71.45,0,0.86,17.05.2024 08:52:29
0,158.25,844,716,10.54,71.45,0,0.95,17.05.2024 08:52:32
0,156.94,837,716,10.56,71.43,0,0.84,17.05.2024 08:52:34
0,162.75,868,717,10.54,71.45,0,1.35,17.05.2024 08:52:36
0,165.38,882,717,10.57,71.45,0,1.58,17.05.2024 08:52:38
0,165.00,880,717,10.54,71.46,0,1.56,17.05.2024 08:52:40
0,165.94,885,717,10.57,71.41,0,1.64,17.05.2024 08:52:42
0,167.44,893,717,10.57,71.45,0,1.78,17.05.2024 08:52:44
0,164.06,875,717,10.56,71.40,0,1.47,17.05.2024 08:52:46
0,157.31,839,0,10.56,71.44,0,0.87,17.05.2024 08:52:56
0,168.38,898,745,10.54,71.42,0,1.88,17.05.2024 08:52:58
0,170.44,909,740,10.56,71.45,0,2.08,17.05.2024 08:53:00
0,167.81,895,721,10.54,71.40,0,1.83,17.05.2024 08:53:02
0,171.00,912,742,10.52,71.43,0,2.15,17.05.2024 08:53:04
0,166.31,887,748,10.57,71.44,0,1.67,17.05.2024 08:53:07
0,170.44,909,744,10.56,71.45,0,2.08,17.05.2024 08:53:09
0,165.38,882,740,10.54,71.43,0,1.59,17.05.2024 08:53:11
0,167.63,894,747,10.56,71.46,0,1.80,17.05.2024 08:53:13
0,166.69,889,750,10.57,71.45,0,1.71,17.05.2024 08:53:15
0,164.63,878,748,10.54,71.43,0,1.52,17.05.2024 08:53:17
0,161.06,859,749,10.54,71.40,0,1.20,17.05.2024 08:53:19
0,153.94,821,750,10.57,71.41,0,0.60,17.05.2024 08:53:21
0,156.75,836,748,10.58,71.42,0,0.82,17.05.2024 08:53:24
0,157.50,840,751,10.56,71.41,0,0.89,17.05.2024 08:53:26
0,156.38,834,751,10.56,71.44,0,0.79,17.05.2024 08:53:28
0,157.88,842,753,10.56,71.43,0,0.92,17.05.2024 08:53:30
0,159.56,851,754,10.56,71.43,0,1.06,17.05.2024 08:53:32
0,152.25,812,751,10.57,71.41,0,0.47,17.05.2024 08:53:34
0,156.00,832,751,10.58,71.43,0,0.76,17.05.2024 08:53:36
0,157.50,840,751,10.56,71.41,0,0.89,17.05.2024 08:53:38
0,157.13,838,750,10.56,71.39,0,0.86,17.05.2024 08:53:41
0,157.88,842,750,10.57,71.40,0,0.92,17.05.2024 08:53:43
0,158.81,847,750,10.58,71.40,0,1.00,17.05.2024 08:53:45
0,156.00,832,752,10.57,71.40,0,0.76,17.05.2024 08:53:47
0,158.44,845,750,10.58,71.40,0,0.96,17.05.2024 08:53:49
0,157.88,842,751,10.57,71.38,0,0.92,17.05.2024 08:53:51
0,155.25,828,750,10.57,71.34,0,0.70,17.05.2024 08:53:53
0,156.56,835,750,10.60,71.36,0,0.81,17.05.2024 08:53:55
0,160.50,856,749,10.61,71.39,0,1.13,17.05.2024 08:53:57
0,154.88,826,749,10.57,71.35,0,0.67,17.05.2024 08:54:00
0,156.38,834,749,10.58,71.33,0,0.79,17.05.2024 08:54:02
0,156.38,834,749,10.58,71.37,0,0.79,17.05.2024 08:54:04
0,154.50,824,749,10.57,71.34,0,0.64,17.05.2024 08:54:06
0,159.38,850,749,10.57,71.37,0,1.05,17.05.2024 08:54:08
0,155.81,831,749,10.57,71.32,0,0.75,17.05.2024 08:54:10
0,158.81,847,748,10.61,71.31,0,0.99,17.05.2024 08:54:12
0,157.50,840,747,10.60,71.32,0,0.89,17.05.2024 08:54:14
0,158.25,844,747,10.60,71.33,0,0.95,17.05.2024 08:54:17
0,157.13,838,746,10.60,71.34,0,0.85,17.05.2024 08:54:19
0,157.31,839,745,10.60,71.35,0,0.87,17.05.2024 08:54:21
0,157.13,838,744,10.58,71.33,0,0.86,17.05.2024 08:54:23
0,157.69,841,743,10.57,71.33,0,0.91,17.05.2024 08:54:25
0,156.38,834,743,10.60,71.35,0,0.79,17.05.2024 08:54:27
0,157.13,838,743,10.60,71.32,0,0.85,17.05.2024 08:54:29
0,156.19,833,743,10.60,71.32,0,0.78,17.05.2024 08:54:33
0,158.44,845,742,10.61,71.29,0,0.96,17.05.2024 08:54:36
0,156.38,834,741,10.60,71.32,0,0.79,17.05.2024 08:54:38
0,152.81,815,740,10.58,71.29,0,0.51,17.05.2024 08:54:40
0,154.69,825,740,10.60,71.29,0,0.66,17.05.2024 08:54:42
0,153.75,820,740,10.60,71.27,0,0.58,17.05.2024 08:54:44
0,155.25,828,739,10.60,71.28,0,0.70,17.05.2024 08:54:46
0,154.31,823,739,10.60,71.27,0,0.63,17.05.2024 08:54:48
0,153.56,819,739,10.58,71.27,0,0.57,17.05.2024 08:54:50
0,157.69,841,739,10.60,71.26,0,0.90,17.05.2024 08:54:53
0,155.63,830,739,10.61,71.28,0,0.73,17.05.2024 08:54:55
0,153.38,818,739,10.60,71.30,0,0.55,17.05.2024 08:54:57
0,157.88,842,738,10.60,71.25,0,0.92,17.05.2024 08:54:59
0,156.38,834,738,10.61,71.31,0,0.79,17.05.2024 08:55:01
0,155.44,829,737,10.60,71.30,0,0.72,17.05.2024 08:55:03
0,157.69,841,737,10.58,71.28,0,0.91,17.05.2024 08:55:05
0,156.19,833,737,10.60,71.25,0,0.78,17.05.2024 08:55:07
0,154.50,824,737,10.61,71.27,0,0.64,17.05.2024 08:55:10
0,156.75,836,736,10.60,71.29,0,0.82,17.05.2024 08:55:12
0,157.50,840,736,10.58,71.24,0,0.89,17.05.2024 08:55:14
0,156.19,833,736,10.61,71.28,0,0.77,17.05.2024 08:55:16
0,155.63,830,737,10.61,71.22,0,0.73,17.05.2024 08:55:18
0,155.81,831,737,10.61,71.28,0,0.74,17.05.2024 08:55:20
0,159.19,849,736,10.60,71.24,0,1.03,17.05.2024 08:55:22
0,161.44,861,735,10.57,71.23,0,1.23,17.05.2024 08:55:24
0,155.63,830,735,10.60,71.25,0,0.73,17.05.2024 08:55:27
0,155.25,828,734,10.63,71.26,0,0.70,17.05.2024 08:55:29
0,157.69,841,734,10.61,71.22,0,0.90,17.05.2024 08:55:31
0,156.94,837,734,10.61,71.22,0,0.84,17.05.2024 08:55:33
0,154.50,824,733,10.61,71.24,0,0.64,17.05.2024 08:55:35
0,155.81,831,733,10.63,71.23,0,0.74,17.05.2024 08:55:37
0,158.44,845,733,10.61,71.24,0,0.96,17.05.2024 08:55:39
0,153.94,821,733,10.60,71.22,0,0.60,17.05.2024 08:55:41
0,157.50,840,733,10.63,71.22,0,0.88,17.05.2024 08:55:43
0,161.06,859,733,10.61,71.22,0,1.19,17.05.2024 08:55:46
0,157.50,840,733,10.61,71.23,0,0.89,17.05.2024 08:55:48
0,155.63,830,733,10.61,71.24,0,0.73,17.05.2024 08:55:50
0,155.63,830,733,10.61,71.22,0,0.73,17.05.2024 08:55:52
0,159.56,851,733,10.61,71.21,0,1.06,17.05.2024 08:55:54
0,159.19,849,733,10.60,71.21,0,1.03,17.05.2024 08:55:56
0,159.56,851,733,10.63,71.20,0,1.06,17.05.2024 08:55:58
0,158.25,844,734,10.64,71.22,0,0.94,17.05.2024 08:56:00
0,159.00,848,734,10.61,71.19,0,1.01,17.05.2024 08:56:03
0,157.69,841,734,10.63,71.23,0,0.90,17.05.2024 08:56:05
0,155.44,829,735,10.63,71.18,0,0.72,17.05.2024 08:56:07
0,158.25,844,735,10.63,71.19,0,0.95,17.05.2024 08:56:09
0,161.06,859,735,10.63,71.21,0,1.19,17.05.2024 08:56:11
0,157.50,840,735,10.64,71.18,0,0.88,17.05.2024 08:56:13
0,155.81,831,735,10.64,71.20,0,0.74,17.05.2024 08:56:15
0,158.44,845,734,10.61,71.17,0,0.97,17.05.2024 08:56:17
0,154.88,826,734,10.61,71.21,0,0.67,17.05.2024 08:56:20
0,157.50,840,734,10.61,71.19,0,0.89,17.05.2024 08:56:24
0,155.44,829,734,10.64,71.18,0,0.71,17.05.2024 08:56:26
0,153.94,821,734,10.63,71.18,0,0.60,17.05.2024 08:56:28
0,153.94,821,734,10.64,71.16,0,0.59,17.05.2024 08:56:30
0,155.81,831,734,10.61,71.15,0,0.75,17.05.2024 08:56:32
0,155.63,830,734,10.63,71.15,0,0.73,17.05.2024 08:56:34
0,156.38,834,733,10.61,71.15,0,0.80,17.05.2024 08:56:36
0,155.63,830,733,10.64,71.21,0,0.73,17.05.2024 08:56:39
0,154.69,825,733,10.65,71.18,0,0.65,17.05.2024 08:56:41
0,153.56,819,732,10.64,71.15,0,0.57,17.05.2024 08:56:43
0,155.44,829,733,10.64,71.17,0,0.71,17.05.2024 08:56:45
0,154.13,822,733,10.63,71.18,0,0.61,17.05.2024 08:56:47
0,154.13,822,733,10.64,71.18,0,0.61,17.05.2024 08:56:49
0,155.25,828,732,10.64,71.16,0,0.70,17.05.2024 08:56:51
0,158.06,843,733,10.64,71.16,0,0.93,17.05.2024 08:56:53
0,155.63,830,733,10.64,71.18,0,0.73,17.05.2024 08:56:56
0,156.94,837,733,10.64,71.16,0,0.84,17.05.2024 08:56:58
0,159.00,848,733,10.65,71.13,0,1.01,17.05.2024 08:57:00
0,156.56,835,733,10.63,71.16,0,0.81,17.05.2024 08:57:02
0,157.50,840,733,10.64,71.16,0,0.88,17.05.2024 08:57:04
0,158.63,846,733,10.64,71.15,0,0.98,17.05.2024 08:57:06
0,159.38,850,733,10.64,71.15,0,1.04,17.05.2024 08:57:08
0,154.13,822,733,10.63,71.12,0,0.61,17.05.2024 08:57:10
0,159.38,850,732,10.64,71.13,0,1.04,17.05.2024 08:57:13
0,155.25,828,732,10.63,71.14,0,0.70,17.05.2024 08:57:15
0,157.31,839,732,10.63,71.15,0,0.87,17.05.2024 08:57:17
0,155.44,829,732,10.64,71.12,0,0.72,17.05.2024 08:57:19
0,156.75,836,731,10.64,71.14,0,0.82,17.05.2024 08:57:21
0,160.13,854,731,10.63,71.14,0,1.11,17.05.2024 08:57:23
0,158.25,844,731,10.64,71.15,0,0.95,17.05.2024 08:57:25
0,156.56,835,731,10.64,71.11,0,0.81,17.05.2024 08:57:27
0,157.13,838,730,10.64,71.12,0,0.85,17.05.2024 08:57:29
0,158.06,843,730,10.65,71.12,0,0.93,17.05.2024 08:57:32
0,156.19,833,730,10.65,71.10,0,0.77,17.05.2024 08:57:34
0,156.56,835,730,10.65,71.13,0,0.80,17.05.2024 08:57:36
0,155.44,829,730,10.64,71.12,0,0.72,17.05.2024 08:57:38
0,155.63,830,730,10.64,71.13,0,0.73,17.05.2024 08:57:40
0,157.31,839,731,10.63,71.10,0,0.87,17.05.2024 08:57:42
0,157.31,839,731,10.65,71.13,0,0.87,17.05.2024 08:57:44
0,157.69,841,731,10.64,71.13,0,0.90,17.05.2024 08:57:46
0,157.13,838,731,10.65,71.12,0,0.85,17.05.2024 08:57:49
0,159.19,849,731,10.65,71.10,0,1.03,17.05.2024 08:57:51
0,157.88,842,731,10.65,71.13,0,0.91,17.05.2024 08:57:53
0,159.00,848,730,10.63,71.09,0,1.02,17.05.2024 08:57:55
0,154.50,824,730,10.64,71.11,0,0.64,17.05.2024 08:57:57
0,160.31,855,730,10.64,71.12,0,1.13,17.05.2024 08:57:59
0,155.63,830,730,10.64,71.07,0,0.73,17.05.2024 08:58:01
0,158.44,845,730,10.64,71.07,0,0.97,17.05.2024 08:58:03
0,154.88,826,729,10.67,71.09,0,0.67,17.05.2024 08:58:06
0,157.13,838,729,10.64,71.09,0,0.86,17.05.2024 08:58:08
0,155.44,829,729,10.64,71.09,0,0.72,17.05.2024 08:58:10
0,156.75,836,729,10.63,71.07,0,0.83,17.05.2024 08:58:12
0,157.13,838,729,10.65,71.08,0,0.85,17.05.2024 08:58:14
0,156.75,836,730,10.65,71.09,0,0.82,17.05.2024 08:58:16
0,159.00,848,730,10.65,71.08,0,1.01,17.05.2024 08:58:18
0,156.94,837,730,10.65,71.07,0,0.84,17.05.2024 08:58:20
0,156.94,837,730,10.65,71.06,0,0.84,17.05.2024 08:58:23
0,155.44,829,729,10.65,71.07,0,0.71,17.05.2024 08:58:25
0,154.50,824,730,10.67,71.08,0,0.64,17.05.2024 08:58:27
0,157.88,842,730,10.65,71.08,0,0.92,17.05.2024 08:58:29
0,157.13,838,730,10.63,71.07,0,0.86,17.05.2024 08:58:31
0,156.00,832,730,10.65,71.05,0,0.76,17.05.2024 08:58:33
0,156.75,836,730,10.65,71.05,0,0.82,17.05.2024 08:58:35
0,158.25,844,729,10.65,71.03,0,0.95,17.05.2024 08:58:37
0,154.69,825,729,10.64,71.08,0,0.66,17.05.2024 08:58:42
0,157.88,842,730,10.64,71.07,0,0.92,17.05.2024 08:58:44
0,157.13,838,730,10.65,71.08,0,0.85,17.05.2024 08:58:46
0,154.50,824,730,10.65,71.08,0,0.64,17.05.2024 08:58:48
0,156.19,833,730,10.65,71.08,0,0.78,17.05.2024 08:58:50
0,160.31,855,730,10.67,71.06,0,1.12,17.05.2024 08:58:52
0,155.63,830,730,10.64,71.05,0,0.73,17.05.2024 08:58:54
0,155.06,827,730,10.67,71.05,0,0.68,17.05.2024 08:58:56
0,157.31,839,730,10.65,71.05,0,0.87,17.05.2024 08:58:59
0,156.94,837,730,10.68,71.08,0,0.83,17.05.2024 08:59:01
0,154.50,824,731,10.65,71.02,0,0.64,17.05.2024 08:59:03
0,155.81,831,730,10.64,71.04,0,0.75,17.05.2024 08:59:05
0,153.38,818,730,10.67,71.01,0,0.55,17.05.2024 08:59:07
0,152.44,813,730,10.67,71.05,0,0.48,17.05.2024 08:59:09
0,153.56,819,730,10.67,71.06,0,0.56,17.05.2024 08:59:11
0,155.81,831,730,10.67,71.02,0,0.74,17.05.2024 08:59:13
0,155.81,831,731,10.64,71.04,0,0.75,17.05.2024 08:59:16
0,155.25,828,731,10.67,71.02,0,0.70,17.05.2024 08:59:18
0,159.00,848,731,10.65,71.03,0,1.01,17.05.2024 08:59:20
0,158.25,844,732,10.65,71.05,0,0.95,17.05.2024 08:59:22
0,157.69,841,732,10.65,71.02,0,0.90,17.05.2024 08:59:24
0,156.38,834,732,10.65,71.01,0,0.79,17.05.2024 08:59:26
0,158.63,846,731,10.65,71.04,0,0.98,17.05.2024 08:59:28
0,159.19,849,732,10.67,71.01,0,1.03,17.05.2024 08:59:30
0,158.44,845,731,10.67,71.01,0,0.96,17.05.2024 08:59:33
0,157.50,840,731,10.65,71.01,0,0.89,17.05.2024 08:59:35
0,156.19,833,731,10.64,70.99,0,0.78,17.05.2024 08:59:37
0,156.00,832,731,10.68,71.02,0,0.76,17.05.2024 08:59:39
0,156.19,833,731,10.67,71.01,0,0.78,17.05.2024 08:59:41
0,156.75,836,732,10.64,71.02,0,0.83,17.05.2024 08:59:43
0,159.56,851,732,10.67,71.00,0,1.06,17.05.2024 08:59:45
0,157.69,841,732,10.67,71.00,0,0.90,17.05.2024 08:59:47
0,159.94,853,732,10.65,71.00,0,1.10,17.05.2024 08:59:49
0,155.44,829,733,10.65,71.02,0,0.72,17.05.2024 08:59:52
0,155.06,827,733,10.65,70.97,0,0.69,17.05.2024 08:59:54
0,154.50,824,733,10.67,70.98,0,0.64,17.05.2024 08:59:56
0,159.19,849,733,10.65,70.99,0,1.03,17.05.2024 08:59:58
