0,154.50,824,826,11.18,70.10,0,0.58,17.05.2024 01:00:01
0,152.44,813,826,11.19,70.14,0,0.42,17.05.2024 01:00:03
0,151.50,808,826,11.16,70.13,0,0.35,17.05.2024 01:00:05
0,154.31,823,825,11.18,70.12,0,0.56,17.05.2024 01:00:07
0,155.25,828,825,11.19,70.11,0,0.64,17.05.2024 01:00:09
0,151.88,810,825,11.18,70.10,0,0.38,17.05.2024 01:00:12
0,153.75,820,826,11.16,70.09,0,0.52,17.05.2024 01:00:14
0,150.94,805,826,11.18,70.12,0,0.31,17.05.2024 01:00:16
0,155.63,830,827,11.20,70.13,0,0.66,17.05.2024 01:00:18
0,156.19,833,827,11.16,70.12,0,0.72,17.05.2024 01:00:20
0,153.94,821,826,11.16,70.12,0,0.54,17.05.2024 01:00:22
0,153.00,816,826,11.18,70.14,0,0.46,17.05.2024 01:00:24
0,154.69,825,826,11.16,70.13,0,0.60,17.05.2024 01:00:26
0,153.75,820,826,11.18,70.13,0,0.52,17.05.2024 01:00:31
0,150.94,805,826,11.15,70.13,0,0.31,17.05.2024 01:00:33
0,150.38,802,826,11.16,70.12,0,0.27,17.05.2024 01:00:35
0,148.13,790,826,11.19,70.16,0,0.10,17.05.2024 01:00:37
0,151.31,807,825,11.16,70.12,0,0.34,17.05.2024 01:00:39
0,151.69,809,825,11.19,70.14,0,0.36,17.05.2024 01:00:41
0,151.50,808,826,11.18,70.12,0,0.35,17.05.2024 01:00:43
0,147.00,784,825,11.16,70.14,0,0.03,17.05.2024 01:00:45
0,152.44,813,826,11.18,70.13,0,0.42,17.05.2024 01:00:48
0,153.94,821,826,11.15,70.11,0,0.54,17.05.2024 01:00:50
0,150.56,803,827,11.19,70.11,0,0.28,17.05.2024 01:00:52
0,151.69,809,826,11.19,70.15,0,0.36,17.05.2024 01:00:54
0,151.69,809,826,11.16,70.12,0,0.37,17.05.2024 01:00:56
0,152.81,815,826,11.18,70.13,0,0.45,17.05.2024 01:00:58
0,154.50,824,826,11.18,70.13,0,0.58,17.05.2024 01:01:00
0,154.31,823,826,11.19,70.14,0,0.56,17.05.2024 01:01:02
0,153.00,816,826,11.19,70.14,0,0.46,17.05.2024 01:01:04
0,154.88,826,826,11.16,70.16,0,0.61,17.05.2024 01:01:07
0,153.38,818,826,11.18,70.15,0,0.49,17.05.2024 01:01:09
0,151.31,807,826,11.16,70.18,0,0.34,17.05.2024 01:01:11
0,154.88,826,825,11.16,70.15,0,0.61,17.05.2024 01:01:13
0,152.63,814,825,11.15,70.16,0,0.44,17.05.2024 01:01:15
0,152.25,812,825,11.16,70.19,0,0.41,17.05.2024 01:01:17
0,156.38,834,825,11.13,70.13,0,0.74,17.05.2024 01:01:19
0,153.19,817,825,11.16,70.17,0,0.48,17.05.2024 01:01:21
0,155.25,828,825,11.16,70.18,0,0.64,17.05.2024 01:01:24
0,154.13,822,825,11.19,70.18,0,0.55,17.05.2024 01:01:26
0,154.69,825,825,11.18,70.17,0,0.59,17.05.2024 01:01:28
0,153.00,816,825,11.16,70.18,0,0.46,17.05.2024 01:01:30
0,155.44,829,825,11.16,70.19,0,0.65,17.05.2024 01:01:32
0,152.06,811,825,11.16,70.19,0,0.39,17.05.2024 01:01:34
0,155.06,827,825,11.15,70.18,0,0.63,17.05.2024 01:01:36
0,153.94,821,825,11.16,70.18,0,0.54,17.05.2024 01:01:38
0,152.81,815,825,11.16,70.19,0,0.45,17.05.2024 01:01:41
0,150.75,804,825,11.18,70.18,0,0.29,17.05.2024 01:01:43
0,157.69,841,825,11.19,70.20,0,0.83,17.05.2024 01:01:45
0,154.13,822,825,11.16,70.19,0,0.55,17.05.2024 01:01:47
0,151.88,810,825,11.16,70.19,0,0.38,17.05.2024 01:01:49
0,156.00,832,825,11.18,70.18,0,0.70,17.05.2024 01:01:51
0,154.88,826,825,11.18,70.19,0,0.61,17.05.2024 01:01:53
0,152.44,813,824,11.16,70.21,0,0.42,17.05.2024 01:01:55
0,154.13,822,824,11.16,70.20,0,0.55,17.05.2024 01:01:57
0,154.69,825,824,11.16,70.22,0,0.59,17.05.2024 01:02:00
0,156.19,833,824,11.16,70.17,0,0.71,17.05.2024 01:02:02
0,152.63,814,825,11.16,70.19,0,0.44,17.05.2024 01:02:04
0,152.63,814,825,11.18,70.17,0,0.43,17.05.2024 01:02:06
0,154.69,825,825,11.16,70.20,0,0.59,17.05.2024 01:02:08
0,151.13,806,825,11.15,70.17,0,0.33,17.05.2024 01:02:10
0,159.94,853,825,11.16,70.18,0,1.02,17.05.2024 01:02:12
0,153.75,820,825,11.19,70.19,0,0.52,17.05.2024 01:02:14
0,152.06,811,826,11.18,70.18,0,0.39,17.05.2024 01:02:17
0,153.75,820,826,11.18,70.21,0,0.52,17.05.2024 01:02:19
0,153.00,816,825,11.16,70.17,0,0.46,17.05.2024 01:02:21
0,149.06,795,825,11.16,70.20,0,0.17,17.05.2024 01:02:23
0,153.00,816,825,11.18,70.20,0,0.46,17.05.2024 01:02:25
0,153.56,819,825,11.16,70.19,0,0.51,17.05.2024 01:02:27
0,152.06,811,825,11.18,70.20,0,0.39,17.05.2024 01:02:29
0,153.75,820,826,11.18,70.19,0,0.52,17.05.2024 01:02:31
0,152.63,814,826,11.18,70.21,0,0.43,17.05.2024 01:02:34
0,150.19,801,826,11.16,70.20,0,0.25,17.05.2024 01:02:36
0,152.63,814,826,11.15,70.17,0,0.44,17.05.2024 01:02:38
0,152.44,813,826,11.18,70.16,0,0.42,17.05.2024 01:02:40
0,154.50,824,826,11.18,70.20,0,0.58,17.05.2024 01:02:42
0,151.13,806,826,11.16,70.18,0,0.32,17.05.2024 01:02:46
0,150.94,805,827,11.19,70.22,0,0.30,17.05.2024 01:02:48
0,152.63,814,827,11.18,70.21,0,0.43,17.05.2024 01:02:50
0,148.88,794,827,11.18,70.25,0,0.15,17.05.2024 01:02:52
0,150.38,802,826,11.16,70.22,0,0.27,17.05.2024 01:02:55
0,149.81,799,826,11.18,70.20,0,0.22,17.05.2024 01:02:57
0,149.06,795,826,11.16,70.21,0,0.17,17.05.2024 01:02:59
0,149.63,798,826,11.15,70.21,0,0.21,17.05.2024 01:03:01
0,153.38,818,826,11.18,70.21,0,0.49,17.05.2024 01:03:03
0,150.94,805,826,11.16,70.20,0,0.31,17.05.2024 01:03:05
0,148.31,791,827,11.16,70.23,0,0.12,17.05.2024 01:03:07
0,150.75,804,827,11.18,70.23,0,0.29,17.05.2024 01:03:09
0,153.19,817,827,11.16,70.24,0,0.48,17.05.2024 01:03:12
0,153.38,818,826,11.16,70.22,0,0.49,17.05.2024 01:03:14
0,153.56,819,826,11.18,70.21,0,0.50,17.05.2024 01:03:16
0,154.69,825,826,11.19,70.24,0,0.59,17.05.2024 01:03:18
0,153.38,818,826,11.16,70.22,0,0.49,17.05.2024 01:03:20
0,159.38,850,825,11.18,70.24,0,0.97,17.05.2024 01:03:22
0,153.19,817,825,11.18,70.22,0,0.47,17.05.2024 01:03:24
0,154.50,824,825,11.18,70.21,0,0.58,17.05.2024 01:03:26
0,154.50,824,825,11.16,70.23,0,0.58,17.05.2024 01:03:29
0,154.13,822,825,11.15,70.20,0,0.55,17.05.2024 01:03:31
0,156.38,834,825,11.18,70.21,0,0.72,17.05.2024 01:03:33
0,151.31,807,825,11.13,70.21,0,0.34,17.05.2024 01:03:35
0,157.88,842,824,11.16,70.22,0,0.85,17.05.2024 01:03:37
0,153.56,819,824,11.18,70.22,0,0.50,17.05.2024 01:03:39
0,153.38,818,824,11.18,70.22,0,0.49,17.05.2024 01:03:41
0,155.06,827,824,11.15,70.24,0,0.62,17.05.2024 01:03:43
0,154.31,823,823,11.16,70.25,0,0.56,17.05.2024 01:03:45
0,154.31,823,823,11.16,70.21,0,0.56,17.05.2024 01:03:48
0,155.25,828,823,11.16,70.23,0,0.64,17.05.2024 01:03:50
0,156.94,837,823,11.19,70.24,0,0.77,17.05.2024 01:03:52
0,150.56,803,824,11.15,70.23,0,0.28,17.05.2024 01:03:54
0,150.94,805,823,11.16,70.22,0,0.31,17.05.2024 01:03:56
0,153.56,819,823,11.16,70.23,0,0.50,17.05.2024 01:03:58
0,153.56,819,824,11.16,70.24,0,0.50,17.05.2024 01:04:00
0,153.94,821,823,11.18,70.24,0,0.53,17.05.2024 01:04:02
0,152.44,813,823,11.18,70.27,0,0.42,17.05.2024 01:04:05
0,158.25,844,823,11.18,70.26,0,0.88,17.05.2024 01:04:07
0,153.94,821,823,11.16,70.24,0,0.53,17.05.2024 01:04:09
0,148.69,793,822,11.18,70.26,0,0.14,17.05.2024 01:04:11
0,151.88,810,822,11.18,70.24,0,0.37,17.05.2024 01:04:13
0,151.31,807,822,11.16,70.21,0,0.34,17.05.2024 01:04:15
0,151.69,809,822,11.18,70.25,0,0.36,17.05.2024 01:04:17
0,154.13,822,822,11.15,70.26,0,0.55,17.05.2024 01:04:19
0,152.44,813,822,11.18,70.25,0,0.42,17.05.2024 01:04:22
0,154.13,822,822,11.15,70.27,0,0.55,17.05.2024 01:04:24
0,155.25,828,822,11.16,70.24,0,0.64,17.05.2024 01:04:26
0,154.69,825,822,11.18,70.25,0,0.59,17.05.2024 01:04:28
0,154.13,822,822,11.13,70.25,0,0.55,17.05.2024 01:04:30
0,156.56,835,822,11.15,70.25,0,0.74,17.05.2024 01:04:32
0,152.25,812,821,11.18,70.25,0,0.40,17.05.2024 01:04:34
0,155.25,828,822,11.19,70.27,0,0.63,17.05.2024 01:04:36
0,153.00,816,822,11.18,70.26,0,0.46,17.05.2024 01:04:38
0,151.69,809,821,11.18,70.27,0,0.36,17.05.2024 01:04:41
0,151.88,810,822,11.18,70.27,0,0.37,17.05.2024 01:04:43
0,151.69,809,822,11.16,70.25,0,0.36,17.05.2024 01:04:45
0,152.63,814,822,11.18,70.25,0,0.43,17.05.2024 01:04:47
0,150.75,804,822,11.15,70.27,0,0.29,17.05.2024 01:04:49
0,157.50,840,822,11.18,70.24,0,0.81,17.05.2024 01:04:51
0,149.06,795,822,11.18,70.23,0,0.17,17.05.2024 01:04:53
0,152.25,812,822,11.16,70.26,0,0.40,17.05.2024 01:04:55
0,152.44,813,822,11.18,70.28,0,0.41,17.05.2024 01:04:58
0,153.19,817,822,11.16,70.27,0,0.47,17.05.2024 01:05:02
0,151.13,806,822,11.18,70.26,0,0.32,17.05.2024 01:05:04
0,154.50,824,822,11.18,70.24,0,0.57,17.05.2024 01:05:06
0,148.88,794,822,11.16,70.26,0,0.16,17.05.2024 01:05:08
0,149.81,799,822,11.16,70.26,0,0.22,17.05.2024 01:05:10
0,150.75,804,822,11.16,70.24,0,0.29,17.05.2024 01:05:12
0,153.00,816,822,11.15,70.27,0,0.46,17.05.2024 01:05:14
0,153.75,820,821,11.15,70.27,0,0.52,17.05.2024 01:05:17
0,154.13,822,821,11.16,70.28,0,0.55,17.05.2024 01:05:19
0,148.88,794,820,11.16,70.27,0,0.16,17.05.2024 01:05:21
0,150.19,801,821,11.16,70.27,0,0.25,17.05.2024 01:05:23
0,151.31,807,821,11.15,70.27,0,0.34,17.05.2024 01:05:25
0,148.88,794,821,11.15,70.27,0,0.16,17.05.2024 01:05:27
0,148.88,794,821,11.16,70.29,0,0.16,17.05.2024 01:05:29
0,150.38,802,820,11.16,70.29,0,0.26,17.05.2024 01:05:31
0,150.19,801,820,11.15,70.27,0,0.25,17.05.2024 01:05:33
0,153.94,821,821,11.19,70.28,0,0.53,17.05.2024 01:05:36
0,153.94,821,821,11.19,70.29,0,0.53,17.05.2024 01:05:38
0,154.88,826,821,11.16,70.28,0,0.60,17.05.2024 01:05:40
0,154.31,823,821,11.16,70.30,0,0.56,17.05.2024 01:05:42
0,156.56,835,821,11.13,70.28,0,0.75,17.05.2024 01:05:44
0,152.06,811,821,11.16,70.27,0,0.39,17.05.2024 01:05:46
0,156.19,833,822,11.16,70.33,0,0.71,17.05.2024 01:05:48
0,153.75,820,821,11.15,70.28,0,0.52,17.05.2024 01:05:50
0,153.38,818,821,11.16,70.31,0,0.49,17.05.2024 01:05:53
0,155.25,828,821,11.16,70.30,0,0.63,17.05.2024 01:05:55
0,153.19,817,822,11.16,70.30,0,0.47,17.05.2024 01:05:57
0,153.38,818,822,11.15,70.31,0,0.49,17.05.2024 01:05:59
0,154.69,825,822,11.18,70.31,0,0.59,17.05.2024 01:06:01
0,151.69,809,821,11.16,70.30,0,0.36,17.05.2024 01:06:03
0,156.38,834,821,11.15,70.30,0,0.73,17.05.2024 01:06:05
0,156.00,832,821,11.18,70.30,0,0.69,17.05.2024 01:06:07
0,152.06,811,821,11.15,70.29,0,0.39,17.05.2024 01:06:10
0,153.38,818,821,11.18,70.32,0,0.48,17.05.2024 01:06:12
0,155.25,828,821,11.18,70.31,0,0.63,17.05.2024 01:06:14
0,155.44,829,821,11.15,70.32,0,0.65,17.05.2024 01:06:16
0,156.00,832,821,11.16,70.30,0,0.69,17.05.2024 01:06:18
0,151.13,806,821,11.18,70.30,0,0.32,17.05.2024 01:06:20
0,153.38,818,821,11.16,70.29,0,0.49,17.05.2024 01:06:22
0,151.31,807,821,11.18,70.32,0,0.33,17.05.2024 01:06:24
0,152.25,812,821,11.16,70.30,0,0.40,17.05.2024 01:06:26
0,153.38,818,820,11.15,70.28,0,0.49,17.05.2024 01:06:29
0,152.44,813,820,11.16,70.31,0,0.42,17.05.2024 01:06:31
0,154.88,826,820,11.15,70.32,0,0.61,17.05.2024 01:06:33
0,153.56,819,820,11.16,70.32,0,0.50,17.05.2024 01:06:35
0,152.81,815,820,11.16,70.32,0,0.44,17.05.2024 01:06:37
0,155.63,830,819,11.16,70.31,0,0.66,17.05.2024 01:06:39
0,151.50,808,820,11.16,70.33,0,0.34,17.05.2024 01:06:41
0,154.88,826,819,11.16,70.30,0,0.60,17.05.2024 01:06:43
0,155.44,829,819,11.16,70.34,0,0.65,17.05.2024 01:06:46
0,152.44,813,819,11.16,70.31,0,0.42,17.05.2024 01:06:48
0,156.56,835,820,11.18,70.33,0,0.73,17.05.2024 01:06:50
0,154.31,823,820,11.18,70.32,0,0.56,17.05.2024 01:06:52
0,154.69,825,819,11.16,70.34,0,0.59,17.05.2024 01:06:54
0,154.69,825,819,11.15,70.33,0,0.59,17.05.2024 01:06:56
0,153.38,818,819,11.16,70.31,0,0.49,17.05.2024 01:06:58
0,151.88,810,818,11.15,70.30,0,0.38,17.05.2024 01:07:00
0,154.31,823,819,11.18,70.31,0,0.56,17.05.2024 01:07:03
0,152.81,815,818,11.18,70.35,0,0.44,17.05.2024 01:07:05
0,152.44,813,818,11.16,70.32,0,0.42,17.05.2024 01:07:07
0,157.31,839,818,11.18,70.35,0,0.79,17.05.2024 01:07:09
0,152.06,811,819,11.16,70.29,0,0.39,17.05.2024 01:07:11
0,151.69,809,819,11.15,70.31,0,0.36,17.05.2024 01:07:13
0,155.06,827,820,11.18,70.33,0,0.62,17.05.2024 01:07:15
0,149.06,795,820,11.16,70.33,0,0.17,17.05.2024 01:07:19
0,156.19,833,819,11.18,70.32,0,0.71,17.05.2024 01:07:22
0,152.63,814,819,11.18,70.35,0,0.43,17.05.2024 01:07:24
0,148.88,794,819,11.16,70.31,0,0.15,17.05.2024 01:07:26
0,150.56,803,819,11.15,70.32,0,0.28,17.05.2024 01:07:28
0,150.94,805,820,11.16,70.34,0,0.30,17.05.2024 01:07:30
0,152.06,811,820,11.15,70.33,0,0.39,17.05.2024 01:07:32
0,151.88,810,819,11.15,70.32,0,0.38,17.05.2024 01:07:34
0,150.75,804,819,11.15,70.35,0,0.29,17.05.2024 01:07:36
0,148.88,794,819,11.19,70.36,0,0.15,17.05.2024 01:07:38
0,150.19,801,820,11.15,70.33,0,0.25,17.05.2024 01:07:41
0,152.25,812,820,11.16,70.33,0,0.40,17.05.2024 01:07:43
0,151.50,808,819,11.18,70.33,0,0.34,17.05.2024 01:07:45
0,155.44,829,820,11.18,70.32,0,0.65,17.05.2024 01:07:47
0,154.13,822,819,11.15,70.34,0,0.55,17.05.2024 01:07:49
0,154.50,824,820,11.18,70.36,0,0.57,17.05.2024 01:07:51
0,153.56,819,819,11.15,70.35,0,0.50,17.05.2024 01:07:53
0,156.38,834,818,11.18,70.32,0,0.72,17.05.2024 01:07:55
0,153.75,820,819,11.16,70.33,0,0.52,17.05.2024 01:07:58
0,154.69,825,819,11.15,70.36,0,0.59,17.05.2024 01:08:00
0,152.06,811,819,11.18,70.35,0,0.38,17.05.2024 01:08:02
0,156.00,832,819,11.16,70.35,0,0.69,17.05.2024 01:08:04
0,154.50,824,818,11.15,70.36,0,0.58,17.05.2024 01:08:06
0,153.75,820,818,11.18,70.35,0,0.51,17.05.2024 01:08:08
0,158.25,844,818,11.16,70.36,0,0.87,17.05.2024 01:08:10
0,155.25,828,817,11.16,70.33,0,0.63,17.05.2024 01:08:12
0,156.38,834,817,11.16,70.35,0,0.72,17.05.2024 01:08:15
0,154.50,824,817,11.15,70.35,0,0.58,17.05.2024 01:08:17
0,154.88,826,817,11.16,70.37,0,0.60,17.05.2024 01:08:19
0,155.44,829,817,11.15,70.37,0,0.65,17.05.2024 01:08:21
0,153.56,819,818,11.15,70.37,0,0.50,17.05.2024 01:08:23
0,149.44,797,817,11.16,70.36,0,0.19,17.05.2024 01:08:25
0,153.38,818,818,11.16,70.39,0,0.48,17.05.2024 01:08:27
0,156.19,833,818,11.18,70.37,0,0.70,17.05.2024 01:08:29
0,154.13,822,819,11.16,70.38,0,0.54,17.05.2024 01:08:31
0,156.56,835,819,11.18,70.36,0,0.73,17.05.2024 01:08:34
0,151.13,806,819,11.15,70.38,0,0.32,17.05.2024 01:08:36
0,153.94,821,818,11.15,70.37,0,0.53,17.05.2024 01:08:38
0,159.19,849,819,11.18,70.38,0,0.95,17.05.2024 01:08:40
0,150.38,802,820,11.18,70.38,0,0.26,17.05.2024 01:08:42
0,154.88,826,819,11.16,70.36,0,0.60,17.05.2024 01:08:44
0,155.81,831,819,11.16,70.39,0,0.67,17.05.2024 01:08:46
0,154.13,822,819,11.18,70.38,0,0.54,17.05.2024 01:08:48
0,154.50,824,819,11.18,70.38,0,0.57,17.05.2024 01:08:51
0,156.38,834,818,11.18,70.37,0,0.72,17.05.2024 01:08:53
0,154.13,822,818,11.15,70.38,0,0.55,17.05.2024 01:08:55
0,155.25,828,818,11.19,70.38,0,0.63,17.05.2024 01:08:57
0,152.25,812,818,11.16,70.37,0,0.40,17.05.2024 01:08:59
0,154.88,826,818,11.18,70.39,0,0.60,17.05.2024 01:09:01
0,154.69,825,817,11.18,70.41,0,0.58,17.05.2024 01:09:03
0,154.69,825,817,11.16,70.39,0,0.59,17.05.2024 01:09:05
0,154.69,825,817,11.15,70.40,0,0.59,17.05.2024 01:09:08
0,153.19,817,818,11.15,70.40,0,0.47,17.05.2024 01:09:10
0,155.06,827,818,11.19,70.38,0,0.61,17.05.2024 01:09:12
0,153.38,818,818,11.18,70.39,0,0.48,17.05.2024 01:09:14
0,154.69,825,817,11.18,70.41,0,0.58,17.05.2024 01:09:16
0,153.19,817,817,11.18,70.38,0,0.47,17.05.2024 01:09:18
0,155.63,830,817,11.15,70.38,0,0.66,17.05.2024 01:09:20
0,154.69,825,817,11.16,70.40,0,0.59,17.05.2024 01:09:22
0,150.38,802,817,11.16,70.37,0,0.26,17.05.2024 01:09:24
0,149.63,798,817,11.16,70.38,0,0.21,17.05.2024 01:09:27
0,153.56,819,817,11.18,70.37,0,0.50,17.05.2024 01:09:29
0,156.19,833,817,11.16,70.41,0,0.70,17.05.2024 01:09:31
0,152.44,813,818,11.16,70.40,0,0.41,17.05.2024 01:09:35
0,153.38,818,817,11.18,70.39,0,0.48,17.05.2024 01:09:37
0,150.75,804,817,11.16,70.39,0,0.29,17.05.2024 01:09:39
0,150.19,801,818,11.16,70.40,0,0.25,17.05.2024 01:09:41
0,149.63,798,818,11.16,70.40,0,0.21,17.05.2024 01:09:43
0,151.31,807,818,11.18,70.39,0,0.33,17.05.2024 01:09:46
0,150.38,802,818,11.16,70.40,0,0.26,17.05.2024 01:09:48
0,152.06,811,818,11.18,70.38,0,0.38,17.05.2024 01:09:50
0,152.63,814,818,11.16,70.39,0,0.43,17.05.2024 01:09:52
0,152.06,811,818,11.19,70.39,0,0.38,17.05.2024 01:09:54
0,155.06,827,818,11.16,70.43,0,0.61,17.05.2024 01:09:56
0,150.56,803,818,11.18,70.40,0,0.27,17.05.2024 01:09:58
0,153.75,820,818,11.16,70.40,0,0.51,17.05.2024 01:10:00
0,153.00,816,818,11.16,70.40,0,0.46,17.05.2024 01:10:03
0,156.56,835,817,11.18,70.43,0,0.73,17.05.2024 01:10:05
0,154.50,824,817,11.18,70.38,0,0.57,17.05.2024 01:10:07
0,156.75,836,817,11.18,70.43,0,0.75,17.05.2024 01:10:09
0,152.25,812,817,11.19,70.42,0,0.39,17.05.2024 01:10:11
0,154.88,826,817,11.18,70.44,0,0.60,17.05.2024 01:10:13
0,152.81,815,817,11.19,70.43,0,0.43,17.05.2024 01:10:15
0,153.19,817,817,11.20,70.40,0,0.46,17.05.2024 01:10:17
0,155.06,827,817,11.15,70.41,0,0.62,17.05.2024 01:10:19
0,156.38,834,816,11.16,70.43,0,0.72,17.05.2024 01:10:22
0,152.25,812,816,11.18,70.43,0,0.40,17.05.2024 01:10:24
0,156.00,832,816,11.16,70.43,0,0.69,17.05.2024 01:10:26
0,156.75,836,816,11.16,70.41,0,0.75,17.05.2024 01:10:28
0,152.44,813,816,11.18,70.39,0,0.41,17.05.2024 01:10:30
0,152.25,812,815,11.16,70.43,0,0.40,17.05.2024 01:10:32
0,153.19,817,816,11.18,70.45,0,0.47,17.05.2024 01:10:34
0,154.50,824,816,11.18,70.44,0,0.57,17.05.2024 01:10:36
0,154.69,825,816,11.16,70.45,0,0.58,17.05.2024 01:10:39
0,150.75,804,816,11.16,70.42,0,0.29,17.05.2024 01:10:41
0,155.06,827,815,11.19,70.45,0,0.61,17.05.2024 01:10:43
0,153.94,821,816,11.18,70.46,0,0.52,17.05.2024 01:10:45
0,154.69,825,816,11.19,70.45,0,0.58,17.05.2024 01:10:47
0,152.63,814,816,11.18,70.43,0,0.42,17.05.2024 01:10:49
0,155.06,827,816,11.18,70.43,0,0.61,17.05.2024 01:10:51
0,156.00,832,815,11.16,70.46,0,0.69,17.05.2024 01:10:53
0,155.25,828,815,11.18,70.43,0,0.63,17.05.2024 01:10:56
0,154.13,822,815,11.16,70.44,0,0.54,17.05.2024 01:10:58
0,155.25,828,815,11.19,70.43,0,0.62,17.05.2024 01:11:00
0,159.56,851,815,11.19,70.46,0,0.97,17.05.2024 01:11:02
0,153.00,816,814,11.19,70.43,0,0.45,17.05.2024 01:11:04
0,159.75,852,814,11.16,70.44,0,1.00,17.05.2024 01:11:06
0,159.56,851,814,11.18,70.40,0,0.98,17.05.2024 01:11:08
0,152.25,812,814,11.18,70.46,0,0.39,17.05.2024 01:11:10
0,154.88,826,815,11.18,70.44,0,0.60,17.05.2024 01:11:12
0,153.00,816,815,11.18,70.46,0,0.45,17.05.2024 01:11:15
0,154.50,824,815,11.18,70.44,0,0.57,17.05.2024 01:11:17
0,153.56,819,816,11.18,70.44,0,0.49,17.05.2024 01:11:19
0,154.50,824,815,11.19,70.41,0,0.57,17.05.2024 01:11:21
0,152.81,815,815,11.16,70.44,0,0.44,17.05.2024 01:11:23
0,155.06,827,815,11.16,70.45,0,0.61,17.05.2024 01:11:25
0,153.00,816,815,11.19,70.45,0,0.45,17.05.2024 01:11:27
0,154.13,822,816,11.18,70.44,0,0.54,17.05.2024 01:11:29
0,155.44,829,816,11.18,70.45,0,0.64,17.05.2024 01:11:32
0,156.19,833,816,11.18,70.44,0,0.70,17.05.2024 01:11:34
0,153.19,817,816,11.18,70.46,0,0.46,17.05.2024 01:11:36
0,152.81,815,817,11.16,70.44,0,0.44,17.05.2024 01:11:38
0,154.13,822,816,11.18,70.46,0,0.54,17.05.2024 01:11:40
0,149.44,797,817,11.19,70.44,0,0.19,17.05.2024 01:11:42
0,152.81,815,817,11.19,70.48,0,0.43,17.05.2024 01:11:46
0,155.25,828,817,11.19,70.44,0,0.62,17.05.2024 01:11:48
0,155.63,830,817,11.16,70.45,0,0.66,17.05.2024 01:11:51
0,150.56,803,817,11.16,70.45,0,0.27,17.05.2024 01:11:53
0,152.63,814,816,11.18,70.44,0,0.42,17.05.2024 01:11:55
0,151.31,807,816,11.16,70.43,0,0.33,17.05.2024 01:11:57
0,153.75,820,816,11.18,70.45,0,0.51,17.05.2024 01:11:59
0,153.00,816,815,11.19,70.48,0,0.45,17.05.2024 01:12:01
0,148.69,793,815,11.19,70.46,0,0.13,17.05.2024 01:12:03
0,150.75,804,815,11.19,70.44,0,0.28,17.05.2024 01:12:05
0,154.13,822,815,11.18,70.46,0,0.54,17.05.2024 01:12:08
0,151.13,806,815,11.18,70.50,0,0.31,17.05.2024 01:12:10
0,152.06,811,815,11.18,70.47,0,0.38,17.05.2024 01:12:12
0,151.69,809,815,11.18,70.48,0,0.35,17.05.2024 01:12:14
0,153.75,820,814,11.18,70.45,0,0.51,17.05.2024 01:12:16
0,154.88,826,814,11.19,70.46,0,0.59,17.05.2024 01:12:18
0,156.94,837,814,11.18,70.45,0,0.76,17.05.2024 01:12:20
0,153.38,818,814,11.16,70.46,0,0.48,17.05.2024 01:12:22
0,156.75,836,814,11.20,70.47,0,0.74,17.05.2024 01:12:24
0,154.31,823,814,11.18,70.47,0,0.55,17.05.2024 01:12:27
0,156.56,835,814,11.19,70.46,0,0.73,17.05.2024 01:12:29
0,152.44,813,814,11.18,70.47,0,0.41,17.05.2024 01:12:31
0,156.75,836,815,11.22,70.51,0,0.73,17.05.2024 01:12:33
0,155.44,829,815,11.18,70.47,0,0.64,17.05.2024 01:12:35
0,155.44,829,814,11.19,70.44,0,0.64,17.05.2024 01:12:37
0,155.25,828,814,11.19,70.48,0,0.62,17.05.2024 01:12:39
0,156.00,832,814,11.16,70.47,0,0.69,17.05.2024 01:12:41
0,153.94,821,814,11.18,70.47,0,0.52,17.05.2024 01:12:44
0,150.56,803,814,11.18,70.47,0,0.27,17.05.2024 01:12:46
0,154.50,824,815,11.20,70.46,0,0.56,17.05.2024 01:12:48
0,153.38,818,814,11.19,70.48,0,0.48,17.05.2024 01:12:50
0,154.13,822,815,11.18,70.44,0,0.54,17.05.2024 01:12:52
0,153.19,817,815,11.18,70.49,0,0.46,17.05.2024 01:12:54
0,156.94,837,815,11.18,70.47,0,0.76,17.05.2024 01:12:56
0,151.13,806,814,11.19,70.48,0,0.31,17.05.2024 01:12:58
0,150.94,805,814,11.20,70.50,0,0.29,17.05.2024 01:13:01
0,150.94,805,815,11.19,70.48,0,0.29,17.05.2024 01:13:03
0,155.44,829,815,11.18,70.47,0,0.64,17.05.2024 01:13:05
0,152.63,814,815,11.19,70.48,0,0.42,17.05.2024 01:13:07
0,154.88,826,814,11.20,70.46,0,0.59,17.05.2024 01:13:09
0,158.25,844,814,11.19,70.51,0,0.86,17.05.2024 01:13:11
0,153.75,820,814,11.19,70.47,0,0.50,17.05.2024 01:13:13
0,154.31,823,815,11.16,70.45,0,0.55,17.05.2024 01:13:15
0,156.00,832,814,11.16,70.45,0,0.69,17.05.2024 01:13:17
0,152.63,814,814,11.16,70.49,0,0.42,17.05.2024 01:13:20
0,151.13,806,814,11.19,70.48,0,0.31,17.05.2024 01:13:22
0,156.75,836,815,11.19,70.48,0,0.74,17.05.2024 01:13:24
0,156.56,835,815,11.19,70.48,0,0.73,17.05.2024 01:13:26
0,155.06,827,814,11.19,70.48,0,0.61,17.05.2024 01:13:28
0,153.75,820,815,11.18,70.46,0,0.51,17.05.2024 01:13:30
0,156.38,834,815,11.18,70.49,0,0.71,17.05.2024 01:13:32
0,151.88,810,815,11.20,70.49,0,0.36,17.05.2024 01:13:34
0,153.19,817,815,11.19,70.49,0,0.46,17.05.2024 01:13:37
0,152.06,811,816,11.19,70.47,0,0.38,17.05.2024 01:13:39
0,152.63,814,816,11.19,70.48,0,0.42,17.05.2024 01:13:41
0,151.31,807,815,11.19,70.48,0,0.32,17.05.2024 01:13:43
0,150.56,803,816,11.20,70.46,0,0.26,17.05.2024 01:13:45
0,153.56,819,817,11.22,70.48,0,0.48,17.05.2024 01:13:47
0,153.00,816,817,11.16,70.49,0,0.45,17.05.2024 01:13:49
0,152.25,812,817,11.20,70.48,0,0.39,17.05.2024 01:13:51
0,152.63,814,817,11.18,70.50,0,0.42,17.05.2024 01:13:54
0,151.50,808,817,11.19,70.43,0,0.34,17.05.2024 01:13:56
0,152.25,812,816,11.16,70.48,0,0.40,17.05.2024 01:13:58
0,154.50,824,816,11.18,70.48,0,0.56,17.05.2024 01:14:00
0,153.19,817,816,11.18,70.45,0,0.47,17.05.2024 01:14:04
0,151.31,807,817,11.20,70.48,0,0.32,17.05.2024 01:14:06
0,152.81,815,817,11.19,70.47,0,0.43,17.05.2024 01:14:08
0,152.06,811,817,11.19,70.48,0,0.38,17.05.2024 01:14:10
0,151.50,808,817,11.19,70.48,0,0.33,17.05.2024 01:14:12
0,152.81,815,817,11.18,70.46,0,0.44,17.05.2024 01:14:15
0,152.44,813,817,11.18,70.48,0,0.41,17.05.2024 01:14:17
0,151.31,807,817,11.19,70.48,0,0.32,17.05.2024 01:14:19
0,150.38,802,817,11.19,70.46,0,0.25,17.05.2024 01:14:21
0,152.81,815,817,11.19,70.48,0,0.43,17.05.2024 01:14:23
0,153.38,818,817,11.19,70.47,0,0.48,17.05.2024 01:14:25
0,152.25,812,817,11.19,70.46,0,0.39,17.05.2024 01:14:27
0,152.06,811,817,11.20,70.49,0,0.37,17.05.2024 01:14:29
0,152.44,813,817,11.19,70.48,0,0.40,17.05.2024 01:14:32
0,147.75,788,818,11.18,70.49,0,0.07,17.05.2024 01:14:34
0,153.75,820,818,11.19,70.48,0,0.50,17.05.2024 01:14:36
0,156.56,835,819,11.19,70.49,0,0.73,17.05.2024 01:14:38
0,152.25,812,819,11.19,70.48,0,0.39,17.05.2024 01:14:40
0,156.75,836,819,11.20,70.48,0,0.74,17.05.2024 01:14:42
0,155.44,829,819,11.19,70.48,0,0.64,17.05.2024 01:14:44
0,152.81,815,819,11.18,70.47,0,0.44,17.05.2024 01:14:46
0,152.06,811,819,11.19,70.49,0,0.38,17.05.2024 01:14:49
0,152.81,815,818,11.19,70.48,0,0.43,17.05.2024 01:14:51
0,153.94,821,818,11.18,70.50,0,0.52,17.05.2024 01:14:53
0,155.63,830,817,11.20,70.45,0,0.65,17.05.2024 01:14:55
0,155.44,829,818,11.18,70.46,0,0.64,17.05.2024 01:14:57
0,156.56,835,818,11.20,70.46,0,0.72,17.05.2024 01:14:59
0,155.63,830,818,11.19,70.48,0,0.65,17.05.2024 01:15:01
0,154.69,825,818,11.19,70.47,0,0.58,17.05.2024 01:15:03
0,152.44,813,819,11.19,70.48,0,0.40,17.05.2024 01:15:05
0,157.13,838,818,11.18,70.47,0,0.77,17.05.2024 01:15:08
0,153.56,819,819,11.19,70.51,0,0.49,17.05.2024 01:15:10
0,150.94,805,819,11.19,70.48,0,0.29,17.05.2024 01:15:12
0,155.25,828,819,11.19,70.51,0,0.62,17.05.2024 01:15:14
0,156.19,833,819,11.19,70.48,0,0.70,17.05.2024 01:15:16
0,152.44,813,820,11.20,70.48,0,0.40,17.05.2024 01:15:18
0,156.75,836,820,11.20,70.48,0,0.74,17.05.2024 01:15:20
0,152.63,814,820,11.16,70.46,0,0.42,17.05.2024 01:15:22
0,152.81,815,819,11.20,70.47,0,0.43,17.05.2024 01:15:25
0,153.38,818,819,11.19,70.48,0,0.48,17.05.2024 01:15:27
0,153.56,819,819,11.19,70.48,0,0.49,17.05.2024 01:15:29
0,156.75,836,819,11.18,70.48,0,0.74,17.05.2024 01:15:31
0,154.13,822,819,11.18,70.47,0,0.54,17.05.2024 01:15:33
0,157.50,840,819,11.18,70.46,0,0.81,17.05.2024 01:15:35
0,155.81,831,820,11.19,70.48,0,0.67,17.05.2024 01:15:37
0,158.63,846,820,11.18,70.47,0,0.90,17.05.2024 01:15:39
0,154.69,825,819,11.20,70.47,0,0.58,17.05.2024 01:15:42
0,154.88,826,820,11.20,70.51,0,0.59,17.05.2024 01:15:44
0,151.31,807,820,11.18,70.47,0,0.32,17.05.2024 01:15:46
0,154.50,824,819,11.18,70.48,0,0.56,17.05.2024 01:15:48
0,156.38,834,820,11.19,70.51,0,0.71,17.05.2024 01:15:50
0,156.19,833,820,11.19,70.46,0,0.70,17.05.2024 01:15:52
0,156.38,834,820,11.18,70.47,0,0.71,17.05.2024 01:15:54
0,155.44,829,820,11.20,70.45,0,0.63,17.05.2024 01:15:56
0,153.38,818,820,11.20,70.46,0,0.47,17.05.2024 01:15:58
0,155.25,828,821,11.20,70.48,0,0.62,17.05.2024 01:16:01
0,150.94,805,820,11.18,70.48,0,0.30,17.05.2024 01:16:03
0,152.06,811,820,11.19,70.44,0,0.38,17.05.2024 01:16:05
0,151.69,809,820,11.19,70.47,0,0.35,17.05.2024 01:16:07
0,154.50,824,820,11.19,70.47,0,0.56,17.05.2024 01:16:09
0,155.06,827,820,11.20,70.45,0,0.61,17.05.2024 01:16:11
0,155.25,828,821,11.23,70.47,0,0.61,17.05.2024 01:16:13
0,155.44,829,821,11.22,70.45,0,0.63,17.05.2024 01:16:17
0,153.00,816,821,11.19,70.47,0,0.45,17.05.2024 01:16:20
0,159.00,848,820,11.20,70.45,0,0.92,17.05.2024 01:16:22
0,155.81,831,820,11.22,70.47,0,0.66,17.05.2024 01:16:24
0,151.69,809,821,11.20,70.45,0,0.35,17.05.2024 01:16:26
0,151.50,808,820,11.20,70.45,0,0.33,17.05.2024 01:16:28
0,152.25,812,821,11.20,70.46,0,0.39,17.05.2024 01:16:30
0,148.88,794,821,11.19,70.44,0,0.15,17.05.2024 01:16:32
0,150.00,800,821,11.18,70.44,0,0.23,17.05.2024 01:16:34
0,152.63,814,821,11.19,70.43,0,0.42,17.05.2024 01:16:37
0,151.88,810,821,11.19,70.47,0,0.36,17.05.2024 01:16:39
0,151.13,806,821,11.23,70.46,0,0.30,17.05.2024 01:16:41
0,154.69,825,821,11.19,70.48,0,0.58,17.05.2024 01:16:43
0,154.31,823,820,11.22,70.45,0,0.54,17.05.2024 01:16:45
0,153.75,820,821,11.19,70.45,0,0.51,17.05.2024 01:16:47
0,156.19,833,821,11.20,70.46,0,0.69,17.05.2024 01:16:49
0,153.56,819,821,11.22,70.46,0,0.49,17.05.2024 01:16:51
0,154.31,823,821,11.19,70.46,0,0.55,17.05.2024 01:16:53
0,155.63,830,821,11.22,70.46,0,0.65,17.05.2024 01:16:56
0,153.19,817,820,11.22,70.45,0,0.46,17.05.2024 01:16:58
0,156.00,832,820,11.19,70.45,0,0.68,17.05.2024 01:17:00
0,151.50,808,820,11.19,70.43,0,0.34,17.05.2024 01:17:02
0,155.63,830,820,11.20,70.44,0,0.65,17.05.2024 01:17:04
0,153.94,821,820,11.19,70.42,0,0.52,17.05.2024 01:17:06
0,155.63,830,820,11.20,70.44,0,0.65,17.05.2024 01:17:08
0,152.44,813,820,11.19,70.45,0,0.41,17.05.2024 01:17:10
0,155.06,827,820,11.20,70.42,0,0.61,17.05.2024 01:17:13
0,157.13,838,820,11.22,70.45,0,0.77,17.05.2024 01:17:15
0,153.00,816,820,11.22,70.44,0,0.44,17.05.2024 01:17:17
0,153.75,820,820,11.20,70.46,0,0.50,17.05.2024 01:17:19
0,152.25,812,820,11.19,70.43,0,0.39,17.05.2024 01:17:21
0,152.81,815,820,11.20,70.41,0,0.43,17.05.2024 01:17:23
0,152.44,813,819,11.22,70.44,0,0.40,17.05.2024 01:17:25
0,157.13,838,819,11.20,70.45,0,0.77,17.05.2024 01:17:27
0,155.44,829,818,11.19,70.48,0,0.64,17.05.2024 01:17:30
0,153.75,820,818,11.20,70.43,0,0.50,17.05.2024 01:17:32
0,151.88,810,818,11.18,70.45,0,0.37,17.05.2024 01:17:34
0,153.00,816,818,11.19,70.43,0,0.45,17.05.2024 01:17:36
0,158.44,845,818,11.20,70.45,0,0.88,17.05.2024 01:17:38
0,156.75,836,818,11.19,70.47,0,0.74,17.05.2024 01:17:40
0,155.06,827,818,11.20,70.44,0,0.61,17.05.2024 01:17:42
0,153.19,817,818,11.20,70.47,0,0.46,17.05.2024 01:17:44
0,156.94,837,818,11.19,70.44,0,0.76,17.05.2024 01:17:46
0,155.81,831,818,11.22,70.46,0,0.66,17.05.2024 01:17:49
0,150.94,805,818,11.23,70.44,0,0.29,17.05.2024 01:17:51
0,152.44,813,819,11.19,70.46,0,0.41,17.05.2024 01:17:53
0,151.69,809,818,11.19,70.42,0,0.35,17.05.2024 01:17:55
0,156.75,836,818,11.19,70.44,0,0.74,17.05.2024 01:17:57
0,153.19,817,818,11.19,70.44,0,0.46,17.05.2024 01:17:59
0,152.81,815,817,11.19,70.44,0,0.43,17.05.2024 01:18:01
0,158.25,844,817,11.19,70.43,0,0.87,17.05.2024 01:18:03
0,152.25,812,817,11.20,70.41,0,0.39,17.05.2024 01:18:06
0,153.00,816,817,11.19,70.45,0,0.45,17.05.2024 01:18:08
0,156.00,832,818,11.22,70.43,0,0.68,17.05.2024 01:18:10
0,152.25,812,818,11.22,70.42,0,0.39,17.05.2024 01:18:12
0,152.44,813,818,11.20,70.41,0,0.41,17.05.2024 01:18:14
0,154.31,823,818,11.22,70.43,0,0.54,17.05.2024 01:18:16
0,148.88,794,818,11.20,70.40,0,0.14,17.05.2024 01:18:18
0,152.63,814,819,11.19,70.43,0,0.42,17.05.2024 01:18:20
0,154.69,825,819,11.20,70.42,0,0.58,17.05.2024 01:18:25
0,152.25,812,820,11.22,70.39,0,0.39,17.05.2024 01:18:27
0,153.00,816,820,11.20,70.41,0,0.45,17.05.2024 01:18:29
0,152.81,815,819,11.22,70.42,0,0.43,17.05.2024 01:18:31
0,150.75,804,820,11.20,70.41,0,0.28,17.05.2024 01:18:33
0,155.25,828,820,11.19,70.40,0,0.62,17.05.2024 01:18:35
0,153.19,817,820,11.22,70.40,0,0.46,17.05.2024 01:18:37
0,151.69,809,820,11.22,70.41,0,0.35,17.05.2024 01:18:39
0,152.44,813,820,11.19,70.42,0,0.41,17.05.2024 01:18:41
0,151.13,806,820,11.22,70.43,0,0.30,17.05.2024 01:18:44
0,152.25,812,820,11.20,70.41,0,0.39,17.05.2024 01:18:46
0,150.75,804,820,11.20,70.42,0,0.28,17.05.2024 01:18:48
0,149.81,799,820,11.20,70.43,0,0.21,17.05.2024 01:18:50
0,152.25,812,820,11.20,70.41,0,0.39,17.05.2024 01:18:52
0,152.81,815,820,11.19,70.41,0,0.44,17.05.2024 01:18:54
0,153.19,817,820,11.22,70.42,0,0.46,17.05.2024 01:18:56
0,156.38,834,820,11.19,70.40,0,0.71,17.05.2024 01:18:58
0,156.00,832,820,11.20,70.42,0,0.68,17.05.2024 01:19:01
0,154.31,823,820,11.19,70.39,0,0.55,17.05.2024 01:19:03
0,153.38,818,820,11.20,70.43,0,0.48,17.05.2024 01:19:05
0,153.00,816,820,11.20,70.41,0,0.45,17.05.2024 01:19:07
0,155.25,828,820,11.22,70.42,0,0.62,17.05.2024 01:19:09
0,152.44,813,819,11.19,70.40,0,0.41,17.05.2024 01:19:11
0,154.69,825,818,11.23,70.42,0,0.57,17.05.2024 01:19:13
0,155.81,831,819,11.20,70.41,0,0.67,17.05.2024 01:19:15
0,153.94,821,819,11.20,70.41,0,0.52,17.05.2024 01:19:18
0,152.81,815,819,11.23,70.44,0,0.43,17.05.2024 01:19:20
0,158.25,844,819,11.20,70.43,0,0.86,17.05.2024 01:19:22
0,152.81,815,818,11.23,70.43,0,0.43,17.05.2024 01:19:24
0,152.06,811,818,11.22,70.41,0,0.37,17.05.2024 01:19:26
0,152.25,812,817,11.22,70.41,0,0.39,17.05.2024 01:19:28
0,157.50,840,818,11.19,70.38,0,0.81,17.05.2024 01:19:30
0,156.38,834,818,11.20,70.41,0,0.71,17.05.2024 01:19:32
0,155.06,827,819,11.22,70.39,0,0.60,17.05.2024 01:19:34
0,153.00,816,819,11.20,70.41,0,0.45,17.05.2024 01:19:37
0,151.50,808,819,11.20,70.39,0,0.34,17.05.2024 01:19:39
0,155.44,829,819,11.19,70.40,0,0.64,17.05.2024 01:19:41
0,154.31,823,819,11.19,70.38,0,0.55,17.05.2024 01:19:43
0,151.31,807,819,11.22,70.40,0,0.32,17.05.2024 01:19:45
0,158.25,844,819,11.19,70.38,0,0.87,17.05.2024 01:19:47
0,151.13,806,820,11.22,70.39,0,0.31,17.05.2024 01:19:49
0,151.13,806,820,11.20,70.39,0,0.31,17.05.2024 01:19:51
0,150.38,802,820,11.20,70.40,0,0.25,17.05.2024 01:19:54
0,156.38,834,820,11.18,70.39,0,0.72,17.05.2024 01:19:56
0,158.44,845,820,11.20,70.40,0,0.88,17.05.2024 01:19:58
0,157.50,840,821,11.22,70.39,0,0.80,17.05.2024 01:20:00
0,151.31,807,821,11.22,70.42,0,0.32,17.05.2024 01:20:02
0,153.75,820,820,11.22,70.41,0,0.50,17.05.2024 01:20:04
0,154.31,823,820,11.22,70.40,0,0.55,17.05.2024 01:20:06
0,151.69,809,820,11.19,70.38,0,0.35,17.05.2024 01:20:08
0,152.44,813,819,11.23,70.41,0,0.40,17.05.2024 01:20:11
0,153.38,818,820,11.22,70.40,0,0.47,17.05.2024 01:20:13
0,157.13,838,820,11.22,70.37,0,0.77,17.05.2024 01:20:15
0,154.13,822,820,11.20,70.39,0,0.53,17.05.2024 01:20:17
0,150.75,804,819,11.20,70.36,0,0.28,17.05.2024 01:20:19
0,151.69,809,819,11.20,70.39,0,0.35,17.05.2024 01:20:21
0,153.38,818,819,11.19,70.38,0,0.48,17.05.2024 01:20:23
0,150.19,801,819,11.20,70.38,0,0.24,17.05.2024 01:20:25
0,152.81,815,819,11.20,70.38,0,0.43,17.05.2024 01:20:28
0,151.50,808,819,11.20,70.40,0,0.34,17.05.2024 01:20:30
0,150.19,801,818,11.23,70.36,0,0.24,17.05.2024 01:20:34
0,152.44,813,818,11.20,70.38,0,0.41,17.05.2024 01:20:36
0,152.25,812,818,11.22,70.36,0,0.39,17.05.2024 01:20:38
0,151.13,806,818,11.22,70.38,0,0.31,17.05.2024 01:20:40
0,152.63,814,818,11.20,70.37,0,0.42,17.05.2024 01:20:42
0,150.38,802,818,11.19,70.38,0,0.26,17.05.2024 01:20:44
0,149.81,799,818,11.19,70.36,0,0.22,17.05.2024 01:20:46
0,151.69,809,818,11.19,70.37,0,0.35,17.05.2024 01:20:49
0,148.31,791,818,11.20,70.36,0,0.11,17.05.2024 01:20:51
0,154.88,826,818,11.20,70.38,0,0.59,17.05.2024 01:20:53
0,150.19,801,818,11.23,70.39,0,0.23,17.05.2024 01:20:55
0,153.00,816,818,11.19,70.34,0,0.45,17.05.2024 01:20:57
0,150.56,803,818,11.20,70.38,0,0.27,17.05.2024 01:20:59
0,154.31,823,817,11.19,70.35,0,0.55,17.05.2024 01:21:01
0,152.81,815,817,11.22,70.38,0,0.43,17.05.2024 01:21:03
0,154.69,825,817,11.20,70.36,0,0.58,17.05.2024 01:21:06
0,153.38,818,817,11.22,70.34,0,0.48,17.05.2024 01:21:08
0,153.38,818,817,11.19,70.37,0,0.48,17.05.2024 01:21:10
0,151.50,808,816,11.19,70.38,0,0.34,17.05.2024 01:21:12
0,153.19,817,816,11.22,70.37,0,0.46,17.05.2024 01:21:14
0,155.25,828,816,11.22,70.34,0,0.62,17.05.2024 01:21:16
0,151.69,809,816,11.19,70.36,0,0.35,17.05.2024 01:21:18
0,152.63,814,816,11.20,70.37,0,0.42,17.05.2024 01:21:20
0,153.00,816,817,11.20,70.34,0,0.45,17.05.2024 01:21:23
0,157.69,841,816,11.19,70.37,0,0.82,17.05.2024 01:21:25
0,153.75,820,816,11.20,70.38,0,0.51,17.05.2024 01:21:27
0,153.56,819,815,11.20,70.38,0,0.49,17.05.2024 01:21:29
0,153.56,819,815,11.19,70.36,0,0.50,17.05.2024 01:21:31
0,156.56,835,815,11.22,70.34,0,0.73,17.05.2024 01:21:33
0,155.63,830,815,11.19,70.35,0,0.66,17.05.2024 01:21:35
0,152.63,814,815,11.20,70.36,0,0.42,17.05.2024 01:21:37
0,150.00,800,814,11.20,70.31,0,0.23,17.05.2024 01:21:40
0,154.31,823,813,11.20,70.37,0,0.55,17.05.2024 01:21:42
0,156.19,833,814,11.19,70.36,0,0.70,17.05.2024 01:21:44
0,155.44,829,814,11.19,70.33,0,0.64,17.05.2024 01:21:46
0,150.00,800,813,11.20,70.33,0,0.23,17.05.2024 01:21:48
0,151.50,808,813,11.19,70.37,0,0.34,17.05.2024 01:21:50
0,155.06,827,812,11.22,70.33,0,0.61,17.05.2024 01:21:52
0,154.88,826,812,11.20,70.37,0,0.59,17.05.2024 01:21:54
0,150.94,805,812,11.19,70.34,0,0.30,17.05.2024 01:21:57
0,152.06,811,812,11.22,70.35,0,0.38,17.05.2024 01:21:59
0,151.69,809,812,11.19,70.32,0,0.35,17.05.2024 01:22:01
0,154.88,826,811,11.19,70.34,0,0.60,17.05.2024 01:22:03
0,151.69,809,811,11.20,70.32,0,0.35,17.05.2024 01:22:05
0,155.25,828,811,11.19,70.35,0,0.63,17.05.2024 01:22:07
0,153.00,816,811,11.19,70.33,0,0.45,17.05.2024 01:22:09
0,152.44,813,811,11.20,70.32,0,0.41,17.05.2024 01:22:11
0,151.50,808,811,11.20,70.34,0,0.34,17.05.2024 01:22:13
0,158.25,844,812,11.20,70.34,0,0.87,17.05.2024 01:22:16
0,150.56,803,811,11.22,70.34,0,0.27,17.05.2024 01:22:18
0,155.25,828,812,11.22,70.32,0,0.62,17.05.2024 01:22:20
0,155.81,831,811,11.20,70.33,0,0.67,17.05.2024 01:22:22
0,153.00,816,812,11.20,70.32,0,0.45,17.05.2024 01:22:24
0,152.63,814,812,11.20,70.37,0,0.42,17.05.2024 01:22:26
0,153.94,821,813,11.20,70.32,0,0.52,17.05.2024 01:22:28
0,152.81,815,813,11.22,70.32,0,0.43,17.05.2024 01:22:31
0,154.50,824,813,11.20,70.31,0,0.57,17.05.2024 01:22:33
0,148.50,792,812,11.20,70.31,0,0.12,17.05.2024 01:22:35
0,153.75,820,813,11.20,70.30,0,0.51,17.05.2024 01:22:37
0,152.44,813,813,11.19,70.30,0,0.41,17.05.2024 01:22:39
0,152.81,815,813,11.19,70.29,0,0.44,17.05.2024 01:22:41
0,153.56,819,813,11.20,70.27,0,0.50,17.05.2024 01:22:43
0,152.44,813,812,11.22,70.33,0,0.41,17.05.2024 01:22:45
0,153.56,819,813,11.19,70.33,0,0.50,17.05.2024 01:22:47
0,149.06,795,813,11.23,70.31,0,0.16,17.05.2024 01:22:50
0,153.00,816,812,11.19,70.28,0,0.45,17.05.2024 01:22:52
0,153.94,821,812,11.20,70.32,0,0.52,17.05.2024 01:22:56
0,152.25,812,813,11.19,70.33,0,0.40,17.05.2024 01:22:58
0,150.75,804,814,11.20,70.29,0,0.28,17.05.2024 01:23:00
0,150.56,803,813,11.20,70.29,0,0.27,17.05.2024 01:23:02
0,152.44,813,813,11.22,70.32,0,0.41,17.05.2024 01:23:04
0,150.75,804,813,11.19,70.29,0,0.29,17.05.2024 01:23:06
0,153.19,817,813,11.20,70.27,0,0.47,17.05.2024 01:23:09
0,151.69,809,813,11.22,70.30,0,0.35,17.05.2024 01:23:11
0,148.88,794,813,11.22,70.30,0,0.15,17.05.2024 01:23:13
0,150.38,802,813,11.20,70.32,0,0.26,17.05.2024 01:23:15
0,150.00,800,813,11.22,70.29,0,0.23,17.05.2024 01:23:17
0,151.50,808,813,11.19,70.29,0,0.34,17.05.2024 01:23:19
0,149.81,799,813,11.20,70.29,0,0.22,17.05.2024 01:23:21
0,150.19,801,813,11.19,70.27,0,0.25,17.05.2024 01:23:23
0,152.44,813,813,11.20,70.29,0,0.41,17.05.2024 01:23:26
0,149.81,799,813,11.19,70.31,0,0.22,17.05.2024 01:23:28
0,155.06,827,813,11.20,70.27,0,0.61,17.05.2024 01:23:30
0,156.19,833,814,11.20,70.29,0,0.70,17.05.2024 01:23:32
0,158.06,843,814,11.22,70.29,0,0.85,17.05.2024 01:23:34
0,152.25,812,813,11.19,70.29,0,0.40,17.05.2024 01:23:36
0,154.69,825,814,11.19,70.31,0,0.58,17.05.2024 01:23:38
0,154.13,822,814,11.19,70.27,0,0.54,17.05.2024 01:23:40
0,155.06,827,813,11.20,70.33,0,0.61,17.05.2024 01:23:43
0,150.56,803,813,11.19,70.30,0,0.27,17.05.2024 01:23:45
0,154.31,823,814,11.20,70.29,0,0.55,17.05.2024 01:23:47
0,155.63,830,813,11.19,70.30,0,0.66,17.05.2024 01:23:49
0,152.06,811,813,11.19,70.27,0,0.38,17.05.2024 01:23:51
0,152.63,814,813,11.19,70.28,0,0.43,17.05.2024 01:23:53
0,154.13,822,813,11.20,70.29,0,0.54,17.05.2024 01:23:55
0,153.19,817,813,11.19,70.26,0,0.47,17.05.2024 01:23:57
0,150.75,804,813,11.20,70.29,0,0.28,17.05.2024 01:24:00
0,157.50,840,813,11.22,70.27,0,0.80,17.05.2024 01:24:02
0,154.31,823,813,11.19,70.28,0,0.56,17.05.2024 01:24:04
0,156.19,833,812,11.22,70.28,0,0.70,17.05.2024 01:24:06
0,156.94,837,812,11.20,70.30,0,0.76,17.05.2024 01:24:08
0,154.88,826,813,11.20,70.31,0,0.60,17.05.2024 01:24:10
0,153.75,820,812,11.20,70.29,0,0.51,17.05.2024 01:24:12
0,150.38,802,812,11.20,70.27,0,0.26,17.05.2024 01:24:14
0,153.00,816,812,11.22,70.28,0,0.45,17.05.2024 01:24:17
0,153.56,819,813,11.19,70.28,0,0.50,17.05.2024 01:24:19
0,153.00,816,813,11.20,70.29,0,0.45,17.05.2024 01:24:21
0,151.88,810,813,11.19,70.29,0,0.37,17.05.2024 01:24:23
0,156.00,832,813,11.19,70.27,0,0.69,17.05.2024 01:24:25
0,154.13,822,813,11.19,70.26,0,0.54,17.05.2024 01:24:27
0,154.88,826,813,11.20,70.29,0,0.60,17.05.2024 01:24:29
0,153.19,817,813,11.20,70.27,0,0.47,17.05.2024 01:24:31
0,153.75,820,813,11.20,70.26,0,0.51,17.05.2024 01:24:33
0,151.69,809,813,11.22,70.28,0,0.35,17.05.2024 01:24:36
0,148.88,794,813,11.22,70.27,0,0.15,17.05.2024 01:24:38
0,151.50,808,813,11.22,70.27,0,0.34,17.05.2024 01:24:40
0,154.13,822,813,11.22,70.28,0,0.54,17.05.2024 01:24:42
0,151.50,808,813,11.20,70.27,0,0.34,17.05.2024 01:24:44
0,151.69,809,813,11.20,70.26,0,0.35,17.05.2024 01:24:46
0,148.88,794,813,11.20,70.24,0,0.15,17.05.2024 01:24:48
0,153.00,816,812,11.20,70.26,0,0.45,17.05.2024 01:24:50
0,156.75,836,812,11.20,70.26,0,0.75,17.05.2024 01:24:53
0,148.69,793,812,11.22,70.26,0,0.13,17.05.2024 01:24:55
0,153.94,821,813,11.20,70.24,0,0.53,17.05.2024 01:24:57
0,155.44,829,813,11.20,70.26,0,0.64,17.05.2024 01:24:59
0,151.50,808,813,11.19,70.28,0,0.34,17.05.2024 01:25:01
0,153.19,817,812,11.18,70.24,0,0.47,17.05.2024 01:25:03
0,153.94,821,813,11.19,70.26,0,0.53,17.05.2024 01:25:05
0,152.44,813,812,11.19,70.25,0,0.41,17.05.2024 01:25:07
0,151.50,808,812,11.19,70.25,0,0.34,17.05.2024 01:25:12
0,151.31,807,812,11.22,70.24,0,0.32,17.05.2024 01:25:14
0,153.56,819,812,11.19,70.25,0,0.50,17.05.2024 01:25:16
0,147.19,785,812,11.18,70.21,0,0.04,17.05.2024 01:25:18
0,149.81,799,813,11.20,70.23,0,0.22,17.05.2024 01:25:20
0,152.81,815,813,11.18,70.21,0,0.45,17.05.2024 01:25:22
0,149.44,797,813,11.20,70.25,0,0.19,17.05.2024 01:25:24
0,150.94,805,813,11.19,70.22,0,0.30,17.05.2024 01:25:26
0,150.75,804,813,11.19,70.25,0,0.29,17.05.2024 01:25:29
0,147.00,784,813,11.20,70.24,0,0.02,17.05.2024 01:25:31
0,151.69,809,813,11.20,70.21,0,0.36,17.05.2024 01:25:33
0,149.44,797,813,11.20,70.26,0,0.19,17.05.2024 01:25:35
0,153.19,817,813,11.20,70.26,0,0.47,17.05.2024 01:25:37
0,152.44,813,813,11.19,70.25,0,0.41,17.05.2024 01:25:39
0,150.94,805,813,11.18,70.23,0,0.30,17.05.2024 01:25:41
0,154.50,824,813,11.19,70.26,0,0.57,17.05.2024 01:25:43
0,152.06,811,813,11.19,70.25,0,0.39,17.05.2024 01:25:46
0,153.75,820,813,11.18,70.23,0,0.52,17.05.2024 01:25:48
0,149.81,799,813,11.19,70.25,0,0.22,17.05.2024 01:25:50
0,155.25,828,814,11.20,70.25,0,0.63,17.05.2024 01:25:52
0,152.81,815,814,11.19,70.25,0,0.44,17.05.2024 01:25:54
0,151.88,810,814,11.20,70.27,0,0.37,17.05.2024 01:25:56
0,152.63,814,813,11.18,70.25,0,0.43,17.05.2024 01:25:58
0,155.44,829,813,11.20,70.25,0,0.64,17.05.2024 01:26:00
0,153.56,819,813,11.19,70.24,0,0.50,17.05.2024 01:26:03
0,154.69,825,813,11.18,70.20,0,0.59,17.05.2024 01:26:05
0,150.56,803,813,11.19,70.25,0,0.27,17.05.2024 01:26:07
0,151.50,808,813,11.20,70.26,0,0.34,17.05.2024 01:26:09
0,153.75,820,813,11.18,70.23,0,0.52,17.05.2024 01:26:11
0,153.94,821,812,11.18,70.24,0,0.53,17.05.2024 01:26:13
0,153.94,821,813,11.19,70.24,0,0.53,17.05.2024 01:26:15
0,154.50,824,812,11.19,70.23,0,0.57,17.05.2024 01:26:17
0,156.75,836,812,11.16,70.24,0,0.76,17.05.2024 01:26:19
0,153.75,820,812,11.18,70.24,0,0.52,17.05.2024 01:26:22
0,153.56,819,813,11.20,70.21,0,0.50,17.05.2024 01:26:24
0,155.25,828,813,11.19,70.25,0,0.63,17.05.2024 01:26:26
0,150.56,803,813,11.20,70.25,0,0.27,17.05.2024 01:26:28
0,155.06,827,813,11.20,70.20,0,0.62,17.05.2024 01:26:30
0,151.31,807,814,11.22,70.22,0,0.33,17.05.2024 01:26:32
0,151.88,810,815,11.19,70.22,0,0.37,17.05.2024 01:26:34
0,155.63,830,814,11.18,70.25,0,0.66,17.05.2024 01:26:36
0,151.88,810,814,11.22,70.22,0,0.37,17.05.2024 01:26:39
0,153.19,817,814,11.18,70.21,0,0.47,17.05.2024 01:26:41
0,151.31,807,814,11.19,70.22,0,0.33,17.05.2024 01:26:43
0,152.81,815,814,11.20,70.23,0,0.44,17.05.2024 01:26:45
0,152.63,814,814,11.18,70.22,0,0.43,17.05.2024 01:26:47
0,149.81,799,813,11.19,70.24,0,0.22,17.05.2024 01:26:49
0,155.63,830,813,11.20,70.21,0,0.66,17.05.2024 01:26:51
0,154.50,824,813,11.19,70.20,0,0.57,17.05.2024 01:26:53
0,153.75,820,813,11.19,70.21,0,0.52,17.05.2024 01:26:56
0,154.31,823,813,11.18,70.21,0,0.56,17.05.2024 01:26:58
0,151.88,810,813,11.18,70.23,0,0.37,17.05.2024 01:27:00
0,150.38,802,813,11.20,70.17,0,0.26,17.05.2024 01:27:02
0,155.63,830,813,11.20,70.20,0,0.66,17.05.2024 01:27:04
0,154.31,823,813,11.19,70.22,0,0.56,17.05.2024 01:27:06
0,153.19,817,813,11.19,70.20,0,0.47,17.05.2024 01:27:08
0,153.94,821,813,11.19,70.23,0,0.53,17.05.2024 01:27:10
0,152.25,812,813,11.19,70.23,0,0.40,17.05.2024 01:27:13
0,152.06,811,813,11.20,70.23,0,0.38,17.05.2024 01:27:15
0,153.94,821,813,11.20,70.22,0,0.53,17.05.2024 01:27:17
0,153.56,819,813,11.19,70.22,0,0.50,17.05.2024 01:27:19
0,150.94,805,813,11.19,70.19,0,0.30,17.05.2024 01:27:21
0,153.00,816,813,11.19,70.22,0,0.46,17.05.2024 01:27:23
0,153.19,817,813,11.18,70.20,0,0.47,17.05.2024 01:27:27
0,153.38,818,813,11.19,70.20,0,0.49,17.05.2024 01:27:29
0,151.13,806,814,11.19,70.20,0,0.32,17.05.2024 01:27:32
0,149.06,795,814,11.19,70.20,0,0.17,17.05.2024 01:27:34
0,150.19,801,814,11.20,70.24,0,0.24,17.05.2024 01:27:36
0,151.69,809,814,11.20,70.20,0,0.36,17.05.2024 01:27:38
0,152.63,814,814,11.18,70.21,0,0.43,17.05.2024 01:27:40
0,151.31,807,814,11.19,70.16,0,0.33,17.05.2024 01:27:42
0,150.38,802,814,11.18,70.17,0,0.27,17.05.2024 01:27:44
0,150.56,803,814,11.18,70.17,0,0.28,17.05.2024 01:27:46
0,150.38,802,814,11.18,70.20,0,0.26,17.05.2024 01:27:49
0,149.25,796,814,11.20,70.22,0,0.18,17.05.2024 01:27:51
0,153.19,817,815,11.19,70.20,0,0.47,17.05.2024 01:27:53
0,152.44,813,814,11.16,70.20,0,0.42,17.05.2024 01:27:55
0,152.44,813,814,11.19,70.22,0,0.41,17.05.2024 01:27:57
0,156.56,835,814,11.18,70.22,0,0.74,17.05.2024 01:27:59
0,152.44,813,814,11.18,70.17,0,0.42,17.05.2024 01:28:01
0,158.25,844,814,11.18,70.18,0,0.88,17.05.2024 01:28:03
0,156.00,832,814,11.19,70.21,0,0.69,17.05.2024 01:28:05
0,155.06,827,814,11.18,70.20,0,0.62,17.05.2024 01:28:08
0,155.25,828,814,11.18,70.17,0,0.64,17.05.2024 01:28:10
0,151.13,806,814,11.18,70.19,0,0.32,17.05.2024 01:28:12
0,153.75,820,814,11.19,70.22,0,0.51,17.05.2024 01:28:14
0,154.31,823,814,11.18,70.20,0,0.56,17.05.2024 01:28:16
0,154.31,823,814,11.18,70.19,0,0.56,17.05.2024 01:28:18
0,152.06,811,814,11.19,70.21,0,0.39,17.05.2024 01:28:20
0,150.94,805,814,11.16,70.20,0,0.31,17.05.2024 01:28:22
0,157.50,840,814,11.19,70.18,0,0.81,17.05.2024 01:28:25
0,155.63,830,814,11.20,70.19,0,0.66,17.05.2024 01:28:27
0,152.81,815,814,11.18,70.21,0,0.45,17.05.2024 01:28:29
0,155.44,829,813,11.19,70.19,0,0.65,17.05.2024 01:28:31
0,153.00,816,813,11.19,70.19,0,0.46,17.05.2024 01:28:33
0,155.25,828,814,11.19,70.21,0,0.63,17.05.2024 01:28:35
0,152.44,813,813,11.19,70.19,0,0.42,17.05.2024 01:28:37
0,155.06,827,814,11.18,70.17,0,0.62,17.05.2024 01:28:39
0,155.25,828,813,11.16,70.19,0,0.64,17.05.2024 01:28:42
0,154.69,825,814,11.22,70.20,0,0.58,17.05.2024 01:28:44
0,156.94,837,813,11.15,70.20,0,0.78,17.05.2024 01:28:46
0,156.00,832,812,11.19,70.20,0,0.69,17.05.2024 01:28:48
0,151.31,807,813,11.18,70.20,0,0.33,17.05.2024 01:28:50
0,150.00,800,813,11.16,70.20,0,0.24,17.05.2024 01:28:52
0,155.06,827,812,11.19,70.18,0,0.62,17.05.2024 01:28:54
0,153.56,819,812,11.16,70.20,0,0.51,17.05.2024 01:28:56
0,152.06,811,813,11.18,70.20,0,0.39,17.05.2024 01:28:59
0,156.38,834,813,11.19,70.15,0,0.72,17.05.2024 01:29:01
0,153.56,819,813,11.18,70.18,0,0.50,17.05.2024 01:29:03
0,152.63,814,813,11.18,70.19,0,0.43,17.05.2024 01:29:05
0,153.00,816,813,11.18,70.19,0,0.46,17.05.2024 01:29:07
0,151.88,810,813,11.18,70.18,0,0.38,17.05.2024 01:29:09
0,151.88,810,813,11.18,70.20,0,0.38,17.05.2024 01:29:11
0,153.94,821,813,11.18,70.17,0,0.53,17.05.2024 01:29:13
0,154.50,824,813,11.19,70.16,0,0.58,17.05.2024 01:29:16
0,155.44,829,813,11.18,70.17,0,0.65,17.05.2024 01:29:18
0,152.63,814,813,11.18,70.13,0,0.43,17.05.2024 01:29:20
0,151.31,807,813,11.18,70.18,0,0.33,17.05.2024 01:29:22
0,154.69,825,813,11.18,70.21,0,0.59,17.05.2024 01:29:24
0,152.63,814,812,11.18,70.14,0,0.43,17.05.2024 01:29:26
0,151.88,810,812,11.16,70.18,0,0.38,17.05.2024 01:29:28
0,151.31,807,812,11.18,70.18,0,0.33,17.05.2024 01:29:30
0,153.56,819,812,11.16,70.17,0,0.51,17.05.2024 01:29:33
0,151.88,810,813,11.18,70.15,0,0.38,17.05.2024 01:29:35
0,150.56,803,812,11.18,70.15,0,0.28,17.05.2024 01:29:37
0,154.88,826,812,11.18,70.15,0,0.61,17.05.2024 01:29:39
0,151.31,807,812,11.16,70.17,0,0.34,17.05.2024 01:29:41
0,153.00,816,813,11.16,70.18,0,0.46,17.05.2024 01:29:43
0,153.75,820,813,11.16,70.17,0,0.52,17.05.2024 01:29:47
0,152.63,814,813,11.16,70.16,0,0.44,17.05.2024 01:29:49
0,150.56,803,812,11.16,70.14,0,0.28,17.05.2024 01:29:51
0,149.63,798,812,11.15,70.14,0,0.22,17.05.2024 01:29:54
0,150.19,801,812,11.16,70.16,0,0.25,17.05.2024 01:29:56
0,148.69,793,812,11.19,70.15,0,0.14,17.05.2024 01:29:58
0,149.81,799,812,11.16,70.15,0,0.23,17.05.2024 01:30:00
0,152.06,811,812,11.18,70.13,0,0.39,17.05.2024 01:30:02
0,151.13,806,812,11.15,70.14,0,0.33,17.05.2024 01:30:04
0,150.94,805,812,11.19,70.17,0,0.30,17.05.2024 01:30:06
0,150.00,800,811,11.18,70.19,0,0.24,17.05.2024 01:30:08
0,152.44,813,811,11.18,70.14,0,0.42,17.05.2024 01:30:11
0,152.44,813,811,11.18,70.13,0,0.42,17.05.2024 01:30:13
0,151.31,807,811,11.16,70.17,0,0.34,17.05.2024 01:30:15
0,153.19,817,811,11.15,70.14,0,0.48,17.05.2024 01:30:17
0,150.94,805,811,11.16,70.14,0,0.31,17.05.2024 01:30:19
0,153.56,819,811,11.18,70.16,0,0.51,17.05.2024 01:30:21
0,154.69,825,811,11.18,70.15,0,0.59,17.05.2024 01:30:23
0,156.38,834,811,11.19,70.17,0,0.72,17.05.2024 01:30:25
0,151.13,806,810,11.15,70.14,0,0.33,17.05.2024 01:30:28
0,154.69,825,811,11.19,70.14,0,0.59,17.05.2024 01:30:30
0,156.00,832,810,11.15,70.16,0,0.70,17.05.2024 01:30:32
0,152.44,813,810,11.18,70.17,0,0.42,17.05.2024 01:30:34
0,150.38,802,810,11.15,70.14,0,0.27,17.05.2024 01:30:36
0,152.44,813,811,11.16,70.14,0,0.42,17.05.2024 01:30:38
0,155.81,831,811,11.19,70.11,0,0.68,17.05.2024 01:30:40
0,155.81,831,812,11.15,70.16,0,0.69,17.05.2024 01:30:42
0,154.13,822,811,11.15,70.16,0,0.55,17.05.2024 01:30:45
0,152.81,815,811,11.16,70.12,0,0.45,17.05.2024 01:30:47
0,153.94,821,811,11.15,70.14,0,0.54,17.05.2024 01:30:49
0,154.13,822,811,11.16,70.17,0,0.55,17.05.2024 01:30:51
0,152.25,812,811,11.18,70.15,0,0.41,17.05.2024 01:30:53
0,153.56,819,812,11.16,70.15,0,0.51,17.05.2024 01:30:55
0,152.81,815,812,11.16,70.16,0,0.45,17.05.2024 01:30:57
0,150.56,803,813,11.16,70.19,0,0.28,17.05.2024 01:30:59
0,152.81,815,813,11.19,70.17,0,0.44,17.05.2024 01:31:02
0,155.44,829,813,11.16,70.14,0,0.66,17.05.2024 01:31:04
0,151.50,808,813,11.16,70.15,0,0.35,17.05.2024 01:31:06
0,153.94,821,813,11.16,70.16,0,0.54,17.05.2024 01:31:08
0,153.56,819,813,11.15,70.14,0,0.51,17.05.2024 01:31:10
0,153.00,816,813,11.16,70.11,0,0.47,17.05.2024 01:31:12
0,152.81,815,814,11.15,70.14,0,0.45,17.05.2024 01:31:14
0,152.63,814,814,11.18,70.13,0,0.43,17.05.2024 01:31:16
0,151.88,810,814,11.15,70.14,0,0.38,17.05.2024 01:31:18
0,157.50,840,814,11.19,70.15,0,0.82,17.05.2024 01:31:21
0,152.81,815,814,11.16,70.12,0,0.45,17.05.2024 01:31:23
0,152.44,813,814,11.18,70.14,0,0.42,17.05.2024 01:31:25
0,153.75,820,815,11.19,70.11,0,0.52,17.05.2024 01:31:27
0,155.06,827,816,11.18,70.14,0,0.62,17.05.2024 01:31:29
0,153.94,821,815,11.19,70.13,0,0.53,17.05.2024 01:31:31
0,154.69,825,815,11.13,70.11,0,0.60,17.05.2024 01:31:33
0,155.06,827,815,11.16,70.13,0,0.63,17.05.2024 01:31:35
0,153.75,820,815,11.13,70.12,0,0.53,17.05.2024 01:31:38
0,154.50,824,815,11.16,70.14,0,0.58,17.05.2024 01:31:40
0,154.88,826,815,11.16,70.13,0,0.61,17.05.2024 01:31:42
0,153.56,819,814,11.18,70.12,0,0.51,17.05.2024 01:31:44
0,154.88,826,814,11.16,70.11,0,0.61,17.05.2024 01:31:46
0,155.06,827,815,11.16,70.12,0,0.63,17.05.2024 01:31:48
0,154.69,825,815,11.16,70.13,0,0.60,17.05.2024 01:31:50
0,155.44,829,815,11.18,70.14,0,0.65,17.05.2024 01:31:52
0,156.19,833,816,11.15,70.12,0,0.72,17.05.2024 01:31:55
0,148.69,793,816,11.15,70.11,0,0.15,17.05.2024 01:31:57
0,151.50,808,816,11.15,70.10,0,0.36,17.05.2024 01:31:59
0,152.63,814,815,11.16,70.10,0,0.44,17.05.2024 01:32:01
0,152.81,815,815,11.15,70.13,0,0.45,17.05.2024 01:32:03
0,150.94,805,815,11.16,70.14,0,0.31,17.05.2024 01:32:07
0,152.63,814,815,11.15,70.14,0,0.44,17.05.2024 01:32:09
0,150.94,805,815,11.18,70.12,0,0.31,17.05.2024 01:32:11
0,147.75,788,815,11.15,70.13,0,0.08,17.05.2024 01:32:14
0,149.44,797,816,11.15,70.14,0,0.20,17.05.2024 01:32:16
0,151.13,806,816,11.15,70.12,0,0.33,17.05.2024 01:32:18
0,148.69,793,815,11.16,70.09,0,0.15,17.05.2024 01:32:20
0,148.13,790,815,11.16,70.08,0,0.11,17.05.2024 01:32:22
0,149.63,798,815,11.16,70.13,0,0.21,17.05.2024 01:32:24
0,150.94,805,815,11.16,70.09,0,0.31,17.05.2024 01:32:26
0,150.19,801,816,11.15,70.12,0,0.26,17.05.2024 01:32:28
0,150.75,804,816,11.16,70.10,0,0.30,17.05.2024 01:32:31
0,151.50,808,816,11.15,70.07,0,0.36,17.05.2024 01:32:33
0,154.13,822,816,11.15,70.07,0,0.56,17.05.2024 01:32:35
0,153.94,821,816,11.15,70.10,0,0.54,17.05.2024 01:32:37
0,153.00,816,816,11.15,70.09,0,0.47,17.05.2024 01:32:39
0,152.25,812,817,11.16,70.10,0,0.41,17.05.2024 01:32:41
0,156.75,836,817,11.16,70.08,0,0.76,17.05.2024 01:32:43
0,149.81,799,817,11.16,70.09,0,0.23,17.05.2024 01:32:45
0,152.81,815,817,11.15,70.12,0,0.45,17.05.2024 01:32:48
0,154.50,824,817,11.13,70.09,0,0.59,17.05.2024 01:32:50
0,154.69,825,818,11.13,70.13,0,0.60,17.05.2024 01:32:52
0,150.94,805,817,11.15,70.11,0,0.31,17.05.2024 01:32:54
0,151.31,807,818,11.15,70.09,0,0.34,17.05.2024 01:32:56
0,153.94,821,817,11.16,70.08,0,0.54,17.05.2024 01:32:58
0,152.81,815,817,11.16,70.09,0,0.45,17.05.2024 01:33:00
0,153.19,817,817,11.15,70.11,0,0.48,17.05.2024 01:33:02
0,152.81,815,817,11.18,70.09,0,0.45,17.05.2024 01:33:04
0,152.63,814,817,11.13,70.10,0,0.44,17.05.2024 01:33:07
0,153.00,816,817,11.15,70.13,0,0.47,17.05.2024 01:33:09
0,151.69,809,817,11.15,70.09,0,0.37,17.05.2024 01:33:11
0,157.69,841,816,11.12,70.08,0,0.85,17.05.2024 01:33:13
0,155.63,830,816,11.16,70.08,0,0.67,17.05.2024 01:33:15
0,154.13,822,816,11.16,70.12,0,0.55,17.05.2024 01:33:17
0,153.38,818,816,11.15,70.09,0,0.50,17.05.2024 01:33:19
0,153.94,821,816,11.13,70.08,0,0.55,17.05.2024 01:33:21
0,155.06,827,816,11.15,70.07,0,0.63,17.05.2024 01:33:24
0,152.81,815,816,11.15,70.12,0,0.45,17.05.2024 01:33:26
0,154.88,826,816,11.13,70.10,0,0.62,17.05.2024 01:33:28
0,156.56,835,816,11.13,70.07,0,0.75,17.05.2024 01:33:30
0,152.25,812,816,11.18,70.11,0,0.41,17.05.2024 01:33:32
0,153.19,817,816,11.16,70.09,0,0.48,17.05.2024 01:33:34
0,156.19,833,816,11.13,70.09,0,0.72,17.05.2024 01:33:36
0,156.00,832,816,11.15,70.07,0,0.71,17.05.2024 01:33:38
0,154.13,822,816,11.15,70.12,0,0.56,17.05.2024 01:33:41
0,153.94,821,816,11.13,70.08,0,0.55,17.05.2024 01:33:43
0,155.44,829,817,11.15,70.08,0,0.66,17.05.2024 01:33:45
0,152.81,815,817,11.16,70.06,0,0.45,17.05.2024 01:33:47
0,152.81,815,816,11.13,70.11,0,0.46,17.05.2024 01:33:49
0,152.63,814,816,11.13,70.07,0,0.44,17.05.2024 01:33:51
0,153.38,818,816,11.13,70.08,0,0.50,17.05.2024 01:33:53
0,150.94,805,816,11.13,70.08,0,0.32,17.05.2024 01:33:55
0,154.31,823,816,11.15,70.10,0,0.57,17.05.2024 01:33:58
0,151.31,807,816,11.15,70.06,0,0.34,17.05.2024 01:34:00
0,154.13,822,815,11.15,70.08,0,0.56,17.05.2024 01:34:02
0,154.88,826,815,11.13,70.08,0,0.62,17.05.2024 01:34:04
0,153.56,819,815,11.13,70.08,0,0.52,17.05.2024 01:34:06
0,151.50,808,815,11.15,70.10,0,0.36,17.05.2024 01:34:08
0,154.13,822,816,11.16,70.11,0,0.55,17.05.2024 01:34:10
0,150.38,802,816,11.13,70.04,0,0.28,17.05.2024 01:34:12
0,153.38,818,815,11.15,70.10,0,0.50,17.05.2024 01:34:15
0,151.50,808,815,11.16,70.07,0,0.35,17.05.2024 01:34:17
0,152.25,812,815,11.16,70.07,0,0.41,17.05.2024 01:34:19
0,151.88,810,815,11.12,70.08,0,0.39,17.05.2024 01:34:21
0,151.69,809,815,11.15,70.09,0,0.37,17.05.2024 01:34:25
0,152.81,815,815,11.15,70.08,0,0.46,17.05.2024 01:34:27
0,155.25,828,816,11.15,70.04,0,0.65,17.05.2024 01:34:29
0,152.63,814,815,11.16,70.09,0,0.44,17.05.2024 01:34:31
0,148.88,794,815,11.16,70.10,0,0.16,17.05.2024 01:34:34
0,150.75,804,815,11.16,70.08,0,0.30,17.05.2024 01:34:36
0,152.06,811,815,11.15,70.07,0,0.40,17.05.2024 01:34:38
0,147.94,789,815,11.15,70.07,0,0.10,17.05.2024 01:34:40
0,151.13,806,815,11.13,70.09,0,0.33,17.05.2024 01:34:42
0,151.13,806,815,11.15,70.04,0,0.33,17.05.2024 01:34:44
0,153.94,821,815,11.15,70.06,0,0.54,17.05.2024 01:34:46
0,151.69,809,815,11.15,70.08,0,0.37,17.05.2024 01:34:48
0,150.19,801,815,11.13,70.06,0,0.26,17.05.2024 01:34:50
0,151.88,810,815,11.12,70.04,0,0.39,17.05.2024 01:34:53
0,152.44,813,815,11.12,70.06,0,0.43,17.05.2024 01:34:55
0,147.38,786,815,11.13,70.06,0,0.06,17.05.2024 01:34:57
0,153.38,818,815,11.12,70.07,0,0.50,17.05.2024 01:34:59
0,158.06,843,815,11.13,70.08,0,0.88,17.05.2024 01:35:01
0,153.00,816,815,11.15,70.08,0,0.47,17.05.2024 01:35:03
0,152.25,812,815,11.15,70.08,0,0.41,17.05.2024 01:35:05
0,155.25,828,815,11.15,70.11,0,0.64,17.05.2024 01:35:07
0,153.38,818,815,11.13,70.10,0,0.50,17.05.2024 01:35:10
0,153.00,816,815,11.12,70.08,0,0.48,17.05.2024 01:35:12
0,150.38,802,815,11.12,70.07,0,0.28,17.05.2024 01:35:14
0,156.19,833,815,11.12,70.06,0,0.73,17.05.2024 01:35:16
0,154.13,822,815,11.13,70.05,0,0.56,17.05.2024 01:35:18
0,154.31,823,816,11.13,70.09,0,0.57,17.05.2024 01:35:20
0,154.50,824,816,11.10,70.05,0,0.60,17.05.2024 01:35:22
0,151.69,809,815,11.13,70.07,0,0.37,17.05.2024 01:35:24
0,156.00,832,816,11.13,70.06,0,0.71,17.05.2024 01:35:27
0,153.75,820,815,11.15,70.10,0,0.53,17.05.2024 01:35:29
0,152.44,813,815,11.12,70.09,0,0.43,17.05.2024 01:35:31
0,153.00,816,815,11.13,70.07,0,0.47,17.05.2024 01:35:33
0,155.63,830,815,11.15,70.06,0,0.68,17.05.2024 01:35:35
0,155.25,828,815,11.13,70.06,0,0.65,17.05.2024 01:35:37
0,151.31,807,815,11.12,70.06,0,0.35,17.05.2024 01:35:39
0,155.81,831,814,11.13,70.08,0,0.69,17.05.2024 01:35:41
0,153.75,820,815,11.15,70.06,0,0.53,17.05.2024 01:35:44
0,149.81,799,814,11.12,70.08,0,0.24,17.05.2024 01:35:46
0,152.81,815,814,11.15,70.05,0,0.46,17.05.2024 01:35:48
0,152.63,814,813,11.10,70.06,0,0.45,17.05.2024 01:35:50
0,153.94,821,813,11.12,70.08,0,0.55,17.05.2024 01:35:52
0,151.88,810,813,11.12,70.09,0,0.39,17.05.2024 01:35:54
0,156.38,834,812,11.13,70.07,0,0.74,17.05.2024 01:35:56
0,157.50,840,812,11.10,70.07,0,0.84,17.05.2024 01:35:58
0,155.06,827,812,11.13,70.07,0,0.63,17.05.2024 01:36:01
0,151.31,807,812,11.12,70.07,0,0.35,17.05.2024 01:36:03
0,152.44,813,812,11.15,70.08,0,0.43,17.05.2024 01:36:05
0,154.50,824,812,11.13,70.06,0,0.59,17.05.2024 01:36:07
0,151.69,809,811,11.10,70.04,0,0.38,17.05.2024 01:36:09
0,151.69,809,811,11.15,70.09,0,0.37,17.05.2024 01:36:11
0,155.44,829,811,11.12,70.02,0,0.67,17.05.2024 01:36:13
0,152.63,814,811,11.12,70.08,0,0.45,17.05.2024 01:36:15
0,150.94,805,811,11.13,70.05,0,0.32,17.05.2024 01:36:18
0,151.31,807,811,11.12,70.05,0,0.35,17.05.2024 01:36:20
0,153.75,820,811,11.12,70.05,0,0.53,17.05.2024 01:36:22
0,156.94,837,811,11.13,70.07,0,0.78,17.05.2024 01:36:24
0,153.75,820,811,11.10,70.05,0,0.54,17.05.2024 01:36:26
0,151.69,809,811,11.12,70.07,0,0.38,17.05.2024 01:36:28
0,154.31,823,811,11.10,70.05,0,0.58,17.05.2024 01:36:30
0,151.50,808,811,11.13,70.06,0,0.36,17.05.2024 01:36:32
0,151.13,806,811,11.12,70.05,0,0.34,17.05.2024 01:36:34
0,153.38,818,811,11.12,70.08,0,0.50,17.05.2024 01:36:37
0,152.44,813,810,11.12,70.09,0,0.43,17.05.2024 01:36:41
0,151.88,810,810,11.10,70.05,0,0.39,17.05.2024 01:36:43
0,149.44,797,810,11.10,70.07,0,0.21,17.05.2024 01:36:45
0,150.19,801,811,11.12,70.04,0,0.27,17.05.2024 01:36:47
0,152.81,815,811,11.10,70.05,0,0.47,17.05.2024 01:36:49
0,153.00,816,811,11.10,70.04,0,0.48,17.05.2024 01:36:51
0,148.31,791,811,11.13,70.07,0,0.13,17.05.2024 01:36:53
0,149.81,799,812,11.13,70.05,0,0.24,17.05.2024 01:36:56
0,147.38,786,812,11.12,70.07,0,0.06,17.05.2024 01:36:58
0,151.88,810,812,11.10,70.04,0,0.39,17.05.2024 01:37:00
0,151.50,808,812,11.10,70.05,0,0.37,17.05.2024 01:37:02
0,151.31,807,812,11.12,70.07,0,0.35,17.05.2024 01:37:04
0,150.38,802,811,11.15,70.06,0,0.27,17.05.2024 01:37:06
0,148.69,793,812,11.12,70.03,0,0.16,17.05.2024 01:37:08
0,151.69,809,812,11.13,70.04,0,0.37,17.05.2024 01:37:10
0,154.88,826,812,11.10,70.05,0,0.63,17.05.2024 01:37:13
0,151.69,809,812,11.12,70.05,0,0.38,17.05.2024 01:37:15
0,153.38,818,813,11.10,70.05,0,0.51,17.05.2024 01:37:17
0,155.06,827,812,11.10,70.05,0,0.64,17.05.2024 01:37:19
0,152.06,811,812,11.13,70.05,0,0.40,17.05.2024 01:37:21
0,154.31,823,812,11.10,70.05,0,0.58,17.05.2024 01:37:23
0,152.44,813,812,11.10,70.01,0,0.44,17.05.2024 01:37:25
0,153.75,820,812,11.10,70.05,0,0.54,17.05.2024 01:37:27
0,153.56,819,812,11.12,70.06,0,0.52,17.05.2024 01:37:30
0,153.38,818,812,11.10,70.06,0,0.51,17.05.2024 01:37:32
0,151.88,810,812,11.10,70.06,0,0.39,17.05.2024 01:37:34
0,152.25,812,812,11.12,70.05,0,0.42,17.05.2024 01:37:36
0,156.19,833,812,11.10,70.07,0,0.73,17.05.2024 01:37:38
0,155.44,829,812,11.10,70.06,0,0.67,17.05.2024 01:37:40
0,155.44,829,812,11.12,70.06,0,0.67,17.05.2024 01:37:42
0,153.00,816,812,11.12,70.06,0,0.48,17.05.2024 01:37:44
0,153.75,820,812,11.12,70.05,0,0.53,17.05.2024 01:37:47
0,153.38,818,812,11.10,70.06,0,0.51,17.05.2024 01:37:49
0,154.50,824,811,11.10,70.05,0,0.60,17.05.2024 01:37:51
0,156.75,836,811,11.12,70.08,0,0.77,17.05.2024 01:37:53
0,154.69,825,810,11.10,70.05,0,0.61,17.05.2024 01:37:55
0,151.13,806,811,11.10,70.05,0,0.34,17.05.2024 01:37:57
0,159.56,851,811,11.09,70.05,0,1.01,17.05.2024 01:37:59
0,156.00,832,811,11.12,70.08,0,0.71,17.05.2024 01:38:01
0,152.25,812,810,11.10,70.06,0,0.42,17.05.2024 01:38:04
0,152.25,812,811,11.13,70.06,0,0.42,17.05.2024 01:38:06
0,155.25,828,810,11.09,70.01,0,0.66,17.05.2024 01:38:08
0,153.00,816,810,11.10,70.06,0,0.48,17.05.2024 01:38:10
0,153.38,818,811,11.12,70.07,0,0.50,17.05.2024 01:38:12
0,153.00,816,811,11.10,70.05,0,0.48,17.05.2024 01:38:14
0,151.88,810,811,11.10,70.08,0,0.39,17.05.2024 01:38:16
0,154.13,822,811,11.09,70.04,0,0.57,17.05.2024 01:38:18
0,153.56,819,811,11.09,70.07,0,0.52,17.05.2024 01:38:20
0,157.13,838,811,11.09,70.04,0,0.81,17.05.2024 01:38:23
0,151.50,808,812,11.09,70.04,0,0.37,17.05.2024 01:38:25
0,150.00,800,811,11.10,70.05,0,0.25,17.05.2024 01:38:27
0,150.94,805,811,11.08,70.05,0,0.33,17.05.2024 01:38:29
0,153.19,817,810,11.12,70.06,0,0.49,17.05.2024 01:38:31
0,152.25,812,809,11.10,70.03,0,0.42,17.05.2024 01:38:33
0,152.63,814,809,11.08,70.03,0,0.46,17.05.2024 01:38:35
0,151.88,810,809,11.10,70.05,0,0.39,17.05.2024 01:38:37
0,150.19,801,809,11.09,70.03,0,0.27,17.05.2024 01:38:40
0,151.88,810,808,11.10,70.05,0,0.39,17.05.2024 01:38:42
0,148.88,794,809,11.09,70.03,0,0.18,17.05.2024 01:38:44
0,153.00,816,809,11.08,70.03,0,0.49,17.05.2024 01:38:46
0,153.00,816,809,11.10,70.03,0,0.48,17.05.2024 01:38:48
0,154.31,823,809,11.10,70.05,0,0.58,17.05.2024 01:38:50
0,154.69,825,808,11.09,70.06,0,0.61,17.05.2024 01:38:52
0,154.31,823,809,11.09,70.03,0,0.58,17.05.2024 01:38:56
0,150.56,803,809,11.09,70.03,0,0.30,17.05.2024 01:38:59
0,150.00,800,809,11.10,70.03,0,0.26,17.05.2024 01:39:01
0,152.06,811,809,11.10,70.03,0,0.41,17.05.2024 01:39:03
0,147.75,788,808,11.09,70.01,0,0.10,17.05.2024 01:39:05
0,152.63,814,809,11.12,70.04,0,0.45,17.05.2024 01:39:07
0,152.06,811,809,11.10,70.02,0,0.41,17.05.2024 01:39:09
0,150.94,805,809,11.10,70.02,0,0.32,17.05.2024 01:39:11
0,150.38,802,809,11.13,70.04,0,0.28,17.05.2024 01:39:13
0,143.06,763,809,11.09,70.05,0,-0.22,17.05.2024 01:39:16
0,155.06,827,809,11.08,70.03,0,0.65,17.05.2024 01:39:18
0,149.44,797,809,11.09,70.04,0,0.22,17.05.2024 01:39:20
0,149.44,797,809,11.10,70.05,0,0.21,17.05.2024 01:39:22
0,149.63,798,809,11.09,70.03,0,0.23,17.05.2024 01:39:24
0,151.88,810,809,11.09,70.01,0,0.40,17.05.2024 01:39:26
0,150.94,805,809,11.10,70.05,0,0.32,17.05.2024 01:39:28
0,154.50,824,810,11.10,70.07,0,0.59,17.05.2024 01:39:30
0,155.81,831,809,11.09,70.01,0,0.70,17.05.2024 01:39:33
0,154.88,826,810,11.09,70.04,0,0.63,17.05.2024 01:39:35
0,150.19,801,809,11.09,70.04,0,0.27,17.05.2024 01:39:37
0,154.31,823,810,11.10,70.05,0,0.58,17.05.2024 01:39:39
0,151.13,806,810,11.10,70.04,0,0.34,17.05.2024 01:39:41
0,156.38,834,809,11.09,70.03,0,0.75,17.05.2024 01:39:43
0,152.06,811,809,11.08,70.02,0,0.41,17.05.2024 01:39:45
0,151.88,810,809,11.09,70.05,0,0.40,17.05.2024 01:39:47
0,154.69,825,810,11.08,70.03,0,0.62,17.05.2024 01:39:50
0,151.69,809,810,11.09,70.03,0,0.38,17.05.2024 01:39:52
0,154.88,826,810,11.10,70.02,0,0.63,17.05.2024 01:39:54
0,151.50,808,810,11.09,70.04,0,0.37,17.05.2024 01:39:56
0,153.94,821,810,11.10,70.03,0,0.55,17.05.2024 01:39:58
0,156.75,836,810,11.10,70.04,0,0.78,17.05.2024 01:40:00
0,152.63,814,811,11.06,70.04,0,0.46,17.05.2024 01:40:02
0,153.00,816,810,11.08,70.02,0,0.49,17.05.2024 01:40:04
0,154.13,822,810,11.09,70.03,0,0.57,17.05.2024 01:40:06
0,152.81,815,810,11.09,70.03,0,0.47,17.05.2024 01:40:09
0,148.88,794,810,11.09,70.03,0,0.18,17.05.2024 01:40:11
0,153.75,820,809,11.10,70.03,0,0.54,17.05.2024 01:40:13
0,155.63,830,810,11.09,70.03,0,0.69,17.05.2024 01:40:15
0,154.88,826,810,11.09,70.04,0,0.63,17.05.2024 01:40:17
0,156.94,837,809,11.09,70.05,0,0.79,17.05.2024 01:40:19
0,153.94,821,809,11.08,70.04,0,0.56,17.05.2024 01:40:21
0,154.69,825,809,11.08,70.03,0,0.62,17.05.2024 01:40:23
0,151.88,810,809,11.09,70.05,0,0.40,17.05.2024 01:40:26
0,154.69,825,809,11.10,70.03,0,0.61,17.05.2024 01:40:28
0,155.25,828,810,11.09,70.06,0,0.66,17.05.2024 01:40:30
0,152.06,811,810,11.09,70.01,0,0.41,17.05.2024 01:40:32
0,149.63,798,810,11.09,70.01,0,0.23,17.05.2024 01:40:34
0,152.25,812,810,11.08,70.00,0,0.43,17.05.2024 01:40:36
0,151.13,806,810,11.10,70.04,0,0.34,17.05.2024 01:40:38
0,151.69,809,810,11.09,70.04,0,0.38,17.05.2024 01:40:40
0,151.31,807,809,11.06,70.01,0,0.36,17.05.2024 01:40:43
0,153.56,819,809,11.09,70.00,0,0.53,17.05.2024 01:40:45
0,151.50,808,809,11.08,70.01,0,0.37,17.05.2024 01:40:47
0,153.00,816,809,11.09,70.01,0,0.48,17.05.2024 01:40:49
0,154.69,825,810,11.09,70.03,0,0.61,17.05.2024 01:40:51
0,151.88,810,810,11.09,70.03,0,0.40,17.05.2024 01:40:53
0,151.50,808,810,11.08,70.02,0,0.37,17.05.2024 01:40:55
0,154.69,825,810,11.09,70.03,0,0.61,17.05.2024 01:40:57
0,152.06,811,810,11.10,70.02,0,0.41,17.05.2024 01:41:00
0,153.56,819,810,11.08,70.03,0,0.53,17.05.2024 01:41:02
0,153.56,819,810,11.09,69.99,0,0.53,17.05.2024 01:41:04
0,154.69,825,810,11.10,70.03,0,0.61,17.05.2024 01:41:06
0,157.13,838,809,11.08,70.00,0,0.81,17.05.2024 01:41:08
0,152.06,811,809,11.08,70.00,0,0.41,17.05.2024 01:41:10
0,154.13,822,809,11.09,70.03,0,0.57,17.05.2024 01:41:12
0,152.63,814,809,11.10,70.02,0,0.45,17.05.2024 01:41:14
0,153.94,821,809,11.09,70.00,0,0.56,17.05.2024 01:41:17
0,150.94,805,808,11.06,70.01,0,0.33,17.05.2024 01:41:21
0,151.50,808,807,11.09,70.03,0,0.37,17.05.2024 01:41:23
0,153.00,816,807,11.06,70.02,0,0.49,17.05.2024 01:41:25
0,150.19,801,807,11.09,70.03,0,0.27,17.05.2024 01:41:27
0,149.81,799,807,11.09,70.03,0,0.24,17.05.2024 01:41:29
0,149.44,797,806,11.06,70.02,0,0.22,17.05.2024 01:41:31
0,150.38,802,806,11.08,70.02,0,0.29,17.05.2024 01:41:33
0,147.75,788,806,11.08,69.98,0,0.10,17.05.2024 01:41:36
0,147.56,787,805,11.08,70.00,0,0.09,17.05.2024 01:41:38
0,151.69,809,805,11.09,70.03,0,0.38,17.05.2024 01:41:40
0,150.94,805,805,11.10,70.02,0,0.32,17.05.2024 01:41:42
0,148.69,793,806,11.09,69.99,0,0.16,17.05.2024 01:41:44
0,148.50,792,806,11.10,70.02,0,0.15,17.05.2024 01:41:46
0,153.00,816,806,11.09,70.03,0,0.48,17.05.2024 01:41:48
0,151.88,810,806,11.09,70.03,0,0.40,17.05.2024 01:41:50
0,154.69,825,805,11.06,69.99,0,0.62,17.05.2024 01:41:52
0,153.94,821,805,11.08,70.00,0,0.56,17.05.2024 01:41:55
0,152.63,814,805,11.06,70.01,0,0.46,17.05.2024 01:41:57
0,152.06,811,805,11.08,70.00,0,0.41,17.05.2024 01:41:59
0,153.56,819,805,11.06,70.01,0,0.53,17.05.2024 01:42:01
0,154.31,823,804,11.06,70.01,0,0.59,17.05.2024 01:42:03
0,154.69,825,804,11.08,70.02,0,0.62,17.05.2024 01:42:05
0,153.56,819,804,11.05,70.00,0,0.54,17.05.2024 01:42:07
0,153.00,816,803,11.06,70.00,0,0.49,17.05.2024 01:42:09
0,155.06,827,803,11.06,70.01,0,0.65,17.05.2024 01:42:12
0,153.38,818,804,11.08,70.01,0,0.51,17.05.2024 01:42:14
0,153.38,818,804,11.05,69.99,0,0.52,17.05.2024 01:42:16
0,153.75,820,803,11.05,70.02,0,0.55,17.05.2024 01:42:18
0,154.13,822,803,11.09,70.01,0,0.57,17.05.2024 01:42:20
0,150.56,803,803,11.06,70.01,0,0.30,17.05.2024 01:42:22
0,154.13,822,804,11.08,70.01,0,0.57,17.05.2024 01:42:24
0,151.88,810,804,11.06,70.02,0,0.40,17.05.2024 01:42:26
0,153.75,820,804,11.08,70.02,0,0.54,17.05.2024 01:42:29
0,152.81,815,804,11.08,69.99,0,0.47,17.05.2024 01:42:31
0,152.44,813,805,11.06,70.01,0,0.45,17.05.2024 01:42:33
0,151.13,806,805,11.08,69.99,0,0.34,17.05.2024 01:42:35
0,155.25,828,805,11.06,70.02,0,0.66,17.05.2024 01:42:37
0,153.56,819,804,11.06,70.02,0,0.53,17.05.2024 01:42:39
0,151.88,810,805,11.09,70.01,0,0.40,17.05.2024 01:42:41
0,150.38,802,805,11.06,70.02,0,0.29,17.05.2024 01:42:43
0,153.38,818,805,11.09,70.01,0,0.51,17.05.2024 01:42:46
0,152.63,814,804,11.06,69.98,0,0.46,17.05.2024 01:42:48
0,157.31,839,805,11.05,70.03,0,0.83,17.05.2024 01:42:50
0,151.69,809,805,11.06,69.97,0,0.39,17.05.2024 01:42:52
0,150.38,802,805,11.05,70.02,0,0.29,17.05.2024 01:42:54
0,151.31,807,805,11.05,70.01,0,0.36,17.05.2024 01:42:56
0,157.31,839,805,11.08,70.01,0,0.83,17.05.2024 01:42:58
0,153.38,818,805,11.08,70.02,0,0.51,17.05.2024 01:43:00
0,150.56,803,805,11.08,70.03,0,0.30,17.05.2024 01:43:03
0,155.25,828,805,11.06,69.98,0,0.67,17.05.2024 01:43:05
0,155.81,831,806,11.05,70.01,0,0.71,17.05.2024 01:43:07
0,153.00,816,806,11.06,69.97,0,0.49,17.05.2024 01:43:09
0,155.63,830,806,11.08,69.99,0,0.69,17.05.2024 01:43:11
0,151.88,810,806,11.08,70.01,0,0.40,17.05.2024 01:43:13
0,154.31,823,807,11.08,70.01,0,0.59,17.05.2024 01:43:15
0,150.94,805,806,11.08,70.02,0,0.33,17.05.2024 01:43:17
0,156.94,837,806,11.06,70.04,0,0.80,17.05.2024 01:43:20
0,152.63,814,806,11.06,70.01,0,0.46,17.05.2024 01:43:22
0,154.13,822,806,11.08,69.99,0,0.57,17.05.2024 01:43:24
0,153.00,816,806,11.08,70.02,0,0.49,17.05.2024 01:43:26
0,151.50,808,807,11.08,69.97,0,0.37,17.05.2024 01:43:28
0,153.00,816,806,11.08,69.99,0,0.49,17.05.2024 01:43:30
0,152.06,811,807,11.06,70.02,0,0.42,17.05.2024 01:43:32
0,153.00,816,806,11.06,70.00,0,0.49,17.05.2024 01:43:34
0,150.75,804,806,11.05,69.98,0,0.32,17.05.2024 01:43:37
0,153.19,817,806,11.06,70.00,0,0.50,17.05.2024 01:43:39
0,152.44,813,806,11.06,69.96,0,0.45,17.05.2024 01:43:41
0,149.25,796,806,11.06,69.98,0,0.21,17.05.2024 01:43:43
0,150.56,803,807,11.08,69.99,0,0.30,17.05.2024 01:43:45
0,151.13,806,806,11.06,69.99,0,0.35,17.05.2024 01:43:49
0,153.38,818,806,11.05,70.00,0,0.52,17.05.2024 01:43:51
0,149.25,796,807,11.08,69.98,0,0.21,17.05.2024 01:43:53
0,150.00,800,806,11.03,69.99,0,0.27,17.05.2024 01:43:55
0,150.00,800,806,11.06,69.99,0,0.26,17.05.2024 01:43:58
0,150.56,803,806,11.08,70.01,0,0.30,17.05.2024 01:44:00
0,148.88,794,806,11.05,69.97,0,0.19,17.05.2024 01:44:02
0,147.75,788,806,11.05,69.99,0,0.10,17.05.2024 01:44:04
0,152.25,812,806,11.06,69.97,0,0.43,17.05.2024 01:44:06
0,151.50,808,806,11.06,70.00,0,0.37,17.05.2024 01:44:08
0,150.19,801,807,11.08,69.99,0,0.28,17.05.2024 01:44:10
0,151.69,809,806,11.06,69.99,0,0.39,17.05.2024 01:44:12
0,150.19,801,806,11.06,70.01,0,0.28,17.05.2024 01:44:15
0,150.19,801,806,11.05,70.00,0,0.28,17.05.2024 01:44:17
0,150.00,800,806,11.05,69.97,0,0.27,17.05.2024 01:44:19
0,151.69,809,805,11.05,69.97,0,0.39,17.05.2024 01:44:21
0,153.00,816,806,11.05,69.97,0,0.49,17.05.2024 01:44:23
0,153.38,818,805,11.05,69.97,0,0.52,17.05.2024 01:44:25
0,151.88,810,806,11.05,70.02,0,0.40,17.05.2024 01:44:27
0,154.69,825,805,11.05,69.96,0,0.62,17.05.2024 01:44:29
0,152.63,814,806,11.06,69.98,0,0.46,17.05.2024 01:44:32
0,150.38,802,805,11.05,69.96,0,0.30,17.05.2024 01:44:34
0,154.88,826,806,11.08,70.00,0,0.63,17.05.2024 01:44:36
0,154.50,824,806,11.03,69.98,0,0.61,17.05.2024 01:44:38
0,154.88,826,806,11.06,70.01,0,0.63,17.05.2024 01:44:40
0,154.69,825,806,11.06,69.99,0,0.62,17.05.2024 01:44:42
0,151.88,810,806,11.05,69.96,0,0.41,17.05.2024 01:44:44
0,153.56,819,806,11.06,69.97,0,0.53,17.05.2024 01:44:46
0,153.56,819,806,11.05,70.01,0,0.53,17.05.2024 01:44:49
0,150.38,802,805,11.05,69.98,0,0.29,17.05.2024 01:44:51
0,150.75,804,805,11.05,70.01,0,0.32,17.05.2024 01:44:53
0,153.56,819,805,11.05,69.98,0,0.54,17.05.2024 01:44:55
0,151.13,806,805,11.05,69.98,0,0.35,17.05.2024 01:44:57
0,151.88,810,805,11.03,70.00,0,0.41,17.05.2024 01:44:59
0,150.94,805,805,11.05,69.98,0,0.34,17.05.2024 01:45:01
0,152.25,812,805,11.06,69.97,0,0.43,17.05.2024 01:45:03
0,153.38,818,805,11.03,70.00,0,0.52,17.05.2024 01:45:06
0,152.25,812,805,11.03,70.00,0,0.44,17.05.2024 01:45:08
0,149.44,797,805,11.06,70.01,0,0.22,17.05.2024 01:45:10
0,152.44,813,805,11.06,70.00,0,0.45,17.05.2024 01:45:12
0,152.63,814,804,11.05,70.00,0,0.46,17.05.2024 01:45:14
0,155.63,830,804,11.03,69.98,0,0.70,17.05.2024 01:45:16
0,152.44,813,805,11.05,70.00,0,0.45,17.05.2024 01:45:18
0,153.94,821,804,11.05,69.99,0,0.56,17.05.2024 01:45:20
0,152.44,813,804,11.03,70.00,0,0.45,17.05.2024 01:45:22
0,151.50,808,805,11.05,69.98,0,0.38,17.05.2024 01:45:25
0,151.31,807,805,11.03,70.00,0,0.37,17.05.2024 01:45:27
0,152.63,814,805,11.03,70.01,0,0.46,17.05.2024 01:45:29
0,151.88,810,805,11.03,69.96,0,0.41,17.05.2024 01:45:31
0,152.06,811,804,11.05,69.99,0,0.42,17.05.2024 01:45:33
0,152.63,814,804,11.05,69.99,0,0.46,17.05.2024 01:45:35
0,155.06,827,804,11.05,70.00,0,0.65,17.05.2024 01:45:37
0,152.44,813,805,11.05,70.03,0,0.45,17.05.2024 01:45:39
0,153.75,820,805,11.05,69.96,0,0.55,17.05.2024 01:45:42
0,151.50,808,805,11.05,70.00,0,0.38,17.05.2024 01:45:44
0,151.13,806,804,11.05,70.00,0,0.35,17.05.2024 01:45:46
0,153.38,818,804,11.05,69.99,0,0.52,17.05.2024 01:45:48
0,151.31,807,804,11.06,69.97,0,0.36,17.05.2024 01:45:50
0,150.94,805,804,11.05,70.00,0,0.34,17.05.2024 01:45:52
0,150.56,803,804,11.05,69.98,0,0.31,17.05.2024 01:45:54
0,152.63,814,805,11.05,69.99,0,0.46,17.05.2024 01:45:56
0,154.69,825,804,11.03,70.00,0,0.63,17.05.2024 01:45:59
0,153.94,821,804,11.03,69.98,0,0.57,17.05.2024 01:46:01
0,150.56,803,804,11.05,69.97,0,0.31,17.05.2024 01:46:03
0,153.94,821,804,11.05,69.98,0,0.57,17.05.2024 01:46:05
0,154.13,822,804,11.05,69.99,0,0.58,17.05.2024 01:46:07
0,151.50,808,804,11.05,69.98,0,0.38,17.05.2024 01:46:09
0,153.00,816,803,11.06,69.97,0,0.49,17.05.2024 01:46:11
0,151.50,808,803,11.02,70.01,0,0.38,17.05.2024 01:46:13
0,150.19,801,803,11.06,69.96,0,0.28,17.05.2024 01:46:18
0,153.94,821,804,11.03,69.99,0,0.57,17.05.2024 01:46:20
0,152.63,814,804,11.05,70.01,0,0.46,17.05.2024 01:46:22
0,149.63,798,804,11.03,69.98,0,0.24,17.05.2024 01:46:24
0,147.75,788,805,11.02,69.98,0,0.11,17.05.2024 01:46:26
0,149.63,798,804,11.03,69.96,0,0.24,17.05.2024 01:46:28
0,151.50,808,804,11.06,70.00,0,0.37,17.05.2024 01:46:30
0,151.31,807,804,11.03,70.01,0,0.37,17.05.2024 01:46:32
0,158.44,845,803,11.03,69.98,0,0.93,17.05.2024 01:46:35
0,148.13,790,803,11.05,69.99,0,0.13,17.05.2024 01:46:37
0,152.44,813,804,11.05,69.99,0,0.45,17.05.2024 01:46:39
0,147.56,787,804,11.02,69.99,0,0.10,17.05.2024 01:46:41
0,150.38,802,804,11.02,69.97,0,0.30,17.05.2024 01:46:43
0,150.94,805,803,11.05,69.98,0,0.34,17.05.2024 01:46:45
0,148.13,790,804,11.03,69.98,0,0.13,17.05.2024 01:46:47
0,150.19,801,804,11.03,69.98,0,0.28,17.05.2024 01:46:49
0,152.25,812,804,11.03,69.99,0,0.44,17.05.2024 01:46:52
0,153.38,818,804,11.03,69.98,0,0.52,17.05.2024 01:46:54
0,151.88,810,803,11.02,69.98,0,0.41,17.05.2024 01:46:56
0,153.75,820,803,11.03,69.97,0,0.55,17.05.2024 01:46:58
0,153.56,819,803,11.03,69.99,0,0.54,17.05.2024 01:47:00
0,154.13,822,802,11.02,70.00,0,0.58,17.05.2024 01:47:02
0,152.81,815,802,11.03,69.99,0,0.48,17.05.2024 01:47:04
0,152.44,813,802,11.03,69.99,0,0.45,17.05.2024 01:47:06
0,155.25,828,803,11.05,70.01,0,0.67,17.05.2024 01:47:08
0,153.00,816,803,11.03,70.00,0,0.49,17.05.2024 01:47:11
0,153.38,818,803,11.03,69.99,0,0.52,17.05.2024 01:47:13
0,152.63,814,803,11.03,69.96,0,0.47,17.05.2024 01:47:15
0,156.56,835,803,11.03,69.98,0,0.78,17.05.2024 01:47:17
0,151.50,808,803,11.02,69.98,0,0.38,17.05.2024 01:47:19
0,152.25,812,803,11.03,69.99,0,0.44,17.05.2024 01:47:21
0,155.44,829,803,11.02,69.99,0,0.69,17.05.2024 01:47:23
0,154.88,826,803,11.02,69.99,0,0.64,17.05.2024 01:47:25
0,154.88,826,802,11.00,70.00,0,0.65,17.05.2024 01:47:28
0,152.06,811,803,11.03,70.00,0,0.42,17.05.2024 01:47:30
0,150.56,803,803,11.03,70.00,0,0.31,17.05.2024 01:47:32
0,152.06,811,803,11.03,70.00,0,0.42,17.05.2024 01:47:34
0,151.69,809,803,11.03,69.98,0,0.39,17.05.2024 01:47:36
0,153.19,817,803,11.03,69.99,0,0.51,17.05.2024 01:47:38
0,152.06,811,803,11.02,69.98,0,0.43,17.05.2024 01:47:40
0,153.56,819,803,11.02,70.00,0,0.54,17.05.2024 01:47:42
0,152.81,815,803,11.02,69.99,0,0.48,17.05.2024 01:47:45
0,150.75,804,803,11.03,70.00,0,0.32,17.05.2024 01:47:47
0,152.25,812,803,11.02,70.01,0,0.44,17.05.2024 01:47:49
0,154.88,826,803,11.02,69.99,0,0.64,17.05.2024 01:47:51
0,153.94,821,803,11.02,70.01,0,0.57,17.05.2024 01:47:53
0,154.88,826,803,11.02,69.98,0,0.64,17.05.2024 01:47:55
0,153.38,818,803,11.00,70.00,0,0.53,17.05.2024 01:47:57
0,154.13,822,803,11.03,70.00,0,0.58,17.05.2024 01:47:59
0,154.50,824,803,11.03,69.97,0,0.61,17.05.2024 01:48:02
0,155.06,827,803,11.02,70.02,0,0.66,17.05.2024 01:48:04
0,150.00,800,804,11.02,70.00,0,0.27,17.05.2024 01:48:06
0,149.63,798,803,11.02,69.99,0,0.24,17.05.2024 01:48:08
0,148.13,790,803,11.03,70.00,0,0.13,17.05.2024 01:48:10
0,150.94,805,802,11.00,69.96,0,0.34,17.05.2024 01:48:12
0,150.56,803,802,11.03,69.99,0,0.31,17.05.2024 01:48:14
0,152.81,815,803,11.02,70.00,0,0.48,17.05.2024 01:48:16
0,152.06,811,802,11.00,69.99,0,0.43,17.05.2024 01:48:19
0,151.88,810,802,10.99,70.00,0,0.42,17.05.2024 01:48:21
0,149.44,797,802,11.02,70.01,0,0.23,17.05.2024 01:48:23
0,152.63,814,802,11.02,69.98,0,0.47,17.05.2024 01:48:25
0,153.94,821,801,11.00,69.97,0,0.57,17.05.2024 01:48:27
0,153.38,818,801,11.02,70.00,0,0.53,17.05.2024 01:48:29
0,150.56,803,802,10.99,69.99,0,0.32,17.05.2024 01:48:31
0,152.06,811,802,11.02,69.98,0,0.43,17.05.2024 01:48:33
0,149.25,796,802,11.00,70.00,0,0.22,17.05.2024 01:48:36
0,152.44,813,802,11.02,69.98,0,0.45,17.05.2024 01:48:38
0,150.19,801,802,11.03,70.02,0,0.28,17.05.2024 01:48:40
0,149.63,798,802,11.03,70.02,0,0.24,17.05.2024 01:48:42
0,153.38,818,802,11.02,69.97,0,0.53,17.05.2024 01:48:44
0,151.31,807,802,11.02,69.98,0,0.37,17.05.2024 01:48:48
0,151.13,806,802,11.00,70.03,0,0.36,17.05.2024 01:48:50
0,152.63,814,802,11.00,69.99,0,0.47,17.05.2024 01:48:52
0,150.38,802,802,11.02,69.98,0,0.30,17.05.2024 01:48:55
0,148.31,791,802,11.02,70.01,0,0.15,17.05.2024 01:48:57
0,147.75,788,803,11.05,70.00,0,0.10,17.05.2024 01:48:59
0,149.63,798,803,11.00,70.00,0,0.25,17.05.2024 01:49:01
0,151.13,806,803,11.00,69.99,0,0.36,17.05.2024 01:49:03
0,147.38,786,804,11.00,70.01,0,0.08,17.05.2024 01:49:05
0,151.88,810,803,11.00,69.98,0,0.41,17.05.2024 01:49:07
0,152.06,811,803,11.02,69.99,0,0.42,17.05.2024 01:49:09
0,152.44,813,804,11.00,70.03,0,0.46,17.05.2024 01:49:11
0,150.00,800,804,11.02,70.00,0,0.27,17.05.2024 01:49:14
0,150.00,800,804,11.00,70.00,0,0.27,17.05.2024 01:49:16
0,149.81,799,803,11.00,70.00,0,0.26,17.05.2024 01:49:18
0,153.19,817,804,11.02,70.01,0,0.51,17.05.2024 01:49:20
0,149.25,796,803,10.99,69.98,0,0.22,17.05.2024 01:49:22
0,152.81,815,804,11.02,70.01,0,0.48,17.05.2024 01:49:24
0,156.56,835,805,11.02,70.01,0,0.78,17.05.2024 01:49:26
0,150.38,802,804,11.00,69.99,0,0.30,17.05.2024 01:49:28
0,150.94,805,804,11.02,70.01,0,0.34,17.05.2024 01:49:31
0,153.56,819,804,11.02,70.02,0,0.54,17.05.2024 01:49:33
0,155.06,827,804,11.02,69.99,0,0.66,17.05.2024 01:49:35
0,156.56,835,804,11.03,70.01,0,0.78,17.05.2024 01:49:37
0,148.50,792,804,10.99,70.00,0,0.17,17.05.2024 01:49:39
0,150.94,805,804,11.00,70.03,0,0.34,17.05.2024 01:49:41
0,151.69,809,804,11.02,70.02,0,0.40,17.05.2024 01:49:43
0,152.25,812,804,11.00,70.02,0,0.44,17.05.2024 01:49:45
0,151.50,808,804,10.98,70.01,0,0.39,17.05.2024 01:49:48
0,153.00,816,804,11.00,70.01,0,0.50,17.05.2024 01:49:50
0,153.94,821,804,11.00,70.02,0,0.57,17.05.2024 01:49:52
0,150.56,803,804,10.99,70.01,0,0.32,17.05.2024 01:49:54
0,155.25,828,804,10.96,70.02,0,0.68,17.05.2024 01:49:56
0,147.56,787,804,10.99,70.03,0,0.10,17.05.2024 01:49:58
0,151.69,809,804,10.98,70.01,0,0.40,17.05.2024 01:50:00
0,153.94,821,804,11.00,69.99,0,0.57,17.05.2024 01:50:02
0,152.25,812,803,11.00,70.02,0,0.44,17.05.2024 01:50:05
0,152.06,811,804,11.00,70.03,0,0.43,17.05.2024 01:50:07
0,151.31,807,803,11.03,70.03,0,0.36,17.05.2024 01:50:09
0,154.69,825,803,11.00,70.02,0,0.63,17.05.2024 01:50:11
0,152.25,812,803,10.99,70.03,0,0.44,17.05.2024 01:50:13
0,153.19,817,803,11.00,70.03,0,0.51,17.05.2024 01:50:15
0,155.06,827,804,11.00,70.03,0,0.66,17.05.2024 01:50:17
0,153.00,816,804,11.00,70.04,0,0.50,17.05.2024 01:50:19
0,151.88,810,804,10.99,70.04,0,0.41,17.05.2024 01:50:22
0,150.94,805,805,11.00,70.02,0,0.34,17.05.2024 01:50:24
0,154.88,826,805,11.02,70.03,0,0.64,17.05.2024 01:50:26
0,151.13,806,805,11.00,70.02,0,0.36,17.05.2024 01:50:28
0,152.63,814,805,10.99,70.02,0,0.47,17.05.2024 01:50:30
0,150.75,804,805,11.03,70.02,0,0.32,17.05.2024 01:50:32
0,155.25,828,805,10.99,70.03,0,0.68,17.05.2024 01:50:34
0,155.25,828,806,11.00,70.04,0,0.67,17.05.2024 01:50:36
0,151.88,810,806,10.99,70.03,0,0.41,17.05.2024 01:50:38
0,152.25,812,806,10.99,70.04,0,0.44,17.05.2024 01:50:41
0,150.56,803,806,11.02,70.02,0,0.31,17.05.2024 01:50:43
0,150.56,803,806,11.00,70.04,0,0.31,17.05.2024 01:50:45
0,152.44,813,806,10.99,70.00,0,0.46,17.05.2024 01:50:47
0,155.63,830,806,10.98,70.03,0,0.71,17.05.2024 01:50:49
0,149.81,799,806,11.00,70.05,0,0.26,17.05.2024 01:50:51
0,149.06,795,806,11.00,70.03,0,0.20,17.05.2024 01:50:53
0,152.81,815,806,10.99,70.03,0,0.49,17.05.2024 01:50:55
0,149.81,799,806,11.00,70.00,0,0.26,17.05.2024 01:50:58
0,152.06,811,806,11.00,70.04,0,0.43,17.05.2024 01:51:00
0,152.06,811,806,10.98,70.03,0,0.43,17.05.2024 01:51:02
0,156.19,833,806,10.99,70.03,0,0.75,17.05.2024 01:51:04
0,154.69,825,806,11.02,70.08,0,0.63,17.05.2024 01:51:06
0,152.25,812,806,11.00,70.07,0,0.44,17.05.2024 01:51:08
0,152.81,815,806,11.02,70.05,0,0.48,17.05.2024 01:51:10
0,152.06,811,806,10.98,70.03,0,0.43,17.05.2024 01:51:12
0,149.81,799,806,11.03,70.06,0,0.25,17.05.2024 01:51:17
0,150.56,803,806,10.98,70.04,0,0.32,17.05.2024 01:51:19
0,150.94,805,806,10.99,70.04,0,0.34,17.05.2024 01:51:21
0,149.63,798,806,11.00,70.04,0,0.24,17.05.2024 01:51:23
0,150.38,802,806,11.00,70.04,0,0.30,17.05.2024 01:51:25
0,148.69,793,807,11.00,70.06,0,0.18,17.05.2024 01:51:27
0,149.06,795,807,10.98,70.04,0,0.21,17.05.2024 01:51:29
0,149.25,796,807,11.00,70.05,0,0.22,17.05.2024 01:51:31
0,152.81,815,807,11.02,70.03,0,0.48,17.05.2024 01:51:34
0,147.19,785,807,10.99,70.06,0,0.07,17.05.2024 01:51:36
0,153.19,817,807,10.99,70.03,0,0.51,17.05.2024 01:51:38
0,153.56,819,807,10.96,70.03,0,0.55,17.05.2024 01:51:40
0,148.69,793,806,10.99,70.05,0,0.18,17.05.2024 01:51:42
0,153.00,816,808,11.00,70.03,0,0.50,17.05.2024 01:51:44
0,146.44,781,806,11.00,70.07,0,0.02,17.05.2024 01:51:46
0,153.75,820,807,10.99,70.07,0,0.56,17.05.2024 01:51:48
0,150.00,800,807,11.02,70.05,0,0.27,17.05.2024 01:51:51
0,153.19,817,807,11.00,70.05,0,0.51,17.05.2024 01:51:53
0,153.75,820,810,10.99,70.05,0,0.56,17.05.2024 01:51:55
0,152.44,813,808,10.99,70.05,0,0.46,17.05.2024 01:51:57
0,153.56,819,809,10.99,70.08,0,0.54,17.05.2024 01:51:59
0,155.25,828,809,10.98,70.08,0,0.68,17.05.2024 01:52:01
0,153.56,819,807,10.99,70.09,0,0.54,17.05.2024 01:52:03
0,155.25,828,808,10.98,70.07,0,0.68,17.05.2024 01:52:05
0,152.44,813,809,10.99,70.08,0,0.46,17.05.2024 01:52:08
0,151.13,806,809,10.99,70.10,0,0.36,17.05.2024 01:52:10
0,150.75,804,810,10.99,70.07,0,0.33,17.05.2024 01:52:12
0,155.44,829,811,10.99,70.07,0,0.69,17.05.2024 01:52:14
0,153.38,818,812,11.00,70.08,0,0.53,17.05.2024 01:52:16
0,153.94,821,812,10.99,70.06,0,0.57,17.05.2024 01:52:18
0,153.38,818,813,10.99,70.07,0,0.53,17.05.2024 01:52:20
0,151.31,807,812,10.99,70.09,0,0.37,17.05.2024 01:52:22
0,156.19,833,812,10.98,70.10,0,0.75,17.05.2024 01:52:24
0,153.38,818,812,10.98,70.08,0,0.53,17.05.2024 01:52:27
0,153.19,817,811,10.99,70.07,0,0.51,17.05.2024 01:52:29
0,151.88,810,811,10.98,70.09,0,0.41,17.05.2024 01:52:31
0,156.19,833,812,10.99,70.11,0,0.75,17.05.2024 01:52:33
0,152.25,812,812,10.99,70.12,0,0.44,17.05.2024 01:52:35
0,151.13,806,811,10.98,70.10,0,0.36,17.05.2024 01:52:37
0,153.00,816,812,10.98,70.10,0,0.50,17.05.2024 01:52:39
0,152.81,815,811,10.99,70.09,0,0.48,17.05.2024 01:52:42
0,151.69,809,810,10.99,70.09,0,0.40,17.05.2024 01:52:44
0,150.94,805,811,10.98,70.10,0,0.34,17.05.2024 01:52:46
0,153.19,817,810,11.00,70.11,0,0.51,17.05.2024 01:52:48
0,152.63,814,809,11.00,70.10,0,0.47,17.05.2024 01:52:50
0,151.31,807,809,10.98,70.08,0,0.37,17.05.2024 01:52:52
0,150.56,803,808,10.98,70.11,0,0.32,17.05.2024 01:52:54
0,154.31,823,808,10.99,70.09,0,0.60,17.05.2024 01:52:56
0,151.31,807,808,10.99,70.13,0,0.37,17.05.2024 01:52:58
0,154.88,826,808,11.00,70.11,0,0.64,17.05.2024 01:53:01
0,151.88,810,809,10.96,70.09,0,0.42,17.05.2024 01:53:03
0,154.31,823,809,10.99,70.09,0,0.60,17.05.2024 01:53:05
0,154.13,822,809,10.98,70.11,0,0.59,17.05.2024 01:53:07
0,152.63,814,810,10.98,70.10,0,0.47,17.05.2024 01:53:09
0,152.06,811,810,11.00,70.09,0,0.42,17.05.2024 01:53:11
0,151.88,810,810,10.96,70.09,0,0.42,17.05.2024 01:53:13
0,150.75,804,810,10.98,70.10,0,0.33,17.05.2024 01:53:15
0,154.13,822,810,10.98,70.14,0,0.59,17.05.2024 01:53:18
0,153.75,820,810,10.99,70.15,0,0.55,17.05.2024 01:53:20
0,152.06,811,811,10.99,70.10,0,0.43,17.05.2024 01:53:22
0,152.06,811,812,10.99,70.12,0,0.43,17.05.2024 01:53:24
0,153.56,819,812,10.96,70.12,0,0.55,17.05.2024 01:53:26
0,153.00,816,812,10.99,70.14,0,0.50,17.05.2024 01:53:28
0,154.31,823,813,10.96,70.11,0,0.60,17.05.2024 01:53:30
0,153.19,817,813,10.99,70.13,0,0.51,17.05.2024 01:53:32
0,153.56,819,813,10.98,70.10,0,0.54,17.05.2024 01:53:35
0,152.63,814,812,10.99,70.12,0,0.47,17.05.2024 01:53:37
0,151.88,810,811,10.99,70.15,0,0.41,17.05.2024 01:53:39
0,150.00,800,812,10.98,70.10,0,0.27,17.05.2024 01:53:41
0,150.38,802,812,10.99,70.12,0,0.30,17.05.2024 01:53:43
0,152.63,814,812,10.99,70.12,0,0.47,17.05.2024 01:53:47
0,150.94,805,812,10.98,70.14,0,0.34,17.05.2024 01:53:49
0,151.31,807,812,10.98,70.12,0,0.37,17.05.2024 01:53:51
0,151.88,810,812,10.96,70.12,0,0.42,17.05.2024 01:53:54
0,152.06,811,812,10.99,70.15,0,0.42,17.05.2024 01:53:56
0,150.94,805,811,11.00,70.11,0,0.34,17.05.2024 01:53:58
0,150.75,804,811,10.99,70.13,0,0.33,17.05.2024 01:54:00
0,150.94,805,811,10.99,70.13,0,0.34,17.05.2024 01:54:02
0,148.69,793,812,10.96,70.13,0,0.18,17.05.2024 01:54:04
0,152.63,814,811,10.99,70.15,0,0.47,17.05.2024 01:54:06
0,149.44,797,811,10.98,70.11,0,0.23,17.05.2024 01:54:08
0,147.38,786,811,10.99,70.15,0,0.08,17.05.2024 01:54:11
0,151.31,807,811,10.96,70.18,0,0.37,17.05.2024 01:54:13
0,152.44,813,810,10.99,70.16,0,0.45,17.05.2024 01:54:15
0,156.00,832,810,10.98,70.10,0,0.74,17.05.2024 01:54:17
0,150.56,803,810,10.99,70.13,0,0.31,17.05.2024 01:54:19
0,154.13,822,810,10.96,70.14,0,0.59,17.05.2024 01:54:21
0,151.13,806,810,10.99,70.15,0,0.35,17.05.2024 01:54:23
0,153.56,819,811,10.99,70.16,0,0.54,17.05.2024 01:54:25
0,155.44,829,810,10.98,70.14,0,0.69,17.05.2024 01:54:27
0,151.88,810,809,10.99,70.13,0,0.41,17.05.2024 01:54:30
0,156.00,832,810,10.98,70.18,0,0.73,17.05.2024 01:54:32
0,150.38,802,810,10.96,70.14,0,0.30,17.05.2024 01:54:34
0,149.63,798,809,10.96,70.15,0,0.25,17.05.2024 01:54:36
0,152.44,813,810,10.98,70.14,0,0.46,17.05.2024 01:54:38
0,154.69,825,809,10.96,70.17,0,0.63,17.05.2024 01:54:40
0,152.44,813,809,10.98,70.12,0,0.46,17.05.2024 01:54:42
0,154.13,822,809,10.98,70.13,0,0.59,17.05.2024 01:54:44
0,152.06,811,809,10.96,70.16,0,0.43,17.05.2024 01:54:47
0,156.75,836,808,10.98,70.17,0,0.80,17.05.2024 01:54:49
0,149.81,799,809,11.00,70.16,0,0.25,17.05.2024 01:54:51
0,152.81,815,809,10.98,70.15,0,0.48,17.05.2024 01:54:53
0,153.19,817,809,10.98,70.16,0,0.51,17.05.2024 01:54:55
0,152.81,815,809,10.98,70.13,0,0.48,17.05.2024 01:54:57
0,151.13,806,809,10.98,70.16,0,0.36,17.05.2024 01:54:59
0,152.63,814,809,10.98,70.17,0,0.47,17.05.2024 01:55:01
0,155.81,831,808,10.98,70.19,0,0.72,17.05.2024 01:55:04
0,150.56,803,808,10.96,70.16,0,0.32,17.05.2024 01:55:06
0,151.50,808,808,10.96,70.17,0,0.39,17.05.2024 01:55:08
0,157.88,842,807,10.98,70.13,0,0.89,17.05.2024 01:55:10
0,151.69,809,807,10.98,70.18,0,0.40,17.05.2024 01:55:12
0,154.88,826,807,10.98,70.17,0,0.64,17.05.2024 01:55:14
0,153.38,818,807,10.96,70.20,0,0.53,17.05.2024 01:55:16
0,152.25,812,806,10.98,70.17,0,0.44,17.05.2024 01:55:18
0,157.88,842,806,10.96,70.20,0,0.89,17.05.2024 01:55:21
0,152.25,812,806,10.99,70.16,0,0.44,17.05.2024 01:55:23
0,150.00,800,805,10.98,70.17,0,0.27,17.05.2024 01:55:25
0,152.81,815,805,10.98,70.21,0,0.48,17.05.2024 01:55:27
0,154.31,823,805,11.00,70.18,0,0.59,17.05.2024 01:55:29
0,150.94,805,805,10.96,70.20,0,0.34,17.05.2024 01:55:31
0,152.44,813,805,10.96,70.20,0,0.46,17.05.2024 01:55:33
0,151.31,807,805,10.96,70.18,0,0.37,17.05.2024 01:55:35
0,154.50,824,805,10.98,70.20,0,0.61,17.05.2024 01:55:38
0,151.69,809,804,10.98,70.21,0,0.40,17.05.2024 01:55:40
0,158.44,845,804,10.98,70.20,0,0.93,17.05.2024 01:55:42
0,155.63,830,803,10.99,70.18,0,0.70,17.05.2024 01:55:44
0,150.75,804,804,10.96,70.20,0,0.33,17.05.2024 01:55:46
0,152.25,812,804,10.99,70.18,0,0.44,17.05.2024 01:55:48
0,149.81,799,804,10.96,70.18,0,0.26,17.05.2024 01:55:50
0,151.31,807,804,10.98,70.17,0,0.37,17.05.2024 01:55:52
0,148.88,794,804,10.96,70.18,0,0.19,17.05.2024 01:55:55
0,152.63,814,803,10.96,70.22,0,0.47,17.05.2024 01:55:57
0,148.13,790,803,10.98,70.20,0,0.14,17.05.2024 01:55:59
0,151.13,806,803,10.99,70.24,0,0.35,17.05.2024 01:56:01
0,151.50,808,803,10.99,70.20,0,0.38,17.05.2024 01:56:03
0,151.50,808,803,10.98,70.21,0,0.38,17.05.2024 01:56:05
0,150.94,805,803,10.98,70.21,0,0.34,17.05.2024 01:56:07
0,148.88,794,802,10.98,70.18,0,0.19,17.05.2024 01:56:09
0,153.00,816,802,10.95,70.20,0,0.50,17.05.2024 01:56:14
0,149.25,796,803,11.00,70.23,0,0.21,17.05.2024 01:56:16
0,151.69,809,803,10.98,70.21,0,0.40,17.05.2024 01:56:18
0,150.00,800,804,10.98,70.18,0,0.27,17.05.2024 01:56:20
0,149.44,797,804,10.99,70.24,0,0.23,17.05.2024 01:56:22
0,148.13,790,804,10.96,70.22,0,0.14,17.05.2024 01:56:24
0,153.19,817,804,10.96,70.20,0,0.51,17.05.2024 01:56:26
0,150.00,800,804,10.98,70.21,0,0.27,17.05.2024 01:56:28
0,149.81,799,804,10.95,70.20,0,0.26,17.05.2024 01:56:30
0,147.94,789,804,10.96,70.23,0,0.12,17.05.2024 01:56:33
0,151.50,808,804,10.98,70.21,0,0.38,17.05.2024 01:56:35
0,150.75,804,804,10.98,70.23,0,0.33,17.05.2024 01:56:37
0,146.63,782,803,10.98,70.20,0,0.03,17.05.2024 01:56:39
0,150.00,800,803,10.98,70.23,0,0.27,17.05.2024 01:56:41
0,154.13,822,803,10.98,70.23,0,0.58,17.05.2024 01:56:43
0,149.63,798,803,10.99,70.23,0,0.24,17.05.2024 01:56:45
0,153.38,818,802,10.98,70.23,0,0.52,17.05.2024 01:56:47
0,152.81,815,802,10.99,70.22,0,0.48,17.05.2024 01:56:50
0,154.88,826,801,10.99,70.25,0,0.64,17.05.2024 01:56:52
0,152.44,813,802,10.98,70.25,0,0.45,17.05.2024 01:56:54
0,152.44,813,802,10.96,70.23,0,0.45,17.05.2024 01:56:56
0,155.25,828,802,10.96,70.23,0,0.67,17.05.2024 01:56:58
0,153.75,820,802,10.99,70.23,0,0.55,17.05.2024 01:57:00
0,156.00,832,802,10.98,70.23,0,0.73,17.05.2024 01:57:02
0,151.69,809,802,10.96,70.27,0,0.40,17.05.2024 01:57:04
0,156.56,835,802,10.98,70.21,0,0.78,17.05.2024 01:57:07
0,152.63,814,802,10.98,70.25,0,0.47,17.05.2024 01:57:09
0,155.44,829,802,10.99,70.24,0,0.68,17.05.2024 01:57:11
0,152.06,811,802,10.95,70.26,0,0.43,17.05.2024 01:57:13
0,153.56,819,802,10.98,70.25,0,0.54,17.05.2024 01:57:15
0,155.06,827,803,10.98,70.23,0,0.66,17.05.2024 01:57:17
0,150.56,803,803,10.98,70.25,0,0.31,17.05.2024 01:57:19
0,153.38,818,803,10.96,70.24,0,0.53,17.05.2024 01:57:21
0,152.25,812,803,10.98,70.21,0,0.44,17.05.2024 01:57:24
0,149.81,799,803,10.98,70.26,0,0.25,17.05.2024 01:57:26
0,153.56,819,803,10.98,70.27,0,0.54,17.05.2024 01:57:28
0,156.00,832,803,10.98,70.27,0,0.73,17.05.2024 01:57:30
0,151.69,809,804,10.96,70.26,0,0.40,17.05.2024 01:57:32
0,157.88,842,804,10.98,70.26,0,0.88,17.05.2024 01:57:34
0,151.31,807,804,10.96,70.23,0,0.37,17.05.2024 01:57:36
0,151.88,810,804,10.99,70.27,0,0.41,17.05.2024 01:57:38
0,149.06,795,803,10.98,70.25,0,0.20,17.05.2024 01:57:41
0,154.50,824,804,10.99,70.27,0,0.61,17.05.2024 01:57:43
0,151.88,810,803,10.95,70.27,0,0.41,17.05.2024 01:57:45
0,154.13,822,803,10.98,70.26,0,0.58,17.05.2024 01:57:47
0,149.81,799,803,10.96,70.28,0,0.26,17.05.2024 01:57:49
0,151.50,808,803,10.96,70.28,0,0.38,17.05.2024 01:57:51
0,151.13,806,803,11.00,70.26,0,0.35,17.05.2024 01:57:53
0,153.19,817,803,10.96,70.27,0,0.51,17.05.2024 01:57:55
0,151.31,807,802,10.96,70.25,0,0.37,17.05.2024 01:57:57
0,153.38,818,803,10.96,70.25,0,0.53,17.05.2024 01:58:00
0,152.25,812,803,10.99,70.32,0,0.43,17.05.2024 01:58:02
0,150.38,802,804,10.98,70.27,0,0.30,17.05.2024 01:58:04
0,154.50,824,804,10.96,70.26,0,0.61,17.05.2024 01:58:06
0,150.56,803,804,10.96,70.27,0,0.31,17.05.2024 01:58:08
0,153.38,818,804,10.96,70.28,0,0.52,17.05.2024 01:58:10
0,153.00,816,804,10.96,70.28,0,0.50,17.05.2024 01:58:12
0,153.00,816,804,10.96,70.26,0,0.50,17.05.2024 01:58:14
0,150.38,802,804,10.98,70.30,0,0.29,17.05.2024 01:58:17
0,154.31,823,805,10.99,70.28,0,0.59,17.05.2024 01:58:19
0,152.81,815,804,10.98,70.31,0,0.48,17.05.2024 01:58:21
0,152.44,813,805,10.96,70.29,0,0.45,17.05.2024 01:58:23
0,155.81,831,805,10.95,70.27,0,0.72,17.05.2024 01:58:25
0,154.50,824,805,10.98,70.30,0,0.61,17.05.2024 01:58:27
0,154.13,822,806,10.96,70.28,0,0.58,17.05.2024 01:58:29
0,152.25,812,806,10.96,70.28,0,0.44,17.05.2024 01:58:31
0,153.00,816,806,10.96,70.29,0,0.50,17.05.2024 01:58:34
0,153.19,817,806,10.98,70.29,0,0.51,17.05.2024 01:58:36
0,153.38,818,806,10.98,70.29,0,0.52,17.05.2024 01:58:40
0,151.69,809,806,10.99,70.30,0,0.39,17.05.2024 01:58:42
0,155.44,829,806,10.99,70.29,0,0.68,17.05.2024 01:58:44
0,149.25,796,806,10.96,70.28,0,0.22,17.05.2024 01:58:46
0,153.19,817,806,10.98,70.28,0,0.51,17.05.2024 01:58:48
0,149.44,797,806,10.96,70.30,0,0.23,17.05.2024 01:58:50
0,149.81,799,805,10.98,70.30,0,0.25,17.05.2024 01:58:53
0,148.69,793,805,10.98,70.30,0,0.17,17.05.2024 01:58:55
0,148.13,790,805,10.99,70.31,0,0.13,17.05.2024 01:58:57
0,150.00,800,805,10.98,70.31,0,0.27,17.05.2024 01:58:59
0,147.75,788,805,10.95,70.29,0,0.11,17.05.2024 01:59:01
0,151.31,807,805,10.96,70.32,0,0.37,17.05.2024 01:59:03
0,151.13,806,805,10.96,70.29,0,0.35,17.05.2024 01:59:05
0,153.00,816,805,10.98,70.32,0,0.49,17.05.2024 01:59:07
0,152.06,811,805,10.98,70.33,0,0.42,17.05.2024 01:59:10
0,152.63,814,804,10.96,70.30,0,0.47,17.05.2024 01:59:12
0,153.38,818,805,10.95,70.30,0,0.53,17.05.2024 01:59:14
0,155.63,830,804,10.96,70.33,0,0.70,17.05.2024 01:59:16
0,153.75,820,804,10.98,70.33,0,0.55,17.05.2024 01:59:18
0,153.38,818,805,10.96,70.32,0,0.52,17.05.2024 01:59:20
0,154.69,825,804,10.98,70.32,0,0.62,17.05.2024 01:59:22
0,152.63,814,805,10.98,70.31,0,0.46,17.05.2024 01:59:24
0,150.75,804,805,10.96,70.31,0,0.32,17.05.2024 01:59:27
0,151.13,806,804,10.98,70.32,0,0.35,17.05.2024 01:59:29
0,155.06,827,805,10.98,70.31,0,0.65,17.05.2024 01:59:31
0,152.44,813,804,10.96,70.30,0,0.45,17.05.2024 01:59:33
0,154.13,822,805,10.96,70.34,0,0.58,17.05.2024 01:59:35
0,151.31,807,805,10.96,70.32,0,0.37,17.05.2024 01:59:37
0,156.19,833,805,10.95,70.30,0,0.75,17.05.2024 01:59:39
0,155.06,827,805,10.96,70.35,0,0.65,17.05.2024 01:59:41
0,154.31,823,806,10.99,70.32,0,0.59,17.05.2024 01:59:43
0,151.50,808,806,10.98,70.35,0,0.38,17.05.2024 01:59:46
0,151.69,809,806,10.96,70.31,0,0.39,17.05.2024 01:59:48
0,154.31,823,807,10.96,70.31,0,0.60,17.05.2024 01:59:50
0,152.44,813,806,10.96,70.32,0,0.45,17.05.2024 01:59:52
0,156.75,836,806,10.98,70.34,0,0.79,17.05.2024 01:59:54
0,151.50,808,806,10.98,70.33,0,0.38,17.05.2024 01:59:56
0,156.56,835,805,10.99,70.33,0,0.77,17.05.2024 01:59:58
