0,267.19,1425,947,26.87,71.21,0,4.33,16.05.2024 15:00:01
0,267.00,1424,947,26.86,71.20,0,4.32,16.05.2024 15:00:03
0,266.63,1422,948,26.87,71.24,0,4.27,16.05.2024 15:00:05
0,267.38,1426,948,26.86,71.18,0,4.36,16.05.2024 15:00:08
0,266.81,1423,948,26.84,71.17,0,4.32,16.05.2024 15:00:10
0,267.56,1427,947,26.84,71.17,0,4.39,16.05.2024 15:00:12
0,267.38,1426,947,26.86,71.18,0,4.36,16.05.2024 15:00:14
0,268.88,1434,948,26.86,71.14,0,4.52,16.05.2024 15:00:16
0,268.13,1430,948,26.84,71.13,0,4.45,16.05.2024 15:00:18
0,268.13,1430,947,26.84,71.13,0,4.46,16.05.2024 15:00:20
0,266.81,1423,947,26.86,71.11,0,4.32,16.05.2024 15:00:22
0,264.56,1411,947,26.84,71.10,0,4.12,16.05.2024 15:00:24
0,266.44,1421,947,26.82,71.05,0,4.32,16.05.2024 15:00:27
0,268.31,1431,947,26.84,71.07,0,4.48,16.05.2024 15:00:29
0,267.38,1426,947,26.89,71.05,0,4.37,16.05.2024 15:00:31
0,265.31,1415,947,26.86,71.01,0,4.19,16.05.2024 15:00:33
0,265.88,1418,947,26.84,70.99,0,4.26,16.05.2024 15:00:35
0,266.63,1422,947,26.84,70.97,0,4.34,16.05.2024 15:00:37
0,267.56,1427,947,26.86,70.97,0,4.42,16.05.2024 15:00:39
0,267.19,1425,948,26.86,70.91,0,4.39,16.05.2024 15:00:41
0,267.75,1428,948,26.84,70.88,0,4.46,16.05.2024 15:00:44
0,274.69,1465,947,26.84,70.89,0,5.16,16.05.2024 15:00:46
0,266.44,1421,947,26.87,70.86,0,4.32,16.05.2024 15:00:48
0,268.31,1431,947,26.87,70.82,0,4.51,16.05.2024 15:00:50
0,270.38,1442,947,26.87,70.80,0,4.71,16.05.2024 15:00:52
0,269.44,1437,947,26.83,70.76,0,4.66,16.05.2024 15:00:54
0,270.38,1442,947,26.86,70.77,0,4.73,16.05.2024 15:00:56
0,267.38,1426,947,26.86,70.72,0,4.44,16.05.2024 15:00:58
0,267.75,1428,947,26.86,70.71,0,4.48,16.05.2024 15:01:00
0,268.50,1432,947,26.84,70.69,0,4.57,16.05.2024 15:01:03
0,269.63,1438,947,26.84,70.63,0,4.69,16.05.2024 15:01:05
0,268.50,1432,947,26.87,70.61,0,4.56,16.05.2024 15:01:07
0,266.44,1421,947,26.87,70.60,0,4.36,16.05.2024 15:01:09
0,265.13,1414,947,26.86,70.58,0,4.25,16.05.2024 15:01:11
0,270.56,1443,947,26.86,70.55,0,4.79,16.05.2024 15:01:13
0,266.81,1423,946,26.86,70.50,0,4.42,16.05.2024 15:01:15
0,267.75,1428,946,26.84,70.46,0,4.53,16.05.2024 15:01:17
0,266.06,1419,945,26.87,70.47,0,4.35,16.05.2024 15:01:19
0,265.50,1416,945,26.84,70.41,0,4.32,16.05.2024 15:01:22
0,265.31,1415,945,26.84,70.40,0,4.31,16.05.2024 15:01:24
0,266.63,1422,945,26.83,70.33,0,4.45,16.05.2024 15:01:26
0,265.88,1418,945,26.86,70.32,0,4.36,16.05.2024 15:01:28
0,269.63,1438,944,26.86,70.29,0,4.74,16.05.2024 15:01:30
0,269.25,1436,944,26.84,70.25,0,4.72,16.05.2024 15:01:32
0,267.75,1428,944,26.83,70.21,0,4.59,16.05.2024 15:01:34
0,264.75,1412,944,26.86,70.19,0,4.28,16.05.2024 15:01:36
0,266.44,1421,944,26.86,70.15,0,4.45,16.05.2024 15:01:39
0,267.19,1425,944,26.86,70.13,0,4.52,16.05.2024 15:01:41
0,265.69,1417,942,26.83,70.05,0,4.41,16.05.2024 15:01:43
0,266.63,1422,942,26.84,70.03,0,4.50,16.05.2024 15:01:45
0,267.56,1427,943,26.84,70.02,0,4.59,16.05.2024 15:01:47
0,267.00,1424,943,26.86,70.00,0,4.53,16.05.2024 15:01:49
0,263.44,1405,943,26.84,69.97,0,4.20,16.05.2024 15:01:51
0,260.81,1391,943,26.84,69.89,0,3.96,16.05.2024 15:01:53
0,266.25,1420,942,26.87,69.89,0,4.46,16.05.2024 15:01:55
0,266.81,1423,942,26.87,69.88,0,4.52,16.05.2024 15:01:58
0,265.13,1414,941,26.84,69.82,0,4.39,16.05.2024 15:02:00
0,262.13,1398,941,26.86,69.80,0,4.09,16.05.2024 15:02:02
0,266.25,1420,941,26.86,69.76,0,4.49,16.05.2024 15:02:04
0,266.25,1420,941,26.83,69.72,0,4.52,16.05.2024 15:02:06
0,265.13,1414,941,26.86,69.70,0,4.39,16.05.2024 15:02:08
0,263.06,1403,941,26.84,69.65,0,4.21,16.05.2024 15:02:10
0,264.56,1411,941,26.83,69.57,0,4.38,16.05.2024 15:02:12
0,262.13,1398,941,26.82,69.58,0,4.15,16.05.2024 15:02:15
0,261.75,1396,941,26.83,69.54,0,4.12,16.05.2024 15:02:17
0,263.06,1403,941,26.86,69.49,0,4.23,16.05.2024 15:02:19
0,265.69,1417,941,26.83,69.46,0,4.51,16.05.2024 15:02:21
0,262.31,1399,940,26.82,69.42,0,4.20,16.05.2024 15:02:23
0,263.44,1405,941,26.84,69.39,0,4.29,16.05.2024 15:02:25
0,261.56,1395,942,26.83,69.38,0,4.12,16.05.2024 15:02:27
0,264.00,1408,942,26.83,69.34,0,4.37,16.05.2024 15:02:29
0,262.13,1398,942,26.84,69.32,0,4.18,16.05.2024 15:02:31
0,263.44,1405,941,26.84,69.27,0,4.31,16.05.2024 15:02:34
0,264.94,1413,941,26.83,69.25,0,4.47,16.05.2024 15:02:36
0,265.31,1415,941,26.82,69.20,0,4.53,16.05.2024 15:02:38
0,262.50,1400,940,26.82,69.17,0,4.26,16.05.2024 15:02:40
0,263.06,1403,939,26.82,69.10,0,4.32,16.05.2024 15:02:42
0,261.56,1395,939,26.80,69.11,0,4.19,16.05.2024 15:02:44
0,261.00,1392,938,26.82,69.07,0,4.13,16.05.2024 15:02:46
0,259.31,1383,938,26.80,68.99,0,3.99,16.05.2024 15:02:48
0,261.75,1396,937,26.82,69.01,0,4.21,16.05.2024 15:02:51
0,262.50,1400,937,26.83,68.97,0,4.28,16.05.2024 15:02:53
0,260.25,1388,937,26.82,68.93,0,4.08,16.05.2024 15:02:55
0,257.63,1374,937,26.79,68.88,0,3.86,16.05.2024 15:02:57
0,254.44,1357,938,26.83,68.86,0,3.55,16.05.2024 15:02:59
0,261.94,1397,938,26.79,68.78,0,4.29,16.05.2024 15:03:01
0,261.19,1393,938,26.82,68.78,0,4.20,16.05.2024 15:03:03
0,257.81,1375,938,26.80,68.70,0,3.90,16.05.2024 15:03:05
0,261.00,1392,938,26.80,68.67,0,4.21,16.05.2024 15:03:07
0,260.44,1389,938,26.79,68.64,0,4.17,16.05.2024 15:03:10
0,260.44,1389,939,26.80,68.61,0,4.16,16.05.2024 15:03:12
0,260.44,1389,939,26.80,68.58,0,4.17,16.05.2024 15:03:14
0,262.88,1402,938,26.80,68.56,0,4.41,16.05.2024 15:03:16
0,257.63,1374,938,26.77,68.49,0,3.93,16.05.2024 15:03:18
0,257.81,1375,938,26.80,68.48,0,3.93,16.05.2024 15:03:20
0,259.31,1383,938,26.80,68.44,0,4.08,16.05.2024 15:03:22
0,259.50,1384,938,26.76,68.39,0,4.13,16.05.2024 15:03:24
0,256.13,1366,939,26.79,68.36,0,3.80,16.05.2024 15:03:27
0,257.06,1371,939,26.77,68.33,0,3.90,16.05.2024 15:03:29
0,257.81,1375,939,26.77,68.27,0,3.98,16.05.2024 15:03:31
0,258.19,1377,938,26.79,68.24,0,4.02,16.05.2024 15:03:33
0,254.44,1357,938,26.76,68.23,0,3.69,16.05.2024 15:03:35
0,258.19,1377,938,26.77,68.20,0,4.03,16.05.2024 15:03:37
0,257.63,1374,938,26.74,68.14,0,4.01,16.05.2024 15:03:39
0,259.13,1382,938,26.76,68.11,0,4.14,16.05.2024 15:03:41
0,258.19,1377,938,26.71,68.08,0,4.09,16.05.2024 15:03:43
0,254.44,1357,939,26.76,68.02,0,3.72,16.05.2024 15:03:46
0,259.13,1382,939,26.74,68.01,0,4.17,16.05.2024 15:03:48
0,253.88,1354,939,26.76,67.96,0,3.67,16.05.2024 15:03:50
0,253.50,1352,939,26.76,67.94,0,3.64,16.05.2024 15:03:52
0,257.25,1372,939,26.74,67.90,0,4.01,16.05.2024 15:03:54
0,255.75,1364,939,26.73,67.84,0,3.89,16.05.2024 15:03:58
0,255.75,1364,939,26.73,67.81,0,3.89,16.05.2024 15:04:00
0,255.38,1362,939,26.74,67.77,0,3.85,16.05.2024 15:04:02
0,253.69,1353,939,26.73,67.76,0,3.71,16.05.2024 15:04:05
0,251.63,1342,939,26.74,67.74,0,3.51,16.05.2024 15:04:07
0,254.44,1357,939,26.71,67.70,0,3.80,16.05.2024 15:04:09
0,256.69,1369,940,26.73,67.67,0,4.00,16.05.2024 15:04:11
0,250.50,1336,939,26.73,67.60,0,3.44,16.05.2024 15:04:13
0,250.50,1336,939,26.68,67.59,0,3.47,16.05.2024 15:04:15
0,251.81,1343,939,26.71,67.60,0,3.57,16.05.2024 15:04:17
0,253.88,1354,938,26.70,67.54,0,3.78,16.05.2024 15:04:19
0,250.88,1338,937,26.70,67.49,0,3.51,16.05.2024 15:04:21
0,256.50,1368,937,26.70,67.43,0,4.04,16.05.2024 15:04:24
0,253.13,1350,938,26.68,67.43,0,3.73,16.05.2024 15:04:26
0,247.50,1320,938,26.70,67.37,0,3.23,16.05.2024 15:04:28
0,245.25,1308,938,26.68,67.38,0,3.04,16.05.2024 15:04:30
0,251.81,1343,937,26.67,67.35,0,3.63,16.05.2024 15:04:32
0,249.56,1331,937,26.68,67.33,0,3.42,16.05.2024 15:04:34
0,247.50,1320,937,26.68,67.27,0,3.25,16.05.2024 15:04:36
0,248.25,1324,938,26.67,67.23,0,3.33,16.05.2024 15:04:38
0,249.94,1333,937,26.67,67.23,0,3.48,16.05.2024 15:04:40
0,249.56,1331,937,26.68,67.17,0,3.45,16.05.2024 15:04:43
0,249.75,1332,937,26.66,67.15,0,3.48,16.05.2024 15:04:45
0,250.13,1334,937,26.66,67.13,0,3.52,16.05.2024 15:04:47
0,249.19,1329,937,26.64,67.06,0,3.45,16.05.2024 15:04:49
0,250.88,1338,937,26.66,67.04,0,3.60,16.05.2024 15:04:51
0,253.13,1350,937,26.66,67.02,0,3.81,16.05.2024 15:04:53
0,250.50,1336,937,26.63,66.99,0,3.59,16.05.2024 15:04:55
0,251.63,1342,936,26.63,66.97,0,3.70,16.05.2024 15:04:57
0,255.56,1363,936,26.63,66.95,0,4.08,16.05.2024 15:05:00
0,252.38,1346,936,26.63,66.94,0,3.77,16.05.2024 15:05:02
0,251.81,1343,936,26.62,66.90,0,3.74,16.05.2024 15:05:04
0,252.75,1348,936,26.60,66.86,0,3.84,16.05.2024 15:05:06
0,253.31,1351,936,26.62,66.83,0,3.89,16.05.2024 15:05:08
0,249.38,1330,936,26.59,66.80,0,3.54,16.05.2024 15:05:10
0,255.38,1362,936,26.59,66.81,0,4.11,16.05.2024 15:05:12
0,252.38,1346,936,26.60,66.72,0,3.82,16.05.2024 15:05:14
0,250.31,1335,936,26.60,66.72,0,3.63,16.05.2024 15:05:16
0,254.63,1358,936,26.60,66.70,0,4.04,16.05.2024 15:05:19
0,251.63,1342,936,26.56,66.66,0,3.79,16.05.2024 15:05:21
0,248.06,1323,936,26.59,66.63,0,3.45,16.05.2024 15:05:23
0,250.69,1337,936,26.56,66.59,0,3.71,16.05.2024 15:05:25
0,250.69,1337,936,26.57,66.59,0,3.70,16.05.2024 15:05:27
0,250.50,1336,936,26.60,66.56,0,3.67,16.05.2024 15:05:29
0,249.75,1332,936,26.55,66.51,0,3.65,16.05.2024 15:05:31
0,250.50,1336,936,26.57,66.51,0,3.70,16.05.2024 15:05:33
0,251.81,1343,936,26.53,66.45,0,3.86,16.05.2024 15:05:36
0,250.88,1338,936,26.55,66.44,0,3.76,16.05.2024 15:05:38
0,248.06,1323,936,26.55,66.40,0,3.51,16.05.2024 15:05:40
0,247.13,1318,936,26.53,66.40,0,3.43,16.05.2024 15:05:42
0,248.44,1325,936,26.52,66.40,0,3.56,16.05.2024 15:05:44
0,249.94,1333,936,26.53,66.34,0,3.70,16.05.2024 15:05:46
0,250.88,1338,936,26.50,66.30,0,3.81,16.05.2024 15:05:48
0,248.44,1325,936,26.50,66.28,0,3.58,16.05.2024 15:05:50
0,248.44,1325,936,26.50,66.22,0,3.59,16.05.2024 15:05:52
0,251.06,1339,935,26.50,66.23,0,3.84,16.05.2024 15:05:55
0,248.25,1324,934,26.52,66.24,0,3.56,16.05.2024 15:05:57
0,246.56,1315,935,26.50,66.16,0,3.43,16.05.2024 15:05:59
0,246.56,1315,935,26.49,66.15,0,3.44,16.05.2024 15:06:01
0,251.81,1343,935,26.49,66.13,0,3.94,16.05.2024 15:06:03
0,246.00,1312,935,26.49,66.13,0,3.39,16.05.2024 15:06:05
0,246.19,1313,935,26.46,66.05,0,3.44,16.05.2024 15:06:07
0,245.81,1311,935,26.47,66.04,0,3.40,16.05.2024 15:06:09
0,250.50,1336,935,26.45,66.02,0,3.85,16.05.2024 15:06:11
0,246.38,1314,935,26.47,65.99,0,3.46,16.05.2024 15:06:14
0,246.56,1315,934,26.46,65.97,0,3.48,16.05.2024 15:06:16
0,249.75,1332,934,26.43,65.91,0,3.81,16.05.2024 15:06:18
0,246.94,1317,933,26.43,65.93,0,3.54,16.05.2024 15:06:20
0,249.38,1330,934,26.45,65.86,0,3.77,16.05.2024 15:06:22
0,243.75,1300,933,26.43,65.88,0,3.26,16.05.2024 15:06:24
0,247.50,1320,934,26.43,65.84,0,3.61,16.05.2024 15:06:26
0,246.38,1314,934,26.42,65.81,0,3.52,16.05.2024 15:06:28
0,245.06,1307,934,26.42,65.77,0,3.40,16.05.2024 15:06:31
0,246.38,1314,935,26.40,65.74,0,3.53,16.05.2024 15:06:33
0,244.69,1305,935,26.42,65.77,0,3.37,16.05.2024 15:06:35
0,246.75,1316,934,26.38,65.70,0,3.59,16.05.2024 15:06:37
0,246.75,1316,935,26.42,65.68,0,3.57,16.05.2024 15:06:39
0,240.75,1284,934,26.39,65.67,0,3.05,16.05.2024 15:06:41
0,244.31,1303,934,26.38,65.66,0,3.37,16.05.2024 15:06:43
0,246.75,1316,934,26.36,65.61,0,3.61,16.05.2024 15:06:45
0,244.50,1304,934,26.38,65.56,0,3.41,16.05.2024 15:06:47
0,245.06,1307,934,26.38,65.57,0,3.45,16.05.2024 15:06:50
0,244.13,1302,934,26.38,65.54,0,3.37,16.05.2024 15:06:52
0,244.50,1304,934,26.33,65.51,0,3.44,16.05.2024 15:06:54
0,246.00,1312,934,26.35,65.49,0,3.57,16.05.2024 15:06:56
0,242.25,1292,933,26.33,65.47,0,3.24,16.05.2024 15:06:58
0,239.06,1275,933,26.35,65.43,0,2.96,16.05.2024 15:07:00
0,246.38,1314,934,26.32,65.40,0,3.64,16.05.2024 15:07:02
0,244.50,1304,933,26.31,65.41,0,3.47,16.05.2024 15:07:04
0,244.31,1303,933,26.33,65.39,0,3.44,16.05.2024 15:07:07
0,242.25,1292,933,26.32,65.34,0,3.27,16.05.2024 15:07:09
0,240.56,1283,933,26.29,65.32,0,3.13,16.05.2024 15:07:11
0,240.00,1280,934,26.32,65.32,0,3.07,16.05.2024 15:07:13
0,240.56,1283,934,26.31,65.28,0,3.13,16.05.2024 15:07:15
0,247.88,1322,934,26.31,65.26,0,3.81,16.05.2024 15:07:17
0,245.25,1308,933,26.31,65.25,0,3.56,16.05.2024 15:07:19
0,241.31,1287,933,26.31,65.26,0,3.20,16.05.2024 15:07:21
0,242.06,1291,932,26.28,65.19,0,3.29,16.05.2024 15:07:23
0,242.44,1293,932,26.28,65.21,0,3.33,16.05.2024 15:07:26
0,241.13,1286,932,26.26,65.19,0,3.22,16.05.2024 15:07:28
0,239.81,1279,932,26.25,65.17,0,3.11,16.05.2024 15:07:30
0,240.56,1283,932,26.28,65.13,0,3.17,16.05.2024 15:07:32
0,243.56,1299,932,26.25,65.11,0,3.46,16.05.2024 15:07:34
0,241.13,1286,931,26.25,65.12,0,3.23,16.05.2024 15:07:36
0,240.00,1280,932,26.23,65.07,0,3.15,16.05.2024 15:07:38
0,240.94,1285,931,26.18,65.04,0,3.27,16.05.2024 15:07:40
0,240.00,1280,932,26.23,65.05,0,3.15,16.05.2024 15:07:43
0,239.81,1279,932,26.22,65.01,0,3.15,16.05.2024 15:07:45
0,240.38,1282,932,26.22,64.99,0,3.20,16.05.2024 15:07:47
0,240.00,1280,932,26.19,64.99,0,3.18,16.05.2024 15:07:49
0,240.00,1280,932,26.18,64.97,0,3.19,16.05.2024 15:07:51
0,242.06,1291,932,26.19,64.96,0,3.37,16.05.2024 15:07:53
0,238.69,1273,932,26.16,64.92,0,3.09,16.05.2024 15:07:55
0,241.69,1289,931,26.16,64.90,0,3.36,16.05.2024 15:07:57
0,238.50,1272,932,26.15,64.86,0,3.09,16.05.2024 15:07:59
0,240.38,1282,932,26.15,64.88,0,3.26,16.05.2024 15:08:02
0,237.19,1265,932,26.13,64.85,0,2.98,16.05.2024 15:08:04
0,237.75,1268,932,26.16,64.83,0,3.02,16.05.2024 15:08:06
0,235.69,1257,933,26.13,64.82,0,2.86,16.05.2024 15:08:08
0,237.94,1269,933,26.15,64.81,0,3.05,16.05.2024 15:08:10
0,236.81,1263,932,26.13,64.77,0,2.96,16.05.2024 15:08:14
0,237.56,1267,932,26.13,64.73,0,3.03,16.05.2024 15:08:16
0,239.25,1276,932,26.12,64.75,0,3.19,16.05.2024 15:08:18
0,237.19,1265,932,26.11,64.68,0,3.02,16.05.2024 15:08:21
0,237.19,1265,932,26.09,64.71,0,3.03,16.05.2024 15:08:23
0,239.63,1278,931,26.09,64.71,0,3.24,16.05.2024 15:08:25
0,236.06,1259,930,26.08,64.70,0,2.94,16.05.2024 15:08:27
0,236.44,1261,930,26.06,64.63,0,2.99,16.05.2024 15:08:29
0,235.69,1257,930,26.08,64.63,0,2.91,16.05.2024 15:08:31
0,234.38,1250,930,26.06,64.66,0,2.80,16.05.2024 15:08:33
0,233.81,1247,930,26.06,64.57,0,2.77,16.05.2024 15:08:35
0,233.81,1247,930,26.05,64.59,0,2.77,16.05.2024 15:08:37
0,229.88,1226,930,26.05,64.58,0,2.44,16.05.2024 15:08:40
0,237.00,1264,930,26.03,64.57,0,3.06,16.05.2024 15:08:42
0,237.19,1265,930,26.02,64.57,0,3.08,16.05.2024 15:08:44
0,232.13,1238,930,26.05,64.58,0,2.63,16.05.2024 15:08:46
0,233.63,1246,930,26.03,64.55,0,2.77,16.05.2024 15:08:48
0,233.81,1247,930,26.03,64.52,0,2.79,16.05.2024 15:08:50
0,234.56,1251,930,25.98,64.51,0,2.88,16.05.2024 15:08:52
0,233.25,1244,931,25.99,64.49,0,2.76,16.05.2024 15:08:54
0,233.25,1244,931,25.98,64.51,0,2.77,16.05.2024 15:08:56
0,239.06,1275,930,25.98,64.47,0,3.29,16.05.2024 15:08:59
0,236.06,1259,930,25.96,64.43,0,3.03,16.05.2024 15:09:01
0,234.75,1252,930,25.96,64.42,0,2.92,16.05.2024 15:09:03
0,233.06,1243,930,25.96,64.42,0,2.77,16.05.2024 15:09:05
0,233.44,1245,930,25.94,64.39,0,2.82,16.05.2024 15:09:07
0,236.06,1259,930,25.94,64.38,0,3.05,16.05.2024 15:09:09
0,236.63,1262,930,25.94,64.38,0,3.10,16.05.2024 15:09:11
0,235.88,1258,930,25.96,64.32,0,3.03,16.05.2024 15:09:13
0,235.88,1258,930,25.92,64.34,0,3.05,16.05.2024 15:09:16
0,236.06,1259,931,25.94,64.31,0,3.06,16.05.2024 15:09:18
0,237.19,1265,931,25.92,64.32,0,3.17,16.05.2024 15:09:20
0,236.44,1261,932,25.89,64.30,0,3.12,16.05.2024 15:09:22
0,234.56,1251,931,25.88,64.25,0,2.97,16.05.2024 15:09:24
0,237.56,1267,931,25.88,64.26,0,3.24,16.05.2024 15:09:26
0,236.25,1260,931,25.89,64.27,0,3.11,16.05.2024 15:09:28
0,232.88,1242,932,25.88,64.25,0,2.82,16.05.2024 15:09:30
0,235.31,1255,932,25.89,64.21,0,3.03,16.05.2024 15:09:32
0,236.81,1263,932,25.85,64.26,0,3.18,16.05.2024 15:09:35
0,234.94,1253,932,25.85,64.20,0,3.02,16.05.2024 15:09:37
0,237.56,1267,932,25.84,64.18,0,3.27,16.05.2024 15:09:39
0,234.75,1252,931,25.84,64.18,0,3.02,16.05.2024 15:09:41
0,235.31,1255,932,25.82,64.14,0,3.08,16.05.2024 15:09:43
0,232.31,1239,931,25.82,64.15,0,2.81,16.05.2024 15:09:45
0,234.94,1253,931,25.82,64.14,0,3.05,16.05.2024 15:09:47
0,234.19,1249,932,25.78,64.12,0,3.00,16.05.2024 15:09:49
0,232.31,1239,931,25.80,64.11,0,2.83,16.05.2024 15:09:51
0,232.13,1238,931,25.80,64.11,0,2.81,16.05.2024 15:09:54
0,236.25,1260,931,25.81,64.08,0,3.18,16.05.2024 15:09:56
0,237.00,1264,931,25.81,64.09,0,3.25,16.05.2024 15:09:58
0,234.00,1248,931,25.77,64.10,0,3.00,16.05.2024 15:10:00
0,233.63,1246,931,25.75,64.04,0,2.98,16.05.2024 15:10:02
0,233.44,1245,930,25.74,64.07,0,2.96,16.05.2024 15:10:04
0,233.81,1247,931,25.74,64.05,0,3.00,16.05.2024 15:10:06
0,235.13,1254,931,25.75,64.06,0,3.11,16.05.2024 15:10:08
0,233.44,1245,931,25.72,64.06,0,2.97,16.05.2024 15:10:11
0,232.50,1240,931,25.74,64.03,0,2.89,16.05.2024 15:10:13
0,232.88,1242,931,25.72,64.02,0,2.93,16.05.2024 15:10:15
0,234.00,1248,930,25.72,63.99,0,3.03,16.05.2024 15:10:17
0,232.88,1242,930,25.71,64.00,0,2.94,16.05.2024 15:10:19
0,232.31,1239,930,25.72,63.99,0,2.88,16.05.2024 15:10:21
0,232.69,1241,931,25.70,63.97,0,2.93,16.05.2024 15:10:23
0,231.56,1235,931,25.70,63.96,0,2.84,16.05.2024 15:10:25
0,238.31,1271,932,25.70,63.96,0,3.45,16.05.2024 15:10:27
0,236.25,1260,931,25.65,63.94,0,3.28,16.05.2024 15:10:30
0,230.63,1230,932,25.67,63.93,0,2.77,16.05.2024 15:10:32
0,235.69,1257,931,25.64,63.96,0,3.23,16.05.2024 15:10:34
0,234.75,1252,931,25.65,63.91,0,3.15,16.05.2024 15:10:36
0,233.25,1244,932,25.62,63.93,0,3.02,16.05.2024 15:10:38
0,233.25,1244,932,25.65,63.91,0,3.01,16.05.2024 15:10:40
0,231.38,1234,932,25.62,63.88,0,2.87,16.05.2024 15:10:42
0,231.38,1234,932,25.64,63.88,0,2.86,16.05.2024 15:10:44
0,231.56,1235,931,25.61,63.87,0,2.89,16.05.2024 15:10:47
0,233.63,1246,932,25.61,63.87,0,3.07,16.05.2024 15:10:49
0,232.50,1240,932,25.60,63.87,0,2.98,16.05.2024 15:10:51
0,233.81,1247,932,25.60,63.88,0,3.10,16.05.2024 15:10:53
0,230.63,1230,931,25.60,63.84,0,2.82,16.05.2024 15:10:55
0,230.44,1229,932,25.60,63.82,0,2.80,16.05.2024 15:10:57
0,229.31,1223,933,25.60,63.82,0,2.71,16.05.2024 15:10:59
0,228.56,1219,933,25.58,63.84,0,2.65,16.05.2024 15:11:01
0,229.31,1223,934,25.58,63.82,0,2.71,16.05.2024 15:11:03
0,232.50,1240,934,25.57,63.80,0,3.00,16.05.2024 15:11:06
0,234.00,1248,934,25.56,63.77,0,3.15,16.05.2024 15:11:08
0,229.13,1222,934,25.54,63.81,0,2.72,16.05.2024 15:11:10
0,228.94,1221,934,25.52,63.76,0,2.72,16.05.2024 15:11:12
0,230.06,1227,933,25.54,63.80,0,2.80,16.05.2024 15:11:14
0,229.88,1226,934,25.51,63.75,0,2.81,16.05.2024 15:11:16
0,231.56,1235,934,25.51,63.79,0,2.95,16.05.2024 15:11:18
0,228.38,1218,934,25.51,63.76,0,2.68,16.05.2024 15:11:20
0,228.56,1219,933,25.50,63.76,0,2.70,16.05.2024 15:11:23
0,229.69,1225,934,25.48,63.75,0,2.80,16.05.2024 15:11:25
0,233.44,1245,934,25.48,63.75,0,3.14,16.05.2024 15:11:27
0,228.00,1216,933,25.48,63.77,0,2.66,16.05.2024 15:11:29
0,229.31,1223,933,25.47,63.74,0,2.78,16.05.2024 15:11:31
0,230.81,1231,933,25.47,63.70,0,2.92,16.05.2024 15:11:33
0,226.88,1210,933,25.44,63.69,0,2.59,16.05.2024 15:11:35
0,230.25,1228,934,25.44,63.73,0,2.88,16.05.2024 15:11:37
0,228.94,1221,934,25.44,63.75,0,2.76,16.05.2024 15:11:39
0,229.88,1226,934,25.42,63.69,0,2.86,16.05.2024 15:11:42
0,231.00,1232,934,25.41,63.72,0,2.96,16.05.2024 15:11:44
0,228.38,1218,934,25.40,63.75,0,2.73,16.05.2024 15:11:46
0,228.19,1217,934,25.42,63.71,0,2.71,16.05.2024 15:11:48
0,229.31,1223,934,25.40,63.68,0,2.82,16.05.2024 15:11:50
0,225.00,1200,934,25.40,63.68,0,2.45,16.05.2024 15:11:52
0,226.31,1207,934,25.40,63.69,0,2.56,16.05.2024 15:11:54
0,229.13,1222,934,25.38,63.71,0,2.81,16.05.2024 15:11:58
0,228.75,1220,934,25.36,63.70,0,2.79,16.05.2024 15:12:01
0,227.63,1214,934,25.37,63.70,0,2.69,16.05.2024 15:12:03
0,226.13,1206,934,25.37,63.69,0,2.56,16.05.2024 15:12:05
0,229.88,1226,935,25.37,63.67,0,2.89,16.05.2024 15:12:07
0,229.50,1224,934,25.36,63.65,0,2.87,16.05.2024 15:12:09
0,226.50,1208,935,25.34,63.69,0,2.61,16.05.2024 15:12:11
0,224.63,1198,935,25.33,63.66,0,2.46,16.05.2024 15:12:13
0,229.31,1223,935,25.33,63.66,0,2.86,16.05.2024 15:12:15
0,226.69,1209,935,25.31,63.63,0,2.64,16.05.2024 15:12:17
0,226.88,1210,935,25.31,63.66,0,2.65,16.05.2024 15:12:20
0,222.94,1189,935,25.30,63.64,0,2.33,16.05.2024 15:12:22
0,226.31,1207,935,25.30,63.64,0,2.62,16.05.2024 15:12:24
0,224.63,1198,935,25.29,63.64,0,2.48,16.05.2024 15:12:26
0,224.25,1196,935,25.27,63.63,0,2.45,16.05.2024 15:12:28
0,225.94,1205,935,25.30,63.66,0,2.58,16.05.2024 15:12:30
0,225.00,1200,936,25.24,63.62,0,2.53,16.05.2024 15:12:32
0,224.81,1199,936,25.29,63.63,0,2.49,16.05.2024 15:12:34
0,222.56,1187,937,25.24,63.64,0,2.33,16.05.2024 15:12:36
0,226.31,1207,936,25.26,63.65,0,2.63,16.05.2024 15:12:39
0,224.81,1199,937,25.21,63.60,0,2.53,16.05.2024 15:12:41
0,219.38,1170,937,25.24,63.66,0,2.06,16.05.2024 15:12:43
0,228.00,1216,937,25.21,63.63,0,2.80,16.05.2024 15:12:45
0,225.56,1203,937,25.23,63.64,0,2.58,16.05.2024 15:12:47
0,226.31,1207,937,25.20,63.58,0,2.67,16.05.2024 15:12:49
0,227.81,1215,937,25.19,63.59,0,2.80,16.05.2024 15:12:51
0,230.06,1227,937,25.17,63.58,0,3.02,16.05.2024 15:12:53
0,229.13,1222,936,25.17,63.57,0,2.93,16.05.2024 15:12:56
0,225.00,1200,936,25.17,63.58,0,2.57,16.05.2024 15:12:58
0,228.56,1219,936,25.16,63.56,0,2.89,16.05.2024 15:13:00
0,231.19,1233,936,25.14,63.56,0,3.14,16.05.2024 15:13:02
0,223.69,1193,937,25.16,63.55,0,2.47,16.05.2024 15:13:04
0,228.38,1218,937,25.13,63.56,0,2.89,16.05.2024 15:13:06
0,227.44,1213,938,25.14,63.55,0,2.80,16.05.2024 15:13:08
0,227.06,1211,937,25.13,63.54,0,2.77,16.05.2024 15:13:10
0,228.19,1217,938,25.11,63.55,0,2.88,16.05.2024 15:13:12
0,227.44,1213,937,25.10,63.51,0,2.82,16.05.2024 15:13:15
0,224.63,1198,937,25.10,63.55,0,2.57,16.05.2024 15:13:17
0,225.19,1201,937,25.09,63.51,0,2.63,16.05.2024 15:13:19
0,229.50,1224,937,25.09,63.51,0,3.02,16.05.2024 15:13:21
0,225.94,1205,938,25.09,63.53,0,2.70,16.05.2024 15:13:23
0,227.63,1214,938,25.06,63.54,0,2.86,16.05.2024 15:13:25
0,225.75,1204,937,25.07,63.51,0,2.69,16.05.2024 15:13:27
0,226.69,1209,937,25.05,63.50,0,2.79,16.05.2024 15:13:29
0,226.88,1210,938,25.02,63.46,0,2.82,16.05.2024 15:13:32
0,225.38,1202,939,25.06,63.46,0,2.67,16.05.2024 15:13:34
0,224.44,1197,937,25.02,63.49,0,2.60,16.05.2024 15:13:36
0,225.38,1202,939,25.02,63.46,0,2.69,16.05.2024 15:13:38
0,224.44,1197,940,25.03,63.45,0,2.60,16.05.2024 15:13:40
0,223.88,1194,939,24.99,63.44,0,2.58,16.05.2024 15:13:42
0,225.75,1204,938,25.00,63.44,0,2.73,16.05.2024 15:13:44
0,223.88,1194,938,24.99,63.47,0,2.57,16.05.2024 15:13:46
0,225.94,1205,939,25.00,63.43,0,2.75,16.05.2024 15:13:48
0,227.63,1214,940,24.99,63.44,0,2.90,16.05.2024 15:13:51
0,222.00,1184,940,24.98,63.45,0,2.42,16.05.2024 15:13:53
0,225.19,1201,942,24.98,63.42,0,2.70,16.05.2024 15:13:55
0,227.25,1212,943,24.96,63.42,0,2.89,16.05.2024 15:13:57
0,228.38,1218,945,24.95,63.41,0,3.00,16.05.2024 15:13:59
0,225.00,1200,945,24.95,63.43,0,2.69,16.05.2024 15:14:01
0,227.06,1211,946,24.95,63.43,0,2.88,16.05.2024 15:14:03
0,229.13,1222,947,24.91,63.41,0,3.08,16.05.2024 15:14:05
0,223.31,1191,947,24.90,63.43,0,2.57,16.05.2024 15:14:08
0,222.56,1187,948,24.91,63.38,0,2.50,16.05.2024 15:14:10
0,225.94,1205,948,24.90,63.39,0,2.80,16.05.2024 15:14:12
0,224.25,1196,947,24.90,63.43,0,2.65,16.05.2024 15:14:14
0,223.88,1194,947,24.90,63.38,0,2.62,16.05.2024 15:14:16
0,226.13,1206,947,24.90,63.37,0,2.82,16.05.2024 15:14:18
0,226.88,1210,946,24.87,63.37,0,2.90,16.05.2024 15:14:20
0,222.56,1187,947,24.86,63.37,0,2.53,16.05.2024 15:14:22
0,226.50,1208,947,24.89,63.34,0,2.87,16.05.2024 15:14:24
0,224.06,1195,947,24.89,63.36,0,2.65,16.05.2024 15:14:27
0,223.50,1192,947,24.85,63.36,0,2.62,16.05.2024 15:14:29
0,222.94,1189,948,24.85,63.37,0,2.57,16.05.2024 15:14:31
0,227.06,1211,949,24.85,63.33,0,2.94,16.05.2024 15:14:33
0,219.00,1168,949,24.86,63.34,0,2.23,16.05.2024 15:14:35
0,222.38,1186,949,24.83,63.31,0,2.53,16.05.2024 15:14:37
0,223.50,1192,950,24.80,63.32,0,2.64,16.05.2024 15:14:39
0,219.75,1172,950,24.82,63.31,0,2.32,16.05.2024 15:14:41
0,220.50,1176,951,24.80,63.31,0,2.39,16.05.2024 15:14:44
0,222.94,1189,952,24.80,63.33,0,2.59,16.05.2024 15:14:46
0,223.31,1191,952,24.78,63.30,0,2.64,16.05.2024 15:14:48
0,223.31,1191,953,24.80,63.29,0,2.63,16.05.2024 15:14:50
0,220.50,1176,952,24.78,63.30,0,2.40,16.05.2024 15:14:52
0,223.50,1192,952,24.78,63.28,0,2.66,16.05.2024 15:14:54
0,223.69,1193,952,24.78,63.28,0,2.68,16.05.2024 15:14:56
0,220.69,1177,952,24.78,63.31,0,2.42,16.05.2024 15:14:58
0,220.50,1176,952,24.75,63.29,0,2.42,16.05.2024 15:15:00
0,223.69,1193,952,24.75,63.26,0,2.69,16.05.2024 15:15:03
0,225.19,1201,953,24.75,63.27,0,2.83,16.05.2024 15:15:05
0,223.31,1191,952,24.72,63.23,0,2.68,16.05.2024 15:15:07
0,223.31,1191,953,24.73,63.26,0,2.67,16.05.2024 15:15:09
0,221.81,1183,953,24.70,63.25,0,2.55,16.05.2024 15:15:11
0,225.00,1200,954,24.70,63.21,0,2.84,16.05.2024 15:15:13
0,222.38,1186,954,24.70,63.23,0,2.60,16.05.2024 15:15:15
0,221.81,1183,954,24.70,63.22,0,2.56,16.05.2024 15:15:17
0,220.88,1178,955,24.69,63.22,0,2.48,16.05.2024 15:15:20
0,221.06,1179,954,24.68,63.22,0,2.50,16.05.2024 15:15:22
0,221.44,1181,954,24.68,63.24,0,2.53,16.05.2024 15:15:24
0,220.88,1178,954,24.66,63.21,0,2.49,16.05.2024 15:15:26
0,218.06,1163,955,24.66,63.22,0,2.26,16.05.2024 15:15:28
0,220.88,1178,954,24.68,63.22,0,2.49,16.05.2024 15:15:30
0,220.50,1176,954,24.66,63.21,0,2.46,16.05.2024 15:15:32
0,222.94,1189,954,24.63,63.20,0,2.69,16.05.2024 15:15:34
0,222.94,1189,953,24.62,63.20,0,2.69,16.05.2024 15:15:37
0,218.81,1167,953,24.63,63.23,0,2.33,16.05.2024 15:15:39
0,221.81,1183,953,24.63,63.17,0,2.59,16.05.2024 15:15:41
0,218.63,1166,953,24.62,63.22,0,2.32,16.05.2024 15:15:43
0,221.06,1179,954,24.60,63.18,0,2.54,16.05.2024 15:15:45
0,220.31,1175,953,24.59,63.18,0,2.48,16.05.2024 15:15:47
0,220.88,1178,953,24.59,63.18,0,2.53,16.05.2024 15:15:49
0,221.06,1179,954,24.56,63.15,0,2.56,16.05.2024 15:15:51
0,219.19,1169,953,24.58,63.17,0,2.39,16.05.2024 15:15:53
0,219.00,1168,953,24.55,63.12,0,2.40,16.05.2024 15:15:56
0,216.94,1157,953,24.56,63.17,0,2.21,16.05.2024 15:15:58
0,220.31,1175,953,24.56,63.15,0,2.50,16.05.2024 15:16:00
0,220.69,1177,953,24.56,63.17,0,2.53,16.05.2024 15:16:04
0,219.00,1168,954,24.52,63.14,0,2.41,16.05.2024 15:16:06
0,221.81,1183,954,24.54,63.14,0,2.64,16.05.2024 15:16:08
0,221.44,1181,955,24.52,63.15,0,2.61,16.05.2024 15:16:10
0,218.63,1166,954,24.52,63.15,0,2.37,16.05.2024 15:16:12
0,220.50,1176,954,24.51,63.09,0,2.55,16.05.2024 15:16:15
0,219.19,1169,955,24.52,63.13,0,2.42,16.05.2024 15:16:17
0,217.88,1162,955,24.49,63.13,0,2.32,16.05.2024 15:16:19
0,218.81,1167,955,24.49,63.10,0,2.41,16.05.2024 15:16:21
0,217.13,1158,955,24.48,63.12,0,2.27,16.05.2024 15:16:23
0,216.19,1153,955,24.46,63.10,0,2.20,16.05.2024 15:16:25
0,217.31,1159,956,24.46,63.08,0,2.30,16.05.2024 15:16:27
0,215.63,1150,957,24.45,63.05,0,2.16,16.05.2024 15:16:29
0,218.81,1167,957,24.46,63.11,0,2.42,16.05.2024 15:16:31
0,217.31,1159,957,24.45,63.11,0,2.30,16.05.2024 15:16:34
0,214.88,1146,957,24.45,63.10,0,2.10,16.05.2024 15:16:36
0,216.75,1156,956,24.45,63.08,0,2.25,16.05.2024 15:16:38
0,215.44,1149,955,24.44,63.08,0,2.15,16.05.2024 15:16:40
0,214.50,1144,955,24.42,63.07,0,2.08,16.05.2024 15:16:42
0,220.50,1176,955,24.42,63.07,0,2.59,16.05.2024 15:16:44
0,218.44,1165,955,24.41,63.05,0,2.42,16.05.2024 15:16:46
0,217.50,1160,955,24.41,63.06,0,2.34,16.05.2024 15:16:48
0,218.25,1164,956,24.38,63.06,0,2.41,16.05.2024 15:16:51
0,218.44,1165,956,24.41,63.05,0,2.42,16.05.2024 15:16:53
0,217.69,1161,955,24.38,63.08,0,2.36,16.05.2024 15:16:55
0,220.13,1174,956,24.39,63.04,0,2.57,16.05.2024 15:16:57
0,218.25,1164,956,24.38,63.06,0,2.41,16.05.2024 15:16:59
0,218.63,1166,956,24.37,63.05,0,2.45,16.05.2024 15:17:01
0,217.13,1158,956,24.37,63.07,0,2.32,16.05.2024 15:17:03
0,217.31,1159,956,24.35,63.06,0,2.35,16.05.2024 15:17:05
0,218.06,1163,955,24.32,63.01,0,2.43,16.05.2024 15:17:07
0,219.56,1171,955,24.32,63.01,0,2.56,16.05.2024 15:17:10
0,216.94,1157,955,24.34,63.01,0,2.32,16.05.2024 15:17:12
0,215.44,1149,955,24.31,63.03,0,2.21,16.05.2024 15:17:14
0,217.50,1160,954,24.31,63.01,0,2.39,16.05.2024 15:17:16
0,219.38,1170,954,24.32,63.02,0,2.54,16.05.2024 15:17:18
0,218.63,1166,955,24.28,63.00,0,2.50,16.05.2024 15:17:20
0,219.75,1172,955,24.28,62.98,0,2.60,16.05.2024 15:17:22
0,216.19,1153,955,24.27,63.02,0,2.29,16.05.2024 15:17:24
0,219.94,1173,955,24.25,63.01,0,2.62,16.05.2024 15:17:27
0,221.81,1183,955,24.25,62.99,0,2.79,16.05.2024 15:17:29
0,214.50,1144,954,24.25,63.01,0,2.16,16.05.2024 15:17:31
0,219.00,1168,954,24.25,63.01,0,2.54,16.05.2024 15:17:33
0,218.06,1163,954,24.24,63.00,0,2.47,16.05.2024 15:17:35
0,217.69,1161,953,24.22,62.99,0,2.44,16.05.2024 15:17:37
0,220.13,1174,953,24.22,62.99,0,2.65,16.05.2024 15:17:39
0,217.88,1162,952,24.22,63.01,0,2.45,16.05.2024 15:17:41
0,217.50,1160,952,24.22,63.01,0,2.42,16.05.2024 15:17:43
0,214.88,1146,953,24.21,62.98,0,2.21,16.05.2024 15:17:46
0,217.88,1162,953,24.21,62.99,0,2.46,16.05.2024 15:17:48
0,212.81,1135,953,24.19,62.98,0,2.05,16.05.2024 15:17:50
0,215.81,1151,953,24.19,63.00,0,2.29,16.05.2024 15:17:52
0,218.06,1163,954,24.18,62.97,0,2.49,16.05.2024 15:17:54
0,215.44,1149,954,24.18,62.99,0,2.27,16.05.2024 15:17:56
0,217.69,1161,954,24.17,62.99,0,2.47,16.05.2024 15:17:58
0,215.44,1149,953,24.17,62.99,0,2.27,16.05.2024 15:18:00
0,216.56,1155,953,24.15,63.01,0,2.37,16.05.2024 15:18:03
0,216.56,1155,952,24.14,63.00,0,2.38,16.05.2024 15:18:05
0,218.06,1163,953,24.14,62.93,0,2.52,16.05.2024 15:18:07
0,217.31,1159,952,24.14,62.96,0,2.45,16.05.2024 15:18:09
0,215.81,1151,953,24.12,62.93,0,2.33,16.05.2024 15:18:11
0,211.50,1128,953,24.12,62.95,0,1.97,16.05.2024 15:18:13
0,214.69,1145,953,24.09,62.93,0,2.25,16.05.2024 15:18:15
0,216.56,1155,953,24.11,63.01,0,2.39,16.05.2024 15:18:17
0,214.31,1143,952,24.12,62.96,0,2.20,16.05.2024 15:18:19
0,214.13,1142,952,24.11,62.96,0,2.19,16.05.2024 15:18:22
0,216.00,1152,952,24.08,62.99,0,2.36,16.05.2024 15:18:24
0,213.75,1140,952,24.09,62.98,0,2.16,16.05.2024 15:18:26
0,216.38,1154,952,24.05,62.93,0,2.41,16.05.2024 15:18:28
0,214.13,1142,952,24.08,62.98,0,2.20,16.05.2024 15:18:30
0,216.38,1154,952,24.07,62.95,0,2.40,16.05.2024 15:18:32
0,215.44,1149,953,24.05,62.95,0,2.33,16.05.2024 15:18:34
0,215.06,1147,953,24.05,62.94,0,2.30,16.05.2024 15:18:36
0,214.31,1143,953,24.03,62.91,0,2.25,16.05.2024 15:18:39
0,216.00,1152,953,24.03,62.94,0,2.39,16.05.2024 15:18:41
0,214.31,1143,953,24.04,62.94,0,2.24,16.05.2024 15:18:43
0,213.56,1139,953,24.04,62.95,0,2.17,16.05.2024 15:18:45
0,213.00,1136,953,24.00,62.96,0,2.14,16.05.2024 15:18:47
0,214.31,1143,953,24.01,62.95,0,2.25,16.05.2024 15:18:49
0,214.50,1144,953,24.01,62.95,0,2.26,16.05.2024 15:18:51
0,213.19,1137,952,24.00,62.92,0,2.16,16.05.2024 15:18:53
0,213.94,1141,952,24.00,62.97,0,2.22,16.05.2024 15:18:55
0,215.44,1149,952,24.00,62.96,0,2.35,16.05.2024 15:18:58
0,211.13,1126,952,23.98,62.97,0,1.99,16.05.2024 15:19:00
0,212.81,1135,952,23.95,62.93,0,2.15,16.05.2024 15:19:02
0,214.50,1144,952,23.97,62.96,0,2.28,16.05.2024 15:19:04
0,212.44,1133,953,23.97,62.95,0,2.11,16.05.2024 15:19:06
0,213.19,1137,953,23.95,62.95,0,2.18,16.05.2024 15:19:08
0,211.50,1128,953,23.95,62.92,0,2.04,16.05.2024 15:19:10
0,212.81,1135,953,23.94,62.92,0,2.16,16.05.2024 15:19:12
0,213.38,1138,953,23.93,62.95,0,2.21,16.05.2024 15:19:15
0,213.38,1138,953,23.93,62.94,0,2.21,16.05.2024 15:19:17
0,211.13,1126,952,23.91,62.96,0,2.02,16.05.2024 15:19:19
0,213.38,1138,952,23.90,62.94,0,2.22,16.05.2024 15:19:21
0,212.81,1135,952,23.91,62.94,0,2.16,16.05.2024 15:19:23
0,213.38,1138,953,23.88,62.92,0,2.23,16.05.2024 15:19:25
0,208.50,1112,953,23.91,62.96,0,1.81,16.05.2024 15:19:27
0,211.31,1127,953,23.90,62.93,0,2.05,16.05.2024 15:19:29
0,213.19,1137,954,23.88,62.94,0,2.21,16.05.2024 15:19:31
0,210.00,1120,954,23.88,62.95,0,1.94,16.05.2024 15:19:34
0,211.31,1127,955,23.88,62.91,0,2.06,16.05.2024 15:19:36
0,209.44,1117,955,23.84,62.95,0,1.92,16.05.2024 15:19:38
0,211.31,1127,954,23.87,62.97,0,2.05,16.05.2024 15:19:40
0,213.38,1138,953,23.85,62.95,0,2.24,16.05.2024 15:19:42
0,212.06,1131,954,23.84,62.95,0,2.13,16.05.2024 15:19:44
0,211.31,1127,954,23.83,62.96,0,2.07,16.05.2024 15:19:48
0,210.75,1124,954,23.84,62.93,0,2.02,16.05.2024 15:19:50
0,210.94,1125,954,23.83,62.95,0,2.04,16.05.2024 15:19:53
0,213.75,1140,954,23.81,62.93,0,2.29,16.05.2024 15:19:55
0,210.00,1120,954,23.80,62.96,0,1.98,16.05.2024 15:19:57
0,213.19,1137,953,23.81,62.93,0,2.24,16.05.2024 15:19:59
0,211.69,1129,953,23.80,62.97,0,2.11,16.05.2024 15:20:01
0,207.00,1104,954,23.80,62.95,0,1.74,16.05.2024 15:20:03
0,208.88,1114,953,23.77,62.97,0,1.90,16.05.2024 15:20:05
0,210.94,1125,954,23.79,62.98,0,2.06,16.05.2024 15:20:07
0,211.13,1126,954,23.76,62.95,0,2.09,16.05.2024 15:20:09
0,210.00,1120,954,23.76,62.98,0,1.99,16.05.2024 15:20:12
0,209.06,1115,955,23.76,62.95,0,1.92,16.05.2024 15:20:14
0,212.25,1132,955,23.77,62.93,0,2.18,16.05.2024 15:20:16
0,207.19,1105,955,23.74,62.99,0,1.77,16.05.2024 15:20:18
0,207.56,1107,956,23.73,62.97,0,1.81,16.05.2024 15:20:20
0,204.94,1093,956,23.73,62.99,0,1.60,16.05.2024 15:20:22
0,209.44,1117,955,23.74,62.99,0,1.95,16.05.2024 15:20:24
0,208.69,1113,956,23.73,62.99,0,1.89,16.05.2024 15:20:26
0,207.38,1106,956,23.70,62.98,0,1.80,16.05.2024 15:20:29
0,208.50,1112,956,23.72,63.01,0,1.88,16.05.2024 15:20:31
0,210.56,1123,956,23.70,62.98,0,2.06,16.05.2024 15:20:33
0,208.88,1114,957,23.67,63.01,0,1.93,16.05.2024 15:20:35
0,210.56,1123,957,23.68,63.00,0,2.06,16.05.2024 15:20:37
0,206.81,1103,957,23.66,62.97,0,1.77,16.05.2024 15:20:39
0,210.38,1122,958,23.68,62.98,0,2.05,16.05.2024 15:20:41
0,207.38,1106,958,23.64,63.02,0,1.82,16.05.2024 15:20:43
0,208.88,1114,958,23.66,63.04,0,1.93,16.05.2024 15:20:45
0,208.31,1111,958,23.64,63.01,0,1.90,16.05.2024 15:20:48
0,209.25,1116,958,23.66,63.04,0,1.96,16.05.2024 15:20:50
0,214.31,1143,958,23.63,63.04,0,2.40,16.05.2024 15:20:52
0,211.69,1129,959,23.64,63.05,0,2.17,16.05.2024 15:20:54
0,211.69,1129,959,23.61,63.03,0,2.18,16.05.2024 15:20:56
0,212.25,1132,959,23.60,63.03,0,2.24,16.05.2024 15:20:58
0,209.06,1115,958,23.58,63.01,0,1.98,16.05.2024 15:21:00
0,214.69,1145,959,23.63,63.04,0,2.43,16.05.2024 15:21:02
0,214.31,1143,959,23.58,63.04,0,2.42,16.05.2024 15:21:05
0,212.44,1133,960,23.58,63.06,0,2.26,16.05.2024 15:21:07
0,208.69,1113,959,23.60,63.07,0,1.94,16.05.2024 15:21:09
0,210.56,1123,960,23.60,63.05,0,2.09,16.05.2024 15:21:11
0,210.94,1125,959,23.57,63.05,0,2.14,16.05.2024 15:21:13
0,210.56,1123,960,23.56,63.03,0,2.11,16.05.2024 15:21:15
0,212.25,1132,960,23.56,63.06,0,2.25,16.05.2024 15:21:17
0,213.38,1138,961,23.54,63.05,0,2.36,16.05.2024 15:21:19
0,212.25,1132,962,23.54,63.05,0,2.26,16.05.2024 15:21:22
0,210.19,1121,962,23.54,63.04,0,2.09,16.05.2024 15:21:24
0,211.13,1126,961,23.54,63.05,0,2.16,16.05.2024 15:21:26
0,208.50,1112,961,23.52,63.04,0,1.96,16.05.2024 15:21:28
0,213.00,1136,962,23.53,63.07,0,2.33,16.05.2024 15:21:30
0,210.75,1124,961,23.53,63.09,0,2.13,16.05.2024 15:21:32
0,212.81,1135,961,23.53,63.06,0,2.31,16.05.2024 15:21:34
0,210.75,1124,961,23.52,63.05,0,2.14,16.05.2024 15:21:36
0,210.38,1122,962,23.50,63.08,0,2.11,16.05.2024 15:21:38
0,212.06,1131,961,23.50,63.08,0,2.26,16.05.2024 15:21:41
0,210.38,1122,962,23.49,63.08,0,2.12,16.05.2024 15:21:43
0,209.81,1119,962,23.49,63.11,0,2.07,16.05.2024 15:21:45
0,209.06,1115,963,23.46,63.07,0,2.02,16.05.2024 15:21:47
0,209.44,1117,962,23.47,63.08,0,2.05,16.05.2024 15:21:49
0,210.00,1120,962,23.44,63.11,0,2.10,16.05.2024 15:21:51
0,210.94,1125,962,23.44,63.07,0,2.19,16.05.2024 15:21:53
0,207.19,1105,961,23.44,63.09,0,1.87,16.05.2024 15:21:55
0,206.44,1101,961,23.43,63.09,0,1.82,16.05.2024 15:21:58
0,210.00,1120,961,23.43,63.08,0,2.11,16.05.2024 15:22:00
0,211.50,1128,962,23.44,63.08,0,2.23,16.05.2024 15:22:02
0,209.25,1116,961,23.43,63.08,0,2.05,16.05.2024 15:22:04
0,210.38,1122,960,23.42,63.09,0,2.15,16.05.2024 15:22:06
0,209.81,1119,960,23.43,63.12,0,2.09,16.05.2024 15:22:08
0,211.69,1129,960,23.42,63.07,0,2.26,16.05.2024 15:22:10
0,209.81,1119,960,23.37,63.11,0,2.11,16.05.2024 15:22:12
0,204.75,1092,960,23.40,63.15,0,1.69,16.05.2024 15:22:15
0,214.50,1144,961,23.39,63.11,0,2.51,16.05.2024 15:22:17
0,209.25,1116,961,23.39,63.11,0,2.06,16.05.2024 15:22:19
0,209.63,1118,961,23.39,63.11,0,2.09,16.05.2024 15:22:21
0,208.88,1114,961,23.36,63.11,0,2.04,16.05.2024 15:22:23
0,212.06,1131,960,23.36,63.12,0,2.31,16.05.2024 15:22:25
0,209.25,1116,960,23.36,63.13,0,2.07,16.05.2024 15:22:27
0,207.94,1109,960,23.36,63.13,0,1.96,16.05.2024 15:22:29
0,207.19,1105,961,23.36,63.14,0,1.90,16.05.2024 15:22:31
0,212.25,1132,961,23.34,63.12,0,2.33,16.05.2024 15:22:34
0,208.31,1111,961,23.34,63.13,0,2.00,16.05.2024 15:22:36
0,210.19,1121,962,23.36,63.14,0,2.15,16.05.2024 15:22:38
0,208.13,1110,962,23.33,63.12,0,1.99,16.05.2024 15:22:40
0,207.00,1104,963,23.32,63.13,0,1.90,16.05.2024 15:22:42
0,210.00,1120,964,23.30,63.16,0,2.15,16.05.2024 15:22:44
0,206.25,1100,963,23.30,63.16,0,1.84,16.05.2024 15:22:46
0,207.75,1108,964,23.30,63.14,0,1.97,16.05.2024 15:22:48
0,205.88,1098,965,23.29,63.15,0,1.82,16.05.2024 15:22:51
0,208.50,1112,965,23.30,63.16,0,2.03,16.05.2024 15:22:53
0,207.38,1106,965,23.29,63.13,0,1.94,16.05.2024 15:22:55
0,208.13,1110,964,23.27,63.16,0,2.01,16.05.2024 15:22:57
0,206.81,1103,965,23.25,63.15,0,1.91,16.05.2024 15:22:59
0,207.75,1108,965,23.27,63.19,0,1.97,16.05.2024 15:23:01
0,212.44,1133,965,23.27,63.18,0,2.37,16.05.2024 15:23:03
0,208.31,1111,965,23.25,63.17,0,2.03,16.05.2024 15:23:05
0,212.25,1132,965,23.26,63.19,0,2.36,16.05.2024 15:23:08
0,208.31,1111,965,23.23,63.20,0,2.04,16.05.2024 15:23:10
0,208.88,1114,965,23.23,63.18,0,2.08,16.05.2024 15:23:12
0,208.88,1114,965,23.23,63.19,0,2.08,16.05.2024 15:23:14
0,207.38,1106,965,23.25,63.21,0,1.95,16.05.2024 15:23:16
0,207.38,1106,965,23.23,63.20,0,1.96,16.05.2024 15:23:18
0,204.19,1089,965,23.22,63.18,0,1.71,16.05.2024 15:23:20
0,208.88,1114,965,23.23,63.19,0,2.08,16.05.2024 15:23:22
0,210.00,1120,965,23.23,63.18,0,2.18,16.05.2024 15:23:24
0,207.56,1107,965,23.18,63.21,0,1.99,16.05.2024 15:23:27
0,207.56,1107,965,23.19,63.25,0,1.99,16.05.2024 15:23:29
0,209.25,1116,965,23.19,63.22,0,2.13,16.05.2024 15:23:31
0,210.19,1121,965,23.21,63.25,0,2.20,16.05.2024 15:23:33
0,207.75,1108,966,23.16,63.22,0,2.01,16.05.2024 15:23:35
0,205.88,1098,966,23.18,63.21,0,1.86,16.05.2024 15:23:37
0,206.06,1099,964,23.16,63.21,0,1.88,16.05.2024 15:23:39
0,211.50,1128,964,23.15,63.19,0,2.34,16.05.2024 15:23:41
0,205.69,1097,965,23.16,63.24,0,1.84,16.05.2024 15:23:44
0,208.50,1112,966,23.16,63.24,0,2.07,16.05.2024 15:23:46
0,206.63,1102,966,23.13,63.24,0,1.93,16.05.2024 15:23:48
0,205.88,1098,966,23.12,63.20,0,1.88,16.05.2024 15:23:50
0,207.19,1105,965,23.13,63.25,0,1.98,16.05.2024 15:23:52
0,208.69,1113,965,23.11,63.24,0,2.11,16.05.2024 15:23:54
0,207.94,1109,966,23.13,63.26,0,2.04,16.05.2024 15:23:56
0,211.13,1126,966,23.09,63.26,0,2.33,16.05.2024 15:23:58
0,206.81,1103,966,23.12,63.24,0,1.95,16.05.2024 15:24:01
0,211.31,1127,967,23.12,63.25,0,2.33,16.05.2024 15:24:03
0,209.81,1119,967,23.09,63.29,0,2.21,16.05.2024 15:24:05
0,204.75,1092,966,23.07,63.26,0,1.80,16.05.2024 15:24:07
0,202.13,1078,966,23.11,63.27,0,1.58,16.05.2024 15:24:09
0,203.44,1085,966,23.11,63.27,0,1.68,16.05.2024 15:24:11
0,208.31,1111,966,23.07,63.28,0,2.09,16.05.2024 15:24:15
0,207.56,1107,966,23.06,63.28,0,2.03,16.05.2024 15:24:17
0,205.50,1096,966,23.06,63.29,0,1.86,16.05.2024 15:24:19
0,207.94,1109,967,23.05,63.31,0,2.07,16.05.2024 15:24:22
0,206.25,1100,968,23.03,63.30,0,1.93,16.05.2024 15:24:24
0,205.69,1097,968,23.05,63.28,0,1.88,16.05.2024 15:24:26
0,207.94,1109,969,23.05,63.31,0,2.07,16.05.2024 15:24:28
0,207.19,1105,968,23.03,63.34,0,2.01,16.05.2024 15:24:30
0,203.06,1083,969,23.02,63.31,0,1.68,16.05.2024 15:24:32
0,204.19,1089,969,23.05,63.33,0,1.76,16.05.2024 15:24:34
0,203.06,1083,969,23.02,63.33,0,1.68,16.05.2024 15:24:36
0,204.38,1090,969,23.03,63.34,0,1.78,16.05.2024 15:24:39
0,202.13,1078,969,23.01,63.30,0,1.61,16.05.2024 15:24:41
0,203.44,1085,969,23.01,63.37,0,1.71,16.05.2024 15:24:43
0,204.38,1090,969,22.99,63.34,0,1.79,16.05.2024 15:24:45
0,204.19,1089,969,23.02,63.39,0,1.76,16.05.2024 15:24:47
0,205.50,1096,969,22.98,63.36,0,1.89,16.05.2024 15:24:49
0,206.44,1101,970,22.99,63.41,0,1.95,16.05.2024 15:24:51
0,206.63,1102,970,22.98,63.38,0,1.98,16.05.2024 15:24:53
0,205.69,1097,970,22.96,63.38,0,1.91,16.05.2024 15:24:56
0,206.81,1103,969,22.96,63.42,0,1.99,16.05.2024 15:24:58
0,205.50,1096,970,22.95,63.38,0,1.89,16.05.2024 15:25:00
0,205.31,1095,969,22.92,63.38,0,1.89,16.05.2024 15:25:02
0,206.44,1101,970,22.93,63.42,0,1.97,16.05.2024 15:25:04
0,202.31,1079,970,22.93,63.42,0,1.64,16.05.2024 15:25:06
0,204.75,1092,970,22.95,63.42,0,1.83,16.05.2024 15:25:08
0,207.19,1105,969,22.91,63.39,0,2.05,16.05.2024 15:25:10
0,207.19,1105,970,22.93,63.41,0,2.04,16.05.2024 15:25:12
0,207.75,1108,970,22.95,63.48,0,2.07,16.05.2024 15:25:15
0,208.69,1113,970,22.92,63.42,0,2.17,16.05.2024 15:25:17
0,205.50,1096,970,22.92,63.45,0,1.90,16.05.2024 15:25:19
0,206.06,1099,969,22.89,63.46,0,1.96,16.05.2024 15:25:21
0,206.81,1103,970,22.91,63.44,0,2.01,16.05.2024 15:25:23
0,206.25,1100,970,22.89,63.45,0,1.97,16.05.2024 15:25:25
0,206.63,1102,970,22.88,63.46,0,2.01,16.05.2024 15:25:27
0,208.13,1110,971,22.89,63.43,0,2.13,16.05.2024 15:25:29
0,207.75,1108,971,22.89,63.45,0,2.10,16.05.2024 15:25:32
0,207.00,1104,971,22.86,63.48,0,2.04,16.05.2024 15:25:34
0,209.06,1115,971,22.85,63.47,0,2.22,16.05.2024 15:25:36
0,206.44,1101,972,22.85,63.47,0,2.00,16.05.2024 15:25:38
0,205.31,1095,972,22.83,63.48,0,1.91,16.05.2024 15:25:40
0,206.44,1101,972,22.86,63.49,0,1.99,16.05.2024 15:25:42
0,207.00,1104,972,22.83,63.49,0,2.05,16.05.2024 15:25:44
0,207.75,1108,973,22.83,63.50,0,2.11,16.05.2024 15:25:46
0,205.31,1095,973,22.85,63.52,0,1.90,16.05.2024 15:25:49
0,204.75,1092,973,22.83,63.53,0,1.86,16.05.2024 15:25:51
0,208.88,1114,973,22.81,63.54,0,2.22,16.05.2024 15:25:53
0,207.94,1109,972,22.81,63.52,0,2.14,16.05.2024 15:25:55
0,206.81,1103,973,22.81,63.52,0,2.04,16.05.2024 15:25:57
0,209.44,1117,973,22.79,63.52,0,2.28,16.05.2024 15:25:59
0,209.63,1118,974,22.81,63.56,0,2.28,16.05.2024 15:26:01
0,207.56,1107,974,22.79,63.55,0,2.11,16.05.2024 15:26:03
0,207.00,1104,974,22.78,63.53,0,2.07,16.05.2024 15:26:05
0,205.13,1094,974,22.76,63.56,0,1.92,16.05.2024 15:26:08
0,206.63,1102,973,22.76,63.54,0,2.04,16.05.2024 15:26:10
0,207.75,1108,974,22.78,63.56,0,2.13,16.05.2024 15:26:12
0,206.06,1099,974,22.76,63.58,0,1.99,16.05.2024 15:26:14
0,207.38,1106,975,22.78,63.57,0,2.10,16.05.2024 15:26:16
0,205.69,1097,975,22.76,63.59,0,1.96,16.05.2024 15:26:18
0,208.13,1110,975,22.78,63.57,0,2.16,16.05.2024 15:26:20
0,205.69,1097,975,22.75,63.59,0,1.97,16.05.2024 15:26:22
0,207.94,1109,975,22.74,63.62,0,2.16,16.05.2024 15:26:25
0,205.88,1098,976,22.74,63.58,0,1.99,16.05.2024 15:26:27
0,210.94,1125,976,22.72,63.62,0,2.42,16.05.2024 15:26:29
0,206.25,1100,975,22.72,63.59,0,2.02,16.05.2024 15:26:31
0,207.75,1108,975,22.70,63.62,0,2.16,16.05.2024 15:26:33
0,207.75,1108,976,22.72,63.62,0,2.15,16.05.2024 15:26:35
0,209.25,1116,976,22.70,63.61,0,2.29,16.05.2024 15:26:37
0,208.31,1111,975,22.71,63.62,0,2.20,16.05.2024 15:26:39
0,205.69,1097,976,22.70,63.61,0,1.98,16.05.2024 15:26:42
0,205.50,1096,975,22.68,63.61,0,1.98,16.05.2024 15:26:44
0,207.38,1106,975,22.70,63.64,0,2.12,16.05.2024 15:26:46
0,208.88,1114,975,22.70,63.63,0,2.25,16.05.2024 15:26:48
0,206.06,1099,975,22.68,63.66,0,2.02,16.05.2024 15:26:50
0,203.63,1086,975,22.70,63.67,0,1.81,16.05.2024 15:26:52
0,209.06,1115,975,22.67,63.65,0,2.28,16.05.2024 15:26:54
0,205.31,1095,975,22.67,63.64,0,1.96,16.05.2024 15:26:56
0,207.38,1106,975,22.68,63.69,0,2.13,16.05.2024 15:26:58
0,207.94,1109,975,22.65,63.66,0,2.19,16.05.2024 15:27:01
0,203.81,1087,975,22.68,63.68,0,1.83,16.05.2024 15:27:03
0,207.56,1107,975,22.65,63.67,0,2.15,16.05.2024 15:27:05
0,204.56,1091,975,22.65,63.67,0,1.90,16.05.2024 15:27:07
0,206.81,1103,975,22.65,63.65,0,2.09,16.05.2024 15:27:09
0,205.88,1098,975,22.64,63.69,0,2.02,16.05.2024 15:27:11
0,204.00,1088,975,22.64,63.70,0,1.86,16.05.2024 15:27:13
0,210.00,1120,976,22.62,63.68,0,2.38,16.05.2024 15:27:15
0,207.38,1106,976,22.62,63.69,0,2.15,16.05.2024 15:27:18
0,207.38,1106,977,22.62,63.70,0,2.15,16.05.2024 15:27:20
0,207.19,1105,976,22.60,63.68,0,2.14,16.05.2024 15:27:22
0,207.00,1104,976,22.64,63.71,0,2.11,16.05.2024 15:27:24
0,207.00,1104,976,22.58,63.70,0,2.13,16.05.2024 15:27:26
0,204.38,1090,976,22.58,63.68,0,1.91,16.05.2024 15:27:28
0,206.44,1101,976,22.60,63.70,0,2.08,16.05.2024 15:27:30
0,207.56,1107,976,22.58,63.71,0,2.18,16.05.2024 15:27:32
0,206.25,1100,977,22.62,63.74,0,2.05,16.05.2024 15:27:35
0,206.06,1099,977,22.60,63.72,0,2.04,16.05.2024 15:27:37
0,206.25,1100,977,22.60,63.73,0,2.06,16.05.2024 15:27:39
0,205.88,1098,977,22.55,63.74,0,2.04,16.05.2024 15:27:41
0,205.88,1098,978,22.58,63.75,0,2.03,16.05.2024 15:27:43
0,206.81,1103,978,22.57,63.72,0,2.12,16.05.2024 15:27:45
0,204.38,1090,978,22.55,63.75,0,1.92,16.05.2024 15:27:47
0,204.56,1091,977,22.55,63.75,0,1.93,16.05.2024 15:27:49
0,206.06,1099,977,22.55,63.75,0,2.06,16.05.2024 15:27:51
0,205.31,1095,978,22.55,63.74,0,1.99,16.05.2024 15:27:54
0,207.38,1106,978,22.54,63.74,0,2.18,16.05.2024 15:27:56
0,202.88,1082,977,22.55,63.78,0,1.79,16.05.2024 15:27:58
0,204.19,1089,977,22.52,63.74,0,1.91,16.05.2024 15:28:00
0,207.94,1109,977,22.52,63.79,0,2.23,16.05.2024 15:28:02
0,204.56,1091,977,22.52,63.77,0,1.94,16.05.2024 15:28:04
0,206.81,1103,977,22.54,63.77,0,2.13,16.05.2024 15:28:06
0,205.13,1094,977,22.52,63.81,0,1.98,16.05.2024 15:28:08
0,203.81,1087,977,22.52,63.78,0,1.88,16.05.2024 15:28:11
0,204.19,1089,978,22.52,63.77,0,1.91,16.05.2024 15:28:13
0,206.81,1103,978,22.50,63.79,0,2.14,16.05.2024 15:28:15
0,204.38,1090,979,22.50,63.77,0,1.93,16.05.2024 15:28:19
0,204.56,1091,979,22.50,63.77,0,1.95,16.05.2024 15:28:21
0,206.06,1099,979,22.50,63.78,0,2.08,16.05.2024 15:28:23
0,205.88,1098,979,22.48,63.78,0,2.07,16.05.2024 15:28:25
0,202.88,1082,979,22.47,63.80,0,1.82,16.05.2024 15:28:27
0,207.00,1104,979,22.48,63.81,0,2.16,16.05.2024 15:28:30
0,204.56,1091,979,22.47,63.78,0,1.96,16.05.2024 15:28:32
0,204.19,1089,979,22.47,63.78,0,1.93,16.05.2024 15:28:34
0,203.63,1086,979,22.47,63.80,0,1.88,16.05.2024 15:28:36
0,203.06,1083,978,22.44,63.77,0,1.85,16.05.2024 15:28:38
0,204.38,1090,979,22.44,63.80,0,1.96,16.05.2024 15:28:40
0,201.75,1076,979,22.47,63.82,0,1.73,16.05.2024 15:28:42
0,201.38,1074,978,22.45,63.84,0,1.70,16.05.2024 15:28:44
0,204.38,1090,978,22.42,63.80,0,1.96,16.05.2024 15:28:46
0,203.81,1087,978,22.44,63.82,0,1.91,16.05.2024 15:28:49
0,203.25,1084,978,22.44,63.80,0,1.86,16.05.2024 15:28:51
0,203.81,1087,978,22.41,63.83,0,1.92,16.05.2024 15:28:53
0,203.44,1085,979,22.42,63.85,0,1.88,16.05.2024 15:28:55
0,203.44,1085,980,22.41,63.82,0,1.89,16.05.2024 15:28:57
0,203.81,1087,981,22.42,63.86,0,1.91,16.05.2024 15:28:59
0,204.38,1090,980,22.41,63.87,0,1.96,16.05.2024 15:29:01
0,203.25,1084,981,22.40,63.85,0,1.87,16.05.2024 15:29:03
0,205.31,1095,981,22.40,63.87,0,2.04,16.05.2024 15:29:06
0,204.75,1092,981,22.37,63.82,0,2.01,16.05.2024 15:29:08
0,201.94,1077,982,22.38,63.87,0,1.77,16.05.2024 15:29:10
0,202.50,1080,982,22.40,63.85,0,1.81,16.05.2024 15:29:12
0,204.19,1089,982,22.37,63.87,0,1.96,16.05.2024 15:29:14
0,204.56,1091,982,22.38,63.88,0,1.98,16.05.2024 15:29:16
0,204.56,1091,983,22.35,63.87,0,2.00,16.05.2024 15:29:18
0,205.69,1097,982,22.34,63.93,0,2.09,16.05.2024 15:29:20
0,209.81,1119,983,22.35,63.88,0,2.45,16.05.2024 15:29:22
0,208.69,1113,983,22.35,63.90,0,2.35,16.05.2024 15:29:25
0,206.44,1101,981,22.32,63.89,0,2.16,16.05.2024 15:29:27
0,207.75,1108,982,22.37,63.92,0,2.26,16.05.2024 15:29:29
0,204.19,1089,981,22.34,63.93,0,1.96,16.05.2024 15:29:31
0,205.13,1094,982,22.32,63.89,0,2.05,16.05.2024 15:29:33
0,206.81,1103,982,22.34,63.94,0,2.19,16.05.2024 15:29:35
0,207.94,1109,982,22.34,63.93,0,2.28,16.05.2024 15:29:37
0,205.88,1098,982,22.32,63.92,0,2.11,16.05.2024 15:29:39
0,204.19,1089,983,22.31,63.92,0,1.98,16.05.2024 15:29:42
0,206.25,1100,983,22.31,63.95,0,2.15,16.05.2024 15:29:44
0,208.69,1113,983,22.31,63.91,0,2.36,16.05.2024 15:29:46
0,206.25,1100,983,22.30,63.94,0,2.15,16.05.2024 15:29:48
0,207.94,1109,982,22.30,63.94,0,2.30,16.05.2024 15:29:50
0,205.69,1097,982,22.28,63.96,0,2.11,16.05.2024 15:29:52
0,204.94,1093,983,22.30,63.97,0,2.04,16.05.2024 15:29:54
0,207.00,1104,983,22.28,63.93,0,2.23,16.05.2024 15:29:56
0,206.63,1102,983,22.28,63.96,0,2.19,16.05.2024 15:29:59
0,206.44,1101,983,22.28,63.96,0,2.17,16.05.2024 15:30:01
0,208.13,1110,983,22.27,63.96,0,2.33,16.05.2024 15:30:03
0,203.06,1083,983,22.27,63.97,0,1.89,16.05.2024 15:30:05
0,207.94,1109,984,22.25,64.00,0,2.31,16.05.2024 15:30:07
0,206.81,1103,984,22.27,63.98,0,2.21,16.05.2024 15:30:09
0,204.94,1093,984,22.24,63.97,0,2.06,16.05.2024 15:30:11
0,205.13,1094,985,22.25,64.00,0,2.07,16.05.2024 15:30:13
0,206.63,1102,985,22.24,64.01,0,2.20,16.05.2024 15:30:15
0,208.69,1113,985,22.27,63.99,0,2.37,16.05.2024 15:30:18
0,204.38,1090,986,22.21,64.01,0,2.02,16.05.2024 15:30:20
0,204.56,1091,986,22.24,63.99,0,2.03,16.05.2024 15:30:22
0,205.13,1094,985,22.23,63.99,0,2.08,16.05.2024 15:30:24
0,206.44,1101,986,22.23,64.01,0,2.19,16.05.2024 15:30:26
0,205.50,1096,986,22.21,63.96,0,2.12,16.05.2024 15:30:28
0,207.56,1107,986,22.23,64.02,0,2.29,16.05.2024 15:30:30
0,208.13,1110,986,22.23,64.02,0,2.34,16.05.2024 15:30:32
0,204.19,1089,987,22.21,63.98,0,2.01,16.05.2024 15:30:35
0,205.88,1098,987,22.20,64.05,0,2.15,16.05.2024 15:30:37
0,206.06,1099,986,22.18,64.03,0,2.17,16.05.2024 15:30:39
0,206.25,1100,987,22.18,64.01,0,2.19,16.05.2024 15:30:41
0,205.88,1098,988,22.20,64.04,0,2.15,16.05.2024 15:30:43
0,205.13,1094,987,22.20,64.04,0,2.09,16.05.2024 15:30:45
0,203.44,1085,987,22.20,64.05,0,1.94,16.05.2024 15:30:47
0,207.19,1105,988,22.18,64.05,0,2.27,16.05.2024 15:30:49
0,204.56,1091,988,22.18,64.06,0,2.04,16.05.2024 15:30:52
0,207.94,1109,987,22.18,64.07,0,2.33,16.05.2024 15:30:54
0,203.63,1086,987,22.17,64.07,0,1.97,16.05.2024 15:30:56
0,204.56,1091,987,22.17,64.07,0,2.05,16.05.2024 15:30:58
0,205.13,1094,987,22.17,64.09,0,2.09,16.05.2024 15:31:00
0,204.94,1093,987,22.14,64.06,0,2.09,16.05.2024 15:31:02
0,206.06,1099,987,22.14,64.07,0,2.19,16.05.2024 15:31:04
0,201.38,1074,987,22.17,64.07,0,1.78,16.05.2024 15:31:06
0,206.63,1102,987,22.14,64.14,0,2.23,16.05.2024 15:31:08
0,204.75,1092,987,22.13,64.07,0,2.08,16.05.2024 15:31:11
0,203.44,1085,987,22.14,64.11,0,1.96,16.05.2024 15:31:13
0,204.94,1093,987,22.16,64.10,0,2.08,16.05.2024 15:31:15
0,204.94,1093,987,22.13,64.12,0,2.09,16.05.2024 15:31:17
0,203.44,1085,987,22.13,64.11,0,1.96,16.05.2024 15:31:19
0,204.75,1092,987,22.13,64.13,0,2.07,16.05.2024 15:31:21
0,202.69,1081,987,22.13,64.10,0,1.90,16.05.2024 15:31:23
0,200.44,1069,986,22.13,64.14,0,1.71,16.05.2024 15:31:25
0,205.13,1094,987,22.10,64.11,0,2.12,16.05.2024 15:31:28
0,202.69,1081,986,22.10,64.13,0,1.91,16.05.2024 15:31:30
0,201.75,1076,986,22.10,64.13,0,1.83,16.05.2024 15:31:32
0,203.44,1085,986,22.08,64.11,0,1.98,16.05.2024 15:31:34
0,204.19,1089,985,22.08,64.15,0,2.04,16.05.2024 15:31:36
0,204.56,1091,986,22.11,64.14,0,2.06,16.05.2024 15:31:38
0,203.81,1087,985,22.10,64.13,0,2.00,16.05.2024 15:31:40
0,203.63,1086,985,22.08,64.18,0,1.99,16.05.2024 15:31:42
0,202.69,1081,986,22.08,64.17,0,1.91,16.05.2024 15:31:45
0,204.00,1088,986,22.07,64.16,0,2.03,16.05.2024 15:31:47
0,202.69,1081,986,22.08,64.15,0,1.91,16.05.2024 15:31:49
0,204.38,1090,986,22.07,64.13,0,2.06,16.05.2024 15:31:51
0,203.06,1083,986,22.07,64.17,0,1.95,16.05.2024 15:31:53
0,204.94,1093,986,22.06,64.18,0,2.11,16.05.2024 15:31:55
0,204.00,1088,986,22.06,64.18,0,2.03,16.05.2024 15:31:57
0,202.50,1080,985,22.03,64.17,0,1.92,16.05.2024 15:31:59
0,206.63,1102,986,22.04,64.18,0,2.26,16.05.2024 15:32:01
0,203.25,1084,985,22.01,64.17,0,1.99,16.05.2024 15:32:06
0,201.19,1073,985,22.03,64.21,0,1.81,16.05.2024 15:32:08
0,201.94,1077,985,22.03,64.19,0,1.87,16.05.2024 15:32:10
0,201.56,1075,984,22.03,64.20,0,1.84,16.05.2024 15:32:12
0,203.63,1086,984,22.01,64.19,0,2.02,16.05.2024 15:32:14
0,205.13,1094,984,22.04,64.23,0,2.13,16.05.2024 15:32:16
0,201.56,1075,984,22.00,64.17,0,1.85,16.05.2024 15:32:18
0,202.50,1080,986,22.01,64.20,0,1.92,16.05.2024 15:32:20
0,200.81,1071,986,22.01,64.20,0,1.78,16.05.2024 15:32:23
0,199.69,1065,987,22.01,64.23,0,1.69,16.05.2024 15:32:25
0,201.75,1076,987,21.99,64.24,0,1.86,16.05.2024 15:32:27
0,201.56,1075,988,21.99,64.22,0,1.85,16.05.2024 15:32:29
0,202.13,1078,989,22.00,64.23,0,1.89,16.05.2024 15:32:31
0,202.13,1078,989,21.97,64.25,0,1.90,16.05.2024 15:32:33
0,203.63,1086,989,22.00,64.23,0,2.02,16.05.2024 15:32:35
0,195.75,1044,989,21.97,64.25,0,1.39,16.05.2024 15:32:37
0,202.50,1080,989,22.00,64.24,0,1.92,16.05.2024 15:32:40
0,199.88,1066,989,21.97,64.23,0,1.72,16.05.2024 15:32:42
0,201.00,1072,990,21.99,64.27,0,1.80,16.05.2024 15:32:44
0,200.44,1069,990,21.96,64.28,0,1.76,16.05.2024 15:32:46
0,199.88,1066,990,21.96,64.28,0,1.72,16.05.2024 15:32:48
0,203.63,1086,990,21.96,64.28,0,2.03,16.05.2024 15:32:50
0,203.25,1084,990,21.95,64.24,0,2.00,16.05.2024 15:32:52
0,203.06,1083,990,21.93,64.26,0,1.99,16.05.2024 15:32:54
0,202.50,1080,990,21.96,64.27,0,1.93,16.05.2024 15:32:56
0,205.13,1094,989,21.96,64.30,0,2.15,16.05.2024 15:32:59
0,205.13,1094,990,21.95,64.27,0,2.16,16.05.2024 15:33:01
0,204.56,1091,990,21.93,64.29,0,2.12,16.05.2024 15:33:03
0,208.50,1112,990,21.93,64.30,0,2.46,16.05.2024 15:33:05
0,206.63,1102,990,21.95,64.33,0,2.29,16.05.2024 15:33:07
0,204.75,1092,990,21.92,64.31,0,2.14,16.05.2024 15:33:09
0,206.06,1099,991,21.93,64.31,0,2.25,16.05.2024 15:33:11
0,203.81,1087,990,21.92,64.30,0,2.06,16.05.2024 15:33:13
0,202.88,1082,990,21.92,64.32,0,1.98,16.05.2024 15:33:16
0,206.25,1100,989,21.90,64.30,0,2.27,16.05.2024 15:33:18
0,202.31,1079,989,21.90,64.34,0,1.93,16.05.2024 15:33:20
0,208.50,1112,990,21.90,64.34,0,2.47,16.05.2024 15:33:22
0,202.69,1081,989,21.90,64.34,0,1.96,16.05.2024 15:33:24
0,201.94,1077,989,21.87,64.36,0,1.91,16.05.2024 15:33:26
0,202.13,1078,989,21.90,64.34,0,1.92,16.05.2024 15:33:28
0,204.75,1092,988,21.87,64.35,0,2.15,16.05.2024 15:33:30
0,204.56,1091,989,21.92,64.37,0,2.12,16.05.2024 15:33:33
0,205.31,1095,988,21.86,64.35,0,2.21,16.05.2024 15:33:35
0,204.56,1091,989,21.87,64.36,0,2.13,16.05.2024 15:33:37
0,206.63,1102,989,21.86,64.37,0,2.32,16.05.2024 15:33:39
0,200.06,1067,989,21.86,64.35,0,1.76,16.05.2024 15:33:41
0,204.56,1091,989,21.86,64.33,0,2.14,16.05.2024 15:33:43
0,202.13,1078,988,21.86,64.36,0,1.93,16.05.2024 15:33:45
0,206.25,1100,988,21.86,64.39,0,2.28,16.05.2024 15:33:47
0,207.75,1108,989,21.86,64.36,0,2.42,16.05.2024 15:33:49
0,202.13,1078,989,21.84,64.38,0,1.93,16.05.2024 15:33:52
0,202.69,1081,989,21.83,64.39,0,1.99,16.05.2024 15:33:54
0,203.25,1084,989,21.84,64.40,0,2.03,16.05.2024 15:33:56
0,201.19,1073,989,21.83,64.41,0,1.86,16.05.2024 15:33:58
0,204.56,1091,989,21.83,64.41,0,2.14,16.05.2024 15:34:00
0,205.31,1095,989,21.84,64.38,0,2.21,16.05.2024 15:34:02
0,200.25,1068,989,21.83,64.40,0,1.78,16.05.2024 15:34:04
0,203.81,1087,989,21.83,64.39,0,2.08,16.05.2024 15:34:06
0,203.25,1084,988,21.81,64.40,0,2.04,16.05.2024 15:34:09
0,201.94,1077,989,21.81,64.42,0,1.93,16.05.2024 15:34:11
0,204.38,1090,989,21.81,64.41,0,2.13,16.05.2024 15:34:13
0,206.25,1100,990,21.81,64.43,0,2.30,16.05.2024 15:34:15
0,202.31,1079,990,21.80,64.44,0,1.96,16.05.2024 15:34:17
0,203.63,1086,990,21.80,64.44,0,2.07,16.05.2024 15:34:19
0,205.69,1097,990,21.79,64.43,0,2.26,16.05.2024 15:34:21
0,202.13,1078,991,21.80,64.45,0,1.94,16.05.2024 15:34:23
0,202.88,1082,991,21.79,64.43,0,2.01,16.05.2024 15:34:26
0,201.56,1075,991,21.79,64.43,0,1.90,16.05.2024 15:34:28
0,206.06,1099,991,21.79,64.45,0,2.29,16.05.2024 15:34:30
0,206.06,1099,991,21.80,64.45,0,2.28,16.05.2024 15:34:32
0,202.13,1078,990,21.76,64.43,0,1.96,16.05.2024 15:34:34
0,200.63,1070,990,21.76,64.46,0,1.83,16.05.2024 15:34:36
0,202.88,1082,990,21.76,64.44,0,2.02,16.05.2024 15:34:38
0,205.50,1096,990,21.76,64.46,0,2.25,16.05.2024 15:34:40
0,201.94,1077,990,21.74,64.43,0,1.95,16.05.2024 15:34:42
0,202.50,1080,990,21.76,64.47,0,1.99,16.05.2024 15:34:45
0,205.50,1096,990,21.74,64.43,0,2.26,16.05.2024 15:34:47
0,205.31,1095,990,21.74,64.46,0,2.24,16.05.2024 15:34:49
0,204.00,1088,990,21.74,64.43,0,2.13,16.05.2024 15:34:51
0,204.38,1090,990,21.76,64.46,0,2.15,16.05.2024 15:34:53
0,202.13,1078,990,21.74,64.47,0,1.96,16.05.2024 15:34:55
0,204.00,1088,990,21.74,64.50,0,2.12,16.05.2024 15:34:57
0,201.94,1077,990,21.76,64.49,0,1.94,16.05.2024 15:34:59
0,207.75,1108,989,21.76,64.47,0,2.45,16.05.2024 15:35:02
0,202.31,1079,990,21.73,64.47,0,1.98,16.05.2024 15:35:04
0,202.31,1079,989,21.72,64.45,0,1.99,16.05.2024 15:35:06
0,204.19,1089,989,21.72,64.47,0,2.15,16.05.2024 15:35:08
0,201.56,1075,989,21.70,64.44,0,1.93,16.05.2024 15:35:10
0,202.88,1082,990,21.70,64.48,0,2.04,16.05.2024 15:35:12
0,199.31,1063,990,21.70,64.49,0,1.74,16.05.2024 15:35:14
0,201.56,1075,990,21.69,64.50,0,1.93,16.05.2024 15:35:16
0,200.63,1070,990,21.72,64.50,0,1.85,16.05.2024 15:35:19
0,204.56,1091,990,21.72,64.51,0,2.18,16.05.2024 15:35:21
0,201.19,1073,990,21.70,64.50,0,1.90,16.05.2024 15:35:23
0,203.06,1083,990,21.69,64.50,0,2.06,16.05.2024 15:35:25
0,199.13,1062,990,21.67,64.51,0,1.74,16.05.2024 15:35:27
0,200.25,1068,990,21.67,64.49,0,1.83,16.05.2024 15:35:29
0,201.94,1077,991,21.69,64.51,0,1.96,16.05.2024 15:35:31
0,202.13,1078,991,21.69,64.49,0,1.98,16.05.2024 15:35:33
0,203.25,1084,990,21.69,64.50,0,2.08,16.05.2024 15:35:35
0,201.94,1077,990,21.67,64.50,0,1.97,16.05.2024 15:35:38
0,200.44,1069,990,21.66,64.54,0,1.85,16.05.2024 15:35:42
0,202.31,1079,989,21.66,64.55,0,2.00,16.05.2024 15:35:44
0,203.81,1087,990,21.67,64.53,0,2.13,16.05.2024 15:35:46
0,200.63,1070,990,21.67,64.56,0,1.86,16.05.2024 15:35:48
0,200.06,1067,990,21.65,64.57,0,1.82,16.05.2024 15:35:50
0,200.06,1067,990,21.63,64.53,0,1.83,16.05.2024 15:35:52
0,197.06,1051,991,21.66,64.55,0,1.57,16.05.2024 15:35:54
0,198.94,1061,991,21.65,64.61,0,1.72,16.05.2024 15:35:57
0,198.38,1058,991,21.63,64.56,0,1.69,16.05.2024 15:35:59
0,199.31,1063,991,21.63,64.55,0,1.76,16.05.2024 15:36:01
0,196.50,1048,991,21.66,64.59,0,1.52,16.05.2024 15:36:03
0,199.31,1063,990,21.63,64.54,0,1.76,16.05.2024 15:36:05
0,201.94,1077,991,21.60,64.56,0,1.99,16.05.2024 15:36:07
0,199.50,1064,991,21.63,64.62,0,1.77,16.05.2024 15:36:09
0,201.94,1077,991,21.62,64.58,0,1.98,16.05.2024 15:36:11
0,199.88,1066,990,21.62,64.59,0,1.81,16.05.2024 15:36:14
0,196.31,1047,991,21.59,64.60,0,1.53,16.05.2024 15:36:16
0,199.69,1065,991,21.62,64.61,0,1.79,16.05.2024 15:36:18
0,198.38,1058,991,21.60,64.59,0,1.69,16.05.2024 15:36:20
0,199.31,1063,990,21.57,64.59,0,1.78,16.05.2024 15:36:22
0,197.63,1054,990,21.60,64.60,0,1.63,16.05.2024 15:36:24
0,201.56,1075,990,21.59,64.62,0,1.96,16.05.2024 15:36:26
0,200.63,1070,990,21.59,64.62,0,1.88,16.05.2024 15:36:28
0,197.06,1051,991,21.59,64.60,0,1.59,16.05.2024 15:36:30
0,205.13,1094,989,21.59,64.64,0,2.27,16.05.2024 15:36:33
0,207.00,1104,990,21.57,64.63,0,2.44,16.05.2024 15:36:35
0,203.81,1087,990,21.57,64.61,0,2.16,16.05.2024 15:36:37
0,201.56,1075,990,21.56,64.62,0,1.97,16.05.2024 15:36:39
0,201.38,1074,990,21.56,64.62,0,1.95,16.05.2024 15:36:41
0,201.75,1076,990,21.59,64.64,0,1.97,16.05.2024 15:36:43
0,201.19,1073,989,21.57,64.61,0,1.93,16.05.2024 15:36:45
0,201.19,1073,988,21.56,64.63,0,1.94,16.05.2024 15:36:47
0,200.63,1070,989,21.55,64.64,0,1.89,16.05.2024 15:36:50
0,202.13,1078,989,21.56,64.66,0,2.01,16.05.2024 15:36:52
0,204.38,1090,989,21.55,64.65,0,2.21,16.05.2024 15:36:54
0,202.69,1081,989,21.53,64.65,0,2.07,16.05.2024 15:36:56
0,198.38,1058,989,21.55,64.66,0,1.71,16.05.2024 15:36:58
0,200.25,1068,989,21.56,64.69,0,1.85,16.05.2024 15:37:00
0,202.88,1082,988,21.57,64.65,0,2.07,16.05.2024 15:37:02
0,200.44,1069,988,21.53,64.65,0,1.88,16.05.2024 15:37:04
0,202.31,1079,988,21.55,64.68,0,2.03,16.05.2024 15:37:06
0,202.31,1079,988,21.52,64.68,0,2.04,16.05.2024 15:37:09
0,202.31,1079,988,21.55,64.70,0,2.03,16.05.2024 15:37:11
0,199.88,1066,988,21.52,64.66,0,1.84,16.05.2024 15:37:13
0,202.50,1080,989,21.52,64.67,0,2.06,16.05.2024 15:37:15
0,201.75,1076,989,21.52,64.70,0,1.99,16.05.2024 15:37:17
0,201.94,1077,989,21.52,64.70,0,2.01,16.05.2024 15:37:19
0,201.00,1072,990,21.53,64.71,0,1.92,16.05.2024 15:37:21
0,203.81,1087,990,21.52,64.67,0,2.18,16.05.2024 15:37:23
0,201.38,1074,989,21.50,64.70,0,1.97,16.05.2024 15:37:26
0,202.13,1078,989,21.49,64.69,0,2.04,16.05.2024 15:37:28
0,201.75,1076,990,21.50,64.70,0,2.00,16.05.2024 15:37:30
0,201.56,1075,990,21.48,64.71,0,1.99,16.05.2024 15:37:32
0,198.94,1061,990,21.49,64.72,0,1.77,16.05.2024 15:37:34
0,202.50,1080,990,21.52,64.72,0,2.06,16.05.2024 15:37:36
0,201.94,1077,991,21.49,64.72,0,2.02,16.05.2024 15:37:38
0,201.75,1076,990,21.46,64.72,0,2.01,16.05.2024 15:37:40
0,204.00,1088,990,21.49,64.71,0,2.20,16.05.2024 15:37:43
0,201.38,1074,991,21.48,64.74,0,1.97,16.05.2024 15:37:45
0,202.31,1079,991,21.46,64.72,0,2.06,16.05.2024 15:37:47
0,200.25,1068,991,21.49,64.73,0,1.88,16.05.2024 15:37:49
0,201.38,1074,991,21.48,64.74,0,1.97,16.05.2024 15:37:51
0,201.75,1076,991,21.48,64.75,0,2.01,16.05.2024 15:37:53
0,202.31,1079,991,21.46,64.73,0,2.06,16.05.2024 15:37:55
0,202.69,1081,990,21.48,64.75,0,2.09,16.05.2024 15:37:57
0,204.19,1089,990,21.45,64.73,0,2.23,16.05.2024 15:37:59
0,201.19,1073,991,21.46,64.74,0,1.96,16.05.2024 15:38:02
0,202.50,1080,990,21.44,64.76,0,2.08,16.05.2024 15:38:04
0,199.88,1066,990,21.44,64.75,0,1.86,16.05.2024 15:38:06
0,204.00,1088,990,21.44,64.79,0,2.21,16.05.2024 15:38:08
0,200.44,1069,991,21.44,64.82,0,1.90,16.05.2024 15:38:10
0,203.63,1086,991,21.45,64.77,0,2.18,16.05.2024 15:38:12
0,203.25,1084,992,21.41,64.78,0,2.16,16.05.2024 15:38:14
0,201.75,1076,991,21.44,64.80,0,2.02,16.05.2024 15:38:16
0,202.13,1078,992,21.44,64.76,0,2.05,16.05.2024 15:38:19
0,204.00,1088,993,21.42,64.76,0,2.22,16.05.2024 15:38:21
0,202.13,1078,992,21.42,64.75,0,2.06,16.05.2024 15:38:23
0,202.50,1080,992,21.44,64.80,0,2.08,16.05.2024 15:38:25
0,200.44,1069,992,21.41,64.77,0,1.92,16.05.2024 15:38:27
0,202.31,1079,991,21.41,64.80,0,2.07,16.05.2024 15:38:29
0,201.94,1077,992,21.42,64.79,0,2.04,16.05.2024 15:38:31
0,199.13,1062,992,21.41,64.77,0,1.81,16.05.2024 15:38:33
0,203.06,1083,992,21.39,64.78,0,2.15,16.05.2024 15:38:36
0,198.56,1059,993,21.39,64.79,0,1.77,16.05.2024 15:38:38
0,201.19,1073,993,21.41,64.81,0,1.98,16.05.2024 15:38:40
0,200.81,1071,994,21.38,64.79,0,1.96,16.05.2024 15:38:42
0,201.38,1074,994,21.39,64.80,0,2.00,16.05.2024 15:38:44
0,200.25,1068,994,21.38,64.81,0,1.91,16.05.2024 15:38:46
0,199.13,1062,994,21.41,64.78,0,1.81,16.05.2024 15:38:48
0,199.31,1063,993,21.36,64.79,0,1.84,16.05.2024 15:38:50
0,198.75,1060,994,21.38,64.83,0,1.78,16.05.2024 15:38:52
0,198.75,1060,994,21.36,64.83,0,1.79,16.05.2024 15:38:55
0,200.63,1070,993,21.36,64.81,0,1.95,16.05.2024 15:38:57
0,201.19,1073,993,21.36,64.83,0,1.99,16.05.2024 15:38:59
0,202.13,1078,992,21.38,64.81,0,2.07,16.05.2024 15:39:01
0,202.88,1082,992,21.36,64.81,0,2.14,16.05.2024 15:39:03
0,197.06,1051,992,21.35,64.80,0,1.66,16.05.2024 15:39:05
0,197.44,1053,992,21.35,64.82,0,1.69,16.05.2024 15:39:07
0,198.94,1061,992,21.34,64.82,0,1.81,16.05.2024 15:39:11
0,194.81,1039,992,21.36,64.85,0,1.47,16.05.2024 15:39:14
0,198.75,1060,992,21.35,64.83,0,1.79,16.05.2024 15:39:16
0,200.63,1070,993,21.34,64.85,0,1.95,16.05.2024 15:39:18
0,198.75,1060,993,21.36,64.83,0,1.79,16.05.2024 15:39:20
0,198.75,1060,993,21.34,64.85,0,1.80,16.05.2024 15:39:22
0,197.81,1055,993,21.31,64.83,0,1.73,16.05.2024 15:39:24
0,195.94,1045,993,21.36,64.85,0,1.56,16.05.2024 15:39:26
0,196.50,1048,993,21.32,64.82,0,1.62,16.05.2024 15:39:28
0,195.75,1044,993,21.34,64.84,0,1.55,16.05.2024 15:39:31
0,197.06,1051,993,21.34,64.87,0,1.66,16.05.2024 15:39:33
0,196.88,1050,993,21.34,64.85,0,1.64,16.05.2024 15:39:35
0,195.94,1045,993,21.31,64.88,0,1.57,16.05.2024 15:39:37
0,197.63,1054,993,21.31,64.85,0,1.71,16.05.2024 15:39:39
0,196.31,1047,993,21.32,64.88,0,1.60,16.05.2024 15:39:41
0,197.44,1053,993,21.32,64.86,0,1.69,16.05.2024 15:39:43
0,199.13,1062,993,21.28,64.87,0,1.84,16.05.2024 15:39:45
0,198.38,1058,994,21.32,64.86,0,1.77,16.05.2024 15:39:47
0,194.25,1036,993,21.31,64.88,0,1.44,16.05.2024 15:39:50
0,199.31,1063,993,21.29,64.90,0,1.85,16.05.2024 15:39:52
0,199.31,1063,993,21.31,64.88,0,1.85,16.05.2024 15:39:54
0,195.00,1040,993,21.29,64.88,0,1.50,16.05.2024 15:39:56
0,198.94,1061,993,21.25,64.87,0,1.84,16.05.2024 15:39:58
0,198.19,1057,994,21.28,64.88,0,1.77,16.05.2024 15:40:00
0,197.63,1054,994,21.29,64.90,0,1.71,16.05.2024 15:40:02
0,201.19,1073,994,21.28,64.92,0,2.01,16.05.2024 15:40:04
0,198.19,1057,994,21.26,64.89,0,1.77,16.05.2024 15:40:07
0,197.06,1051,995,21.25,64.88,0,1.68,16.05.2024 15:40:09
0,197.63,1054,995,21.26,64.88,0,1.73,16.05.2024 15:40:11
0,197.63,1054,995,21.26,64.90,0,1.72,16.05.2024 15:40:13
0,201.75,1076,996,21.25,64.90,0,2.08,16.05.2024 15:40:15
0,198.94,1061,996,21.25,64.91,0,1.84,16.05.2024 15:40:17
0,198.75,1060,996,21.25,64.89,0,1.82,16.05.2024 15:40:19
0,199.31,1063,996,21.23,64.89,0,1.87,16.05.2024 15:40:21
0,198.94,1061,997,21.25,64.89,0,1.84,16.05.2024 15:40:24
0,198.56,1059,997,21.26,64.92,0,1.80,16.05.2024 15:40:26
0,203.44,1085,998,21.23,64.90,0,2.23,16.05.2024 15:40:28
0,201.00,1072,998,21.25,64.94,0,2.01,16.05.2024 15:40:30
0,201.38,1074,997,21.23,64.93,0,2.05,16.05.2024 15:40:32
0,200.25,1068,996,21.22,64.94,0,1.96,16.05.2024 15:40:34
0,199.88,1066,997,21.23,64.94,0,1.92,16.05.2024 15:40:36
0,201.00,1072,998,21.22,64.94,0,2.02,16.05.2024 15:40:38
0,200.63,1070,998,21.21,64.93,0,1.99,16.05.2024 15:40:40
0,198.94,1061,997,21.19,64.93,0,1.86,16.05.2024 15:40:43
0,201.38,1074,998,21.21,64.95,0,2.06,16.05.2024 15:40:45
0,200.25,1068,998,21.23,64.93,0,1.95,16.05.2024 15:40:47
0,197.63,1054,999,21.23,64.95,0,1.73,16.05.2024 15:40:49
0,199.31,1063,999,21.21,64.94,0,1.88,16.05.2024 15:40:51
0,200.44,1069,998,21.19,64.94,0,1.98,16.05.2024 15:40:53
0,202.50,1080,998,21.19,64.95,0,2.16,16.05.2024 15:40:55
0,194.25,1036,998,21.19,64.95,0,1.47,16.05.2024 15:40:57
0,201.19,1073,998,21.19,64.99,0,2.04,16.05.2024 15:41:00
0,198.75,1060,999,21.18,64.93,0,1.84,16.05.2024 15:41:02
0,198.94,1061,999,21.18,64.98,0,1.86,16.05.2024 15:41:04
0,200.81,1071,999,21.19,64.99,0,2.01,16.05.2024 15:41:06
0,199.50,1064,999,21.18,65.02,0,1.90,16.05.2024 15:41:08
0,204.38,1090,999,21.18,64.97,0,2.33,16.05.2024 15:41:10
0,199.88,1066,1000,21.16,65.00,0,1.94,16.05.2024 15:41:12
0,200.44,1069,1000,21.16,65.00,0,1.99,16.05.2024 15:41:14
0,201.38,1074,1001,21.16,65.03,0,2.06,16.05.2024 15:41:17
0,198.94,1061,1001,21.18,65.00,0,1.85,16.05.2024 15:41:19
0,201.94,1077,1001,21.18,65.01,0,2.11,16.05.2024 15:41:21
0,199.69,1065,1000,21.18,65.02,0,1.91,16.05.2024 15:41:23
0,198.00,1056,1000,21.16,65.01,0,1.78,16.05.2024 15:41:25
0,200.63,1070,1000,21.14,64.99,0,2.01,16.05.2024 15:41:27
0,201.00,1072,1000,21.16,65.02,0,2.03,16.05.2024 15:41:29
0,200.44,1069,1000,21.14,65.00,0,2.00,16.05.2024 15:41:31
0,199.69,1065,1000,21.16,65.03,0,1.92,16.05.2024 15:41:33
0,195.94,1045,999,21.14,64.99,0,1.62,16.05.2024 15:41:36
0,198.00,1056,1000,21.16,65.04,0,1.78,16.05.2024 15:41:38
0,197.81,1055,1000,21.14,65.04,0,1.77,16.05.2024 15:41:40
0,198.00,1056,1000,21.14,65.01,0,1.79,16.05.2024 15:41:42
0,198.56,1059,1000,21.12,65.04,0,1.84,16.05.2024 15:41:44
0,198.75,1060,1000,21.15,65.07,0,1.84,16.05.2024 15:41:46
0,202.13,1078,1000,21.14,65.03,0,2.14,16.05.2024 15:41:48
0,200.63,1070,1000,21.12,65.04,0,2.01,16.05.2024 15:41:50
0,200.25,1068,1000,21.12,65.02,0,1.98,16.05.2024 15:41:53
0,198.19,1057,1000,21.14,65.03,0,1.80,16.05.2024 15:41:55
0,198.56,1059,1000,21.11,65.03,0,1.85,16.05.2024 15:41:57
0,198.38,1058,1000,21.11,65.08,0,1.83,16.05.2024 15:41:59
0,198.19,1057,1001,21.11,65.09,0,1.81,16.05.2024 15:42:01
0,195.56,1043,1001,21.11,65.06,0,1.60,16.05.2024 15:42:03
0,197.63,1054,1001,21.11,65.04,0,1.77,16.05.2024 15:42:05
0,197.63,1054,1001,21.11,65.09,0,1.76,16.05.2024 15:42:07
0,199.31,1063,1001,21.11,65.05,0,1.91,16.05.2024 15:42:10
0,200.44,1069,1001,21.14,65.10,0,1.99,16.05.2024 15:42:12
0,197.44,1053,1002,21.09,65.07,0,1.75,16.05.2024 15:42:14
0,196.88,1050,1002,21.11,65.07,0,1.70,16.05.2024 15:42:16
0,197.06,1051,1002,21.09,65.06,0,1.72,16.05.2024 15:42:18
0,196.88,1050,1001,21.08,65.06,0,1.71,16.05.2024 15:42:20
0,198.00,1056,1002,21.09,65.10,0,1.80,16.05.2024 15:42:22
0,197.44,1053,1002,21.08,65.08,0,1.76,16.05.2024 15:42:24
0,199.31,1063,1002,21.06,65.10,0,1.92,16.05.2024 15:42:26
0,196.88,1050,1002,21.09,65.10,0,1.70,16.05.2024 15:42:29
0,196.88,1050,1002,21.08,65.08,0,1.71,16.05.2024 15:42:31
0,198.75,1060,1003,21.06,65.11,0,1.87,16.05.2024 15:42:33
0,200.63,1070,1002,21.05,65.12,0,2.03,16.05.2024 15:42:35
0,198.19,1057,1003,21.08,65.10,0,1.82,16.05.2024 15:42:37
0,197.44,1053,1002,21.06,65.12,0,1.76,16.05.2024 15:42:39
0,200.63,1070,1002,21.09,65.12,0,2.02,16.05.2024 15:42:43
0,195.94,1045,1003,21.05,65.14,0,1.64,16.05.2024 15:42:45
0,196.13,1046,1002,21.06,65.13,0,1.65,16.05.2024 15:42:48
0,197.81,1055,1003,21.05,65.14,0,1.79,16.05.2024 15:42:50
0,196.50,1048,1003,21.08,65.12,0,1.68,16.05.2024 15:42:52
0,195.00,1040,1003,21.02,65.13,0,1.57,16.05.2024 15:42:54
0,193.13,1030,1003,21.05,65.12,0,1.42,16.05.2024 15:42:56
0,193.31,1031,1003,21.04,65.12,0,1.44,16.05.2024 15:42:58
0,192.19,1025,1004,21.02,65.11,0,1.35,16.05.2024 15:43:00
0,192.56,1027,1003,21.05,65.16,0,1.37,16.05.2024 15:43:02
0,196.13,1046,1004,21.05,65.14,0,1.65,16.05.2024 15:43:05
0,197.25,1052,1004,21.05,65.14,0,1.75,16.05.2024 15:43:07
0,197.06,1051,1004,21.01,65.16,0,1.74,16.05.2024 15:43:09
0,195.38,1042,1004,21.01,65.15,0,1.61,16.05.2024 15:43:11
0,195.94,1045,1005,21.04,65.17,0,1.64,16.05.2024 15:43:13
0,197.81,1055,1004,21.01,65.17,0,1.81,16.05.2024 15:43:15
0,195.38,1042,1004,21.01,65.14,0,1.61,16.05.2024 15:43:17
0,195.38,1042,1004,21.01,65.18,0,1.61,16.05.2024 15:43:19
0,196.31,1047,1005,21.01,65.18,0,1.68,16.05.2024 15:43:21
0,198.00,1056,1005,20.98,65.15,0,1.83,16.05.2024 15:43:24
0,198.56,1059,1005,20.99,65.17,0,1.87,16.05.2024 15:43:26
0,198.19,1057,1005,21.01,65.20,0,1.83,16.05.2024 15:43:28
0,195.94,1045,1005,20.98,65.21,0,1.66,16.05.2024 15:43:30
0,199.13,1062,1005,20.98,65.15,0,1.93,16.05.2024 15:43:32
0,196.50,1048,1006,21.01,65.17,0,1.70,16.05.2024 15:43:34
0,199.31,1063,1006,20.99,65.19,0,1.94,16.05.2024 15:43:36
0,199.13,1062,1006,20.99,65.20,0,1.92,16.05.2024 15:43:38
0,201.75,1076,1006,20.98,65.19,0,2.15,16.05.2024 15:43:41
0,197.44,1053,1006,20.95,65.21,0,1.79,16.05.2024 15:43:43
0,196.69,1049,1006,20.98,65.19,0,1.72,16.05.2024 15:43:45
0,201.00,1072,1007,20.98,65.21,0,2.08,16.05.2024 15:43:47
0,198.94,1061,1007,20.98,65.23,0,1.90,16.05.2024 15:43:49
0,200.06,1067,1006,20.97,65.21,0,2.01,16.05.2024 15:43:51
0,198.56,1059,1006,20.97,65.21,0,1.88,16.05.2024 15:43:53
0,196.69,1049,1006,20.97,65.23,0,1.72,16.05.2024 15:43:55
0,197.25,1052,1006,20.95,65.21,0,1.78,16.05.2024 15:43:58
0,197.44,1053,1006,20.95,65.23,0,1.79,16.05.2024 15:44:00
0,197.63,1054,1006,20.95,65.22,0,1.81,16.05.2024 15:44:02
0,200.81,1071,1007,20.95,65.26,0,2.07,16.05.2024 15:44:04
0,200.63,1070,1007,20.97,65.24,0,2.05,16.05.2024 15:44:06
0,198.56,1059,1007,20.97,65.23,0,1.88,16.05.2024 15:44:08
0,199.88,1066,1008,20.95,65.25,0,1.99,16.05.2024 15:44:10
0,201.38,1074,1007,20.95,65.25,0,2.12,16.05.2024 15:44:12
0,198.19,1057,1008,20.93,65.25,0,1.86,16.05.2024 15:44:14
0,197.44,1053,1008,20.94,65.26,0,1.79,16.05.2024 15:44:17
0,196.88,1050,1008,20.94,65.26,0,1.74,16.05.2024 15:44:19
0,200.81,1071,1008,20.94,65.26,0,2.08,16.05.2024 15:44:21
0,200.44,1069,1009,20.93,65.23,0,2.05,16.05.2024 15:44:23
0,199.13,1062,1009,20.93,65.27,0,1.94,16.05.2024 15:44:25
0,201.19,1073,1009,20.93,65.24,0,2.12,16.05.2024 15:44:27
0,198.75,1060,1009,20.94,65.25,0,1.90,16.05.2024 15:44:29
0,196.88,1050,1009,20.91,65.27,0,1.75,16.05.2024 15:44:31
0,198.00,1056,1009,20.90,65.24,0,1.86,16.05.2024 15:44:34
0,198.19,1057,1009,20.93,65.27,0,1.86,16.05.2024 15:44:36
0,201.00,1072,1009,20.93,65.25,0,2.10,16.05.2024 15:44:38
0,199.88,1066,1010,20.91,65.27,0,2.01,16.05.2024 15:44:40
0,201.75,1076,1009,20.90,65.30,0,2.17,16.05.2024 15:44:42
0,201.00,1072,1010,20.91,65.29,0,2.10,16.05.2024 15:44:44
0,197.81,1055,1010,20.93,65.33,0,1.82,16.05.2024 15:44:46
0,201.38,1074,1010,20.93,65.27,0,2.13,16.05.2024 15:44:48
0,198.00,1056,1011,20.91,65.32,0,1.84,16.05.2024 15:44:51
0,200.06,1067,1011,20.90,65.28,0,2.03,16.05.2024 15:44:53
0,199.50,1064,1011,20.91,65.32,0,1.97,16.05.2024 15:44:55
0,199.31,1063,1011,20.87,65.31,0,1.97,16.05.2024 15:44:57
0,195.94,1045,1012,20.90,65.30,0,1.68,16.05.2024 15:44:59
0,198.38,1058,1011,20.90,65.33,0,1.88,16.05.2024 15:45:01
0,198.75,1060,1011,20.90,65.32,0,1.91,16.05.2024 15:45:03
0,196.50,1048,1011,20.90,65.31,0,1.72,16.05.2024 15:45:05
0,200.44,1069,1011,20.88,65.34,0,2.06,16.05.2024 15:45:07
0,198.38,1058,1012,20.88,65.34,0,1.88,16.05.2024 15:45:10
0,196.31,1047,1013,20.88,65.32,0,1.71,16.05.2024 15:45:12
0,199.69,1065,1012,20.87,65.32,0,2.00,16.05.2024 15:45:14
0,198.75,1060,1013,20.88,65.34,0,1.91,16.05.2024 15:45:16
0,198.00,1056,1013,20.88,65.37,0,1.85,16.05.2024 15:45:18
0,198.94,1061,1013,20.87,65.33,0,1.94,16.05.2024 15:45:20
0,195.19,1041,1013,20.88,65.37,0,1.62,16.05.2024 15:45:22
0,196.50,1048,1012,20.88,65.37,0,1.72,16.05.2024 15:45:25
0,197.63,1054,1013,20.87,65.36,0,1.82,16.05.2024 15:45:27
0,197.25,1052,1013,20.84,65.34,0,1.80,16.05.2024 15:45:29
0,198.94,1061,1013,20.85,65.34,0,1.94,16.05.2024 15:45:32
0,198.94,1061,1013,20.84,65.40,0,1.94,16.05.2024 15:45:34
0,195.94,1045,1013,20.85,65.37,0,1.69,16.05.2024 15:45:36
0,197.81,1055,1014,20.84,65.36,0,1.85,16.05.2024 15:45:38
0,200.25,1068,1014,20.84,65.36,0,2.06,16.05.2024 15:45:40
0,197.25,1052,1013,20.84,65.34,0,1.80,16.05.2024 15:45:42
0,196.13,1046,1013,20.84,65.37,0,1.71,16.05.2024 15:45:44
0,198.94,1061,1013,20.83,65.38,0,1.95,16.05.2024 15:45:46
0,198.94,1061,1013,20.84,65.41,0,1.94,16.05.2024 15:45:49
0,198.94,1061,1013,20.84,65.41,0,1.94,16.05.2024 15:45:51
0,195.94,1045,1013,20.85,65.38,0,1.69,16.05.2024 15:45:53
0,199.31,1063,1013,20.83,65.38,0,1.98,16.05.2024 15:45:55
0,201.19,1073,1013,20.84,65.40,0,2.14,16.05.2024 15:45:57
0,199.88,1066,1014,20.81,65.39,0,2.03,16.05.2024 15:45:59
0,199.50,1064,1014,20.83,65.41,0,1.99,16.05.2024 15:46:01
0,199.31,1063,1013,20.81,65.38,0,1.99,16.05.2024 15:46:03
0,198.00,1056,1014,20.80,65.37,0,1.88,16.05.2024 15:46:06
0,196.88,1050,1013,20.80,65.40,0,1.78,16.05.2024 15:46:08
0,199.88,1066,1014,20.83,65.42,0,2.02,16.05.2024 15:46:10
0,198.00,1056,1014,20.81,65.41,0,1.87,16.05.2024 15:46:12
0,200.63,1070,1013,20.81,65.42,0,2.09,16.05.2024 15:46:14
0,194.06,1035,1014,20.81,65.41,0,1.55,16.05.2024 15:46:16
0,197.63,1054,1014,20.78,65.39,0,1.85,16.05.2024 15:46:18
0,197.44,1053,1014,20.77,65.41,0,1.84,16.05.2024 15:46:20
0,196.88,1050,1013,20.80,65.41,0,1.78,16.05.2024 15:46:23
0,197.81,1055,1013,20.80,65.42,0,1.86,16.05.2024 15:46:25
0,196.31,1047,1012,20.77,65.43,0,1.74,16.05.2024 15:46:27
0,196.88,1050,1012,20.80,65.42,0,1.78,16.05.2024 15:46:29
0,194.63,1038,1012,20.78,65.43,0,1.60,16.05.2024 15:46:31
0,198.00,1056,1012,20.78,65.41,0,1.88,16.05.2024 15:46:33
0,198.00,1056,1012,20.78,65.41,0,1.88,16.05.2024 15:46:35
0,196.13,1046,1011,20.78,65.42,0,1.72,16.05.2024 15:46:37
0,198.19,1057,1012,20.80,65.38,0,1.89,16.05.2024 15:46:39
0,198.56,1059,1012,20.78,65.42,0,1.93,16.05.2024 15:46:42
0,195.38,1042,1011,20.77,65.44,0,1.66,16.05.2024 15:46:44
0,195.38,1042,1012,20.78,65.41,0,1.66,16.05.2024 15:46:46
0,196.31,1047,1012,20.74,65.40,0,1.75,16.05.2024 15:46:48
0,196.50,1048,1011,20.78,65.42,0,1.75,16.05.2024 15:46:50
0,198.00,1056,1011,20.77,65.39,0,1.89,16.05.2024 15:46:52
0,195.19,1041,1012,20.75,65.42,0,1.66,16.05.2024 15:46:54
0,198.75,1060,1011,20.77,65.46,0,1.95,16.05.2024 15:46:56
0,194.44,1037,1012,20.75,65.43,0,1.59,16.05.2024 15:46:59
0,198.75,1060,1012,20.77,65.45,0,1.95,16.05.2024 15:47:01
0,197.06,1051,1011,20.74,65.46,0,1.81,16.05.2024 15:47:03
0,196.13,1046,1012,20.75,65.44,0,1.73,16.05.2024 15:47:05
0,196.69,1049,1012,20.75,65.47,0,1.78,16.05.2024 15:47:07
0,199.13,1062,1012,20.75,65.46,0,1.98,16.05.2024 15:47:09
0,197.25,1052,1012,20.74,65.49,0,1.83,16.05.2024 15:47:11
0,196.50,1048,1012,20.74,65.43,0,1.77,16.05.2024 15:47:13
0,197.06,1051,1011,20.73,65.44,0,1.82,16.05.2024 15:47:16
0,193.88,1034,1011,20.75,65.47,0,1.55,16.05.2024 15:47:18
0,201.94,1077,1012,20.73,65.47,0,2.24,16.05.2024 15:47:20
0,196.88,1050,1012,20.75,65.50,0,1.79,16.05.2024 15:47:22
0,193.13,1030,1012,20.73,65.46,0,1.49,16.05.2024 15:47:24
0,194.06,1035,1012,20.74,65.48,0,1.56,16.05.2024 15:47:26
0,193.69,1033,1013,20.71,65.47,0,1.54,16.05.2024 15:47:28
0,195.94,1045,1013,20.74,65.47,0,1.72,16.05.2024 15:47:30
0,194.81,1039,1013,20.73,65.49,0,1.63,16.05.2024 15:47:32
0,198.19,1057,1014,20.74,65.47,0,1.91,16.05.2024 15:47:35
0,196.88,1050,1013,20.71,65.53,0,1.80,16.05.2024 15:47:37
0,198.75,1060,1013,20.70,65.51,0,1.97,16.05.2024 15:47:41
0,195.56,1043,1014,20.71,65.48,0,1.70,16.05.2024 15:47:43
0,196.13,1046,1014,20.68,65.49,0,1.75,16.05.2024 15:47:45
0,197.25,1052,1015,20.71,65.52,0,1.83,16.05.2024 15:47:47
0,194.25,1036,1016,20.71,65.52,0,1.59,16.05.2024 15:47:49
0,191.81,1023,1016,20.70,65.51,0,1.40,16.05.2024 15:47:51
0,193.50,1032,1016,20.71,65.52,0,1.53,16.05.2024 15:47:54
0,193.50,1032,1016,20.71,65.50,0,1.53,16.05.2024 15:47:56
0,193.88,1034,1015,20.68,65.50,0,1.57,16.05.2024 15:47:58
0,193.88,1034,1016,20.70,65.51,0,1.56,16.05.2024 15:48:00
0,192.56,1027,1016,20.70,65.54,0,1.45,16.05.2024 15:48:02
0,193.88,1034,1015,20.68,65.49,0,1.57,16.05.2024 15:48:04
0,196.31,1047,1015,20.70,65.54,0,1.76,16.05.2024 15:48:06
0,190.31,1015,1015,20.67,65.50,0,1.29,16.05.2024 15:48:08
0,194.25,1036,1015,20.68,65.50,0,1.60,16.05.2024 15:48:11
0,197.25,1052,1016,20.68,65.54,0,1.84,16.05.2024 15:48:13
0,193.31,1031,1016,20.65,65.51,0,1.53,16.05.2024 15:48:15
0,196.88,1050,1016,20.67,65.53,0,1.82,16.05.2024 15:48:17
0,193.50,1032,1016,20.65,65.54,0,1.54,16.05.2024 15:48:19
0,195.56,1043,1016,20.67,65.56,0,1.70,16.05.2024 15:48:21
0,197.06,1051,1016,20.67,65.57,0,1.83,16.05.2024 15:48:23
0,194.44,1037,1016,20.64,65.52,0,1.63,16.05.2024 15:48:25
0,200.06,1067,1017,20.68,65.56,0,2.08,16.05.2024 15:48:27
0,196.31,1047,1017,20.67,65.53,0,1.77,16.05.2024 15:48:30
0,200.63,1070,1018,20.68,65.56,0,2.13,16.05.2024 15:48:32
0,195.75,1044,1017,20.65,65.56,0,1.73,16.05.2024 15:48:34
0,198.00,1056,1017,20.65,65.57,0,1.91,16.05.2024 15:48:36
0,199.13,1062,1017,20.67,65.57,0,2.00,16.05.2024 15:48:38
0,197.81,1055,1017,20.65,65.56,0,1.90,16.05.2024 15:48:40
0,198.75,1060,1017,20.64,65.59,0,1.98,16.05.2024 15:48:42
0,198.56,1059,1016,20.64,65.56,0,1.97,16.05.2024 15:48:44
0,197.63,1054,1017,20.64,65.58,0,1.89,16.05.2024 15:48:47
0,198.38,1058,1016,20.63,65.60,0,1.95,16.05.2024 15:48:49
0,198.75,1060,1017,20.64,65.56,0,1.98,16.05.2024 15:48:51
0,196.13,1046,1017,20.63,65.58,0,1.76,16.05.2024 15:48:53
0,192.00,1024,1017,20.63,65.61,0,1.43,16.05.2024 15:48:55
0,197.06,1051,1017,20.64,65.58,0,1.84,16.05.2024 15:48:57
0,198.38,1058,1018,20.63,65.61,0,1.95,16.05.2024 15:48:59
0,197.06,1051,1018,20.63,65.62,0,1.84,16.05.2024 15:49:01
0,195.38,1042,1018,20.63,65.61,0,1.70,16.05.2024 15:49:03
0,197.44,1053,1018,20.61,65.60,0,1.88,16.05.2024 15:49:06
0,195.38,1042,1017,20.60,65.60,0,1.71,16.05.2024 15:49:08
0,198.00,1056,1018,20.61,65.60,0,1.93,16.05.2024 15:49:10
0,197.44,1053,1018,20.64,65.64,0,1.86,16.05.2024 15:49:12
0,195.38,1042,1018,20.61,65.60,0,1.71,16.05.2024 15:49:14
0,197.06,1051,1017,20.60,65.64,0,1.85,16.05.2024 15:49:16
0,195.56,1043,1017,20.60,65.61,0,1.72,16.05.2024 15:49:18
0,198.38,1058,1017,20.58,65.60,0,1.97,16.05.2024 15:49:20
0,197.25,1052,1017,20.60,65.62,0,1.87,16.05.2024 15:49:23
0,198.56,1059,1017,20.61,65.63,0,1.97,16.05.2024 15:49:25
0,195.19,1041,1018,20.60,65.64,0,1.69,16.05.2024 15:49:27
0,196.31,1047,1018,20.61,65.63,0,1.78,16.05.2024 15:49:29
0,197.81,1055,1018,20.60,65.63,0,1.91,16.05.2024 15:49:31
0,195.19,1041,1018,20.58,65.63,0,1.70,16.05.2024 15:49:33
0,198.94,1061,1017,20.60,65.68,0,2.00,16.05.2024 15:49:35
0,198.19,1057,1017,20.58,65.67,0,1.95,16.05.2024 15:49:37
0,195.19,1041,1017,20.57,65.62,0,1.70,16.05.2024 15:49:40
0,195.94,1045,1017,20.55,65.60,0,1.77,16.05.2024 15:49:42
0,195.00,1040,1016,20.55,65.63,0,1.69,16.05.2024 15:49:44
0,196.13,1046,1016,20.57,65.64,0,1.78,16.05.2024 15:49:46
0,198.00,1056,1017,20.55,65.63,0,1.94,16.05.2024 15:49:48
0,196.69,1049,1017,20.57,65.62,0,1.83,16.05.2024 15:49:50
0,196.13,1046,1017,20.57,65.63,0,1.78,16.05.2024 15:49:52
0,197.25,1052,1017,20.57,65.64,0,1.87,16.05.2024 15:49:54
0,197.06,1051,1017,20.57,65.63,0,1.86,16.05.2024 15:49:56
0,198.38,1058,1017,20.60,65.68,0,1.96,16.05.2024 15:49:59
0,198.19,1057,1016,20.57,65.66,0,1.95,16.05.2024 15:50:01
0,193.13,1030,1016,20.54,65.66,0,1.54,16.05.2024 15:50:03
0,195.94,1045,1017,20.57,65.67,0,1.76,16.05.2024 15:50:05
0,197.44,1053,1017,20.57,65.65,0,1.89,16.05.2024 15:50:07
0,195.75,1044,1017,20.55,65.66,0,1.75,16.05.2024 15:50:09
0,194.44,1037,1018,20.55,65.65,0,1.64,16.05.2024 15:50:11
0,195.38,1042,1018,20.55,65.67,0,1.72,16.05.2024 15:50:13
0,193.13,1030,1018,20.55,65.68,0,1.53,16.05.2024 15:50:16
0,194.06,1035,1017,20.53,65.63,0,1.62,16.05.2024 15:50:18
0,196.69,1049,1017,20.54,65.62,0,1.84,16.05.2024 15:50:20
0,199.88,1066,1017,20.55,65.68,0,2.10,16.05.2024 15:50:22
0,198.56,1059,1017,20.54,65.64,0,2.00,16.05.2024 15:50:24
0,196.88,1050,1017,20.53,65.66,0,1.85,16.05.2024 15:50:26
0,195.56,1043,1017,20.57,65.68,0,1.73,16.05.2024 15:50:28
0,197.06,1051,1017,20.54,65.66,0,1.87,16.05.2024 15:50:30
0,195.19,1041,1016,20.50,65.68,0,1.72,16.05.2024 15:50:33
0,195.00,1040,1016,20.53,65.66,0,1.70,16.05.2024 15:50:35
0,197.44,1053,1016,20.53,65.67,0,1.90,16.05.2024 15:50:37
0,199.13,1062,1016,20.48,65.68,0,2.06,16.05.2024 15:50:39
0,194.63,1038,1016,20.53,65.67,0,1.67,16.05.2024 15:50:41
0,197.06,1051,1016,20.50,65.69,0,1.88,16.05.2024 15:50:43
0,197.25,1052,1016,20.51,65.67,0,1.89,16.05.2024 15:50:45
0,198.38,1058,1017,20.53,65.70,0,1.98,16.05.2024 15:50:47
0,194.44,1037,1017,20.50,65.68,0,1.66,16.05.2024 15:50:49
0,196.88,1050,1016,20.53,65.71,0,1.85,16.05.2024 15:50:52
0,198.00,1056,1016,20.50,65.70,0,1.96,16.05.2024 15:50:54
0,198.38,1058,1016,20.48,65.71,0,1.99,16.05.2024 15:50:56
0,195.00,1040,1016,20.51,65.71,0,1.70,16.05.2024 15:50:58
0,195.75,1044,1016,20.50,65.71,0,1.77,16.05.2024 15:51:00
0,197.44,1053,1016,20.50,65.68,0,1.91,16.05.2024 15:51:02
0,193.88,1034,1016,20.50,65.71,0,1.61,16.05.2024 15:51:04
0,194.63,1038,1015,20.50,65.70,0,1.67,16.05.2024 15:51:06
0,193.88,1034,1016,20.48,65.75,0,1.61,16.05.2024 15:51:09
0,196.31,1047,1016,20.47,65.70,0,1.82,16.05.2024 15:51:11
0,194.63,1038,1017,20.47,65.74,0,1.68,16.05.2024 15:51:15
0,196.50,1048,1017,20.50,65.76,0,1.82,16.05.2024 15:51:17
0,192.56,1027,1016,20.48,65.74,0,1.51,16.05.2024 15:51:19
0,193.69,1033,1016,20.47,65.74,0,1.60,16.05.2024 15:51:21
0,192.38,1026,1017,20.48,65.74,0,1.49,16.05.2024 15:51:23
0,196.50,1048,1017,20.48,65.74,0,1.83,16.05.2024 15:51:25
0,193.69,1033,1017,20.48,65.72,0,1.60,16.05.2024 15:51:28
0,192.75,1028,1017,20.48,65.79,0,1.52,16.05.2024 15:51:30
0,192.38,1026,1017,20.47,65.70,0,1.50,16.05.2024 15:51:32
0,192.56,1027,1017,20.48,65.76,0,1.51,16.05.2024 15:51:34
0,194.06,1035,1017,20.48,65.76,0,1.63,16.05.2024 15:51:36
0,194.25,1036,1018,20.47,65.74,0,1.65,16.05.2024 15:51:38
0,192.00,1024,1017,20.46,65.75,0,1.47,16.05.2024 15:51:40
0,186.38,994,1017,20.47,65.77,0,1.03,16.05.2024 15:51:42
0,192.38,1026,1017,20.48,65.76,0,1.49,16.05.2024 15:51:44
0,194.63,1038,1017,20.46,65.81,0,1.68,16.05.2024 15:51:47
0,193.88,1034,1017,20.46,65.77,0,1.62,16.05.2024 15:51:49
0,191.06,1019,1017,20.46,65.76,0,1.40,16.05.2024 15:51:51
0,193.88,1034,1017,20.44,65.74,0,1.63,16.05.2024 15:51:53
0,196.69,1049,1017,20.47,65.77,0,1.85,16.05.2024 15:51:55
0,193.69,1033,1016,20.43,65.80,0,1.61,16.05.2024 15:51:57
0,195.75,1044,1017,20.43,65.76,0,1.79,16.05.2024 15:51:59
0,196.31,1047,1017,20.43,65.75,0,1.83,16.05.2024 15:52:01
0,198.56,1059,1018,20.43,65.82,0,2.02,16.05.2024 15:52:04
0,196.69,1049,1018,20.46,65.80,0,1.85,16.05.2024 15:52:06
0,194.81,1039,1019,20.44,65.79,0,1.70,16.05.2024 15:52:08
0,197.25,1052,1019,20.41,65.79,0,1.92,16.05.2024 15:52:10
0,197.63,1054,1020,20.43,65.80,0,1.94,16.05.2024 15:52:12
0,195.94,1045,1020,20.43,65.80,0,1.80,16.05.2024 15:52:14
0,199.69,1065,1020,20.43,65.82,0,2.12,16.05.2024 15:52:16
0,201.56,1075,1021,20.44,65.82,0,2.28,16.05.2024 15:52:18
0,196.88,1050,1020,20.40,65.82,0,1.89,16.05.2024 15:52:21
0,196.50,1048,1021,20.43,65.82,0,1.84,16.05.2024 15:52:23
0,197.25,1052,1021,20.40,65.79,0,1.92,16.05.2024 15:52:25
0,197.06,1051,1021,20.39,65.82,0,1.91,16.05.2024 15:52:27
0,196.88,1050,1021,20.43,65.81,0,1.88,16.05.2024 15:52:29
0,197.44,1053,1022,20.41,65.80,0,1.93,16.05.2024 15:52:31
0,198.00,1056,1022,20.41,65.82,0,1.98,16.05.2024 15:52:33
0,195.94,1045,1022,20.43,65.81,0,1.80,16.05.2024 15:52:35
0,199.13,1062,1023,20.40,65.81,0,2.08,16.05.2024 15:52:37
0,196.50,1048,1022,20.39,65.81,0,1.86,16.05.2024 15:52:40
0,195.75,1044,1022,20.41,65.82,0,1.79,16.05.2024 15:52:42
0,202.31,1079,1023,20.41,65.81,0,2.36,16.05.2024 15:52:44
0,194.81,1039,1022,20.39,65.80,0,1.72,16.05.2024 15:52:46
0,198.00,1056,1023,20.39,65.83,0,1.99,16.05.2024 15:52:48
0,199.88,1066,1023,20.39,65.81,0,2.15,16.05.2024 15:52:50
0,196.88,1050,1024,20.40,65.77,0,1.89,16.05.2024 15:52:52
0,197.06,1051,1023,20.40,65.81,0,1.90,16.05.2024 15:52:54
0,196.50,1048,1022,20.39,65.83,0,1.86,16.05.2024 15:52:57
0,194.63,1038,1023,20.37,65.81,0,1.71,16.05.2024 15:52:59
0,196.69,1049,1023,20.39,65.80,0,1.88,16.05.2024 15:53:01
0,200.63,1070,1022,20.40,65.82,0,2.21,16.05.2024 15:53:03
0,195.56,1043,1022,20.41,65.82,0,1.77,16.05.2024 15:53:05
0,200.81,1071,1022,20.39,65.79,0,2.24,16.05.2024 15:53:07
0,197.06,1051,1022,20.39,65.83,0,1.91,16.05.2024 15:53:09
0,195.38,1042,1022,20.40,65.83,0,1.76,16.05.2024 15:53:11
0,197.81,1055,1022,20.39,65.83,0,1.97,16.05.2024 15:53:14
0,195.38,1042,1022,20.39,65.84,0,1.76,16.05.2024 15:53:16
0,197.44,1053,1023,20.39,65.83,0,1.94,16.05.2024 15:53:18
0,197.25,1052,1023,20.39,65.82,0,1.92,16.05.2024 15:53:20
0,196.13,1046,1023,20.34,65.82,0,1.84,16.05.2024 15:53:22
0,198.75,1060,1023,20.37,65.80,0,2.06,16.05.2024 15:53:24
0,196.69,1049,1023,20.36,65.83,0,1.88,16.05.2024 15:53:26
0,196.50,1048,1023,20.36,65.83,0,1.87,16.05.2024 15:53:28
0,196.69,1049,1022,20.37,65.81,0,1.88,16.05.2024 15:53:30
0,199.69,1065,1022,20.36,65.82,0,2.15,16.05.2024 15:53:33
0,195.94,1045,1022,20.36,65.81,0,1.82,16.05.2024 15:53:35
0,195.38,1042,1022,20.34,65.84,0,1.78,16.05.2024 15:53:37
0,197.44,1053,1022,20.34,65.82,0,1.95,16.05.2024 15:53:39
0,198.38,1058,1022,20.34,65.81,0,2.04,16.05.2024 15:53:41
0,195.75,1044,1021,20.34,65.82,0,1.81,16.05.2024 15:53:43
0,196.13,1046,1022,20.34,65.85,0,1.84,16.05.2024 15:53:45
0,196.13,1046,1021,20.34,65.83,0,1.84,16.05.2024 15:53:47
0,197.63,1054,1020,20.33,65.84,0,1.97,16.05.2024 15:53:50
0,197.25,1052,1020,20.33,65.87,0,1.94,16.05.2024 15:53:52
0,201.56,1075,1020,20.34,65.88,0,2.31,16.05.2024 15:53:54
0,198.00,1056,1021,20.33,65.83,0,2.01,16.05.2024 15:53:56
0,194.44,1037,1021,20.33,65.84,0,1.70,16.05.2024 15:53:58
0,194.44,1037,1022,20.34,65.83,0,1.70,16.05.2024 15:54:00
0,196.88,1050,1021,20.31,65.82,0,1.92,16.05.2024 15:54:02
0,194.44,1037,1021,20.33,65.83,0,1.70,16.05.2024 15:54:04
0,199.31,1063,1021,20.33,65.85,0,2.12,16.05.2024 15:54:07
0,195.00,1040,1021,20.33,65.86,0,1.75,16.05.2024 15:54:09
0,195.00,1040,1021,20.30,65.83,0,1.76,16.05.2024 15:54:11
0,192.00,1024,1021,20.31,65.86,0,1.51,16.05.2024 15:54:13
0,194.25,1036,1021,20.31,65.83,0,1.69,16.05.2024 15:54:15
0,193.88,1034,1021,20.31,65.82,0,1.66,16.05.2024 15:54:17
0,193.50,1032,1022,20.33,65.84,0,1.63,16.05.2024 15:54:19
0,195.75,1044,1021,20.31,65.83,0,1.82,16.05.2024 15:54:21
0,196.31,1047,1022,20.30,65.83,0,1.87,16.05.2024 15:54:23
0,197.44,1053,1021,20.31,65.81,0,1.97,16.05.2024 15:54:26
0,196.31,1047,1022,20.30,65.83,0,1.87,16.05.2024 15:54:28
0,195.94,1045,1022,20.29,65.83,0,1.84,16.05.2024 15:54:30
0,190.88,1018,1021,20.29,65.83,0,1.43,16.05.2024 15:54:32
0,194.63,1038,1021,20.30,65.84,0,1.73,16.05.2024 15:54:34
0,195.75,1044,1021,20.30,65.90,0,1.82,16.05.2024 15:54:36
0,193.69,1033,1021,20.30,65.83,0,1.65,16.05.2024 15:54:38
0,196.69,1049,1022,20.30,65.86,0,1.90,16.05.2024 15:54:40
0,195.94,1045,1022,20.27,65.86,0,1.85,16.05.2024 15:54:43
0,194.44,1037,1022,20.30,65.86,0,1.71,16.05.2024 15:54:45
0,195.19,1041,1021,20.30,65.86,0,1.77,16.05.2024 15:54:47
0,197.25,1052,1022,20.27,65.83,0,1.96,16.05.2024 15:54:49
0,191.06,1019,1022,20.30,65.85,0,1.44,16.05.2024 15:54:51
0,191.81,1023,1022,20.29,65.86,0,1.50,16.05.2024 15:54:53
0,193.50,1032,1022,20.27,65.84,0,1.65,16.05.2024 15:54:55
0,194.44,1037,1022,20.27,65.86,0,1.72,16.05.2024 15:54:59
0,197.25,1052,1022,20.27,65.83,0,1.96,16.05.2024 15:55:02
0,192.00,1024,1023,20.27,65.88,0,1.52,16.05.2024 15:55:04
0,196.69,1049,1023,20.27,65.88,0,1.91,16.05.2024 15:55:06
0,197.06,1051,1024,20.26,65.85,0,1.95,16.05.2024 15:55:08
0,193.88,1034,1023,20.26,65.83,0,1.68,16.05.2024 15:55:10
0,192.75,1028,1024,20.27,65.87,0,1.58,16.05.2024 15:55:12
0,191.25,1020,1024,20.24,65.87,0,1.47,16.05.2024 15:55:14
0,189.19,1009,1024,20.26,65.88,0,1.30,16.05.2024 15:55:16
0,194.06,1035,1024,20.24,65.85,0,1.70,16.05.2024 15:55:18
0,196.31,1047,1023,20.26,65.86,0,1.88,16.05.2024 15:55:21
0,194.25,1036,1023,20.24,65.90,0,1.71,16.05.2024 15:55:23
0,196.13,1046,1023,20.23,65.88,0,1.88,16.05.2024 15:55:25
0,193.69,1033,1023,20.26,65.88,0,1.66,16.05.2024 15:55:27
0,189.94,1013,1023,20.24,65.88,0,1.37,16.05.2024 15:55:29
0,190.88,1018,1023,20.23,65.89,0,1.44,16.05.2024 15:55:31
0,194.06,1035,1023,20.23,65.90,0,1.70,16.05.2024 15:55:33
0,192.38,1026,1022,20.23,65.91,0,1.56,16.05.2024 15:55:35
0,192.56,1027,1022,20.23,65.91,0,1.58,16.05.2024 15:55:38
0,195.00,1040,1023,20.23,65.90,0,1.78,16.05.2024 15:55:40
0,191.81,1023,1023,20.26,65.92,0,1.51,16.05.2024 15:55:42
0,194.06,1035,1023,20.22,65.89,0,1.71,16.05.2024 15:55:44
0,188.81,1007,1023,20.23,65.92,0,1.28,16.05.2024 15:55:46
0,194.63,1038,1023,20.22,65.91,0,1.75,16.05.2024 15:55:48
0,193.50,1032,1023,20.24,65.92,0,1.65,16.05.2024 15:55:50
0,198.19,1057,1023,20.22,65.89,0,2.06,16.05.2024 15:55:52
0,198.19,1057,1023,20.22,65.94,0,2.05,16.05.2024 15:55:55
0,198.38,1058,1024,20.20,65.93,0,2.08,16.05.2024 15:55:57
0,198.00,1056,1024,20.23,65.94,0,2.03,16.05.2024 15:55:59
0,194.44,1037,1024,20.22,65.94,0,1.73,16.05.2024 15:56:01
0,195.56,1043,1024,20.19,65.93,0,1.84,16.05.2024 15:56:03
0,198.00,1056,1025,20.23,65.91,0,2.04,16.05.2024 15:56:05
0,199.88,1066,1025,20.19,65.88,0,2.22,16.05.2024 15:56:07
0,196.13,1046,1025,20.20,65.95,0,1.88,16.05.2024 15:56:09
0,197.63,1054,1025,20.22,65.93,0,2.01,16.05.2024 15:56:11
0,195.38,1042,1025,20.20,65.93,0,1.82,16.05.2024 15:56:14
0,199.31,1063,1025,20.19,65.92,0,2.17,16.05.2024 15:56:16
0,198.94,1061,1026,20.20,65.95,0,2.13,16.05.2024 15:56:18
0,195.00,1040,1026,20.20,65.93,0,1.79,16.05.2024 15:56:20
0,195.56,1043,1025,20.19,65.94,0,1.84,16.05.2024 15:56:22
0,198.56,1059,1026,20.17,65.91,0,2.11,16.05.2024 15:56:24
0,200.44,1069,1026,20.17,65.92,0,2.27,16.05.2024 15:56:26
0,196.31,1047,1026,20.19,65.92,0,1.90,16.05.2024 15:56:28
0,195.38,1042,1026,20.19,65.93,0,1.82,16.05.2024 15:56:31
0,195.94,1045,1027,20.19,65.94,0,1.87,16.05.2024 15:56:33
0,197.63,1054,1026,20.17,65.94,0,2.02,16.05.2024 15:56:35
0,196.69,1049,1026,20.17,65.93,0,1.94,16.05.2024 15:56:37
0,194.44,1037,1028,20.20,65.93,0,1.74,16.05.2024 15:56:39
0,192.38,1026,1027,20.19,65.95,0,1.57,16.05.2024 15:56:41
0,194.63,1038,1027,20.17,65.98,0,1.76,16.05.2024 15:56:43
0,195.56,1043,1028,20.16,65.93,0,1.85,16.05.2024 15:56:45
0,192.38,1026,1027,20.17,65.95,0,1.58,16.05.2024 15:56:47
0,198.00,1056,1028,20.17,65.96,0,2.05,16.05.2024 15:56:50
0,196.88,1050,1028,20.19,65.97,0,1.95,16.05.2024 15:56:52
0,196.50,1048,1029,20.16,65.96,0,1.93,16.05.2024 15:56:54
0,195.94,1045,1030,20.15,65.97,0,1.88,16.05.2024 15:56:56
0,196.13,1046,1030,20.17,65.96,0,1.89,16.05.2024 15:56:58
0,197.81,1055,1030,20.16,65.95,0,2.04,16.05.2024 15:57:00
0,195.56,1043,1030,20.15,65.94,0,1.85,16.05.2024 15:57:02
0,197.44,1053,1030,20.15,65.96,0,2.01,16.05.2024 15:57:04
0,196.31,1047,1030,20.15,65.99,0,1.91,16.05.2024 15:57:07
0,197.06,1051,1031,20.16,65.96,0,1.98,16.05.2024 15:57:09
0,201.00,1072,1031,20.16,65.96,0,2.33,16.05.2024 15:57:11
0,198.94,1061,1030,20.15,65.95,0,2.15,16.05.2024 15:57:13
0,195.19,1041,1031,20.15,65.96,0,1.82,16.05.2024 15:57:15
0,196.31,1047,1031,20.15,65.96,0,1.92,16.05.2024 15:57:17
0,193.13,1030,1031,20.13,65.97,0,1.65,16.05.2024 15:57:19
0,196.88,1050,1032,20.13,65.96,0,1.97,16.05.2024 15:57:21
0,194.44,1037,1032,20.13,65.97,0,1.76,16.05.2024 15:57:24
0,198.19,1057,1031,20.13,65.97,0,2.08,16.05.2024 15:57:26
0,195.75,1044,1031,20.13,66.01,0,1.87,16.05.2024 15:57:28
0,196.88,1050,1030,20.13,65.99,0,1.97,16.05.2024 15:57:30
0,195.56,1043,1030,20.15,65.97,0,1.85,16.05.2024 15:57:32
0,193.88,1034,1030,20.15,65.98,0,1.71,16.05.2024 15:57:34
0,194.63,1038,1030,20.13,65.97,0,1.78,16.05.2024 15:57:36
0,196.88,1050,1030,20.13,66.02,0,1.96,16.05.2024 15:57:38
0,193.50,1032,1030,20.13,66.01,0,1.68,16.05.2024 15:57:40
0,194.63,1038,1029,20.12,66.02,0,1.78,16.05.2024 15:57:43
0,193.31,1031,1030,20.13,65.99,0,1.66,16.05.2024 15:57:45
0,197.44,1053,1029,20.12,66.01,0,2.02,16.05.2024 15:57:47
0,196.50,1048,1029,20.10,65.96,0,1.95,16.05.2024 15:57:49
0,195.00,1040,1029,20.10,66.02,0,1.81,16.05.2024 15:57:51
0,195.75,1044,1029,20.12,66.03,0,1.87,16.05.2024 15:57:53
0,197.81,1055,1029,20.10,66.03,0,2.06,16.05.2024 15:57:55
0,195.75,1044,1029,20.10,66.03,0,1.88,16.05.2024 15:57:57
0,196.69,1049,1029,20.15,66.04,0,1.94,16.05.2024 15:58:00
0,196.88,1050,1029,20.13,66.03,0,1.96,16.05.2024 15:58:02
0,195.00,1040,1029,20.10,66.04,0,1.81,16.05.2024 15:58:04
0,197.25,1052,1028,20.10,66.00,0,2.01,16.05.2024 15:58:06
0,194.44,1037,1029,20.12,66.03,0,1.76,16.05.2024 15:58:08
0,194.25,1036,1028,20.10,66.02,0,1.75,16.05.2024 15:58:10
0,192.94,1029,1029,20.10,66.00,0,1.64,16.05.2024 15:58:12
0,193.88,1034,1028,20.10,66.02,0,1.72,16.05.2024 15:58:14
0,196.50,1048,1028,20.10,65.99,0,1.94,16.05.2024 15:58:17
0,193.13,1030,1029,20.06,66.04,0,1.67,16.05.2024 15:58:19
0,193.50,1032,1029,20.08,66.06,0,1.69,16.05.2024 15:58:21
0,193.69,1033,1029,20.09,66.02,0,1.71,16.05.2024 15:58:25
0,196.31,1047,1029,20.09,66.06,0,1.93,16.05.2024 15:58:27
0,193.88,1034,1029,20.09,66.05,0,1.72,16.05.2024 15:58:29
0,194.25,1036,1028,20.09,66.05,0,1.75,16.05.2024 15:58:31
0,196.31,1047,1029,20.08,66.06,0,1.93,16.05.2024 15:58:33
0,189.94,1013,1029,20.09,66.03,0,1.40,16.05.2024 15:58:35
0,194.44,1037,1029,20.08,66.07,0,1.77,16.05.2024 15:58:38
0,191.25,1020,1029,20.08,66.02,0,1.51,16.05.2024 15:58:40
0,191.63,1022,1028,20.06,66.04,0,1.55,16.05.2024 15:58:42
0,194.25,1036,1028,20.06,66.08,0,1.76,16.05.2024 15:58:44
0,194.81,1039,1028,20.06,66.08,0,1.81,16.05.2024 15:58:46
0,194.44,1037,1028,20.08,66.06,0,1.77,16.05.2024 15:58:48
0,194.25,1036,1028,20.06,66.08,0,1.76,16.05.2024 15:58:50
0,192.56,1027,1028,20.09,66.06,0,1.61,16.05.2024 15:58:52
0,194.63,1038,1028,20.05,66.08,0,1.80,16.05.2024 15:58:55
0,192.00,1024,1028,20.09,66.04,0,1.57,16.05.2024 15:58:57
0,196.88,1050,1028,20.08,66.11,0,1.98,16.05.2024 15:58:59
0,194.06,1035,1028,20.05,66.04,0,1.75,16.05.2024 15:59:01
0,190.13,1014,1028,20.05,66.07,0,1.43,16.05.2024 15:59:03
0,191.44,1021,1028,20.06,66.08,0,1.53,16.05.2024 15:59:05
0,196.13,1046,1028,20.05,66.06,0,1.93,16.05.2024 15:59:07
0,194.06,1035,1028,20.05,66.09,0,1.75,16.05.2024 15:59:09
0,195.00,1040,1028,20.05,66.06,0,1.83,16.05.2024 15:59:12
0,194.06,1035,1028,20.05,66.06,0,1.75,16.05.2024 15:59:14
0,193.50,1032,1027,20.03,66.12,0,1.70,16.05.2024 15:59:16
0,192.75,1028,1027,20.05,66.08,0,1.64,16.05.2024 15:59:18
0,195.94,1045,1027,20.02,66.09,0,1.92,16.05.2024 15:59:20
0,200.06,1067,1027,20.05,66.08,0,2.27,16.05.2024 15:59:22
0,196.50,1048,1027,20.05,66.08,0,1.96,16.05.2024 15:59:24
0,196.13,1046,1027,20.05,66.10,0,1.92,16.05.2024 15:59:26
0,196.31,1047,1027,20.05,66.12,0,1.94,16.05.2024 15:59:28
0,197.81,1055,1027,20.03,66.11,0,2.07,16.05.2024 15:59:31
0,195.00,1040,1027,20.02,66.10,0,1.84,16.05.2024 15:59:33
0,192.38,1026,1027,20.03,66.11,0,1.61,16.05.2024 15:59:35
0,196.31,1047,1027,20.02,66.12,0,1.95,16.05.2024 15:59:37
0,192.38,1026,1027,20.03,66.08,0,1.61,16.05.2024 15:59:39
0,197.25,1052,1026,20.00,66.13,0,2.03,16.05.2024 15:59:41
0,198.19,1057,1026,20.02,66.09,0,2.11,16.05.2024 15:59:43
0,193.69,1033,1026,20.03,66.10,0,1.72,16.05.2024 15:59:45
0,193.88,1034,1026,20.00,66.10,0,1.75,16.05.2024 15:59:48
0,196.69,1049,1027,20.00,66.14,0,1.98,16.05.2024 15:59:50
0,194.25,1036,1027,20.02,66.14,0,1.77,16.05.2024 15:59:52
0,195.94,1045,1027,20.02,66.12,0,1.91,16.05.2024 15:59:54
0,198.38,1058,1027,20.02,66.07,0,2.13,16.05.2024 15:59:56
0,194.63,1038,1027,20.00,66.13,0,1.81,16.05.2024 15:59:58
