0,151.69,809,701,10.30,70.25,0,0.51,17.05.2024 07:00:01
0,150.75,804,701,10.33,70.27,0,0.44,17.05.2024 07:00:03
0,147.94,789,701,10.31,70.28,0,0.23,17.05.2024 07:00:05
0,152.25,812,700,10.31,70.26,0,0.56,17.05.2024 07:00:07
0,150.56,803,700,10.34,70.26,0,0.42,17.05.2024 07:00:09
0,149.81,799,700,10.31,70.28,0,0.37,17.05.2024 07:00:12
0,148.13,790,701,10.34,70.27,0,0.24,17.05.2024 07:00:14
0,149.81,799,701,10.30,70.27,0,0.37,17.05.2024 07:00:16
0,153.38,818,701,10.33,70.27,0,0.64,17.05.2024 07:00:18
0,149.63,798,701,10.33,70.27,0,0.35,17.05.2024 07:00:20
0,151.88,810,700,10.33,70.27,0,0.52,17.05.2024 07:00:22
0,153.56,819,700,10.31,70.26,0,0.66,17.05.2024 07:00:24
0,148.88,794,700,10.33,70.28,0,0.29,17.05.2024 07:00:26
0,151.69,809,699,10.33,70.24,0,0.51,17.05.2024 07:00:29
0,148.13,790,700,10.33,70.25,0,0.24,17.05.2024 07:00:31
0,148.31,791,700,10.33,70.30,0,0.25,17.05.2024 07:00:33
0,149.06,795,699,10.33,70.30,0,0.31,17.05.2024 07:00:35
0,149.06,795,699,10.34,70.27,0,0.31,17.05.2024 07:00:37
0,148.88,794,699,10.33,70.27,0,0.29,17.05.2024 07:00:39
0,148.50,792,700,10.31,70.26,0,0.27,17.05.2024 07:00:41
0,153.75,820,699,10.33,70.25,0,0.67,17.05.2024 07:00:43
0,149.25,796,698,10.34,70.26,0,0.32,17.05.2024 07:00:46
0,147.19,785,698,10.31,70.25,0,0.17,17.05.2024 07:00:50
0,146.81,783,697,10.33,70.27,0,0.14,17.05.2024 07:00:52
0,150.00,800,697,10.34,70.27,0,0.38,17.05.2024 07:00:54
0,147.19,785,697,10.33,70.25,0,0.17,17.05.2024 07:00:56
0,147.00,784,697,10.33,70.23,0,0.16,17.05.2024 07:00:58
0,149.06,795,696,10.33,70.25,0,0.31,17.05.2024 07:01:00
0,146.44,781,695,10.33,70.25,0,0.12,17.05.2024 07:01:02
0,145.88,778,695,10.30,70.27,0,0.08,17.05.2024 07:01:04
0,153.56,819,694,10.33,70.25,0,0.66,17.05.2024 07:01:07
0,145.50,776,695,10.31,70.24,0,0.05,17.05.2024 07:01:09
0,146.63,782,695,10.33,70.28,0,0.13,17.05.2024 07:01:11
0,149.25,796,694,10.33,70.27,0,0.32,17.05.2024 07:01:13
0,150.94,805,694,10.31,70.26,0,0.45,17.05.2024 07:01:15
0,148.31,791,694,10.33,70.27,0,0.25,17.05.2024 07:01:17
0,150.75,804,695,10.34,70.27,0,0.43,17.05.2024 07:01:19
0,150.19,801,695,10.31,70.26,0,0.40,17.05.2024 07:01:21
0,149.81,799,694,10.31,70.29,0,0.37,17.05.2024 07:01:24
0,150.94,805,694,10.33,70.24,0,0.45,17.05.2024 07:01:26
0,151.13,806,694,10.33,70.29,0,0.46,17.05.2024 07:01:28
0,152.63,814,694,10.34,70.27,0,0.58,17.05.2024 07:01:30
0,150.94,805,695,10.30,70.28,0,0.46,17.05.2024 07:01:32
0,149.81,799,694,10.31,70.27,0,0.37,17.05.2024 07:01:34
0,151.13,806,694,10.33,70.28,0,0.46,17.05.2024 07:01:36
0,150.56,803,694,10.31,70.24,0,0.42,17.05.2024 07:01:38
0,151.13,806,694,10.33,70.27,0,0.46,17.05.2024 07:01:41
0,151.69,809,694,10.34,70.29,0,0.51,17.05.2024 07:01:43
0,151.88,810,694,10.33,70.27,0,0.52,17.05.2024 07:01:45
0,152.81,815,695,10.33,70.27,0,0.60,17.05.2024 07:01:47
0,151.31,807,695,10.31,70.28,0,0.48,17.05.2024 07:01:49
0,150.00,800,695,10.31,70.26,0,0.38,17.05.2024 07:01:51
0,149.25,796,695,10.33,70.25,0,0.32,17.05.2024 07:01:53
0,150.38,802,695,10.33,70.27,0,0.41,17.05.2024 07:01:55
0,152.44,813,695,10.33,70.28,0,0.57,17.05.2024 07:01:57
0,151.88,810,695,10.30,70.27,0,0.53,17.05.2024 07:02:00
0,151.69,809,695,10.31,70.25,0,0.51,17.05.2024 07:02:02
0,151.88,810,695,10.31,70.26,0,0.53,17.05.2024 07:02:04
0,147.94,789,695,10.31,70.27,0,0.23,17.05.2024 07:02:06
0,146.81,783,695,10.31,70.27,0,0.15,17.05.2024 07:02:08
0,148.88,794,695,10.31,70.27,0,0.30,17.05.2024 07:02:10
0,150.56,803,695,10.30,70.28,0,0.43,17.05.2024 07:02:12
0,148.69,793,695,10.31,70.25,0,0.28,17.05.2024 07:02:14
0,156.56,835,695,10.33,70.25,0,0.91,17.05.2024 07:02:17
0,151.50,808,695,10.31,70.25,0,0.50,17.05.2024 07:02:19
0,147.94,789,695,10.31,70.28,0,0.23,17.05.2024 07:02:21
0,146.63,782,696,10.34,70.29,0,0.13,17.05.2024 07:02:23
0,149.25,796,696,10.31,70.27,0,0.32,17.05.2024 07:02:25
0,151.69,809,696,10.31,70.28,0,0.51,17.05.2024 07:02:27
0,145.50,776,696,10.33,70.25,0,0.05,17.05.2024 07:02:29
0,152.25,812,696,10.31,70.24,0,0.56,17.05.2024 07:02:31
0,149.06,795,696,10.31,70.23,0,0.31,17.05.2024 07:02:34
0,150.75,804,697,10.31,70.27,0,0.44,17.05.2024 07:02:36
0,150.00,800,697,10.31,70.25,0,0.38,17.05.2024 07:02:38
0,149.44,797,697,10.31,70.26,0,0.34,17.05.2024 07:02:40
0,154.31,823,698,10.33,70.27,0,0.72,17.05.2024 07:02:42
0,148.88,794,698,10.31,70.25,0,0.30,17.05.2024 07:02:44
0,148.13,790,698,10.31,70.25,0,0.24,17.05.2024 07:02:46
0,147.56,787,698,10.31,70.29,0,0.20,17.05.2024 07:02:48
0,152.25,812,698,10.31,70.26,0,0.56,17.05.2024 07:02:51
0,152.63,814,698,10.33,70.27,0,0.58,17.05.2024 07:02:53
0,150.00,800,699,10.31,70.24,0,0.38,17.05.2024 07:02:57
0,144.19,769,698,10.31,70.27,0,-0.04,17.05.2024 07:02:59
0,148.13,790,699,10.31,70.26,0,0.24,17.05.2024 07:03:01
0,145.69,777,698,10.34,70.25,0,0.06,17.05.2024 07:03:03
0,144.38,770,698,10.34,70.26,0,-0.03,17.05.2024 07:03:05
0,147.00,784,699,10.31,70.23,0,0.16,17.05.2024 07:03:07
0,148.88,794,698,10.33,70.25,0,0.29,17.05.2024 07:03:09
0,147.94,789,699,10.33,70.24,0,0.23,17.05.2024 07:03:12
0,147.75,788,699,10.33,70.24,0,0.21,17.05.2024 07:03:14
0,146.63,782,699,10.30,70.27,0,0.13,17.05.2024 07:03:16
0,150.00,800,699,10.31,70.24,0,0.38,17.05.2024 07:03:18
0,149.25,796,700,10.33,70.27,0,0.32,17.05.2024 07:03:20
0,148.50,792,700,10.30,70.26,0,0.27,17.05.2024 07:03:22
0,157.88,842,700,10.31,70.28,0,1.02,17.05.2024 07:03:24
0,147.19,785,699,10.31,70.23,0,0.17,17.05.2024 07:03:26
0,150.19,801,699,10.31,70.27,0,0.40,17.05.2024 07:03:29
0,152.63,814,698,10.31,70.24,0,0.59,17.05.2024 07:03:31
0,149.63,798,698,10.33,70.25,0,0.35,17.05.2024 07:03:33
0,151.88,810,698,10.33,70.23,0,0.52,17.05.2024 07:03:35
0,151.50,808,698,10.31,70.25,0,0.50,17.05.2024 07:03:37
0,146.81,783,698,10.33,70.28,0,0.14,17.05.2024 07:03:39
0,150.56,803,699,10.33,70.25,0,0.42,17.05.2024 07:03:41
0,150.56,803,699,10.31,70.27,0,0.42,17.05.2024 07:03:43
0,149.06,795,698,10.30,70.26,0,0.31,17.05.2024 07:03:46
0,151.13,806,698,10.30,70.28,0,0.47,17.05.2024 07:03:48
0,150.00,800,698,10.33,70.23,0,0.38,17.05.2024 07:03:50
0,152.25,812,699,10.31,70.27,0,0.55,17.05.2024 07:03:52
0,151.31,807,698,10.31,70.29,0,0.48,17.05.2024 07:03:54
0,151.50,808,698,10.33,70.25,0,0.49,17.05.2024 07:03:56
0,148.69,793,698,10.31,70.25,0,0.28,17.05.2024 07:03:58
0,151.13,806,698,10.31,70.27,0,0.47,17.05.2024 07:04:00
0,152.44,813,698,10.30,70.25,0,0.57,17.05.2024 07:04:02
0,148.69,793,699,10.33,70.27,0,0.28,17.05.2024 07:04:05
0,149.63,798,699,10.31,70.28,0,0.35,17.05.2024 07:04:07
0,151.13,806,698,10.34,70.25,0,0.46,17.05.2024 07:04:09
0,152.06,811,699,10.33,70.28,0,0.54,17.05.2024 07:04:11
0,148.88,794,699,10.33,70.28,0,0.29,17.05.2024 07:04:13
0,151.13,806,699,10.30,70.26,0,0.47,17.05.2024 07:04:15
0,151.13,806,699,10.33,70.27,0,0.46,17.05.2024 07:04:17
0,149.06,795,698,10.30,70.27,0,0.31,17.05.2024 07:04:19
0,149.44,797,699,10.33,70.27,0,0.34,17.05.2024 07:04:22
0,150.19,801,698,10.31,70.27,0,0.40,17.05.2024 07:04:24
0,148.69,793,698,10.31,70.25,0,0.28,17.05.2024 07:04:26
0,149.81,799,699,10.31,70.25,0,0.37,17.05.2024 07:04:28
0,152.44,813,699,10.33,70.25,0,0.57,17.05.2024 07:04:30
0,153.38,818,700,10.31,70.25,0,0.65,17.05.2024 07:04:32
0,150.56,803,701,10.33,70.27,0,0.42,17.05.2024 07:04:34
0,151.50,808,701,10.33,70.27,0,0.49,17.05.2024 07:04:36
0,150.38,802,701,10.30,70.27,0,0.41,17.05.2024 07:04:39
0,147.00,784,701,10.31,70.22,0,0.16,17.05.2024 07:04:41
0,148.69,793,701,10.31,70.23,0,0.28,17.05.2024 07:04:43
0,145.69,777,701,10.33,70.25,0,0.06,17.05.2024 07:04:45
0,151.69,809,701,10.31,70.25,0,0.51,17.05.2024 07:04:47
0,155.06,827,701,10.33,70.27,0,0.78,17.05.2024 07:04:49
0,148.88,794,700,10.30,70.27,0,0.30,17.05.2024 07:04:51
0,150.38,802,699,10.31,70.23,0,0.41,17.05.2024 07:04:53
0,150.38,802,700,10.28,70.22,0,0.42,17.05.2024 07:04:55
0,148.31,791,699,10.31,70.26,0,0.25,17.05.2024 07:04:58
0,148.69,793,700,10.30,70.21,0,0.29,17.05.2024 07:05:02
0,149.06,795,700,10.33,70.29,0,0.31,17.05.2024 07:05:04
0,150.75,804,700,10.31,70.26,0,0.44,17.05.2024 07:05:06
0,146.63,782,700,10.34,70.28,0,0.13,17.05.2024 07:05:08
0,147.38,786,700,10.33,70.27,0,0.18,17.05.2024 07:05:10
0,150.38,802,699,10.30,70.28,0,0.41,17.05.2024 07:05:12
0,147.94,789,699,10.31,70.27,0,0.23,17.05.2024 07:05:14
0,147.38,786,700,10.31,70.23,0,0.19,17.05.2024 07:05:17
0,148.13,790,700,10.33,70.25,0,0.24,17.05.2024 07:05:19
0,144.38,770,700,10.30,70.27,0,-0.02,17.05.2024 07:05:21
0,147.94,789,701,10.33,70.27,0,0.22,17.05.2024 07:05:23
0,146.44,781,700,10.30,70.25,0,0.12,17.05.2024 07:05:25
0,148.31,791,700,10.31,70.27,0,0.25,17.05.2024 07:05:27
0,150.56,803,700,10.30,70.27,0,0.43,17.05.2024 07:05:29
0,151.69,809,700,10.31,70.27,0,0.51,17.05.2024 07:05:31
0,147.56,787,701,10.33,70.28,0,0.20,17.05.2024 07:05:34
0,150.00,800,701,10.31,70.24,0,0.38,17.05.2024 07:05:36
0,151.50,808,701,10.31,70.23,0,0.50,17.05.2024 07:05:38
0,149.25,796,701,10.31,70.25,0,0.33,17.05.2024 07:05:40
0,150.00,800,701,10.30,70.25,0,0.38,17.05.2024 07:05:42
0,149.63,798,701,10.31,70.26,0,0.35,17.05.2024 07:05:44
0,151.88,810,701,10.30,70.27,0,0.53,17.05.2024 07:05:46
0,150.75,804,701,10.30,70.23,0,0.44,17.05.2024 07:05:48
0,150.00,800,701,10.30,70.22,0,0.39,17.05.2024 07:05:50
0,151.31,807,700,10.30,70.28,0,0.48,17.05.2024 07:05:53
0,153.56,819,700,10.30,70.23,0,0.66,17.05.2024 07:05:55
0,148.50,792,700,10.33,70.25,0,0.27,17.05.2024 07:05:57
0,148.88,794,700,10.30,70.28,0,0.30,17.05.2024 07:05:59
0,152.25,812,700,10.28,70.27,0,0.56,17.05.2024 07:06:01
0,153.38,818,700,10.28,70.27,0,0.65,17.05.2024 07:06:03
0,150.19,801,699,10.31,70.26,0,0.40,17.05.2024 07:06:05
0,148.69,793,699,10.30,70.24,0,0.29,17.05.2024 07:06:07
0,152.25,812,699,10.33,70.25,0,0.55,17.05.2024 07:06:10
0,149.44,797,699,10.31,70.27,0,0.34,17.05.2024 07:06:12
0,151.50,808,700,10.30,70.28,0,0.50,17.05.2024 07:06:14
0,152.63,814,700,10.30,70.27,0,0.59,17.05.2024 07:06:16
0,151.31,807,700,10.30,70.28,0,0.48,17.05.2024 07:06:18
0,150.75,804,700,10.30,70.27,0,0.44,17.05.2024 07:06:20
0,150.19,801,700,10.28,70.26,0,0.40,17.05.2024 07:06:22
0,153.38,818,699,10.31,70.29,0,0.64,17.05.2024 07:06:24
0,152.25,812,699,10.30,70.23,0,0.56,17.05.2024 07:06:27
0,154.13,822,699,10.30,70.28,0,0.71,17.05.2024 07:06:29
0,148.31,791,699,10.28,70.28,0,0.26,17.05.2024 07:06:31
0,147.94,789,698,10.33,70.25,0,0.23,17.05.2024 07:06:33
0,150.94,805,698,10.30,70.27,0,0.46,17.05.2024 07:06:35
0,153.56,819,698,10.31,70.26,0,0.66,17.05.2024 07:06:37
0,152.63,814,698,10.33,70.27,0,0.58,17.05.2024 07:06:39
0,151.50,808,698,10.28,70.24,0,0.50,17.05.2024 07:06:41
0,149.81,799,698,10.33,70.27,0,0.36,17.05.2024 07:06:44
0,150.75,804,699,10.31,70.26,0,0.44,17.05.2024 07:06:46
0,149.63,798,698,10.31,70.26,0,0.35,17.05.2024 07:06:48
0,149.44,797,698,10.33,70.27,0,0.34,17.05.2024 07:06:50
0,150.19,801,698,10.31,70.28,0,0.39,17.05.2024 07:06:52
0,154.13,822,698,10.31,70.24,0,0.71,17.05.2024 07:06:54
0,148.31,791,698,10.31,70.26,0,0.25,17.05.2024 07:06:56
0,146.06,779,698,10.31,70.25,0,0.09,17.05.2024 07:06:58
0,146.81,783,698,10.33,70.27,0,0.14,17.05.2024 07:07:00
0,150.19,801,698,10.33,70.25,0,0.39,17.05.2024 07:07:03
0,148.31,791,698,10.31,70.28,0,0.25,17.05.2024 07:07:07
0,149.81,799,698,10.30,70.29,0,0.37,17.05.2024 07:07:09
0,149.81,799,698,10.30,70.26,0,0.37,17.05.2024 07:07:11
0,150.38,802,698,10.28,70.23,0,0.42,17.05.2024 07:07:13
0,147.94,789,698,10.31,70.24,0,0.23,17.05.2024 07:07:15
0,148.13,790,698,10.31,70.25,0,0.24,17.05.2024 07:07:17
0,144.00,768,698,10.31,70.28,0,-0.05,17.05.2024 07:07:19
0,149.63,798,697,10.31,70.25,0,0.35,17.05.2024 07:07:22
0,144.19,769,698,10.33,70.25,0,-0.04,17.05.2024 07:07:24
0,146.25,780,698,10.31,70.23,0,0.11,17.05.2024 07:07:26
0,146.63,782,699,10.31,70.25,0,0.13,17.05.2024 07:07:28
0,147.56,787,699,10.30,70.25,0,0.20,17.05.2024 07:07:30
0,148.69,793,699,10.31,70.26,0,0.28,17.05.2024 07:07:32
0,150.94,805,699,10.31,70.26,0,0.45,17.05.2024 07:07:34
0,153.56,819,699,10.33,70.28,0,0.66,17.05.2024 07:07:36
0,150.19,801,699,10.31,70.28,0,0.39,17.05.2024 07:07:39
0,147.56,787,699,10.31,70.30,0,0.20,17.05.2024 07:07:41
0,148.88,794,699,10.27,70.24,0,0.30,17.05.2024 07:07:43
0,147.94,789,698,10.31,70.24,0,0.23,17.05.2024 07:07:45
0,152.63,814,699,10.28,70.24,0,0.59,17.05.2024 07:07:47
0,146.06,779,698,10.31,70.27,0,0.09,17.05.2024 07:07:49
0,153.19,817,699,10.31,70.28,0,0.63,17.05.2024 07:07:51
0,152.63,814,698,10.30,70.26,0,0.59,17.05.2024 07:07:53
0,150.38,802,698,10.31,70.23,0,0.41,17.05.2024 07:07:55
0,150.38,802,698,10.30,70.26,0,0.41,17.05.2024 07:07:58
0,154.13,822,698,10.28,70.27,0,0.71,17.05.2024 07:08:00
0,150.38,802,698,10.28,70.26,0,0.42,17.05.2024 07:08:02
0,149.63,798,697,10.30,70.28,0,0.36,17.05.2024 07:08:04
0,150.56,803,697,10.31,70.30,0,0.42,17.05.2024 07:08:06
0,155.81,831,697,10.30,70.27,0,0.85,17.05.2024 07:08:08
0,151.31,807,698,10.30,70.26,0,0.48,17.05.2024 07:08:10
0,152.44,813,698,10.31,70.24,0,0.57,17.05.2024 07:08:12
0,147.00,784,698,10.28,70.27,0,0.16,17.05.2024 07:08:15
0,150.56,803,698,10.30,70.25,0,0.43,17.05.2024 07:08:17
0,152.25,812,698,10.31,70.29,0,0.55,17.05.2024 07:08:19
0,149.81,799,698,10.31,70.26,0,0.37,17.05.2024 07:08:21
0,147.94,789,698,10.30,70.25,0,0.23,17.05.2024 07:08:23
0,146.25,780,699,10.30,70.25,0,0.11,17.05.2024 07:08:25
0,150.56,803,698,10.28,70.25,0,0.43,17.05.2024 07:08:27
0,148.13,790,699,10.28,70.26,0,0.25,17.05.2024 07:08:29
0,148.69,793,699,10.31,70.23,0,0.28,17.05.2024 07:08:32
0,151.31,807,699,10.30,70.28,0,0.48,17.05.2024 07:08:34
0,149.06,795,699,10.28,70.26,0,0.32,17.05.2024 07:08:36
0,150.19,801,699,10.31,70.26,0,0.40,17.05.2024 07:08:38
0,148.88,794,698,10.33,70.27,0,0.29,17.05.2024 07:08:40
0,151.50,808,699,10.28,70.27,0,0.50,17.05.2024 07:08:42
0,149.63,798,698,10.30,70.26,0,0.36,17.05.2024 07:08:44
0,148.31,791,698,10.30,70.30,0,0.26,17.05.2024 07:08:46
0,149.81,799,698,10.30,70.26,0,0.37,17.05.2024 07:08:48
0,152.63,814,698,10.28,70.24,0,0.59,17.05.2024 07:08:51
0,150.75,804,698,10.31,70.24,0,0.44,17.05.2024 07:08:53
0,149.81,799,699,10.30,70.25,0,0.37,17.05.2024 07:08:55
0,150.94,805,699,10.30,70.22,0,0.46,17.05.2024 07:08:57
0,150.75,804,698,10.30,70.27,0,0.44,17.05.2024 07:08:59
0,148.69,793,698,10.30,70.24,0,0.29,17.05.2024 07:09:01
0,149.06,795,698,10.31,70.27,0,0.31,17.05.2024 07:09:03
0,151.31,807,699,10.31,70.26,0,0.48,17.05.2024 07:09:05
0,152.63,814,699,10.30,70.27,0,0.59,17.05.2024 07:09:10
0,149.25,796,698,10.33,70.25,0,0.32,17.05.2024 07:09:12
0,147.56,787,697,10.31,70.30,0,0.20,17.05.2024 07:09:14
0,148.13,790,697,10.30,70.25,0,0.24,17.05.2024 07:09:16
0,146.44,781,697,10.31,70.27,0,0.12,17.05.2024 07:09:18
0,148.13,790,697,10.30,70.26,0,0.24,17.05.2024 07:09:20
0,146.81,783,697,10.31,70.25,0,0.15,17.05.2024 07:09:22
0,145.50,776,697,10.28,70.26,0,0.06,17.05.2024 07:09:24
0,144.94,773,697,10.31,70.24,0,0.01,17.05.2024 07:09:27
0,147.75,788,697,10.31,70.25,0,0.21,17.05.2024 07:09:29
0,148.50,792,697,10.30,70.28,0,0.27,17.05.2024 07:09:31
0,150.00,800,697,10.30,70.25,0,0.38,17.05.2024 07:09:33
0,155.06,827,697,10.34,70.27,0,0.78,17.05.2024 07:09:35
0,149.06,795,698,10.30,70.25,0,0.31,17.05.2024 07:09:37
0,149.25,796,698,10.31,70.26,0,0.32,17.05.2024 07:09:39
0,153.00,816,698,10.31,70.23,0,0.62,17.05.2024 07:09:41
0,149.44,797,698,10.30,70.26,0,0.34,17.05.2024 07:09:44
0,149.81,799,698,10.28,70.25,0,0.37,17.05.2024 07:09:46
0,150.75,804,697,10.31,70.28,0,0.44,17.05.2024 07:09:48
0,152.06,811,697,10.31,70.25,0,0.54,17.05.2024 07:09:50
0,148.69,793,697,10.30,70.26,0,0.29,17.05.2024 07:09:52
0,148.13,790,696,10.30,70.26,0,0.24,17.05.2024 07:09:54
0,150.19,801,697,10.30,70.24,0,0.40,17.05.2024 07:09:56
0,150.00,800,697,10.31,70.28,0,0.38,17.05.2024 07:09:58
0,151.50,808,697,10.28,70.26,0,0.50,17.05.2024 07:10:00
0,149.25,796,696,10.30,70.28,0,0.33,17.05.2024 07:10:03
0,155.44,829,696,10.31,70.26,0,0.81,17.05.2024 07:10:05
0,149.06,795,696,10.28,70.27,0,0.32,17.05.2024 07:10:07
0,150.94,805,696,10.31,70.26,0,0.45,17.05.2024 07:10:09
0,152.25,812,696,10.30,70.27,0,0.56,17.05.2024 07:10:11
0,148.69,793,695,10.31,70.29,0,0.28,17.05.2024 07:10:13
0,150.56,803,696,10.30,70.27,0,0.43,17.05.2024 07:10:15
0,150.75,804,696,10.28,70.26,0,0.44,17.05.2024 07:10:17
0,151.31,807,696,10.31,70.28,0,0.48,17.05.2024 07:10:20
0,152.06,811,696,10.30,70.26,0,0.54,17.05.2024 07:10:22
0,146.44,781,696,10.28,70.29,0,0.12,17.05.2024 07:10:24
0,149.25,796,696,10.33,70.29,0,0.32,17.05.2024 07:10:26
0,151.88,810,696,10.30,70.29,0,0.53,17.05.2024 07:10:28
0,147.56,787,696,10.28,70.26,0,0.20,17.05.2024 07:10:30
0,149.06,795,696,10.31,70.30,0,0.31,17.05.2024 07:10:32
0,150.38,802,696,10.30,70.30,0,0.41,17.05.2024 07:10:34
0,152.44,813,697,10.28,70.24,0,0.58,17.05.2024 07:10:37
0,151.31,807,697,10.31,70.29,0,0.48,17.05.2024 07:10:39
0,150.75,804,697,10.28,70.30,0,0.44,17.05.2024 07:10:41
0,150.94,805,697,10.31,70.25,0,0.45,17.05.2024 07:10:43
0,150.00,800,697,10.28,70.25,0,0.39,17.05.2024 07:10:45
0,150.94,805,697,10.28,70.27,0,0.46,17.05.2024 07:10:47
0,152.25,812,696,10.28,70.27,0,0.56,17.05.2024 07:10:49
0,150.94,805,696,10.31,70.27,0,0.45,17.05.2024 07:10:51
0,150.75,804,696,10.28,70.28,0,0.44,17.05.2024 07:10:53
0,146.06,779,696,10.30,70.28,0,0.09,17.05.2024 07:10:56
0,147.56,787,696,10.27,70.28,0,0.21,17.05.2024 07:10:58
0,148.50,792,696,10.31,70.30,0,0.27,17.05.2024 07:11:00
0,148.31,791,696,10.31,70.28,0,0.25,17.05.2024 07:11:02
0,150.75,804,696,10.31,70.28,0,0.44,17.05.2024 07:11:04
0,147.38,786,696,10.31,70.25,0,0.19,17.05.2024 07:11:06
0,148.31,791,696,10.31,70.25,0,0.26,17.05.2024 07:11:08
0,148.13,790,696,10.31,70.27,0,0.24,17.05.2024 07:11:12
0,149.06,795,695,10.30,70.26,0,0.31,17.05.2024 07:11:15
0,146.44,781,695,10.31,70.28,0,0.12,17.05.2024 07:11:17
0,147.19,785,695,10.31,70.26,0,0.17,17.05.2024 07:11:19
0,150.38,802,695,10.31,70.25,0,0.41,17.05.2024 07:11:21
0,145.31,775,695,10.31,70.28,0,0.04,17.05.2024 07:11:23
0,148.50,792,695,10.28,70.27,0,0.27,17.05.2024 07:11:25
0,148.69,793,694,10.30,70.28,0,0.28,17.05.2024 07:11:27
0,144.19,769,694,10.31,70.25,0,-0.04,17.05.2024 07:11:29
0,146.63,782,693,10.30,70.26,0,0.13,17.05.2024 07:11:32
0,151.50,808,693,10.28,70.30,0,0.50,17.05.2024 07:11:34
0,148.13,790,693,10.31,70.27,0,0.24,17.05.2024 07:11:36
0,151.88,810,693,10.30,70.26,0,0.53,17.05.2024 07:11:38
0,152.25,812,693,10.28,70.27,0,0.56,17.05.2024 07:11:40
0,153.00,816,692,10.31,70.23,0,0.62,17.05.2024 07:11:42
0,151.31,807,692,10.31,70.24,0,0.48,17.05.2024 07:11:44
0,153.00,816,692,10.30,70.28,0,0.62,17.05.2024 07:11:46
0,148.88,794,692,10.30,70.25,0,0.30,17.05.2024 07:11:48
0,149.63,798,692,10.30,70.28,0,0.36,17.05.2024 07:11:51
0,152.63,814,692,10.30,70.29,0,0.59,17.05.2024 07:11:53
0,150.75,804,692,10.28,70.25,0,0.44,17.05.2024 07:11:55
0,149.06,795,692,10.30,70.29,0,0.31,17.05.2024 07:11:57
0,154.13,822,692,10.30,70.27,0,0.71,17.05.2024 07:11:59
0,152.63,814,692,10.30,70.29,0,0.59,17.05.2024 07:12:01
0,152.25,812,692,10.30,70.26,0,0.56,17.05.2024 07:12:03
0,152.63,814,693,10.30,70.30,0,0.59,17.05.2024 07:12:05
0,152.25,812,693,10.33,70.28,0,0.55,17.05.2024 07:12:08
0,149.81,799,693,10.30,70.29,0,0.37,17.05.2024 07:12:10
0,148.88,794,693,10.30,70.26,0,0.30,17.05.2024 07:12:12
0,152.63,814,693,10.30,70.29,0,0.59,17.05.2024 07:12:14
0,150.75,804,693,10.30,70.26,0,0.44,17.05.2024 07:12:16
0,148.69,793,693,10.30,70.25,0,0.29,17.05.2024 07:12:18
0,147.94,789,693,10.28,70.24,0,0.23,17.05.2024 07:12:20
0,148.31,791,693,10.28,70.26,0,0.26,17.05.2024 07:12:22
0,151.50,808,693,10.30,70.28,0,0.50,17.05.2024 07:12:25
0,149.63,798,693,10.30,70.28,0,0.36,17.05.2024 07:12:27
0,156.19,833,693,10.31,70.28,0,0.87,17.05.2024 07:12:29
0,150.94,805,693,10.30,70.29,0,0.46,17.05.2024 07:12:31
0,153.38,818,693,10.28,70.27,0,0.65,17.05.2024 07:12:33
0,147.56,787,693,10.33,70.28,0,0.20,17.05.2024 07:12:35
0,150.19,801,693,10.28,70.24,0,0.40,17.05.2024 07:12:37
0,146.44,781,693,10.31,70.27,0,0.12,17.05.2024 07:12:39
0,152.81,815,692,10.30,70.30,0,0.60,17.05.2024 07:12:41
0,146.81,783,692,10.28,70.28,0,0.15,17.05.2024 07:12:44
0,153.00,816,692,10.31,70.24,0,0.62,17.05.2024 07:12:46
0,148.50,792,692,10.30,70.28,0,0.27,17.05.2024 07:12:48
0,153.19,817,692,10.30,70.26,0,0.63,17.05.2024 07:12:50
0,148.69,793,692,10.33,70.27,0,0.28,17.05.2024 07:12:52
0,150.38,802,692,10.30,70.27,0,0.41,17.05.2024 07:12:54
0,149.06,795,692,10.31,70.26,0,0.31,17.05.2024 07:12:56
0,150.19,801,692,10.28,70.27,0,0.40,17.05.2024 07:12:58
0,151.88,810,692,10.30,70.26,0,0.53,17.05.2024 07:13:01
0,149.25,796,692,10.28,70.28,0,0.33,17.05.2024 07:13:03
0,149.44,797,692,10.28,70.27,0,0.34,17.05.2024 07:13:05
0,152.25,812,692,10.30,70.25,0,0.56,17.05.2024 07:13:07
0,149.44,797,692,10.28,70.25,0,0.34,17.05.2024 07:13:09
0,148.50,792,692,10.30,70.26,0,0.27,17.05.2024 07:13:11
0,150.00,800,692,10.31,70.26,0,0.38,17.05.2024 07:13:13
0,148.31,791,692,10.31,70.29,0,0.25,17.05.2024 07:13:17
0,150.56,803,692,10.31,70.24,0,0.42,17.05.2024 07:13:20
0,149.25,796,691,10.28,70.27,0,0.33,17.05.2024 07:13:22
0,147.56,787,691,10.30,70.26,0,0.20,17.05.2024 07:13:24
0,147.94,789,691,10.31,70.27,0,0.23,17.05.2024 07:13:26
0,149.44,797,692,10.27,70.27,0,0.35,17.05.2024 07:13:28
0,145.31,775,692,10.27,70.25,0,0.05,17.05.2024 07:13:30
0,148.50,792,692,10.28,70.28,0,0.27,17.05.2024 07:13:32
0,149.81,799,692,10.30,70.25,0,0.37,17.05.2024 07:13:34
0,147.56,787,692,10.30,70.25,0,0.20,17.05.2024 07:13:37
0,147.38,786,692,10.30,70.27,0,0.19,17.05.2024 07:13:39
0,147.94,789,692,10.27,70.25,0,0.23,17.05.2024 07:13:41
0,146.63,782,692,10.30,70.29,0,0.13,17.05.2024 07:13:43
0,152.25,812,692,10.28,70.27,0,0.56,17.05.2024 07:13:45
0,149.25,796,691,10.30,70.26,0,0.33,17.05.2024 07:13:47
0,149.63,798,691,10.31,70.25,0,0.35,17.05.2024 07:13:49
0,150.75,804,691,10.28,70.27,0,0.44,17.05.2024 07:13:51
0,149.81,799,691,10.30,70.26,0,0.37,17.05.2024 07:13:53
0,149.25,796,691,10.30,70.25,0,0.33,17.05.2024 07:13:56
0,152.06,811,691,10.28,70.26,0,0.55,17.05.2024 07:13:58
0,149.25,796,691,10.31,70.25,0,0.33,17.05.2024 07:14:00
0,150.75,804,691,10.30,70.27,0,0.44,17.05.2024 07:14:02
0,150.75,804,690,10.28,70.27,0,0.44,17.05.2024 07:14:04
0,149.81,799,691,10.30,70.26,0,0.37,17.05.2024 07:14:06
0,150.94,805,691,10.30,70.25,0,0.46,17.05.2024 07:14:08
0,152.44,813,690,10.28,70.27,0,0.58,17.05.2024 07:14:10
0,151.88,810,690,10.28,70.27,0,0.53,17.05.2024 07:14:13
0,151.31,807,690,10.28,70.25,0,0.49,17.05.2024 07:14:15
0,151.69,809,691,10.28,70.25,0,0.52,17.05.2024 07:14:17
0,151.69,809,691,10.27,70.26,0,0.52,17.05.2024 07:14:19
0,149.06,795,690,10.30,70.25,0,0.31,17.05.2024 07:14:21
0,149.25,796,690,10.28,70.27,0,0.33,17.05.2024 07:14:23
0,148.50,792,691,10.28,70.26,0,0.27,17.05.2024 07:14:25
0,148.50,792,690,10.28,70.29,0,0.27,17.05.2024 07:14:27
0,149.06,795,690,10.28,70.26,0,0.32,17.05.2024 07:14:30
0,148.31,791,690,10.28,70.23,0,0.26,17.05.2024 07:14:32
0,150.38,802,690,10.31,70.24,0,0.41,17.05.2024 07:14:34
0,150.00,800,691,10.30,70.29,0,0.38,17.05.2024 07:14:36
0,149.06,795,690,10.30,70.26,0,0.31,17.05.2024 07:14:38
0,150.38,802,690,10.30,70.29,0,0.41,17.05.2024 07:14:40
0,148.31,791,690,10.27,70.25,0,0.26,17.05.2024 07:14:42
0,150.56,803,690,10.28,70.27,0,0.43,17.05.2024 07:14:44
0,150.94,805,690,10.26,70.29,0,0.46,17.05.2024 07:14:46
0,150.56,803,691,10.31,70.24,0,0.42,17.05.2024 07:14:49
0,155.63,830,691,10.28,70.28,0,0.83,17.05.2024 07:14:51
0,151.31,807,692,10.28,70.27,0,0.49,17.05.2024 07:14:53
0,153.19,817,691,10.30,70.29,0,0.63,17.05.2024 07:14:55
0,151.88,810,692,10.28,70.27,0,0.53,17.05.2024 07:14:57
0,153.38,818,692,10.30,70.28,0,0.65,17.05.2024 07:14:59
0,152.81,815,692,10.27,70.25,0,0.61,17.05.2024 07:15:01
0,146.25,780,692,10.28,70.25,0,0.11,17.05.2024 07:15:03
0,148.88,794,691,10.28,70.25,0,0.30,17.05.2024 07:15:06
0,147.38,786,691,10.27,70.26,0,0.19,17.05.2024 07:15:08
0,148.31,791,692,10.28,70.22,0,0.26,17.05.2024 07:15:10
0,148.50,792,691,10.28,70.28,0,0.27,17.05.2024 07:15:12
0,152.44,813,692,10.28,70.27,0,0.58,17.05.2024 07:15:14
0,148.50,792,692,10.30,70.26,0,0.27,17.05.2024 07:15:16
0,147.19,785,691,10.30,70.26,0,0.18,17.05.2024 07:15:18
0,148.69,793,691,10.27,70.26,0,0.29,17.05.2024 07:15:22
0,147.38,786,691,10.30,70.26,0,0.19,17.05.2024 07:15:25
0,148.69,793,691,10.28,70.27,0,0.29,17.05.2024 07:15:27
0,145.31,775,691,10.31,70.29,0,0.04,17.05.2024 07:15:29
0,148.88,794,691,10.28,70.25,0,0.30,17.05.2024 07:15:31
0,152.44,813,691,10.26,70.25,0,0.58,17.05.2024 07:15:33
0,149.44,797,692,10.28,70.27,0,0.34,17.05.2024 07:15:35
0,152.06,811,692,10.30,70.24,0,0.54,17.05.2024 07:15:37
0,149.25,796,692,10.31,70.19,0,0.33,17.05.2024 07:15:39
0,147.94,789,692,10.30,70.27,0,0.23,17.05.2024 07:15:41
0,147.38,786,692,10.28,70.26,0,0.19,17.05.2024 07:15:44
0,148.13,790,692,10.27,70.26,0,0.25,17.05.2024 07:15:46
0,148.88,794,693,10.27,70.25,0,0.30,17.05.2024 07:15:48
0,148.31,791,693,10.30,70.27,0,0.26,17.05.2024 07:15:50
0,146.63,782,692,10.31,70.25,0,0.13,17.05.2024 07:15:52
0,153.94,821,692,10.30,70.25,0,0.69,17.05.2024 07:15:54
0,150.75,804,692,10.27,70.26,0,0.45,17.05.2024 07:15:56
0,150.00,800,692,10.28,70.27,0,0.39,17.05.2024 07:15:58
0,155.44,829,692,10.28,70.27,0,0.82,17.05.2024 07:16:01
0,149.81,799,691,10.28,70.27,0,0.37,17.05.2024 07:16:03
0,150.94,805,692,10.28,70.27,0,0.46,17.05.2024 07:16:05
0,151.88,810,692,10.27,70.26,0,0.53,17.05.2024 07:16:07
0,151.69,809,692,10.28,70.28,0,0.52,17.05.2024 07:16:09
0,153.94,821,692,10.28,70.28,0,0.69,17.05.2024 07:16:11
0,149.63,798,691,10.30,70.27,0,0.36,17.05.2024 07:16:13
0,152.44,813,692,10.27,70.21,0,0.58,17.05.2024 07:16:15
0,152.44,813,691,10.28,70.29,0,0.57,17.05.2024 07:16:18
0,147.19,785,691,10.28,70.27,0,0.18,17.05.2024 07:16:20
0,149.25,796,691,10.26,70.28,0,0.33,17.05.2024 07:16:22
0,151.88,810,691,10.28,70.27,0,0.53,17.05.2024 07:16:24
0,146.81,783,691,10.28,70.26,0,0.15,17.05.2024 07:16:26
0,146.44,781,691,10.31,70.27,0,0.12,17.05.2024 07:16:28
0,154.13,822,691,10.28,70.23,0,0.71,17.05.2024 07:16:30
0,148.69,793,691,10.28,70.29,0,0.29,17.05.2024 07:16:32
0,149.06,795,691,10.28,70.24,0,0.32,17.05.2024 07:16:34
0,151.88,810,691,10.27,70.25,0,0.53,17.05.2024 07:16:37
0,151.13,806,691,10.28,70.27,0,0.47,17.05.2024 07:16:39
0,148.69,793,691,10.31,70.29,0,0.28,17.05.2024 07:16:41
0,148.88,794,691,10.30,70.27,0,0.30,17.05.2024 07:16:43
0,150.75,804,691,10.28,70.27,0,0.44,17.05.2024 07:16:45
0,146.63,782,691,10.28,70.25,0,0.14,17.05.2024 07:16:47
0,150.75,804,691,10.28,70.26,0,0.44,17.05.2024 07:16:49
0,151.31,807,691,10.30,70.26,0,0.48,17.05.2024 07:16:51
0,153.19,817,691,10.28,70.24,0,0.64,17.05.2024 07:16:54
0,148.50,792,690,10.28,70.26,0,0.27,17.05.2024 07:16:56
0,149.44,797,690,10.28,70.22,0,0.35,17.05.2024 07:16:58
0,149.44,797,690,10.30,70.28,0,0.34,17.05.2024 07:17:00
0,150.75,804,690,10.30,70.25,0,0.44,17.05.2024 07:17:02
0,151.13,806,690,10.27,70.25,0,0.48,17.05.2024 07:17:04
0,150.56,803,690,10.30,70.26,0,0.43,17.05.2024 07:17:06
0,150.00,800,690,10.28,70.24,0,0.39,17.05.2024 07:17:08
0,150.56,803,690,10.27,70.27,0,0.43,17.05.2024 07:17:11
0,149.81,799,690,10.28,70.24,0,0.37,17.05.2024 07:17:13
0,149.63,798,690,10.28,70.26,0,0.36,17.05.2024 07:17:15
0,148.31,791,690,10.28,70.26,0,0.26,17.05.2024 07:17:17
0,151.31,807,690,10.30,70.28,0,0.48,17.05.2024 07:17:19
0,150.94,805,690,10.27,70.29,0,0.46,17.05.2024 07:17:21
0,149.81,799,691,10.27,70.25,0,0.37,17.05.2024 07:17:23
0,151.13,806,691,10.30,70.25,0,0.47,17.05.2024 07:17:25
0,150.75,804,690,10.28,70.26,0,0.44,17.05.2024 07:17:30
0,147.75,788,690,10.30,70.23,0,0.22,17.05.2024 07:17:32
0,148.13,790,690,10.28,70.25,0,0.25,17.05.2024 07:17:34
0,146.63,782,690,10.27,70.26,0,0.14,17.05.2024 07:17:36
0,147.38,786,691,10.28,70.26,0,0.19,17.05.2024 07:17:38
0,148.88,794,691,10.27,70.26,0,0.30,17.05.2024 07:17:40
0,150.19,801,691,10.30,70.23,0,0.40,17.05.2024 07:17:42
0,147.94,789,691,10.27,70.26,0,0.23,17.05.2024 07:17:44
0,147.75,788,691,10.28,70.25,0,0.22,17.05.2024 07:17:46
0,148.31,791,691,10.30,70.29,0,0.26,17.05.2024 07:17:49
0,148.31,791,691,10.27,70.27,0,0.26,17.05.2024 07:17:51
0,148.50,792,692,10.27,70.25,0,0.28,17.05.2024 07:17:53
0,147.00,784,692,10.28,70.25,0,0.16,17.05.2024 07:17:55
0,147.56,787,692,10.31,70.26,0,0.20,17.05.2024 07:17:57
0,150.56,803,691,10.27,70.25,0,0.43,17.05.2024 07:17:59
0,152.06,811,691,10.28,70.26,0,0.55,17.05.2024 07:18:01
0,148.13,790,691,10.28,70.27,0,0.25,17.05.2024 07:18:03
0,152.25,812,692,10.27,70.27,0,0.56,17.05.2024 07:18:06
0,150.56,803,692,10.27,70.26,0,0.43,17.05.2024 07:18:08
0,147.75,788,692,10.27,70.22,0,0.22,17.05.2024 07:18:10
0,148.13,790,692,10.28,70.27,0,0.25,17.05.2024 07:18:12
0,149.44,797,693,10.27,70.26,0,0.35,17.05.2024 07:18:14
0,149.25,796,693,10.28,70.27,0,0.33,17.05.2024 07:18:16
0,151.50,808,692,10.30,70.30,0,0.50,17.05.2024 07:18:18
0,149.06,795,692,10.28,70.25,0,0.32,17.05.2024 07:18:20
0,151.69,809,692,10.30,70.27,0,0.51,17.05.2024 07:18:23
0,150.19,801,693,10.27,70.27,0,0.40,17.05.2024 07:18:25
0,149.06,795,693,10.27,70.27,0,0.32,17.05.2024 07:18:27
0,150.00,800,692,10.28,70.28,0,0.39,17.05.2024 07:18:29
0,153.00,816,693,10.31,70.22,0,0.62,17.05.2024 07:18:31
0,149.44,797,694,10.30,70.29,0,0.34,17.05.2024 07:18:33
0,147.75,788,694,10.28,70.24,0,0.22,17.05.2024 07:18:35
0,150.00,800,693,10.30,70.27,0,0.38,17.05.2024 07:18:37
0,148.50,792,693,10.31,70.24,0,0.27,17.05.2024 07:18:39
0,150.00,800,693,10.28,70.26,0,0.39,17.05.2024 07:18:42
0,149.06,795,693,10.30,70.25,0,0.31,17.05.2024 07:18:44
0,151.50,808,693,10.28,70.28,0,0.50,17.05.2024 07:18:46
0,151.88,810,693,10.27,70.28,0,0.53,17.05.2024 07:18:48
0,152.63,814,692,10.30,70.23,0,0.59,17.05.2024 07:18:50
0,150.00,800,692,10.28,70.26,0,0.39,17.05.2024 07:18:52
0,151.88,810,693,10.26,70.25,0,0.54,17.05.2024 07:18:54
0,147.75,788,693,10.30,70.27,0,0.22,17.05.2024 07:18:56
0,149.06,795,693,10.28,70.27,0,0.32,17.05.2024 07:18:59
0,150.00,800,693,10.28,70.25,0,0.39,17.05.2024 07:19:01
0,147.75,788,693,10.28,70.25,0,0.22,17.05.2024 07:19:03
0,147.38,786,693,10.30,70.26,0,0.19,17.05.2024 07:19:05
0,148.31,791,692,10.28,70.27,0,0.26,17.05.2024 07:19:07
0,149.63,798,692,10.28,70.27,0,0.36,17.05.2024 07:19:09
0,149.81,799,692,10.30,70.28,0,0.37,17.05.2024 07:19:11
0,149.25,796,692,10.30,70.27,0,0.33,17.05.2024 07:19:13
0,149.06,795,692,10.26,70.26,0,0.32,17.05.2024 07:19:16
0,149.63,798,692,10.27,70.28,0,0.36,17.05.2024 07:19:18
0,151.13,806,692,10.28,70.27,0,0.47,17.05.2024 07:19:20
0,153.56,819,692,10.28,70.27,0,0.66,17.05.2024 07:19:22
0,149.25,796,692,10.28,70.25,0,0.33,17.05.2024 07:19:24
0,153.00,816,692,10.27,70.26,0,0.62,17.05.2024 07:19:26
0,149.63,798,692,10.28,70.26,0,0.36,17.05.2024 07:19:28
0,147.56,787,692,10.28,70.26,0,0.20,17.05.2024 07:19:32
0,144.56,771,692,10.28,70.25,0,-0.01,17.05.2024 07:19:34
0,149.44,797,693,10.31,70.29,0,0.34,17.05.2024 07:19:37
0,150.56,803,693,10.30,70.27,0,0.43,17.05.2024 07:19:39
0,146.81,783,693,10.26,70.27,0,0.15,17.05.2024 07:19:41
0,148.31,791,693,10.27,70.25,0,0.26,17.05.2024 07:19:43
0,147.56,787,693,10.27,70.28,0,0.21,17.05.2024 07:19:45
0,149.44,797,693,10.28,70.26,0,0.34,17.05.2024 07:19:47
0,147.56,787,693,10.27,70.26,0,0.21,17.05.2024 07:19:49
0,146.44,781,693,10.28,70.26,0,0.12,17.05.2024 07:19:51
0,146.63,782,692,10.28,70.26,0,0.14,17.05.2024 07:19:54
0,147.19,785,693,10.26,70.25,0,0.18,17.05.2024 07:19:56
0,146.06,779,693,10.30,70.30,0,0.09,17.05.2024 07:19:58
0,148.88,794,693,10.28,70.24,0,0.30,17.05.2024 07:20:00
0,150.94,805,693,10.27,70.27,0,0.46,17.05.2024 07:20:02
0,148.69,793,693,10.28,70.27,0,0.29,17.05.2024 07:20:04
0,154.31,823,693,10.30,70.30,0,0.72,17.05.2024 07:20:06
0,154.31,823,693,10.26,70.25,0,0.73,17.05.2024 07:20:08
0,148.50,792,693,10.28,70.28,0,0.27,17.05.2024 07:20:11
0,147.94,789,693,10.27,70.27,0,0.23,17.05.2024 07:20:13
0,150.38,802,693,10.27,70.27,0,0.42,17.05.2024 07:20:15
0,150.19,801,693,10.27,70.25,0,0.40,17.05.2024 07:20:17
0,149.44,797,692,10.28,70.28,0,0.34,17.05.2024 07:20:19
0,150.75,804,693,10.27,70.22,0,0.45,17.05.2024 07:20:21
0,152.06,811,693,10.30,70.26,0,0.54,17.05.2024 07:20:23
0,150.38,802,693,10.30,70.27,0,0.41,17.05.2024 07:20:25
0,149.81,799,693,10.30,70.30,0,0.37,17.05.2024 07:20:27
0,150.19,801,693,10.30,70.27,0,0.40,17.05.2024 07:20:30
0,152.06,811,693,10.27,70.27,0,0.55,17.05.2024 07:20:32
0,151.69,809,693,10.28,70.28,0,0.52,17.05.2024 07:20:34
0,151.69,809,693,10.28,70.27,0,0.52,17.05.2024 07:20:36
0,154.13,822,693,10.27,70.24,0,0.71,17.05.2024 07:20:38
0,149.44,797,693,10.27,70.26,0,0.35,17.05.2024 07:20:40
0,148.69,793,693,10.30,70.26,0,0.29,17.05.2024 07:20:42
0,150.75,804,693,10.28,70.26,0,0.44,17.05.2024 07:20:44
0,150.00,800,693,10.28,70.26,0,0.39,17.05.2024 07:20:47
0,149.06,795,693,10.27,70.25,0,0.32,17.05.2024 07:20:49
0,152.63,814,693,10.26,70.26,0,0.60,17.05.2024 07:20:51
0,149.81,799,693,10.27,70.27,0,0.37,17.05.2024 07:20:53
0,149.63,798,693,10.28,70.27,0,0.36,17.05.2024 07:20:55
0,150.38,802,693,10.28,70.27,0,0.41,17.05.2024 07:20:57
0,153.00,816,693,10.27,70.26,0,0.62,17.05.2024 07:20:59
0,153.38,818,693,10.28,70.25,0,0.65,17.05.2024 07:21:01
0,150.56,803,693,10.26,70.26,0,0.43,17.05.2024 07:21:04
0,150.94,805,692,10.28,70.28,0,0.46,17.05.2024 07:21:06
0,150.94,805,692,10.28,70.27,0,0.46,17.05.2024 07:21:08
0,147.75,788,692,10.30,70.28,0,0.22,17.05.2024 07:21:10
0,145.50,776,693,10.27,70.26,0,0.06,17.05.2024 07:21:12
0,147.00,784,693,10.28,70.25,0,0.16,17.05.2024 07:21:14
0,146.06,779,693,10.27,70.26,0,0.10,17.05.2024 07:21:16
0,150.00,800,693,10.26,70.29,0,0.39,17.05.2024 07:21:18
0,150.19,801,694,10.28,70.27,0,0.40,17.05.2024 07:21:21
0,150.38,802,694,10.28,70.29,0,0.41,17.05.2024 07:21:23
0,149.81,799,694,10.27,70.26,0,0.37,17.05.2024 07:21:25
0,152.25,812,694,10.26,70.24,0,0.57,17.05.2024 07:21:27
0,147.56,787,694,10.27,70.27,0,0.21,17.05.2024 07:21:29
0,146.81,783,694,10.26,70.24,0,0.15,17.05.2024 07:21:31
0,151.88,810,694,10.28,70.29,0,0.53,17.05.2024 07:21:33
0,149.25,796,694,10.30,70.29,0,0.33,17.05.2024 07:21:37
0,150.19,801,694,10.26,70.28,0,0.40,17.05.2024 07:21:40
0,146.44,781,694,10.28,70.29,0,0.12,17.05.2024 07:21:42
0,148.13,790,694,10.27,70.25,0,0.25,17.05.2024 07:21:44
0,149.06,795,694,10.26,70.25,0,0.32,17.05.2024 07:21:46
0,146.81,783,694,10.27,70.27,0,0.15,17.05.2024 07:21:48
0,149.63,798,695,10.28,70.26,0,0.36,17.05.2024 07:21:50
0,149.25,796,695,10.28,70.27,0,0.33,17.05.2024 07:21:52
0,148.31,791,695,10.27,70.29,0,0.26,17.05.2024 07:21:54
0,147.00,784,695,10.27,70.27,0,0.17,17.05.2024 07:21:57
0,145.31,775,695,10.28,70.27,0,0.04,17.05.2024 07:21:59
0,148.69,793,695,10.27,70.25,0,0.29,17.05.2024 07:22:01
0,150.38,802,695,10.28,70.28,0,0.41,17.05.2024 07:22:03
0,146.44,781,696,10.27,70.26,0,0.13,17.05.2024 07:22:05
0,148.69,793,696,10.27,70.27,0,0.29,17.05.2024 07:22:07
0,149.63,798,696,10.27,70.25,0,0.36,17.05.2024 07:22:09
0,150.38,802,695,10.28,70.28,0,0.41,17.05.2024 07:22:11
0,149.81,799,696,10.28,70.26,0,0.37,17.05.2024 07:22:14
0,150.19,801,695,10.28,70.27,0,0.40,17.05.2024 07:22:16
0,149.81,799,695,10.27,70.30,0,0.37,17.05.2024 07:22:18
0,152.06,811,695,10.28,70.29,0,0.54,17.05.2024 07:22:20
0,150.56,803,695,10.27,70.26,0,0.43,17.05.2024 07:22:22
0,147.94,789,695,10.26,70.23,0,0.24,17.05.2024 07:22:24
0,150.38,802,694,10.26,70.28,0,0.42,17.05.2024 07:22:26
0,150.56,803,694,10.24,70.27,0,0.44,17.05.2024 07:22:28
0,149.25,796,694,10.27,70.25,0,0.33,17.05.2024 07:22:30
0,150.38,802,694,10.30,70.27,0,0.41,17.05.2024 07:22:33
0,152.81,815,694,10.26,70.29,0,0.61,17.05.2024 07:22:35
0,151.31,807,693,10.27,70.30,0,0.49,17.05.2024 07:22:37
0,150.94,805,694,10.27,70.29,0,0.46,17.05.2024 07:22:39
0,153.38,818,694,10.27,70.31,0,0.65,17.05.2024 07:22:41
0,147.19,785,694,10.27,70.30,0,0.18,17.05.2024 07:22:43
0,150.56,803,694,10.28,70.28,0,0.43,17.05.2024 07:22:45
0,153.00,816,694,10.28,70.30,0,0.62,17.05.2024 07:22:47
0,149.25,796,694,10.27,70.28,0,0.33,17.05.2024 07:22:50
0,151.13,806,693,10.27,70.28,0,0.47,17.05.2024 07:22:52
0,150.94,805,694,10.28,70.27,0,0.46,17.05.2024 07:22:54
0,152.25,812,693,10.27,70.33,0,0.56,17.05.2024 07:22:56
0,152.81,815,692,10.27,70.29,0,0.61,17.05.2024 07:22:58
0,151.31,807,692,10.28,70.28,0,0.49,17.05.2024 07:23:00
0,148.31,791,692,10.30,70.28,0,0.26,17.05.2024 07:23:02
0,150.94,805,692,10.28,70.28,0,0.46,17.05.2024 07:23:04
0,149.06,795,692,10.27,70.31,0,0.32,17.05.2024 07:23:07
0,149.63,798,692,10.27,70.28,0,0.36,17.05.2024 07:23:09
0,152.06,811,691,10.28,70.28,0,0.55,17.05.2024 07:23:11
0,150.75,804,691,10.27,70.27,0,0.45,17.05.2024 07:23:13
0,149.81,799,692,10.28,70.24,0,0.37,17.05.2024 07:23:15
0,147.56,787,692,10.28,70.29,0,0.20,17.05.2024 07:23:17
0,149.44,797,691,10.28,70.27,0,0.34,17.05.2024 07:23:19
0,154.31,823,692,10.27,70.28,0,0.73,17.05.2024 07:23:21
0,149.81,799,692,10.27,70.29,0,0.37,17.05.2024 07:23:24
0,151.31,807,692,10.27,70.25,0,0.49,17.05.2024 07:23:26
0,150.00,800,692,10.28,70.29,0,0.39,17.05.2024 07:23:28
0,147.94,789,691,10.28,70.28,0,0.23,17.05.2024 07:23:30
0,149.63,798,691,10.27,70.26,0,0.36,17.05.2024 07:23:32
0,151.13,806,691,10.26,70.27,0,0.48,17.05.2024 07:23:34
0,148.69,793,691,10.26,70.24,0,0.29,17.05.2024 07:23:36
0,152.06,811,691,10.27,70.28,0,0.55,17.05.2024 07:23:38
0,146.63,782,691,10.28,70.25,0,0.14,17.05.2024 07:23:41
0,149.63,798,691,10.27,70.28,0,0.36,17.05.2024 07:23:43
0,149.25,796,690,10.27,70.26,0,0.33,17.05.2024 07:23:45
0,148.69,793,690,10.27,70.29,0,0.29,17.05.2024 07:23:49
0,149.81,799,690,10.26,70.30,0,0.38,17.05.2024 07:23:51
0,149.81,799,691,10.28,70.31,0,0.37,17.05.2024 07:23:53
0,149.25,796,691,10.27,70.30,0,0.33,17.05.2024 07:23:55
0,147.19,785,692,10.27,70.29,0,0.18,17.05.2024 07:23:57
0,147.75,788,692,10.27,70.27,0,0.22,17.05.2024 07:24:00
0,149.25,796,692,10.27,70.29,0,0.33,17.05.2024 07:24:02
0,145.13,774,692,10.27,70.29,0,0.03,17.05.2024 07:24:04
2,150.38,802,692,10.28,70.27,0,0.41,17.05.2024 07:24:06
2,147.56,787,692,10.27,70.27,0,0.21,17.05.2024 07:24:08
2,146.25,780,691,10.27,70.27,0,0.11,17.05.2024 07:24:10
2,146.63,782,692,10.27,70.28,0,0.14,17.05.2024 07:24:12
2,146.06,779,692,10.27,70.29,0,0.10,17.05.2024 07:24:14
2,149.44,797,691,10.27,70.28,0,0.35,17.05.2024 07:24:16
2,146.63,782,691,10.27,70.30,0,0.14,17.05.2024 07:24:19
2,148.13,790,691,10.27,70.27,0,0.25,17.05.2024 07:24:21
2,148.69,793,691,10.28,70.27,0,0.29,17.05.2024 07:24:23
2,151.31,807,691,10.28,70.27,0,0.49,17.05.2024 07:24:25
2,151.69,809,691,10.28,70.26,0,0.52,17.05.2024 07:24:27
2,150.75,804,691,10.27,70.26,0,0.45,17.05.2024 07:24:29
2,150.94,805,691,10.27,70.30,0,0.46,17.05.2024 07:24:31
2,150.00,800,691,10.28,70.25,0,0.39,17.05.2024 07:24:33
2,150.19,801,691,10.28,70.27,0,0.40,17.05.2024 07:24:36
2,150.00,800,691,10.28,70.30,0,0.38,17.05.2024 07:24:38
2,153.19,817,690,10.28,70.27,0,0.63,17.05.2024 07:24:40
2,152.81,815,690,10.27,70.29,0,0.61,17.05.2024 07:24:42
2,148.69,793,689,10.26,70.28,0,0.29,17.05.2024 07:24:44
2,151.13,806,689,10.27,70.31,0,0.47,17.05.2024 07:24:46
2,150.00,800,689,10.26,70.29,0,0.39,17.05.2024 07:24:48
2,153.38,818,689,10.27,70.29,0,0.65,17.05.2024 07:24:50
2,150.00,800,688,10.27,70.29,0,0.39,17.05.2024 07:24:53
2,151.13,806,688,10.27,70.29,0,0.47,17.05.2024 07:24:55
2,148.13,790,688,10.26,70.30,0,0.25,17.05.2024 07:24:57
2,150.75,804,687,10.27,70.27,0,0.45,17.05.2024 07:24:59
2,150.94,805,688,10.26,70.29,0,0.46,17.05.2024 07:25:01
2,150.00,800,688,10.28,70.31,0,0.38,17.05.2024 07:25:03
2,149.44,797,687,10.27,70.30,0,0.34,17.05.2024 07:25:05
2,152.63,814,687,10.26,70.27,0,0.59,17.05.2024 07:25:07
2,152.06,811,687,10.27,70.27,0,0.55,17.05.2024 07:25:10
2,150.56,803,687,10.28,70.30,0,0.43,17.05.2024 07:25:12
2,151.13,806,686,10.28,70.29,0,0.47,17.05.2024 07:25:14
2,150.75,804,687,10.27,70.31,0,0.44,17.05.2024 07:25:16
2,149.25,796,687,10.28,70.29,0,0.33,17.05.2024 07:25:18
2,148.69,793,687,10.27,70.32,0,0.29,17.05.2024 07:25:20
2,149.44,797,687,10.27,70.28,0,0.35,17.05.2024 07:25:22
2,146.25,780,687,10.27,70.29,0,0.11,17.05.2024 07:25:24
2,152.25,812,687,10.27,70.28,0,0.56,17.05.2024 07:25:27
2,147.94,789,687,10.26,70.29,0,0.24,17.05.2024 07:25:29
2,151.13,806,688,10.26,70.31,0,0.48,17.05.2024 07:25:31
2,149.06,795,688,10.26,70.27,0,0.32,17.05.2024 07:25:33
2,155.63,830,688,10.28,70.27,0,0.83,17.05.2024 07:25:35
2,149.06,795,688,10.27,70.27,0,0.32,17.05.2024 07:25:37
2,148.31,791,688,10.28,70.28,0,0.26,17.05.2024 07:25:39
2,149.63,798,688,10.26,70.28,0,0.36,17.05.2024 07:25:41
2,150.38,802,688,10.28,70.28,0,0.41,17.05.2024 07:25:44
2,150.56,803,688,10.27,70.30,0,0.43,17.05.2024 07:25:46
2,150.75,804,688,10.27,70.27,0,0.45,17.05.2024 07:25:48
2,146.81,783,689,10.28,70.29,0,0.15,17.05.2024 07:25:50
2,148.50,792,689,10.27,70.27,0,0.28,17.05.2024 07:25:52
2,148.31,791,690,10.28,70.29,0,0.26,17.05.2024 07:25:54
2,147.38,786,690,10.27,70.26,0,0.19,17.05.2024 07:25:56
2,151.13,806,690,10.26,70.30,0,0.48,17.05.2024 07:25:58
2,147.75,788,690,10.28,70.29,0,0.22,17.05.2024 07:26:03
2,148.88,794,690,10.26,70.27,0,0.31,17.05.2024 07:26:05
2,148.88,794,691,10.27,70.27,0,0.30,17.05.2024 07:26:07
2,148.69,793,691,10.26,70.26,0,0.29,17.05.2024 07:26:09
2,145.13,774,691,10.27,70.28,0,0.03,17.05.2024 07:26:11
2,146.81,783,690,10.26,70.29,0,0.15,17.05.2024 07:26:13
2,148.88,794,691,10.28,70.26,0,0.30,17.05.2024 07:26:15
2,147.56,787,690,10.28,70.27,0,0.20,17.05.2024 07:26:17
2,141.38,754,690,10.27,70.28,0,-0.22,17.05.2024 07:26:19
2,148.13,790,691,10.27,70.29,0,0.25,17.05.2024 07:26:22
2,148.50,792,691,10.26,70.28,0,0.28,17.05.2024 07:26:24
2,148.13,790,691,10.27,70.27,0,0.25,17.05.2024 07:26:26
2,147.56,787,691,10.26,70.29,0,0.21,17.05.2024 07:26:28
2,149.06,795,691,10.27,70.30,0,0.32,17.05.2024 07:26:30
2,147.38,786,691,10.30,70.28,0,0.19,17.05.2024 07:26:32
2,150.94,805,691,10.27,70.29,0,0.46,17.05.2024 07:26:34
2,151.50,808,691,10.26,70.28,0,0.51,17.05.2024 07:26:36
2,151.13,806,692,10.27,70.27,0,0.47,17.05.2024 07:26:39
2,152.44,813,692,10.27,70.28,0,0.58,17.05.2024 07:26:41
2,151.50,808,692,10.26,70.30,0,0.51,17.05.2024 07:26:43
2,147.38,786,692,10.28,70.28,0,0.19,17.05.2024 07:26:45
2,150.94,805,692,10.27,70.26,0,0.46,17.05.2024 07:26:47
2,149.44,797,693,10.27,70.29,0,0.35,17.05.2024 07:26:49
2,150.38,802,693,10.28,70.32,0,0.41,17.05.2024 07:26:51
2,153.19,817,693,10.28,70.29,0,0.63,17.05.2024 07:26:53
2,151.31,807,693,10.28,70.31,0,0.49,17.05.2024 07:26:56
2,150.56,803,693,10.27,70.28,0,0.43,17.05.2024 07:26:58
2,153.19,817,693,10.27,70.28,0,0.64,17.05.2024 07:27:00
2,149.06,795,693,10.26,70.23,0,0.32,17.05.2024 07:27:02
2,153.00,816,693,10.26,70.27,0,0.62,17.05.2024 07:27:04
2,150.38,802,693,10.26,70.29,0,0.42,17.05.2024 07:27:06
2,150.56,803,693,10.23,70.32,0,0.44,17.05.2024 07:27:08
2,149.25,796,693,10.27,70.30,0,0.33,17.05.2024 07:27:10
2,151.88,810,693,10.28,70.29,0,0.53,17.05.2024 07:27:13
2,148.69,793,694,10.26,70.30,0,0.29,17.05.2024 07:27:15
2,150.00,800,693,10.27,70.29,0,0.39,17.05.2024 07:27:17
2,151.50,808,694,10.26,70.26,0,0.51,17.05.2024 07:27:19
2,150.75,804,694,10.27,70.31,0,0.44,17.05.2024 07:27:21
2,151.50,808,694,10.28,70.29,0,0.50,17.05.2024 07:27:23
2,154.13,822,695,10.28,70.30,0,0.71,17.05.2024 07:27:25
2,149.06,795,694,10.27,70.31,0,0.32,17.05.2024 07:27:27
2,150.38,802,694,10.28,70.28,0,0.41,17.05.2024 07:27:30
2,146.25,780,694,10.27,70.28,0,0.11,17.05.2024 07:27:32
2,148.13,790,694,10.27,70.29,0,0.25,17.05.2024 07:27:34
2,149.06,795,694,10.27,70.30,0,0.32,17.05.2024 07:27:36
2,147.38,786,694,10.26,70.30,0,0.19,17.05.2024 07:27:38
2,149.25,796,694,10.27,70.31,0,0.33,17.05.2024 07:27:40
2,151.31,807,694,10.28,70.28,0,0.49,17.05.2024 07:27:42
2,152.44,813,694,10.28,70.30,0,0.57,17.05.2024 07:27:44
2,150.38,802,694,10.27,70.30,0,0.42,17.05.2024 07:27:47
2,147.94,789,694,10.28,70.27,0,0.23,17.05.2024 07:27:49
2,149.81,799,695,10.26,70.27,0,0.38,17.05.2024 07:27:51
2,150.56,803,695,10.28,70.28,0,0.43,17.05.2024 07:27:53
2,150.94,805,695,10.27,70.25,0,0.46,17.05.2024 07:27:55
2,150.75,804,694,10.28,70.29,0,0.44,17.05.2024 07:27:57
2,150.19,801,694,10.26,70.27,0,0.40,17.05.2024 07:27:59
2,151.88,810,695,10.28,70.27,0,0.53,17.05.2024 07:28:01
2,149.63,798,695,10.26,70.30,0,0.36,17.05.2024 07:28:04
2,148.69,793,694,10.26,70.29,0,0.29,17.05.2024 07:28:06
2,150.19,801,694,10.27,70.29,0,0.40,17.05.2024 07:28:08
2,149.44,797,695,10.26,70.28,0,0.35,17.05.2024 07:28:10
2,149.81,799,694,10.27,70.27,0,0.37,17.05.2024 07:28:14
2,146.44,781,694,10.27,70.31,0,0.12,17.05.2024 07:28:16
2,148.50,792,694,10.26,70.26,0,0.28,17.05.2024 07:28:18
2,146.44,781,694,10.27,70.28,0,0.12,17.05.2024 07:28:20
2,143.63,766,694,10.26,70.32,0,-0.07,17.05.2024 07:28:22
2,145.31,775,694,10.26,70.28,0,0.05,17.05.2024 07:28:25
2,148.88,794,695,10.26,70.30,0,0.30,17.05.2024 07:28:27
2,148.50,792,695,10.26,70.28,0,0.28,17.05.2024 07:28:29
2,147.38,786,695,10.27,70.28,0,0.19,17.05.2024 07:28:31
2,148.13,790,695,10.28,70.33,0,0.24,17.05.2024 07:28:33
2,147.19,785,695,10.27,70.30,0,0.18,17.05.2024 07:28:35
2,151.50,808,695,10.26,70.27,0,0.51,17.05.2024 07:28:37
2,147.75,788,695,10.24,70.27,0,0.23,17.05.2024 07:28:39
2,148.13,790,695,10.26,70.26,0,0.25,17.05.2024 07:28:42
2,147.00,784,695,10.27,70.25,0,0.17,17.05.2024 07:28:44
2,151.31,807,695,10.27,70.28,0,0.49,17.05.2024 07:28:46
2,152.06,811,695,10.26,70.29,0,0.55,17.05.2024 07:28:48
2,150.56,803,695,10.27,70.27,0,0.43,17.05.2024 07:28:50
2,151.13,806,695,10.24,70.27,0,0.48,17.05.2024 07:28:52
2,148.13,790,696,10.28,70.27,0,0.25,17.05.2024 07:28:54
2,152.81,815,696,10.28,70.30,0,0.60,17.05.2024 07:28:56
2,152.44,813,695,10.27,70.28,0,0.58,17.05.2024 07:28:59
2,149.81,799,695,10.26,70.31,0,0.37,17.05.2024 07:29:01
2,151.13,806,696,10.27,70.28,0,0.47,17.05.2024 07:29:03
2,148.31,791,696,10.27,70.29,0,0.26,17.05.2024 07:29:05
2,149.06,795,696,10.27,70.30,0,0.32,17.05.2024 07:29:07
2,148.31,791,696,10.28,70.28,0,0.26,17.05.2024 07:29:09
2,150.00,800,696,10.28,70.31,0,0.38,17.05.2024 07:29:11
2,150.38,802,696,10.26,70.30,0,0.42,17.05.2024 07:29:13
2,147.56,787,696,10.27,70.30,0,0.21,17.05.2024 07:29:16
2,149.44,797,696,10.26,70.28,0,0.35,17.05.2024 07:29:18
2,149.63,798,697,10.26,70.30,0,0.36,17.05.2024 07:29:20
2,148.13,790,697,10.27,70.28,0,0.25,17.05.2024 07:29:22
2,149.63,798,697,10.24,70.30,0,0.36,17.05.2024 07:29:24
2,151.31,807,697,10.26,70.31,0,0.49,17.05.2024 07:29:26
2,151.69,809,698,10.26,70.30,0,0.52,17.05.2024 07:29:28
2,153.19,817,698,10.26,70.28,0,0.64,17.05.2024 07:29:30
2,149.81,799,697,10.28,70.27,0,0.37,17.05.2024 07:29:33
2,147.75,788,697,10.26,70.27,0,0.22,17.05.2024 07:29:35
2,151.50,808,697,10.28,70.27,0,0.50,17.05.2024 07:29:37
2,155.44,829,697,10.26,70.24,0,0.82,17.05.2024 07:29:39
2,154.31,823,698,10.26,70.27,0,0.73,17.05.2024 07:29:41
2,149.06,795,697,10.24,70.30,0,0.32,17.05.2024 07:29:43
2,150.38,802,698,10.26,70.26,0,0.42,17.05.2024 07:29:45
2,152.06,811,698,10.26,70.28,0,0.55,17.05.2024 07:29:47
2,149.63,798,698,10.26,70.28,0,0.36,17.05.2024 07:29:50
2,146.44,781,699,10.27,70.27,0,0.13,17.05.2024 07:29:52
2,150.75,804,699,10.27,70.27,0,0.45,17.05.2024 07:29:54
2,147.75,788,698,10.26,70.28,0,0.22,17.05.2024 07:29:56
2,148.69,793,698,10.27,70.26,0,0.29,17.05.2024 07:29:58
2,148.69,793,698,10.27,70.28,0,0.29,17.05.2024 07:30:00
2,148.50,792,698,10.26,70.27,0,0.28,17.05.2024 07:30:02
2,148.31,791,698,10.26,70.27,0,0.26,17.05.2024 07:30:04
2,149.25,796,698,10.24,70.25,0,0.34,17.05.2024 07:30:07
2,147.56,787,697,10.24,70.27,0,0.21,17.05.2024 07:30:09
2,152.63,814,698,10.27,70.29,0,0.59,17.05.2024 07:30:11
2,151.50,808,698,10.27,70.27,0,0.50,17.05.2024 07:30:13
2,151.31,807,698,10.28,70.27,0,0.49,17.05.2024 07:30:15
2,151.50,808,698,10.26,70.30,0,0.51,17.05.2024 07:30:17
2,147.75,788,698,10.26,70.28,0,0.22,17.05.2024 07:30:19
2,146.81,783,698,10.27,70.29,0,0.15,17.05.2024 07:30:23
2,147.94,789,697,10.26,70.27,0,0.24,17.05.2024 07:30:25
2,149.06,795,697,10.27,70.28,0,0.32,17.05.2024 07:30:28
2,142.31,759,697,10.26,70.28,0,-0.16,17.05.2024 07:30:30
2,148.50,792,697,10.27,70.27,0,0.28,17.05.2024 07:30:32
2,146.06,779,698,10.27,70.27,0,0.10,17.05.2024 07:30:34
2,147.00,784,698,10.26,70.27,0,0.17,17.05.2024 07:30:36
2,148.69,793,698,10.27,70.29,0,0.29,17.05.2024 07:30:38
2,150.19,801,698,10.26,70.29,0,0.40,17.05.2024 07:30:40
2,146.44,781,698,10.24,70.26,0,0.13,17.05.2024 07:30:42
2,148.50,792,698,10.26,70.29,0,0.28,17.05.2024 07:30:45
2,147.94,789,698,10.28,70.30,0,0.23,17.05.2024 07:30:47
2,147.75,788,698,10.26,70.26,0,0.22,17.05.2024 07:30:49
2,150.56,803,698,10.26,70.27,0,0.43,17.05.2024 07:30:51
2,146.63,782,697,10.27,70.28,0,0.14,17.05.2024 07:30:53
2,150.56,803,697,10.26,70.27,0,0.43,17.05.2024 07:30:55
2,149.63,798,697,10.27,70.25,0,0.36,17.05.2024 07:30:57
2,150.00,800,697,10.26,70.25,0,0.39,17.05.2024 07:30:59
2,150.00,800,696,10.27,70.25,0,0.39,17.05.2024 07:31:02
2,152.06,811,696,10.26,70.30,0,0.55,17.05.2024 07:31:04
2,150.56,803,697,10.26,70.27,0,0.43,17.05.2024 07:31:06
2,152.25,812,697,10.26,70.27,0,0.57,17.05.2024 07:31:08
2,152.25,812,696,10.26,70.30,0,0.56,17.05.2024 07:31:10
2,149.44,797,696,10.27,70.25,0,0.35,17.05.2024 07:31:12
2,146.25,780,696,10.28,70.25,0,0.11,17.05.2024 07:31:14
2,149.44,797,696,10.27,70.31,0,0.34,17.05.2024 07:31:16
2,150.75,804,697,10.26,70.27,0,0.45,17.05.2024 07:31:19
2,149.06,795,696,10.27,70.27,0,0.32,17.05.2024 07:31:21
2,153.75,820,696,10.27,70.26,0,0.68,17.05.2024 07:31:23
2,153.38,818,696,10.26,70.27,0,0.65,17.05.2024 07:31:25
2,153.94,821,696,10.27,70.29,0,0.70,17.05.2024 07:31:27
2,148.69,793,696,10.27,70.27,0,0.29,17.05.2024 07:31:29
2,154.13,822,696,10.26,70.29,0,0.71,17.05.2024 07:31:31
2,153.75,820,696,10.26,70.27,0,0.69,17.05.2024 07:31:33
2,151.88,810,696,10.27,70.25,0,0.53,17.05.2024 07:31:36
2,149.06,795,696,10.27,70.28,0,0.32,17.05.2024 07:31:38
2,149.25,796,696,10.26,70.34,0,0.33,17.05.2024 07:31:40
2,147.94,789,697,10.26,70.28,0,0.24,17.05.2024 07:31:42
2,153.75,820,697,10.26,70.27,0,0.69,17.05.2024 07:31:44
2,149.81,799,696,10.26,70.28,0,0.38,17.05.2024 07:31:46
2,146.81,783,696,10.23,70.27,0,0.16,17.05.2024 07:31:48
2,149.44,797,696,10.26,70.26,0,0.35,17.05.2024 07:31:50
2,148.88,794,696,10.27,70.26,0,0.30,17.05.2024 07:31:53
2,151.88,810,696,10.27,70.25,0,0.53,17.05.2024 07:31:55
2,149.44,797,696,10.26,70.26,0,0.35,17.05.2024 07:31:57
2,148.13,790,696,10.27,70.27,0,0.25,17.05.2024 07:31:59
2,149.81,799,695,10.27,70.29,0,0.37,17.05.2024 07:32:01
2,150.94,805,695,10.27,70.29,0,0.46,17.05.2024 07:32:03
2,150.38,802,695,10.26,70.28,0,0.42,17.05.2024 07:32:05
2,148.13,790,695,10.27,70.25,0,0.25,17.05.2024 07:32:07
2,149.81,799,695,10.26,70.28,0,0.38,17.05.2024 07:32:09
2,152.25,812,696,10.26,70.25,0,0.57,17.05.2024 07:32:12
2,149.63,798,696,10.26,70.30,0,0.36,17.05.2024 07:32:14
2,148.50,792,697,10.26,70.29,0,0.28,17.05.2024 07:32:16
2,150.19,801,697,10.24,70.26,0,0.41,17.05.2024 07:32:18
2,150.00,800,696,10.26,70.24,0,0.39,17.05.2024 07:32:20
2,149.44,797,697,10.26,70.28,0,0.35,17.05.2024 07:32:22
2,151.13,806,697,10.24,70.27,0,0.48,17.05.2024 07:32:24
2,148.13,790,697,10.28,70.27,0,0.25,17.05.2024 07:32:26
2,150.19,801,697,10.26,70.26,0,0.41,17.05.2024 07:32:29
2,152.44,813,697,10.28,70.27,0,0.58,17.05.2024 07:32:33
2,149.44,797,696,10.27,70.27,0,0.35,17.05.2024 07:32:35
2,147.94,789,697,10.24,70.25,0,0.24,17.05.2024 07:32:37
2,147.19,785,697,10.24,70.28,0,0.18,17.05.2024 07:32:39
2,144.75,772,696,10.26,70.27,0,0.01,17.05.2024 07:32:41
2,145.50,776,696,10.24,70.25,0,0.06,17.05.2024 07:32:43
2,149.06,795,696,10.26,70.25,0,0.32,17.05.2024 07:32:45
2,147.75,788,696,10.24,70.30,0,0.22,17.05.2024 07:32:48
2,149.06,795,696,10.27,70.27,0,0.32,17.05.2024 07:32:50
2,152.06,811,696,10.26,70.25,0,0.55,17.05.2024 07:32:52
2,147.38,786,695,10.24,70.24,0,0.20,17.05.2024 07:32:54
2,147.38,786,695,10.27,70.26,0,0.19,17.05.2024 07:32:56
2,149.06,795,695,10.24,70.24,0,0.32,17.05.2024 07:32:58
2,152.44,813,695,10.26,70.26,0,0.58,17.05.2024 07:33:00
2,152.44,813,695,10.27,70.28,0,0.58,17.05.2024 07:33:02
2,149.63,798,694,10.27,70.25,0,0.36,17.05.2024 07:33:05
2,151.31,807,695,10.27,70.27,0,0.49,17.05.2024 07:33:07
2,148.13,790,695,10.26,70.27,0,0.25,17.05.2024 07:33:09
2,150.00,800,695,10.27,70.29,0,0.39,17.05.2024 07:33:11
2,150.00,800,694,10.26,70.29,0,0.39,17.05.2024 07:33:13
2,152.25,812,695,10.24,70.27,0,0.57,17.05.2024 07:33:15
2,152.06,811,695,10.26,70.28,0,0.55,17.05.2024 07:33:17
2,150.56,803,695,10.24,70.27,0,0.44,17.05.2024 07:33:19
2,153.00,816,695,10.24,70.25,0,0.63,17.05.2024 07:33:22
2,150.19,801,695,10.24,70.30,0,0.41,17.05.2024 07:33:24
2,149.44,797,695,10.27,70.30,0,0.34,17.05.2024 07:33:26
2,153.94,821,696,10.26,70.31,0,0.70,17.05.2024 07:33:28
2,148.50,792,695,10.26,70.24,0,0.28,17.05.2024 07:33:30
2,148.50,792,695,10.27,70.30,0,0.27,17.05.2024 07:33:32
2,152.81,815,696,10.26,70.27,0,0.61,17.05.2024 07:33:34
2,151.50,808,696,10.26,70.27,0,0.51,17.05.2024 07:33:36
2,153.38,818,696,10.24,70.28,0,0.66,17.05.2024 07:33:39
2,150.56,803,695,10.26,70.28,0,0.43,17.05.2024 07:33:41
2,149.25,796,694,10.26,70.29,0,0.33,17.05.2024 07:33:43
2,150.56,803,694,10.27,70.27,0,0.43,17.05.2024 07:33:45
2,148.13,790,695,10.24,70.27,0,0.25,17.05.2024 07:33:47
2,151.88,810,694,10.26,70.29,0,0.53,17.05.2024 07:33:49
2,150.75,804,694,10.28,70.28,0,0.44,17.05.2024 07:33:51
2,148.13,790,695,10.26,70.25,0,0.25,17.05.2024 07:33:53
2,150.75,804,695,10.28,70.31,0,0.44,17.05.2024 07:33:55
2,154.31,823,695,10.24,70.27,0,0.73,17.05.2024 07:33:58
2,148.13,790,695,10.26,70.30,0,0.25,17.05.2024 07:34:00
2,152.44,813,695,10.27,70.29,0,0.58,17.05.2024 07:34:02
2,150.56,803,696,10.24,70.27,0,0.44,17.05.2024 07:34:04
0,150.00,800,695,10.24,70.26,0,0.39,17.05.2024 07:34:06
0,151.50,808,696,10.27,70.28,0,0.50,17.05.2024 07:34:08
0,151.69,809,696,10.24,70.27,0,0.52,17.05.2024 07:34:10
0,146.81,783,695,10.26,70.27,0,0.15,17.05.2024 07:34:12
0,147.56,787,696,10.26,70.28,0,0.21,17.05.2024 07:34:15
0,149.06,795,695,10.24,70.27,0,0.32,17.05.2024 07:34:17
0,152.81,815,695,10.24,70.27,0,0.61,17.05.2024 07:34:19
0,150.00,800,695,10.26,70.29,0,0.39,17.05.2024 07:34:21
0,147.38,786,695,10.26,70.29,0,0.19,17.05.2024 07:34:23
0,149.44,797,695,10.26,70.28,0,0.35,17.05.2024 07:34:25
0,149.63,798,695,10.26,70.29,0,0.36,17.05.2024 07:34:27
0,149.81,799,695,10.27,70.26,0,0.37,17.05.2024 07:34:29
0,149.81,799,695,10.24,70.27,0,0.38,17.05.2024 07:34:32
0,150.94,805,695,10.26,70.25,0,0.46,17.05.2024 07:34:34
0,150.75,804,695,10.26,70.31,0,0.45,17.05.2024 07:34:36
0,146.63,782,694,10.27,70.28,0,0.14,17.05.2024 07:34:40
0,149.44,797,694,10.26,70.28,0,0.35,17.05.2024 07:34:42
0,146.63,782,694,10.27,70.27,0,0.14,17.05.2024 07:34:44
0,147.56,787,694,10.27,70.30,0,0.21,17.05.2024 07:34:46
0,142.88,762,694,10.24,70.26,0,-0.12,17.05.2024 07:34:48
0,146.81,783,694,10.26,70.25,0,0.15,17.05.2024 07:34:51
0,146.44,781,694,10.26,70.29,0,0.13,17.05.2024 07:34:53
0,148.50,792,694,10.26,70.28,0,0.28,17.05.2024 07:34:55
0,148.13,790,694,10.26,70.27,0,0.25,17.05.2024 07:34:57
0,144.94,773,694,10.26,70.25,0,0.02,17.05.2024 07:34:59
0,148.69,793,694,10.24,70.26,0,0.29,17.05.2024 07:35:01
0,148.88,794,693,10.26,70.27,0,0.31,17.05.2024 07:35:03
0,150.19,801,693,10.27,70.27,0,0.40,17.05.2024 07:35:05
0,143.63,766,692,10.26,70.28,0,-0.07,17.05.2024 07:35:08
0,150.38,802,693,10.26,70.26,0,0.42,17.05.2024 07:35:10
0,149.06,795,693,10.26,70.29,0,0.32,17.05.2024 07:35:12
0,151.31,807,693,10.24,70.27,0,0.49,17.05.2024 07:35:14
0,152.63,814,692,10.26,70.26,0,0.60,17.05.2024 07:35:16
0,150.00,800,692,10.26,70.26,0,0.39,17.05.2024 07:35:18
0,149.81,799,692,10.26,70.29,0,0.38,17.05.2024 07:35:20
0,151.69,809,691,10.26,70.28,0,0.52,17.05.2024 07:35:22
0,151.31,807,691,10.26,70.27,0,0.49,17.05.2024 07:35:25
0,150.56,803,692,10.27,70.29,0,0.43,17.05.2024 07:35:27
0,150.75,804,692,10.24,70.27,0,0.45,17.05.2024 07:35:29
0,148.31,791,692,10.28,70.28,0,0.26,17.05.2024 07:35:31
0,150.94,805,692,10.23,70.29,0,0.47,17.05.2024 07:35:33
0,150.00,800,692,10.24,70.27,0,0.39,17.05.2024 07:35:35
0,147.94,789,692,10.26,70.27,0,0.24,17.05.2024 07:35:37
0,149.81,799,692,10.24,70.27,0,0.38,17.05.2024 07:35:39
0,154.50,824,692,10.26,70.28,0,0.75,17.05.2024 07:35:42
0,151.31,807,692,10.27,70.31,0,0.49,17.05.2024 07:35:44
0,151.31,807,693,10.28,70.26,0,0.49,17.05.2024 07:35:46
0,149.25,796,693,10.26,70.29,0,0.33,17.05.2024 07:35:48
0,150.75,804,693,10.26,70.30,0,0.45,17.05.2024 07:35:50
0,148.88,794,693,10.26,70.27,0,0.31,17.05.2024 07:35:52
0,152.44,813,693,10.26,70.28,0,0.58,17.05.2024 07:35:54
0,152.63,814,693,10.26,70.29,0,0.59,17.05.2024 07:35:56
0,148.69,793,693,10.26,70.27,0,0.29,17.05.2024 07:35:58
0,145.31,775,693,10.27,70.26,0,0.05,17.05.2024 07:36:01
0,152.44,813,694,10.24,70.28,0,0.58,17.05.2024 07:36:03
0,151.13,806,694,10.26,70.26,0,0.48,17.05.2024 07:36:05
0,152.25,812,694,10.27,70.29,0,0.56,17.05.2024 07:36:07
0,151.31,807,694,10.26,70.26,0,0.49,17.05.2024 07:36:09
0,151.50,808,694,10.27,70.31,0,0.50,17.05.2024 07:36:11
0,151.31,807,695,10.23,70.26,0,0.50,17.05.2024 07:36:13
0,153.38,818,695,10.24,70.30,0,0.66,17.05.2024 07:36:15
0,152.81,815,695,10.26,70.26,0,0.61,17.05.2024 07:36:18
0,151.13,806,695,10.26,70.28,0,0.48,17.05.2024 07:36:20
0,150.00,800,695,10.27,70.27,0,0.39,17.05.2024 07:36:22
0,152.25,812,695,10.26,70.30,0,0.56,17.05.2024 07:36:24
0,153.00,816,695,10.24,70.27,0,0.63,17.05.2024 07:36:26
0,151.31,807,696,10.24,70.28,0,0.49,17.05.2024 07:36:28
0,148.13,790,696,10.24,70.30,0,0.25,17.05.2024 07:36:30
0,150.38,802,696,10.27,70.28,0,0.42,17.05.2024 07:36:32
0,152.81,815,696,10.26,70.27,0,0.61,17.05.2024 07:36:35
0,151.69,809,696,10.26,70.27,0,0.52,17.05.2024 07:36:37
0,153.56,819,697,10.24,70.27,0,0.67,17.05.2024 07:36:39
0,148.88,794,697,10.26,70.28,0,0.31,17.05.2024 07:36:41
0,150.19,801,697,10.27,70.26,0,0.40,17.05.2024 07:36:43
0,148.69,793,697,10.26,70.27,0,0.29,17.05.2024 07:36:45
0,145.88,778,698,10.23,70.30,0,0.09,17.05.2024 07:36:47
0,149.06,795,698,10.24,70.27,0,0.32,17.05.2024 07:36:49
0,150.38,802,698,10.26,70.28,0,0.42,17.05.2024 07:36:52
0,148.50,792,698,10.26,70.30,0,0.28,17.05.2024 07:36:54
0,147.00,784,699,10.26,70.29,0,0.17,17.05.2024 07:36:58
0,147.19,785,698,10.26,70.30,0,0.18,17.05.2024 07:37:00
0,152.06,811,698,10.24,70.28,0,0.55,17.05.2024 07:37:02
0,146.25,780,698,10.27,70.27,0,0.11,17.05.2024 07:37:04
0,147.94,789,698,10.26,70.29,0,0.24,17.05.2024 07:37:06
0,146.44,781,699,10.24,70.30,0,0.13,17.05.2024 07:37:08
0,146.44,781,699,10.26,70.29,0,0.13,17.05.2024 07:37:11
0,139.69,745,699,10.26,70.30,0,-0.33,17.05.2024 07:37:13
0,149.44,797,699,10.27,70.29,0,0.35,17.05.2024 07:37:15
0,145.69,777,700,10.24,70.28,0,0.08,17.05.2024 07:37:17
0,148.13,790,700,10.26,70.30,0,0.25,17.05.2024 07:37:19
0,146.06,779,699,10.24,70.26,0,0.10,17.05.2024 07:37:21
0,151.13,806,699,10.27,70.26,0,0.47,17.05.2024 07:37:23
0,148.50,792,699,10.26,70.27,0,0.28,17.05.2024 07:37:25
0,149.63,798,699,10.26,70.30,0,0.36,17.05.2024 07:37:28
0,150.56,803,699,10.24,70.25,0,0.44,17.05.2024 07:37:30
0,153.56,819,699,10.28,70.29,0,0.66,17.05.2024 07:37:32
0,150.75,804,699,10.26,70.26,0,0.45,17.05.2024 07:37:34
0,150.94,805,700,10.26,70.31,0,0.46,17.05.2024 07:37:36
0,151.13,806,700,10.24,70.28,0,0.48,17.05.2024 07:37:38
0,150.38,802,700,10.23,70.27,0,0.42,17.05.2024 07:37:40
0,149.44,797,700,10.26,70.28,0,0.35,17.05.2024 07:37:42
0,147.56,787,700,10.27,70.28,0,0.21,17.05.2024 07:37:44
0,150.19,801,700,10.26,70.27,0,0.40,17.05.2024 07:37:47
0,148.69,793,700,10.23,70.27,0,0.30,17.05.2024 07:37:49
0,148.50,792,700,10.26,70.28,0,0.28,17.05.2024 07:37:51
0,148.69,793,700,10.24,70.27,0,0.29,17.05.2024 07:37:53
0,151.31,807,700,10.26,70.31,0,0.49,17.05.2024 07:37:55
0,150.75,804,701,10.24,70.28,0,0.45,17.05.2024 07:37:57
0,150.75,804,701,10.24,70.30,0,0.45,17.05.2024 07:37:59
0,151.69,809,701,10.23,70.25,0,0.53,17.05.2024 07:38:01
0,149.81,799,700,10.24,70.30,0,0.38,17.05.2024 07:38:04
0,149.06,795,700,10.23,70.27,0,0.32,17.05.2024 07:38:06
0,149.81,799,700,10.27,70.28,0,0.37,17.05.2024 07:38:08
0,152.44,813,701,10.23,70.30,0,0.58,17.05.2024 07:38:10
0,147.94,789,701,10.26,70.27,0,0.24,17.05.2024 07:38:12
0,152.06,811,701,10.24,70.27,0,0.55,17.05.2024 07:38:14
0,149.44,797,702,10.27,70.26,0,0.35,17.05.2024 07:38:16
0,148.13,790,702,10.24,70.27,0,0.25,17.05.2024 07:38:18
0,150.00,800,702,10.26,70.28,0,0.39,17.05.2024 07:38:21
0,153.38,818,701,10.26,70.29,0,0.65,17.05.2024 07:38:23
0,151.31,807,701,10.26,70.28,0,0.49,17.05.2024 07:38:25
0,147.75,788,702,10.26,70.27,0,0.22,17.05.2024 07:38:27
0,147.00,784,702,10.23,70.28,0,0.17,17.05.2024 07:38:29
0,149.81,799,702,10.23,70.27,0,0.38,17.05.2024 07:38:31
0,149.81,799,702,10.24,70.28,0,0.38,17.05.2024 07:38:33
0,150.38,802,703,10.24,70.27,0,0.42,17.05.2024 07:38:35
0,152.63,814,702,10.26,70.29,0,0.59,17.05.2024 07:38:38
0,153.94,821,702,10.27,70.29,0,0.70,17.05.2024 07:38:40
0,148.88,794,702,10.26,70.30,0,0.30,17.05.2024 07:38:42
0,148.69,793,702,10.21,70.25,0,0.30,17.05.2024 07:38:44
0,153.19,817,701,10.26,70.28,0,0.64,17.05.2024 07:38:46
0,152.81,815,702,10.24,70.27,0,0.61,17.05.2024 07:38:48
0,151.88,810,702,10.24,70.27,0,0.54,17.05.2024 07:38:50
0,148.88,794,702,10.24,70.30,0,0.31,17.05.2024 07:38:52
0,153.19,817,702,10.24,70.31,0,0.64,17.05.2024 07:38:55
0,151.50,808,701,10.26,70.29,0,0.51,17.05.2024 07:38:57
0,148.31,791,702,10.27,70.29,0,0.26,17.05.2024 07:38:59
0,149.81,799,702,10.24,70.27,0,0.38,17.05.2024 07:39:01
0,151.50,808,702,10.23,70.28,0,0.51,17.05.2024 07:39:03
0,151.13,806,702,10.24,70.28,0,0.48,17.05.2024 07:39:05
0,146.44,781,702,10.26,70.28,0,0.13,17.05.2024 07:39:07
0,150.38,802,701,10.26,70.30,0,0.42,17.05.2024 07:39:09
0,148.69,793,701,10.27,70.27,0,0.29,17.05.2024 07:39:12
0,149.81,799,701,10.24,70.27,0,0.38,17.05.2024 07:39:14
0,153.00,816,702,10.26,70.27,0,0.62,17.05.2024 07:39:18
0,146.81,783,702,10.26,70.28,0,0.15,17.05.2024 07:39:20
0,150.19,801,702,10.26,70.28,0,0.40,17.05.2024 07:39:22
0,150.94,805,701,10.26,70.26,0,0.46,17.05.2024 07:39:24
0,148.88,794,701,10.24,70.30,0,0.31,17.05.2024 07:39:26
0,146.81,783,701,10.26,70.31,0,0.15,17.05.2024 07:39:28
0,146.63,782,701,10.24,70.27,0,0.14,17.05.2024 07:39:31
0,148.50,792,701,10.27,70.28,0,0.28,17.05.2024 07:39:33
0,145.88,778,701,10.24,70.27,0,0.09,17.05.2024 07:39:35
0,147.75,788,701,10.24,70.27,0,0.22,17.05.2024 07:39:37
0,149.06,795,701,10.24,70.27,0,0.32,17.05.2024 07:39:39
0,147.56,787,700,10.26,70.30,0,0.21,17.05.2024 07:39:41
0,146.44,781,700,10.24,70.30,0,0.13,17.05.2024 07:39:43
0,148.13,790,700,10.24,70.28,0,0.25,17.05.2024 07:39:45
0,147.56,787,700,10.26,70.29,0,0.21,17.05.2024 07:39:47
0,150.56,803,699,10.24,70.27,0,0.44,17.05.2024 07:39:50
0,148.13,790,699,10.24,70.27,0,0.25,17.05.2024 07:39:52
0,148.50,792,699,10.24,70.26,0,0.28,17.05.2024 07:39:54
0,149.44,797,700,10.26,70.28,0,0.35,17.05.2024 07:39:56
0,151.13,806,699,10.27,70.28,0,0.47,17.05.2024 07:39:58
0,152.06,811,699,10.26,70.30,0,0.55,17.05.2024 07:40:00
0,152.81,815,699,10.26,70.24,0,0.61,17.05.2024 07:40:02
0,151.50,808,699,10.26,70.27,0,0.51,17.05.2024 07:40:04
0,151.88,810,699,10.26,70.30,0,0.53,17.05.2024 07:40:07
0,149.44,797,699,10.27,70.28,0,0.35,17.05.2024 07:40:09
0,147.75,788,699,10.26,70.28,0,0.22,17.05.2024 07:40:11
0,148.69,793,699,10.24,70.28,0,0.29,17.05.2024 07:40:13
0,150.00,800,699,10.26,70.30,0,0.39,17.05.2024 07:40:15
0,148.50,792,699,10.23,70.28,0,0.28,17.05.2024 07:40:17
0,151.88,810,699,10.24,70.28,0,0.54,17.05.2024 07:40:19
0,151.31,807,699,10.26,70.30,0,0.49,17.05.2024 07:40:21
0,147.56,787,699,10.24,70.27,0,0.21,17.05.2024 07:40:24
0,150.19,801,698,10.23,70.28,0,0.41,17.05.2024 07:40:26
0,150.56,803,698,10.24,70.30,0,0.44,17.05.2024 07:40:28
0,149.25,796,699,10.26,70.29,0,0.33,17.05.2024 07:40:30
0,148.31,791,699,10.23,70.27,0,0.27,17.05.2024 07:40:32
0,150.94,805,700,10.24,70.26,0,0.47,17.05.2024 07:40:34
0,148.50,792,700,10.26,70.29,0,0.28,17.05.2024 07:40:36
0,147.75,788,699,10.27,70.32,0,0.22,17.05.2024 07:40:38
0,153.00,816,699,10.24,70.30,0,0.63,17.05.2024 07:40:41
0,151.88,810,699,10.24,70.30,0,0.54,17.05.2024 07:40:43
0,148.69,793,699,10.24,70.30,0,0.29,17.05.2024 07:40:45
0,151.69,809,700,10.24,70.27,0,0.52,17.05.2024 07:40:47
0,149.44,797,700,10.23,70.26,0,0.35,17.05.2024 07:40:49
0,151.50,808,700,10.26,70.29,0,0.51,17.05.2024 07:40:51
0,149.63,798,700,10.26,70.27,0,0.36,17.05.2024 07:40:53
0,149.44,797,700,10.24,70.28,0,0.35,17.05.2024 07:40:55
0,149.63,798,700,10.26,70.31,0,0.36,17.05.2024 07:40:58
0,148.13,790,700,10.26,70.28,0,0.25,17.05.2024 07:41:00
0,150.19,801,700,10.26,70.29,0,0.40,17.05.2024 07:41:02
0,149.06,795,699,10.27,70.28,0,0.32,17.05.2024 07:41:04
0,150.19,801,700,10.24,70.28,0,0.41,17.05.2024 07:41:06
0,149.06,795,700,10.23,70.27,0,0.32,17.05.2024 07:41:08
0,151.88,810,699,10.24,70.30,0,0.54,17.05.2024 07:41:10
0,147.00,784,699,10.23,70.25,0,0.17,17.05.2024 07:41:12
0,150.56,803,700,10.24,70.26,0,0.44,17.05.2024 07:41:15
0,150.38,802,700,10.27,70.31,0,0.42,17.05.2024 07:41:17
0,150.94,805,700,10.24,70.28,0,0.46,17.05.2024 07:41:19
0,150.00,800,699,10.26,70.30,0,0.39,17.05.2024 07:41:21
0,144.94,773,699,10.24,70.28,0,0.02,17.05.2024 07:41:23
0,151.88,810,699,10.23,70.27,0,0.54,17.05.2024 07:41:25
0,150.94,805,699,10.27,70.32,0,0.46,17.05.2024 07:41:27
0,153.19,817,699,10.26,70.29,0,0.64,17.05.2024 07:41:29
0,151.50,808,700,10.26,70.28,0,0.51,17.05.2024 07:41:31
0,155.25,828,699,10.23,70.29,0,0.81,17.05.2024 07:41:34
0,145.13,774,700,10.24,70.28,0,0.04,17.05.2024 07:41:38
0,149.06,795,700,10.26,70.32,0,0.32,17.05.2024 07:41:40
0,147.94,789,699,10.23,70.29,0,0.24,17.05.2024 07:41:42
0,150.75,804,699,10.26,70.29,0,0.45,17.05.2024 07:41:44
0,144.75,772,699,10.24,70.28,0,0.01,17.05.2024 07:41:46
0,146.63,782,698,10.24,70.27,0,0.14,17.05.2024 07:41:48
0,145.31,775,699,10.23,70.28,0,0.05,17.05.2024 07:41:50
0,149.25,796,699,10.26,70.26,0,0.33,17.05.2024 07:41:53
0,144.56,771,698,10.26,70.31,0,-0.01,17.05.2024 07:41:55
0,146.44,781,698,10.24,70.31,0,0.13,17.05.2024 07:41:57
0,147.75,788,698,10.24,70.27,0,0.22,17.05.2024 07:41:59
0,149.25,796,698,10.27,70.29,0,0.33,17.05.2024 07:42:01
0,147.94,789,698,10.26,70.30,0,0.24,17.05.2024 07:42:03
0,149.06,795,698,10.24,70.30,0,0.32,17.05.2024 07:42:05
0,149.81,799,697,10.26,70.29,0,0.38,17.05.2024 07:42:07
0,149.81,799,697,10.24,70.30,0,0.38,17.05.2024 07:42:10
0,150.94,805,698,10.24,70.28,0,0.46,17.05.2024 07:42:12
0,151.50,808,698,10.23,70.28,0,0.51,17.05.2024 07:42:14
0,149.63,798,698,10.24,70.30,0,0.36,17.05.2024 07:42:16
0,151.69,809,698,10.26,70.27,0,0.52,17.05.2024 07:42:18
0,149.81,799,698,10.26,70.28,0,0.38,17.05.2024 07:42:20
0,150.00,800,698,10.24,70.30,0,0.39,17.05.2024 07:42:22
0,153.19,817,698,10.24,70.27,0,0.64,17.05.2024 07:42:24
0,150.19,801,699,10.24,70.32,0,0.41,17.05.2024 07:42:27
0,150.38,802,699,10.27,70.28,0,0.42,17.05.2024 07:42:29
0,150.94,805,699,10.24,70.30,0,0.46,17.05.2024 07:42:31
0,153.38,818,699,10.21,70.29,0,0.66,17.05.2024 07:42:33
0,149.25,796,699,10.24,70.30,0,0.34,17.05.2024 07:42:35
0,148.88,794,699,10.26,70.30,0,0.30,17.05.2024 07:42:37
0,145.50,776,699,10.23,70.28,0,0.06,17.05.2024 07:42:39
0,151.31,807,699,10.24,70.27,0,0.49,17.05.2024 07:42:41
0,149.44,797,699,10.24,70.28,0,0.35,17.05.2024 07:42:44
0,152.81,815,698,10.27,70.30,0,0.61,17.05.2024 07:42:46
0,149.81,799,698,10.24,70.30,0,0.38,17.05.2024 07:42:48
0,155.63,830,698,10.23,70.29,0,0.84,17.05.2024 07:42:50
0,152.63,814,697,10.24,70.31,0,0.60,17.05.2024 07:42:52
0,146.06,779,698,10.23,70.30,0,0.10,17.05.2024 07:42:54
0,151.50,808,697,10.23,70.30,0,0.51,17.05.2024 07:42:56
0,149.44,797,697,10.23,70.29,0,0.35,17.05.2024 07:42:58
0,150.56,803,697,10.27,70.30,0,0.43,17.05.2024 07:43:01
0,148.88,794,696,10.24,70.30,0,0.31,17.05.2024 07:43:03
0,150.75,804,696,10.24,70.30,0,0.45,17.05.2024 07:43:05
0,150.00,800,696,10.26,70.32,0,0.39,17.05.2024 07:43:07
0,151.50,808,697,10.24,70.30,0,0.51,17.05.2024 07:43:09
0,150.00,800,697,10.26,70.27,0,0.39,17.05.2024 07:43:11
0,149.06,795,697,10.23,70.29,0,0.32,17.05.2024 07:43:13
0,153.56,819,697,10.23,70.30,0,0.67,17.05.2024 07:43:15
0,150.00,800,697,10.26,70.30,0,0.39,17.05.2024 07:43:18
0,151.13,806,697,10.24,70.27,0,0.48,17.05.2024 07:43:20
0,146.06,779,698,10.24,70.32,0,0.10,17.05.2024 07:43:22
0,149.06,795,698,10.24,70.27,0,0.32,17.05.2024 07:43:24
0,148.69,793,697,10.24,70.32,0,0.29,17.05.2024 07:43:26
0,150.00,800,697,10.27,70.28,0,0.39,17.05.2024 07:43:28
0,151.13,806,697,10.24,70.31,0,0.48,17.05.2024 07:43:30
0,150.75,804,698,10.24,70.31,0,0.45,17.05.2024 07:43:32
0,151.50,808,697,10.23,70.29,0,0.51,17.05.2024 07:43:34
0,154.50,824,698,10.23,70.29,0,0.75,17.05.2024 07:43:37
0,152.63,814,698,10.24,70.27,0,0.60,17.05.2024 07:43:39
0,150.19,801,699,10.24,70.27,0,0.41,17.05.2024 07:43:41
0,150.56,803,699,10.26,70.30,0,0.43,17.05.2024 07:43:43
0,148.69,793,699,10.26,70.30,0,0.29,17.05.2024 07:43:45
0,151.88,810,699,10.26,70.30,0,0.53,17.05.2024 07:43:47
0,150.38,802,699,10.23,70.29,0,0.42,17.05.2024 07:43:49
0,150.38,802,698,10.24,70.27,0,0.42,17.05.2024 07:43:51
0,149.63,798,699,10.27,70.30,0,0.36,17.05.2024 07:43:54
0,147.75,788,698,10.23,70.30,0,0.23,17.05.2024 07:43:58
0,149.25,796,698,10.24,70.30,0,0.34,17.05.2024 07:44:00
0,147.56,787,697,10.23,70.31,0,0.21,17.05.2024 07:44:02
0,146.25,780,697,10.24,70.30,0,0.12,17.05.2024 07:44:04
0,146.63,782,697,10.24,70.30,0,0.14,17.05.2024 07:44:06
0,147.38,786,697,10.24,70.31,0,0.20,17.05.2024 07:44:08
0,148.50,792,698,10.24,70.27,0,0.28,17.05.2024 07:44:10
0,149.25,796,697,10.27,70.31,0,0.33,17.05.2024 07:44:13
0,149.06,795,697,10.24,70.30,0,0.32,17.05.2024 07:44:15
0,147.19,785,696,10.23,70.26,0,0.19,17.05.2024 07:44:17
0,148.69,793,696,10.24,70.28,0,0.29,17.05.2024 07:44:19
0,148.69,793,697,10.23,70.27,0,0.30,17.05.2024 07:44:21
0,149.06,795,696,10.23,70.28,0,0.32,17.05.2024 07:44:23
0,148.88,794,696,10.24,70.30,0,0.31,17.05.2024 07:44:25
0,151.69,809,696,10.24,70.32,0,0.52,17.05.2024 07:44:27
0,150.00,800,696,10.24,70.27,0,0.39,17.05.2024 07:44:30
0,150.00,800,696,10.24,70.30,0,0.39,17.05.2024 07:44:32
0,149.06,795,696,10.24,70.31,0,0.32,17.05.2024 07:44:34
0,149.81,799,695,10.24,70.30,0,0.38,17.05.2024 07:44:36
0,151.50,808,695,10.23,70.31,0,0.51,17.05.2024 07:44:38
0,152.81,815,694,10.23,70.29,0,0.61,17.05.2024 07:44:40
0,147.94,789,694,10.24,70.33,0,0.24,17.05.2024 07:44:42
0,152.06,811,694,10.24,70.30,0,0.55,17.05.2024 07:44:44
0,150.38,802,694,10.23,70.30,0,0.42,17.05.2024 07:44:47
0,148.31,791,694,10.24,70.27,0,0.27,17.05.2024 07:44:49
0,150.00,800,693,10.23,70.33,0,0.39,17.05.2024 07:44:51
0,149.63,798,694,10.24,70.30,0,0.36,17.05.2024 07:44:53
0,147.56,787,694,10.24,70.32,0,0.21,17.05.2024 07:44:55
0,148.88,794,694,10.24,70.32,0,0.31,17.05.2024 07:44:57
0,152.44,813,694,10.24,70.31,0,0.58,17.05.2024 07:44:59
0,148.50,792,693,10.23,70.30,0,0.28,17.05.2024 07:45:01
0,148.31,791,693,10.23,70.30,0,0.27,17.05.2024 07:45:04
0,151.69,809,693,10.23,70.30,0,0.52,17.05.2024 07:45:06
0,149.81,799,693,10.23,70.31,0,0.38,17.05.2024 07:45:08
0,150.38,802,693,10.24,70.31,0,0.42,17.05.2024 07:45:10
0,149.25,796,694,10.23,70.30,0,0.34,17.05.2024 07:45:12
0,152.44,813,693,10.23,70.28,0,0.58,17.05.2024 07:45:14
0,152.44,813,693,10.24,70.30,0,0.58,17.05.2024 07:45:16
0,148.50,792,693,10.23,70.31,0,0.28,17.05.2024 07:45:18
0,152.25,812,694,10.26,70.30,0,0.56,17.05.2024 07:45:20
0,149.44,797,693,10.23,70.32,0,0.35,17.05.2024 07:45:23
0,149.06,795,694,10.24,70.30,0,0.32,17.05.2024 07:45:25
0,146.25,780,694,10.24,70.28,0,0.12,17.05.2024 07:45:27
0,151.88,810,693,10.24,70.30,0,0.54,17.05.2024 07:45:29
0,150.56,803,693,10.26,70.30,0,0.43,17.05.2024 07:45:31
0,149.25,796,693,10.26,70.32,0,0.33,17.05.2024 07:45:33
0,150.00,800,692,10.24,70.31,0,0.39,17.05.2024 07:45:35
0,154.69,825,693,10.24,70.31,0,0.76,17.05.2024 07:45:37
0,149.06,795,692,10.24,70.30,0,0.32,17.05.2024 07:45:40
0,148.69,793,692,10.23,70.30,0,0.30,17.05.2024 07:45:42
0,153.00,816,692,10.23,70.28,0,0.63,17.05.2024 07:45:44
0,150.38,802,692,10.23,70.29,0,0.42,17.05.2024 07:45:46
0,148.50,792,691,10.24,70.27,0,0.28,17.05.2024 07:45:48
0,147.94,789,692,10.26,70.32,0,0.23,17.05.2024 07:45:50
0,148.88,794,692,10.26,70.32,0,0.30,17.05.2024 07:45:52
0,152.25,812,692,10.24,70.30,0,0.57,17.05.2024 07:45:54
0,147.19,785,692,10.21,70.30,0,0.19,17.05.2024 07:45:57
0,150.75,804,692,10.23,70.26,0,0.45,17.05.2024 07:45:59
0,150.19,801,692,10.24,70.32,0,0.41,17.05.2024 07:46:01
0,150.00,800,692,10.21,70.25,0,0.40,17.05.2024 07:46:03
0,148.50,792,692,10.23,70.30,0,0.28,17.05.2024 07:46:05
0,149.63,798,692,10.23,70.31,0,0.37,17.05.2024 07:46:07
0,149.63,798,691,10.23,70.31,0,0.37,17.05.2024 07:46:09
0,150.00,800,691,10.23,70.32,0,0.39,17.05.2024 07:46:13
0,149.06,795,691,10.23,70.30,0,0.32,17.05.2024 07:46:16
0,148.13,790,691,10.24,70.30,0,0.25,17.05.2024 07:46:18
0,146.25,780,691,10.26,70.31,0,0.11,17.05.2024 07:46:20
0,146.63,782,691,10.23,70.27,0,0.15,17.05.2024 07:46:22
0,147.19,785,691,10.24,70.30,0,0.18,17.05.2024 07:46:24
0,150.94,805,691,10.24,70.33,0,0.46,17.05.2024 07:46:26
0,147.38,786,691,10.24,70.30,0,0.20,17.05.2024 07:46:28
0,148.13,790,691,10.26,70.29,0,0.25,17.05.2024 07:46:30
0,145.50,776,691,10.24,70.27,0,0.06,17.05.2024 07:46:33
0,146.44,781,692,10.26,70.29,0,0.13,17.05.2024 07:46:35
0,146.81,783,692,10.27,70.29,0,0.15,17.05.2024 07:46:37
0,146.81,783,692,10.24,70.33,0,0.15,17.05.2024 07:46:39
0,152.81,815,692,10.24,70.31,0,0.61,17.05.2024 07:46:41
0,149.63,798,691,10.26,70.30,0,0.36,17.05.2024 07:46:43
0,150.00,800,692,10.24,70.31,0,0.39,17.05.2024 07:46:45
0,149.25,796,692,10.23,70.29,0,0.34,17.05.2024 07:46:47
0,151.31,807,692,10.24,70.28,0,0.49,17.05.2024 07:46:50
0,149.44,797,692,10.24,70.30,0,0.35,17.05.2024 07:46:52
0,147.75,788,693,10.23,70.29,0,0.23,17.05.2024 07:46:54
0,148.88,794,692,10.23,70.31,0,0.31,17.05.2024 07:46:56
0,146.44,781,692,10.24,70.30,0,0.13,17.05.2024 07:46:58
0,150.00,800,693,10.24,70.31,0,0.39,17.05.2024 07:47:00
0,150.75,804,693,10.23,70.30,0,0.45,17.05.2024 07:47:02
0,151.69,809,692,10.21,70.31,0,0.53,17.05.2024 07:47:04
0,148.31,791,692,10.26,70.32,0,0.26,17.05.2024 07:47:07
0,149.81,799,693,10.26,70.30,0,0.38,17.05.2024 07:47:09
0,154.50,824,693,10.24,70.30,0,0.75,17.05.2024 07:47:11
0,152.06,811,693,10.24,70.32,0,0.55,17.05.2024 07:47:13
0,147.56,787,694,10.24,70.32,0,0.21,17.05.2024 07:47:15
0,151.69,809,694,10.23,70.29,0,0.53,17.05.2024 07:47:17
0,152.63,814,694,10.27,70.33,0,0.59,17.05.2024 07:47:19
0,148.13,790,695,10.23,70.31,0,0.25,17.05.2024 07:47:21
0,149.25,796,695,10.21,70.32,0,0.34,17.05.2024 07:47:23
0,155.81,831,695,10.23,70.30,0,0.86,17.05.2024 07:47:26
0,154.50,824,695,10.24,70.31,0,0.75,17.05.2024 07:47:28
0,152.63,814,695,10.24,70.30,0,0.60,17.05.2024 07:47:30
0,151.88,810,695,10.24,70.26,0,0.54,17.05.2024 07:47:32
0,149.63,798,694,10.24,70.32,0,0.36,17.05.2024 07:47:34
0,146.25,780,694,10.23,70.30,0,0.12,17.05.2024 07:47:36
0,152.25,812,694,10.26,70.31,0,0.56,17.05.2024 07:47:38
0,149.44,797,694,10.24,70.31,0,0.35,17.05.2024 07:47:40
0,152.25,812,694,10.23,70.30,0,0.57,17.05.2024 07:47:43
0,149.44,797,694,10.24,70.28,0,0.35,17.05.2024 07:47:45
0,146.44,781,694,10.24,70.31,0,0.13,17.05.2024 07:47:47
0,150.38,802,694,10.21,70.32,0,0.42,17.05.2024 07:47:49
0,150.94,805,694,10.26,70.32,0,0.46,17.05.2024 07:47:51
0,149.06,795,694,10.24,70.31,0,0.32,17.05.2024 07:47:53
0,149.63,798,694,10.26,70.29,0,0.36,17.05.2024 07:47:55
0,147.56,787,694,10.24,70.30,0,0.21,17.05.2024 07:47:57
0,148.69,793,693,10.24,70.28,0,0.29,17.05.2024 07:48:00
0,151.13,806,693,10.23,70.30,0,0.48,17.05.2024 07:48:02
0,148.13,790,693,10.23,70.29,0,0.25,17.05.2024 07:48:04
0,152.25,812,692,10.24,70.28,0,0.57,17.05.2024 07:48:06
0,150.94,805,693,10.21,70.31,0,0.47,17.05.2024 07:48:08
0,146.44,781,693,10.26,70.30,0,0.13,17.05.2024 07:48:10
0,150.56,803,693,10.26,70.29,0,0.43,17.05.2024 07:48:12
0,144.75,772,693,10.24,70.30,0,0.01,17.05.2024 07:48:14
0,149.25,796,693,10.26,70.28,0,0.33,17.05.2024 07:48:17
0,151.69,809,693,10.23,70.30,0,0.52,17.05.2024 07:48:19
0,150.94,805,693,10.26,70.32,0,0.46,17.05.2024 07:48:21
0,152.44,813,693,10.24,70.27,0,0.58,17.05.2024 07:48:25
0,151.88,810,693,10.24,70.30,0,0.54,17.05.2024 07:48:27
0,147.94,789,693,10.24,70.27,0,0.24,17.05.2024 07:48:29
0,147.56,787,694,10.24,70.30,0,0.21,17.05.2024 07:48:31
0,147.00,784,694,10.24,70.31,0,0.17,17.05.2024 07:48:33
0,144.75,772,694,10.24,70.28,0,0.01,17.05.2024 07:48:36
0,146.81,783,694,10.26,70.32,0,0.15,17.05.2024 07:48:38
0,147.94,789,694,10.26,70.28,0,0.24,17.05.2024 07:48:40
0,145.88,778,694,10.26,70.31,0,0.09,17.05.2024 07:48:42
0,144.56,771,694,10.24,70.30,0,-0.00,17.05.2024 07:48:44
0,148.88,794,695,10.21,70.28,0,0.31,17.05.2024 07:48:46
0,145.69,777,695,10.23,70.28,0,0.08,17.05.2024 07:48:48
0,147.56,787,695,10.21,70.28,0,0.22,17.05.2024 07:48:50
0,148.50,792,694,10.23,70.28,0,0.28,17.05.2024 07:48:53
0,153.00,816,695,10.24,70.32,0,0.63,17.05.2024 07:48:55
0,151.13,806,695,10.24,70.30,0,0.48,17.05.2024 07:48:57
0,150.75,804,695,10.24,70.32,0,0.45,17.05.2024 07:48:59
0,152.06,811,695,10.23,70.31,0,0.55,17.05.2024 07:49:01
0,147.56,787,695,10.24,70.34,0,0.21,17.05.2024 07:49:03
0,147.19,785,695,10.24,70.30,0,0.18,17.05.2024 07:49:05
0,149.06,795,695,10.24,70.30,0,0.32,17.05.2024 07:49:07
0,150.94,805,695,10.21,70.30,0,0.47,17.05.2024 07:49:09
0,153.94,821,695,10.24,70.28,0,0.70,17.05.2024 07:49:12
0,151.31,807,695,10.24,70.30,0,0.49,17.05.2024 07:49:14
0,147.38,786,695,10.23,70.30,0,0.20,17.05.2024 07:49:16
0,148.69,793,695,10.23,70.31,0,0.30,17.05.2024 07:49:18
0,151.50,808,695,10.21,70.30,0,0.51,17.05.2024 07:49:20
0,152.63,814,696,10.23,70.31,0,0.60,17.05.2024 07:49:22
0,151.31,807,696,10.23,70.27,0,0.50,17.05.2024 07:49:24
0,146.81,783,696,10.24,70.30,0,0.16,17.05.2024 07:49:26
0,151.69,809,696,10.23,70.30,0,0.52,17.05.2024 07:49:29
0,151.31,807,696,10.23,70.29,0,0.50,17.05.2024 07:49:31
0,151.88,810,696,10.24,70.31,0,0.54,17.05.2024 07:49:33
0,149.25,796,696,10.23,70.29,0,0.34,17.05.2024 07:49:35
0,152.63,814,695,10.24,70.30,0,0.60,17.05.2024 07:49:37
0,151.88,810,695,10.24,70.31,0,0.54,17.05.2024 07:49:39
0,153.56,819,695,10.24,70.31,0,0.67,17.05.2024 07:49:41
0,149.44,797,695,10.21,70.33,0,0.35,17.05.2024 07:49:43
0,149.63,798,695,10.21,70.31,0,0.37,17.05.2024 07:49:46
0,150.00,800,695,10.26,70.32,0,0.39,17.05.2024 07:49:48
0,150.56,803,695,10.23,70.31,0,0.44,17.05.2024 07:49:50
0,153.00,816,695,10.23,70.29,0,0.63,17.05.2024 07:49:52
0,153.94,821,695,10.23,70.28,0,0.71,17.05.2024 07:49:54
0,150.56,803,695,10.21,70.32,0,0.44,17.05.2024 07:49:56
0,149.25,796,695,10.24,70.30,0,0.34,17.05.2024 07:49:58
0,152.63,814,695,10.23,70.32,0,0.60,17.05.2024 07:50:00
0,149.25,796,695,10.24,70.28,0,0.34,17.05.2024 07:50:03
0,152.25,812,695,10.24,70.31,0,0.57,17.05.2024 07:50:05
0,150.94,805,696,10.23,70.30,0,0.47,17.05.2024 07:50:07
0,151.88,810,696,10.23,70.30,0,0.54,17.05.2024 07:50:09
0,155.44,829,695,10.24,70.27,0,0.83,17.05.2024 07:50:11
0,149.25,796,696,10.23,70.30,0,0.34,17.05.2024 07:50:13
0,149.06,795,696,10.21,70.31,0,0.33,17.05.2024 07:50:15
0,152.25,812,696,10.23,70.29,0,0.57,17.05.2024 07:50:17
0,150.19,801,695,10.26,70.29,0,0.40,17.05.2024 07:50:20
0,149.25,796,696,10.24,70.28,0,0.34,17.05.2024 07:50:22
0,147.19,785,696,10.23,70.30,0,0.18,17.05.2024 07:50:24
0,148.69,793,695,10.24,70.30,0,0.29,17.05.2024 07:50:26
0,151.50,808,695,10.26,70.29,0,0.51,17.05.2024 07:50:28
0,150.94,805,695,10.21,70.30,0,0.47,17.05.2024 07:50:30
0,149.06,795,695,10.24,70.32,0,0.32,17.05.2024 07:50:32
0,149.06,795,695,10.23,70.28,0,0.32,17.05.2024 07:50:36
0,147.38,786,695,10.23,70.28,0,0.20,17.05.2024 07:50:39
0,150.00,800,695,10.26,70.31,0,0.39,17.05.2024 07:50:41
0,146.06,779,696,10.23,70.34,0,0.10,17.05.2024 07:50:43
0,146.63,782,695,10.26,70.31,0,0.14,17.05.2024 07:50:45
0,149.63,798,696,10.26,70.28,0,0.36,17.05.2024 07:50:47
0,147.56,787,695,10.23,70.27,0,0.21,17.05.2024 07:50:49
0,146.25,780,695,10.24,70.30,0,0.12,17.05.2024 07:50:51
0,149.44,797,694,10.24,70.27,0,0.35,17.05.2024 07:50:53
0,150.38,802,694,10.24,70.27,0,0.42,17.05.2024 07:50:55
0,146.44,781,694,10.23,70.31,0,0.13,17.05.2024 07:50:58
0,146.44,781,694,10.23,70.33,0,0.13,17.05.2024 07:51:00
0,148.88,794,694,10.26,70.32,0,0.30,17.05.2024 07:51:02
0,147.56,787,694,10.26,70.31,0,0.21,17.05.2024 07:51:04
0,149.06,795,694,10.23,70.29,0,0.32,17.05.2024 07:51:06
0,150.94,805,694,10.23,70.29,0,0.47,17.05.2024 07:51:08
0,153.19,817,694,10.21,70.29,0,0.65,17.05.2024 07:51:10
0,152.63,814,695,10.24,70.30,0,0.60,17.05.2024 07:51:12
0,150.56,803,694,10.24,70.31,0,0.43,17.05.2024 07:51:15
0,150.38,802,695,10.24,70.28,0,0.42,17.05.2024 07:51:17
0,151.88,810,695,10.24,70.30,0,0.54,17.05.2024 07:51:19
0,149.44,797,695,10.26,70.31,0,0.35,17.05.2024 07:51:21
0,150.19,801,696,10.24,70.30,0,0.41,17.05.2024 07:51:23
0,150.94,805,696,10.23,70.28,0,0.47,17.05.2024 07:51:25
0,150.38,802,695,10.23,70.30,0,0.42,17.05.2024 07:51:27
0,150.75,804,695,10.24,70.30,0,0.45,17.05.2024 07:51:29
0,147.94,789,695,10.23,70.29,0,0.24,17.05.2024 07:51:32
0,149.44,797,696,10.21,70.28,0,0.35,17.05.2024 07:51:34
0,151.13,806,695,10.24,70.32,0,0.48,17.05.2024 07:51:36
0,153.94,821,696,10.21,70.32,0,0.71,17.05.2024 07:51:38
0,148.31,791,696,10.23,70.30,0,0.27,17.05.2024 07:51:40
0,148.69,793,696,10.21,70.31,0,0.30,17.05.2024 07:51:42
0,150.94,805,695,10.23,70.29,0,0.47,17.05.2024 07:51:44
0,150.19,801,695,10.26,70.29,0,0.40,17.05.2024 07:51:46
0,147.56,787,696,10.21,70.31,0,0.21,17.05.2024 07:51:49
0,153.38,818,695,10.24,70.31,0,0.66,17.05.2024 07:51:51
0,150.75,804,695,10.26,70.30,0,0.45,17.05.2024 07:51:53
0,150.38,802,695,10.21,70.30,0,0.43,17.05.2024 07:51:55
0,149.25,796,694,10.24,70.27,0,0.34,17.05.2024 07:51:57
0,149.06,795,695,10.23,70.29,0,0.32,17.05.2024 07:51:59
0,151.50,808,695,10.21,70.30,0,0.51,17.05.2024 07:52:01
0,150.19,801,695,10.24,70.30,0,0.41,17.05.2024 07:52:03
0,152.81,815,695,10.27,70.33,0,0.61,17.05.2024 07:52:06
0,150.19,801,695,10.23,70.30,0,0.41,17.05.2024 07:52:08
0,150.00,800,695,10.23,70.30,0,0.39,17.05.2024 07:52:10
0,152.81,815,695,10.23,70.29,0,0.61,17.05.2024 07:52:12
0,146.25,780,694,10.24,70.30,0,0.12,17.05.2024 07:52:14
0,150.38,802,695,10.21,70.32,0,0.42,17.05.2024 07:52:16
0,149.25,796,695,10.23,70.30,0,0.34,17.05.2024 07:52:18
0,151.13,806,695,10.23,70.29,0,0.48,17.05.2024 07:52:20
0,151.88,810,694,10.21,70.29,0,0.54,17.05.2024 07:52:23
0,150.38,802,695,10.23,70.30,0,0.42,17.05.2024 07:52:25
0,147.94,789,695,10.23,70.30,0,0.24,17.05.2024 07:52:27
0,152.06,811,694,10.23,70.32,0,0.55,17.05.2024 07:52:29
0,149.63,798,695,10.23,70.29,0,0.37,17.05.2024 07:52:31
0,150.38,802,695,10.24,70.28,0,0.42,17.05.2024 07:52:33
0,150.94,805,694,10.26,70.31,0,0.46,17.05.2024 07:52:35
0,150.00,800,695,10.24,70.27,0,0.39,17.05.2024 07:52:37
0,151.69,809,694,10.26,70.31,0,0.52,17.05.2024 07:52:40
0,149.63,798,694,10.23,70.26,0,0.37,17.05.2024 07:52:42
0,145.31,775,694,10.23,70.33,0,0.05,17.05.2024 07:52:46
0,149.44,797,694,10.23,70.32,0,0.35,17.05.2024 07:52:48
0,148.69,793,694,10.24,70.30,0,0.29,17.05.2024 07:52:50
0,149.44,797,694,10.23,70.29,0,0.35,17.05.2024 07:52:52
0,145.88,778,693,10.24,70.28,0,0.09,17.05.2024 07:52:54
0,148.13,790,693,10.24,70.30,0,0.25,17.05.2024 07:52:56
0,148.13,790,693,10.24,70.30,0,0.25,17.05.2024 07:52:58
0,150.56,803,693,10.26,70.29,0,0.43,17.05.2024 07:53:01
0,147.00,784,693,10.23,70.29,0,0.17,17.05.2024 07:53:03
0,148.69,793,693,10.23,70.30,0,0.30,17.05.2024 07:53:05
0,148.50,792,692,10.21,70.25,0,0.29,17.05.2024 07:53:07
0,147.00,784,692,10.23,70.33,0,0.17,17.05.2024 07:53:09
0,149.44,797,692,10.23,70.28,0,0.35,17.05.2024 07:53:11
0,148.13,790,692,10.24,70.28,0,0.25,17.05.2024 07:53:13
0,149.81,799,692,10.24,70.28,0,0.38,17.05.2024 07:53:15
0,149.25,796,692,10.21,70.29,0,0.34,17.05.2024 07:53:18
0,148.31,791,691,10.23,70.30,0,0.27,17.05.2024 07:53:20
0,150.94,805,691,10.24,70.30,0,0.46,17.05.2024 07:53:22
0,149.25,796,691,10.23,70.32,0,0.34,17.05.2024 07:53:24
0,148.69,793,691,10.23,70.28,0,0.30,17.05.2024 07:53:26
0,150.00,800,691,10.23,70.30,0,0.39,17.05.2024 07:53:28
0,150.94,805,691,10.23,70.31,0,0.47,17.05.2024 07:53:30
0,149.06,795,691,10.23,70.31,0,0.32,17.05.2024 07:53:32
0,147.19,785,691,10.23,70.29,0,0.19,17.05.2024 07:53:35
0,151.31,807,691,10.21,70.31,0,0.50,17.05.2024 07:53:37
0,154.69,825,690,10.23,70.30,0,0.77,17.05.2024 07:53:39
0,150.19,801,691,10.24,70.30,0,0.41,17.05.2024 07:53:41
0,150.19,801,691,10.23,70.32,0,0.41,17.05.2024 07:53:43
0,149.44,797,690,10.23,70.30,0,0.35,17.05.2024 07:53:45
0,149.44,797,690,10.23,70.31,0,0.35,17.05.2024 07:53:47
0,151.69,809,690,10.26,70.29,0,0.52,17.05.2024 07:53:49
0,151.50,808,690,10.23,70.33,0,0.51,17.05.2024 07:53:52
0,148.88,794,690,10.21,70.30,0,0.31,17.05.2024 07:53:54
0,149.06,795,690,10.23,70.28,0,0.32,17.05.2024 07:53:56
0,150.75,804,689,10.20,70.33,0,0.46,17.05.2024 07:53:58
0,151.13,806,690,10.21,70.29,0,0.48,17.05.2024 07:54:00
0,150.75,804,690,10.23,70.27,0,0.45,17.05.2024 07:54:02
0,149.44,797,690,10.23,70.31,0,0.35,17.05.2024 07:54:04
0,150.00,800,690,10.24,70.30,0,0.39,17.05.2024 07:54:06
0,149.63,798,690,10.23,70.29,0,0.37,17.05.2024 07:54:09
0,148.69,793,690,10.24,70.33,0,0.29,17.05.2024 07:54:11
0,147.94,789,690,10.23,70.27,0,0.24,17.05.2024 07:54:13
0,153.56,819,690,10.23,70.31,0,0.67,17.05.2024 07:54:15
0,149.81,799,690,10.26,70.31,0,0.37,17.05.2024 07:54:17
0,151.31,807,690,10.24,70.28,0,0.49,17.05.2024 07:54:19
0,148.13,790,690,10.23,70.30,0,0.25,17.05.2024 07:54:21
0,148.88,794,690,10.23,70.30,0,0.31,17.05.2024 07:54:23
0,150.56,803,689,10.27,70.34,0,0.43,17.05.2024 07:54:26
0,147.75,788,689,10.21,70.33,0,0.23,17.05.2024 07:54:28
0,151.50,808,690,10.26,70.30,0,0.51,17.05.2024 07:54:30
0,149.81,799,689,10.21,70.27,0,0.38,17.05.2024 07:54:32
0,148.50,792,690,10.23,70.27,0,0.28,17.05.2024 07:54:34
0,148.13,790,689,10.23,70.31,0,0.25,17.05.2024 07:54:36
0,147.38,786,689,10.23,70.31,0,0.20,17.05.2024 07:54:38
0,148.88,794,689,10.23,70.30,0,0.31,17.05.2024 07:54:40
0,150.94,805,689,10.24,70.27,0,0.47,17.05.2024 07:54:42
0,150.00,800,689,10.21,70.31,0,0.40,17.05.2024 07:54:45
0,148.31,791,689,10.23,70.32,0,0.27,17.05.2024 07:54:47
0,149.25,796,689,10.20,70.28,0,0.34,17.05.2024 07:54:49
0,150.94,805,689,10.23,70.30,0,0.47,17.05.2024 07:54:51
0,152.81,815,688,10.23,70.30,0,0.61,17.05.2024 07:54:53
0,153.19,817,688,10.23,70.31,0,0.64,17.05.2024 07:54:57
0,147.94,789,688,10.24,70.30,0,0.24,17.05.2024 07:54:59
0,149.81,799,689,10.23,70.28,0,0.38,17.05.2024 07:55:01
0,144.00,768,689,10.26,70.29,0,-0.04,17.05.2024 07:55:04
0,152.25,812,688,10.23,70.29,0,0.57,17.05.2024 07:55:06
0,148.31,791,688,10.21,70.30,0,0.27,17.05.2024 07:55:08
0,151.31,807,688,10.23,70.31,0,0.50,17.05.2024 07:55:10
0,149.44,797,688,10.24,70.30,0,0.35,17.05.2024 07:55:12
0,154.88,826,688,10.26,70.31,0,0.78,17.05.2024 07:55:14
0,146.25,780,688,10.23,70.30,0,0.12,17.05.2024 07:55:16
0,150.00,800,687,10.23,70.32,0,0.39,17.05.2024 07:55:18
0,144.19,769,687,10.21,70.31,0,-0.03,17.05.2024 07:55:21
0,150.94,805,687,10.23,70.31,0,0.47,17.05.2024 07:55:23
0,150.94,805,688,10.21,70.32,0,0.47,17.05.2024 07:55:25
0,150.19,801,687,10.21,70.31,0,0.41,17.05.2024 07:55:27
0,153.00,816,687,10.23,70.26,0,0.63,17.05.2024 07:55:29
0,152.25,812,687,10.23,70.28,0,0.57,17.05.2024 07:55:31
0,151.88,810,688,10.23,70.29,0,0.54,17.05.2024 07:55:33
0,149.25,796,687,10.23,70.31,0,0.34,17.05.2024 07:55:35
0,151.50,808,687,10.23,70.31,0,0.51,17.05.2024 07:55:38
0,150.38,802,687,10.24,70.31,0,0.42,17.05.2024 07:55:40
0,147.56,787,687,10.23,70.33,0,0.21,17.05.2024 07:55:42
0,148.13,790,687,10.23,70.33,0,0.25,17.05.2024 07:55:44
0,149.25,796,686,10.21,70.29,0,0.34,17.05.2024 07:55:46
0,153.19,817,686,10.21,70.32,0,0.65,17.05.2024 07:55:48
0,148.88,794,686,10.23,70.31,0,0.31,17.05.2024 07:55:50
0,150.75,804,687,10.23,70.29,0,0.45,17.05.2024 07:55:52
0,149.44,797,687,10.24,70.28,0,0.35,17.05.2024 07:55:55
0,149.81,799,687,10.23,70.33,0,0.38,17.05.2024 07:55:57
0,153.94,821,688,10.21,70.32,0,0.71,17.05.2024 07:55:59
0,150.56,803,688,10.24,70.28,0,0.44,17.05.2024 07:56:01
0,151.13,806,688,10.21,70.30,0,0.48,17.05.2024 07:56:03
0,146.06,779,688,10.23,70.30,0,0.10,17.05.2024 07:56:05
0,155.06,827,688,10.24,70.34,0,0.79,17.05.2024 07:56:07
0,147.56,787,688,10.24,70.28,0,0.21,17.05.2024 07:56:09
0,152.63,814,688,10.23,70.32,0,0.60,17.05.2024 07:56:12
0,149.44,797,689,10.21,70.32,0,0.35,17.05.2024 07:56:14
0,148.69,793,689,10.23,70.32,0,0.29,17.05.2024 07:56:16
0,153.00,816,690,10.21,70.30,0,0.63,17.05.2024 07:56:18
0,151.50,808,690,10.24,70.30,0,0.51,17.05.2024 07:56:20
0,152.81,815,690,10.21,70.31,0,0.62,17.05.2024 07:56:22
0,149.81,799,690,10.23,70.30,0,0.38,17.05.2024 07:56:24
0,146.06,779,690,10.24,70.30,0,0.10,17.05.2024 07:56:26
0,153.38,818,690,10.23,70.31,0,0.66,17.05.2024 07:56:28
0,147.94,789,691,10.24,70.31,0,0.24,17.05.2024 07:56:31
0,147.00,784,690,10.24,70.30,0,0.17,17.05.2024 07:56:33
0,149.81,799,690,10.23,70.30,0,0.38,17.05.2024 07:56:35
0,149.63,798,690,10.23,70.32,0,0.37,17.05.2024 07:56:37
0,149.06,795,690,10.21,70.28,0,0.33,17.05.2024 07:56:39
0,150.00,800,690,10.23,70.29,0,0.39,17.05.2024 07:56:41
0,149.63,798,691,10.23,70.32,0,0.37,17.05.2024 07:56:43
0,149.44,797,690,10.24,70.28,0,0.35,17.05.2024 07:56:45
0,150.56,803,691,10.24,70.27,0,0.44,17.05.2024 07:56:48
0,151.13,806,691,10.24,70.30,0,0.48,17.05.2024 07:56:50
0,147.75,788,691,10.21,70.30,0,0.23,17.05.2024 07:56:52
0,148.50,792,691,10.21,70.30,0,0.28,17.05.2024 07:56:54
0,149.06,795,691,10.24,70.28,0,0.32,17.05.2024 07:56:56
0,148.69,793,691,10.21,70.31,0,0.30,17.05.2024 07:56:58
0,151.13,806,691,10.23,70.31,0,0.48,17.05.2024 07:57:00
0,149.63,798,691,10.23,70.27,0,0.37,17.05.2024 07:57:02
0,151.88,810,691,10.24,70.30,0,0.54,17.05.2024 07:57:07
0,152.44,813,691,10.23,70.32,0,0.58,17.05.2024 07:57:09
0,148.50,792,691,10.23,70.31,0,0.28,17.05.2024 07:57:11
0,143.25,764,692,10.24,70.31,0,-0.09,17.05.2024 07:57:13
0,146.44,781,692,10.24,70.31,0,0.13,17.05.2024 07:57:15
0,145.69,777,692,10.24,70.30,0,0.08,17.05.2024 07:57:17
0,147.56,787,692,10.24,70.28,0,0.21,17.05.2024 07:57:19
0,147.56,787,692,10.24,70.31,0,0.21,17.05.2024 07:57:21
0,149.44,797,692,10.24,70.30,0,0.35,17.05.2024 07:57:24
0,150.00,800,693,10.24,70.30,0,0.39,17.05.2024 07:57:26
0,146.06,779,693,10.23,70.31,0,0.10,17.05.2024 07:57:28
0,147.56,787,693,10.24,70.26,0,0.21,17.05.2024 07:57:30
0,147.38,786,693,10.23,70.30,0,0.20,17.05.2024 07:57:32
0,147.38,786,693,10.21,70.33,0,0.20,17.05.2024 07:57:34
0,154.50,824,693,10.23,70.30,0,0.75,17.05.2024 07:57:36
0,150.19,801,693,10.23,70.30,0,0.41,17.05.2024 07:57:38
0,150.94,805,694,10.21,70.30,0,0.47,17.05.2024 07:57:41
0,155.63,830,694,10.23,70.29,0,0.84,17.05.2024 07:57:43
0,152.06,811,694,10.21,70.31,0,0.56,17.05.2024 07:57:45
0,149.81,799,694,10.23,70.29,0,0.38,17.05.2024 07:57:47
0,148.88,794,694,10.23,70.30,0,0.31,17.05.2024 07:57:49
0,152.25,812,694,10.23,70.32,0,0.57,17.05.2024 07:57:51
0,150.75,804,694,10.21,70.31,0,0.45,17.05.2024 07:57:53
0,150.56,803,694,10.21,70.32,0,0.44,17.05.2024 07:57:55
0,153.94,821,694,10.24,70.31,0,0.70,17.05.2024 07:57:58
0,152.06,811,694,10.24,70.33,0,0.55,17.05.2024 07:58:00
0,152.81,815,694,10.20,70.30,0,0.62,17.05.2024 07:58:02
0,151.13,806,694,10.21,70.30,0,0.48,17.05.2024 07:58:04
0,150.00,800,694,10.21,70.30,0,0.40,17.05.2024 07:58:06
0,152.63,814,694,10.21,70.31,0,0.60,17.05.2024 07:58:08
0,150.94,805,694,10.21,70.33,0,0.47,17.05.2024 07:58:10
0,146.06,779,694,10.21,70.30,0,0.11,17.05.2024 07:58:12
0,148.88,794,694,10.23,70.32,0,0.31,17.05.2024 07:58:15
0,151.13,806,694,10.23,70.31,0,0.48,17.05.2024 07:58:17
0,151.13,806,693,10.23,70.31,0,0.48,17.05.2024 07:58:19
0,150.38,802,694,10.23,70.32,0,0.42,17.05.2024 07:58:21
0,150.19,801,694,10.23,70.30,0,0.41,17.05.2024 07:58:23
0,151.69,809,694,10.23,70.30,0,0.52,17.05.2024 07:58:25
0,150.38,802,694,10.21,70.29,0,0.43,17.05.2024 07:58:27
0,149.25,796,694,10.24,70.34,0,0.33,17.05.2024 07:58:29
0,150.19,801,694,10.23,70.31,0,0.41,17.05.2024 07:58:32
0,150.38,802,693,10.21,70.26,0,0.43,17.05.2024 07:58:34
0,150.00,800,693,10.26,70.32,0,0.39,17.05.2024 07:58:36
0,151.31,807,693,10.23,70.29,0,0.50,17.05.2024 07:58:38
0,152.06,811,693,10.23,70.32,0,0.55,17.05.2024 07:58:40
0,149.06,795,693,10.21,70.29,0,0.33,17.05.2024 07:58:42
0,149.25,796,693,10.24,70.30,0,0.34,17.05.2024 07:58:44
0,149.06,795,692,10.21,70.35,0,0.32,17.05.2024 07:58:46
0,150.00,800,692,10.23,70.29,0,0.39,17.05.2024 07:58:48
0,150.19,801,692,10.21,70.30,0,0.41,17.05.2024 07:58:51
0,147.38,786,692,10.21,70.28,0,0.20,17.05.2024 07:58:53
0,150.94,805,692,10.23,70.31,0,0.47,17.05.2024 07:58:55
0,148.50,792,692,10.21,70.29,0,0.28,17.05.2024 07:58:57
0,148.13,790,692,10.21,70.29,0,0.26,17.05.2024 07:58:59
0,149.63,798,692,10.21,70.28,0,0.37,17.05.2024 07:59:01
0,151.69,809,692,10.21,70.30,0,0.53,17.05.2024 07:59:03
0,149.81,799,692,10.21,70.32,0,0.38,17.05.2024 07:59:05
0,151.13,806,692,10.24,70.30,0,0.48,17.05.2024 07:59:08
0,148.13,790,692,10.23,70.32,0,0.25,17.05.2024 07:59:10
0,148.50,792,692,10.23,70.30,0,0.28,17.05.2024 07:59:12
0,148.31,791,692,10.23,70.32,0,0.27,17.05.2024 07:59:14
0,148.50,792,691,10.23,70.32,0,0.28,17.05.2024 07:59:18
0,147.56,787,691,10.27,70.30,0,0.21,17.05.2024 07:59:20
0,148.50,792,691,10.23,70.30,0,0.28,17.05.2024 07:59:22
0,147.94,789,691,10.26,70.31,0,0.23,17.05.2024 07:59:24
0,145.31,775,692,10.24,70.31,0,0.05,17.05.2024 07:59:27
0,148.13,790,692,10.21,70.30,0,0.26,17.05.2024 07:59:29
0,149.63,798,692,10.24,70.31,0,0.36,17.05.2024 07:59:31
0,147.00,784,693,10.23,70.30,0,0.17,17.05.2024 07:59:33
0,147.38,786,692,10.21,70.26,0,0.20,17.05.2024 07:59:35
0,148.88,794,692,10.24,70.31,0,0.31,17.05.2024 07:59:37
0,146.81,783,692,10.21,70.32,0,0.16,17.05.2024 07:59:39
0,149.06,795,692,10.21,70.28,0,0.33,17.05.2024 07:59:41
0,151.31,807,692,10.23,70.31,0,0.50,17.05.2024 07:59:44
0,148.69,793,693,10.23,70.30,0,0.30,17.05.2024 07:59:46
0,150.56,803,692,10.23,70.28,0,0.44,17.05.2024 07:59:48
0,152.06,811,692,10.23,70.28,0,0.55,17.05.2024 07:59:50
0,150.00,800,692,10.23,70.29,0,0.39,17.05.2024 07:59:52
0,153.00,816,692,10.21,70.28,0,0.63,17.05.2024 07:59:54
0,149.44,797,693,10.23,70.30,0,0.35,17.05.2024 07:59:56
0,150.38,802,693,10.23,70.30,0,0.42,17.05.2024 07:59:58
