0,912.75,4868,1070,27.57,68.97,0,715.93,16.05.2024 11:00:03
0,908.25,4844,1071,27.59,68.91,0,700.64,16.05.2024 11:00:05
0,912.38,4866,1070,27.57,68.95,0,715.10,16.05.2024 11:00:07
0,908.63,4846,1070,27.57,68.99,0,702.38,16.05.2024 11:00:09
0,909.19,4849,1071,27.59,68.92,0,703.43,16.05.2024 11:00:11
0,905.25,4828,1071,27.57,68.97,0,692.03,16.05.2024 11:00:13
0,909.56,4851,1070,27.57,68.94,0,706.21,16.05.2024 11:00:15
0,907.69,4841,1070,27.55,68.91,0,701.71,16.05.2024 11:00:18
0,904.13,4822,1071,27.58,68.94,0,688.05,16.05.2024 11:00:20
0,905.06,4827,1071,27.58,68.93,0,691.17,16.05.2024 11:00:22
0,901.31,4807,1071,27.57,68.94,0,680.23,16.05.2024 11:00:24
0,900.19,4801,1071,27.58,68.98,0,675.19,16.05.2024 11:00:26
0,901.69,4809,1071,27.58,68.93,0,680.63,16.05.2024 11:00:28
0,901.13,4806,1070,27.57,68.96,0,679.29,16.05.2024 11:00:30
0,897.56,4787,1070,27.57,68.95,0,668.55,16.05.2024 11:00:32
0,900.56,4803,1070,27.55,68.91,0,679.34,16.05.2024 11:00:35
0,905.06,4827,1071,27.55,68.97,0,692.53,16.05.2024 11:00:37
0,899.44,4797,1071,27.57,68.94,0,674.44,16.05.2024 11:00:39
0,903.56,4819,1070,27.57,68.99,0,686.42,16.05.2024 11:00:41
0,901.31,4807,1071,27.57,68.94,0,680.23,16.05.2024 11:00:43
0,901.13,4806,1071,27.57,68.93,0,679.79,16.05.2024 11:00:45
0,904.31,4823,1071,27.58,68.95,0,688.45,16.05.2024 11:00:47
0,902.81,4815,1070,27.55,68.96,0,685.66,16.05.2024 11:00:49
0,902.63,4814,1070,27.57,68.97,0,683.82,16.05.2024 11:00:51
0,903.75,4820,1070,27.58,68.93,0,687.06,16.05.2024 11:00:54
0,903.94,4821,1070,27.57,68.97,0,687.91,16.05.2024 11:00:56
0,905.25,4828,1070,27.52,68.97,0,694.86,16.05.2024 11:00:58
0,904.69,4825,1070,27.57,68.95,0,690.63,16.05.2024 11:01:00
0,907.31,4839,1070,27.55,68.92,0,700.33,16.05.2024 11:01:02
0,911.44,4861,1070,27.55,68.95,0,713.20,16.05.2024 11:01:04
0,912.00,4864,1070,27.55,68.95,0,715.02,16.05.2024 11:01:06
0,908.06,4843,1069,27.57,68.96,0,701.06,16.05.2024 11:01:08
0,912.38,4866,1069,27.54,68.95,0,717.03,16.05.2024 11:01:11
0,912.94,4869,1069,27.55,68.97,0,717.53,16.05.2024 11:01:13
0,912.56,4867,1069,27.57,68.98,0,715.19,16.05.2024 11:01:15
0,914.63,4878,1068,27.55,68.97,0,723.01,16.05.2024 11:01:17
0,912.38,4866,1068,27.57,69.01,0,714.06,16.05.2024 11:01:19
0,910.88,4858,1068,27.55,68.94,0,711.53,16.05.2024 11:01:21
0,914.06,4875,1068,27.54,68.97,0,722.18,16.05.2024 11:01:23
0,914.63,4878,1069,27.54,68.96,0,724.20,16.05.2024 11:01:25
0,912.56,4867,1069,27.57,68.96,0,715.47,16.05.2024 11:01:27
0,911.25,4860,1069,27.58,68.93,0,710.82,16.05.2024 11:01:30
0,914.25,4876,1069,27.55,68.95,0,722.31,16.05.2024 11:01:32
0,912.19,4865,1070,27.57,68.95,0,714.49,16.05.2024 11:01:34
0,911.81,4863,1070,27.57,68.94,0,713.43,16.05.2024 11:01:36
0,914.44,4877,1070,27.57,68.94,0,721.92,16.05.2024 11:01:38
0,912.94,4869,1070,27.58,68.97,0,715.60,16.05.2024 11:01:40
0,914.06,4875,1070,27.58,68.95,0,719.52,16.05.2024 11:01:42
0,910.88,4858,1070,27.57,68.95,0,710.27,16.05.2024 11:01:44
0,912.38,4866,1071,27.57,68.96,0,714.86,16.05.2024 11:01:47
0,912.19,4865,1070,27.57,68.93,0,714.78,16.05.2024 11:01:49
0,914.81,4879,1070,27.57,68.98,0,722.48,16.05.2024 11:01:51
0,908.81,4847,1071,27.55,68.95,0,704.79,16.05.2024 11:01:53
0,914.63,4878,1072,27.55,68.97,0,723.01,16.05.2024 11:01:55
0,912.56,4867,1072,27.54,68.96,0,717.50,16.05.2024 11:01:57
0,915.94,4885,1072,27.55,68.94,0,727.97,16.05.2024 11:01:59
0,912.75,4868,1072,27.58,68.94,0,715.46,16.05.2024 11:02:01
0,913.31,4871,1072,27.58,68.97,0,716.81,16.05.2024 11:02:04
0,914.25,4876,1071,27.57,68.95,0,721.17,16.05.2024 11:02:06
0,910.50,4856,1072,27.55,68.97,0,709.81,16.05.2024 11:02:08
0,912.19,4865,1073,27.57,68.95,0,714.49,16.05.2024 11:02:10
0,912.56,4867,1074,27.57,68.96,0,715.47,16.05.2024 11:02:12
0,909.56,4851,1074,27.58,68.97,0,704.77,16.05.2024 11:02:14
0,909.75,4852,1074,27.57,68.95,0,706.67,16.05.2024 11:02:16
0,912.75,4868,1074,27.58,68.97,0,714.99,16.05.2024 11:02:18
0,907.69,4841,1074,27.57,68.95,0,700.10,16.05.2024 11:02:20
0,911.81,4863,1073,27.55,68.95,0,714.41,16.05.2024 11:02:23
0,912.38,4866,1074,27.57,68.95,0,715.10,16.05.2024 11:02:25
0,911.81,4863,1074,27.58,68.94,0,712.44,16.05.2024 11:02:27
0,910.50,4856,1074,27.55,68.96,0,710.00,16.05.2024 11:02:29
0,911.25,4860,1074,27.57,68.96,0,711.24,16.05.2024 11:02:31
0,911.25,4860,1075,27.58,68.97,0,710.16,16.05.2024 11:02:33
0,910.13,4854,1075,27.58,68.96,0,706.70,16.05.2024 11:02:35
0,910.31,4855,1075,27.57,68.98,0,707.95,16.05.2024 11:02:37
0,908.44,4845,1075,27.57,68.95,0,702.48,16.05.2024 11:02:40
0,911.44,4861,1075,27.57,68.96,0,711.84,16.05.2024 11:02:42
0,911.81,4863,1074,27.55,68.95,0,714.41,16.05.2024 11:02:44
0,911.81,4863,1074,27.54,68.93,0,715.54,16.05.2024 11:02:46
0,912.38,4866,1074,27.57,68.97,0,714.72,16.05.2024 11:02:48
0,914.25,4876,1073,27.58,68.96,0,719.99,16.05.2024 11:02:50
0,910.13,4854,1074,27.58,68.94,0,707.03,16.05.2024 11:02:52
0,911.25,4860,1074,27.58,68.98,0,709.98,16.05.2024 11:02:54
0,913.50,4872,1074,27.58,68.98,0,717.23,16.05.2024 11:02:56
0,912.56,4867,1075,27.59,68.95,0,713.87,16.05.2024 11:02:59
0,912.00,4864,1074,27.57,68.95,0,713.89,16.05.2024 11:03:01
0,912.00,4864,1074,27.55,68.96,0,714.83,16.05.2024 11:03:03
0,911.81,4863,1074,27.59,68.96,0,711.13,16.05.2024 11:03:05
0,910.88,4858,1074,27.55,68.94,0,711.53,16.05.2024 11:03:07
0,912.00,4864,1074,27.57,68.94,0,714.03,16.05.2024 11:03:09
0,912.56,4867,1075,27.57,68.93,0,715.99,16.05.2024 11:03:11
0,911.06,4859,1075,27.58,68.96,0,709.70,16.05.2024 11:03:13
0,909.94,4853,1075,27.58,68.96,0,706.10,16.05.2024 11:03:16
0,915.00,4880,1075,27.57,68.94,0,723.76,16.05.2024 11:03:18
0,912.19,4865,1076,27.58,68.99,0,712.80,16.05.2024 11:03:20
0,909.19,4849,1076,27.59,68.97,0,702.60,16.05.2024 11:03:22
0,907.88,4842,1076,27.57,68.91,0,701.34,16.05.2024 11:03:24
0,910.69,4857,1076,27.58,68.97,0,708.36,16.05.2024 11:03:26
0,912.38,4866,1077,27.55,68.95,0,716.23,16.05.2024 11:03:28
0,910.50,4856,1077,27.57,68.97,0,708.69,16.05.2024 11:03:30
0,909.94,4853,1077,27.57,68.96,0,707.03,16.05.2024 11:03:32
0,912.00,4864,1077,27.57,68.95,0,713.89,16.05.2024 11:03:35
0,910.13,4854,1077,27.58,68.96,0,706.70,16.05.2024 11:03:37
0,910.13,4854,1078,27.55,68.97,0,708.61,16.05.2024 11:03:39
0,910.69,4857,1079,27.58,68.93,0,709.01,16.05.2024 11:03:41
0,909.19,4849,1080,27.59,68.96,0,702.74,16.05.2024 11:03:43
0,910.88,4858,1080,27.55,68.92,0,711.72,16.05.2024 11:03:45
0,912.38,4866,1080,27.57,68.92,0,715.57,16.05.2024 11:03:47
0,906.56,4835,1079,27.58,68.96,0,695.39,16.05.2024 11:03:49
0,907.50,4840,1079,27.57,68.94,0,699.64,16.05.2024 11:03:52
0,909.00,4848,1079,27.58,68.96,0,703.11,16.05.2024 11:03:54
0,909.19,4849,1079,27.58,68.95,0,703.85,16.05.2024 11:03:56
0,908.81,4847,1080,27.59,68.96,0,701.55,16.05.2024 11:03:58
0,908.81,4847,1080,27.58,68.94,0,702.84,16.05.2024 11:04:00
0,910.69,4857,1079,27.57,68.95,0,709.67,16.05.2024 11:04:02
0,912.56,4867,1080,27.58,68.94,0,714.86,16.05.2024 11:04:04
0,909.00,4848,1081,27.57,68.93,0,704.55,16.05.2024 11:04:06
0,908.25,4844,1081,27.58,68.97,0,700.59,16.05.2024 11:04:10
0,906.00,4832,1080,27.58,68.94,0,693.93,16.05.2024 11:04:13
0,909.75,4852,1080,27.61,68.95,0,703.74,16.05.2024 11:04:15
0,911.44,4861,1080,27.57,68.91,0,712.73,16.05.2024 11:04:17
0,908.63,4846,1080,27.59,68.95,0,701.27,16.05.2024 11:04:19
0,905.25,4828,1081,27.58,68.96,0,691.26,16.05.2024 11:04:21
0,907.69,4841,1082,27.57,68.96,0,699.86,16.05.2024 11:04:23
0,903.56,4819,1083,27.58,68.98,0,685.66,16.05.2024 11:04:25
0,899.06,4795,1083,27.58,68.94,0,672.35,16.05.2024 11:04:27
0,900.94,4805,1083,27.57,68.95,0,678.94,16.05.2024 11:04:30
0,899.63,4798,1081,27.57,68.95,0,674.88,16.05.2024 11:04:32
0,900.56,4803,1081,27.55,68.96,0,678.67,16.05.2024 11:04:34
0,900.19,4801,1081,27.58,68.96,0,675.50,16.05.2024 11:04:36
0,901.13,4806,1081,27.58,68.94,0,678.71,16.05.2024 11:04:38
0,898.13,4790,1081,27.58,68.94,0,669.48,16.05.2024 11:04:40
0,903.38,4818,1081,27.58,68.99,0,684.89,16.05.2024 11:04:42
0,895.50,4776,1081,27.55,68.96,0,663.14,16.05.2024 11:04:44
0,902.44,4813,1081,27.57,68.93,0,683.86,16.05.2024 11:04:46
0,903.56,4819,1082,27.58,68.94,0,686.29,16.05.2024 11:04:49
0,903.38,4818,1082,27.58,68.93,0,685.88,16.05.2024 11:04:51
0,901.88,4810,1082,27.58,68.96,0,680.72,16.05.2024 11:04:53
0,899.63,4798,1082,27.58,68.93,0,674.26,16.05.2024 11:04:55
0,903.94,4821,1081,27.57,68.98,0,687.78,16.05.2024 11:04:57
0,904.88,4826,1081,27.57,68.99,0,690.53,16.05.2024 11:04:59
0,905.81,4831,1081,27.58,68.95,0,693.16,16.05.2024 11:05:01
0,905.81,4831,1082,27.57,68.92,0,694.62,16.05.2024 11:05:03
0,908.81,4847,1082,27.58,68.97,0,702.38,16.05.2024 11:05:06
0,909.56,4851,1082,27.59,68.96,0,703.93,16.05.2024 11:05:08
0,915.56,4883,1081,27.58,68.96,0,724.26,16.05.2024 11:05:10
0,909.94,4853,1081,27.57,68.97,0,706.89,16.05.2024 11:05:12
0,913.31,4871,1082,27.57,68.94,0,718.27,16.05.2024 11:05:14
0,909.00,4848,1082,27.57,68.96,0,704.04,16.05.2024 11:05:16
0,913.31,4871,1083,27.58,68.95,0,717.09,16.05.2024 11:05:18
0,911.44,4861,1082,27.57,68.98,0,711.56,16.05.2024 11:05:20
0,909.56,4851,1083,27.57,68.94,0,706.21,16.05.2024 11:05:22
0,913.13,4870,1083,27.58,68.96,0,716.34,16.05.2024 11:05:25
0,912.94,4869,1082,27.58,68.96,0,715.74,16.05.2024 11:05:27
0,912.94,4869,1082,27.57,68.95,0,716.92,16.05.2024 11:05:29
0,914.63,4878,1082,27.58,68.98,0,720.87,16.05.2024 11:05:31
0,912.75,4868,1082,27.57,68.97,0,715.93,16.05.2024 11:05:33
0,912.56,4867,1083,27.57,68.98,0,715.19,16.05.2024 11:05:35
0,911.63,4862,1084,27.58,68.97,0,711.37,16.05.2024 11:05:37
0,914.44,4877,1084,27.58,68.98,0,720.26,16.05.2024 11:05:39
0,911.06,4859,1084,27.58,68.97,0,709.56,16.05.2024 11:05:42
0,915.38,4882,1084,27.57,68.98,0,724.31,16.05.2024 11:05:44
0,909.00,4848,1085,27.58,68.95,0,703.25,16.05.2024 11:05:46
0,913.31,4871,1085,27.58,68.94,0,717.28,16.05.2024 11:05:48
0,911.25,4860,1086,27.55,68.95,0,712.60,16.05.2024 11:05:50
0,909.19,4849,1086,27.57,68.97,0,704.50,16.05.2024 11:05:52
0,913.50,4872,1086,27.58,68.98,0,717.23,16.05.2024 11:05:54
0,913.31,4871,1086,27.57,68.98,0,717.61,16.05.2024 11:05:56
0,912.56,4867,1086,27.58,68.94,0,714.86,16.05.2024 11:05:59
0,914.81,4879,1086,27.57,68.98,0,722.48,16.05.2024 11:06:01
0,913.50,4872,1086,27.57,68.97,0,718.36,16.05.2024 11:06:03
0,914.44,4877,1086,27.58,68.94,0,720.93,16.05.2024 11:06:05
0,909.19,4849,1086,27.59,68.98,0,702.46,16.05.2024 11:06:07
0,915.56,4883,1086,27.59,68.99,0,722.78,16.05.2024 11:06:09
0,913.88,4874,1085,27.58,68.96,0,718.77,16.05.2024 11:06:11
0,912.56,4867,1085,27.59,68.96,0,713.54,16.05.2024 11:06:13
0,913.31,4871,1085,27.58,68.98,0,716.62,16.05.2024 11:06:15
0,908.81,4847,1085,27.57,68.95,0,703.67,16.05.2024 11:06:18
0,911.44,4861,1085,27.58,68.97,0,710.77,16.05.2024 11:06:20
0,912.56,4867,1084,27.59,68.98,0,713.26,16.05.2024 11:06:22
0,912.75,4868,1085,27.58,68.96,0,715.13,16.05.2024 11:06:24
0,912.75,4868,1085,27.55,68.97,0,717.07,16.05.2024 11:06:26
0,913.31,4871,1085,27.59,68.97,0,715.82,16.05.2024 11:06:28
0,911.25,4860,1085,27.58,68.99,0,709.79,16.05.2024 11:06:30
0,910.50,4856,1086,27.57,69.01,0,708.04,16.05.2024 11:06:32
0,909.56,4851,1086,27.57,68.94,0,706.21,16.05.2024 11:06:35
0,912.19,4865,1086,27.58,68.96,0,713.32,16.05.2024 11:06:37
0,908.25,4844,1086,27.58,68.97,0,700.59,16.05.2024 11:06:39
0,908.06,4843,1086,27.55,68.97,0,702.03,16.05.2024 11:06:41
0,911.81,4863,1087,27.58,68.95,0,712.25,16.05.2024 11:06:43
0,915.38,4882,1086,27.58,68.96,0,723.64,16.05.2024 11:06:45
0,915.75,4884,1086,27.57,68.97,0,725.68,16.05.2024 11:06:47
0,912.75,4868,1087,27.59,68.98,0,713.86,16.05.2024 11:06:49
0,907.31,4839,1086,27.55,68.94,0,700.15,16.05.2024 11:06:51
0,911.06,4859,1087,27.58,68.96,0,709.70,16.05.2024 11:06:54
0,913.13,4870,1087,27.58,68.99,0,715.82,16.05.2024 11:06:56
0,913.13,4870,1088,27.59,68.97,0,715.21,16.05.2024 11:06:58
0,910.13,4854,1087,27.58,68.98,0,706.38,16.05.2024 11:07:00
0,913.69,4873,1087,27.57,68.96,0,719.11,16.05.2024 11:07:02
0,911.44,4861,1087,27.57,68.97,0,711.70,16.05.2024 11:07:04
0,912.00,4864,1088,27.59,68.95,0,712.06,16.05.2024 11:07:06
0,909.94,4853,1088,27.55,68.95,0,708.38,16.05.2024 11:07:08
0,910.69,4857,1089,27.58,68.97,0,708.36,16.05.2024 11:07:11
0,906.75,4836,1089,27.58,68.94,0,696.30,16.05.2024 11:07:13
0,911.25,4860,1090,27.57,68.95,0,711.47,16.05.2024 11:07:15
0,907.31,4839,1089,27.58,68.94,0,698.08,16.05.2024 11:07:17
0,910.13,4854,1090,27.58,68.95,0,706.84,16.05.2024 11:07:19
0,906.75,4836,1090,27.58,68.93,0,696.48,16.05.2024 11:07:21
0,910.31,4855,1091,27.61,68.99,0,704.84,16.05.2024 11:07:23
0,910.88,4858,1091,27.58,68.94,0,709.43,16.05.2024 11:07:25
0,912.75,4868,1090,27.58,68.96,0,715.13,16.05.2024 11:07:27
0,913.50,4872,1091,27.58,68.97,0,717.41,16.05.2024 11:07:30
0,914.06,4875,1091,27.58,68.98,0,719.05,16.05.2024 11:07:32
0,911.63,4862,1092,27.57,68.97,0,712.31,16.05.2024 11:07:34
0,907.31,4839,1092,27.57,68.96,0,698.68,16.05.2024 11:07:36
0,913.69,4873,1091,27.59,68.99,0,716.70,16.05.2024 11:07:38
0,912.19,4865,1092,27.59,68.99,0,711.86,16.05.2024 11:07:40
0,912.75,4868,1091,27.57,68.94,0,716.45,16.05.2024 11:07:42
0,910.50,4856,1091,27.57,68.94,0,709.21,16.05.2024 11:07:44
0,911.81,4863,1091,27.58,68.93,0,712.63,16.05.2024 11:07:47
0,914.06,4875,1090,27.57,68.96,0,720.33,16.05.2024 11:07:49
0,910.31,4855,1090,27.58,68.94,0,707.63,16.05.2024 11:07:51
0,910.50,4856,1090,27.57,68.95,0,709.07,16.05.2024 11:07:53
0,911.63,4862,1090,27.59,68.95,0,710.71,16.05.2024 11:07:55
0,907.31,4839,1090,27.55,68.94,0,700.15,16.05.2024 11:07:57
0,909.56,4851,1089,27.55,68.94,0,707.32,16.05.2024 11:07:59
0,909.38,4850,1089,27.58,68.94,0,704.63,16.05.2024 11:08:03
0,907.50,4840,1089,27.59,68.97,0,697.25,16.05.2024 11:08:05
0,907.50,4840,1089,27.58,68.99,0,697.84,16.05.2024 11:08:08
0,909.38,4850,1089,27.58,68.96,0,704.31,16.05.2024 11:08:10
0,906.19,4833,1089,27.59,68.96,0,693.25,16.05.2024 11:08:12
0,908.44,4845,1090,27.59,68.95,0,700.68,16.05.2024 11:08:14
0,907.50,4840,1090,27.59,68.96,0,697.39,16.05.2024 11:08:16
0,901.13,4806,1091,27.58,68.96,0,678.40,16.05.2024 11:08:18
0,899.06,4795,1090,27.57,68.97,0,672.80,16.05.2024 11:08:20
0,898.88,4794,1090,27.58,68.95,0,671.60,16.05.2024 11:08:22
0,902.06,4811,1090,27.59,68.97,0,680.23,16.05.2024 11:08:25
0,900.94,4805,1090,27.59,68.98,0,676.62,16.05.2024 11:08:27
0,903.75,4820,1090,27.58,68.96,0,686.56,16.05.2024 11:08:29
0,902.25,4812,1090,27.57,68.99,0,682.34,16.05.2024 11:08:31
0,899.25,4796,1090,27.57,68.97,0,673.37,16.05.2024 11:08:33
0,904.69,4825,1090,27.59,68.95,0,688.72,16.05.2024 11:08:35
0,899.06,4795,1089,27.57,68.98,0,672.66,16.05.2024 11:08:37
0,904.31,4823,1090,27.58,68.95,0,688.45,16.05.2024 11:08:39
0,906.75,4836,1090,27.57,68.95,0,697.12,16.05.2024 11:08:41
0,900.75,4804,1090,27.58,68.98,0,676.93,16.05.2024 11:08:44
0,900.38,4802,1090,27.59,68.97,0,675.02,16.05.2024 11:08:46
0,902.63,4814,1091,27.57,68.97,0,683.82,16.05.2024 11:08:48
0,902.25,4812,1091,27.58,68.93,0,682.38,16.05.2024 11:08:50
0,903.00,4816,1090,27.58,68.96,0,684.22,16.05.2024 11:08:52
0,906.38,4834,1090,27.57,68.97,0,695.57,16.05.2024 11:08:54
0,904.69,4825,1091,27.59,68.97,0,688.40,16.05.2024 11:08:56
0,903.38,4818,1090,27.59,68.96,0,684.44,16.05.2024 11:08:58
0,910.13,4854,1090,27.59,68.97,0,705.59,16.05.2024 11:09:01
0,909.94,4853,1089,27.57,68.95,0,707.26,16.05.2024 11:09:03
0,912.00,4864,1089,27.57,69.03,0,712.48,16.05.2024 11:09:05
0,911.44,4861,1090,27.55,68.97,0,712.83,16.05.2024 11:09:07
0,912.75,4868,1090,27.55,68.98,0,716.78,16.05.2024 11:09:09
0,914.06,4875,1090,27.58,68.94,0,719.71,16.05.2024 11:09:11
0,912.75,4868,1089,27.57,68.96,0,716.07,16.05.2024 11:09:13
0,910.50,4856,1089,27.58,69.00,0,707.25,16.05.2024 11:09:15
0,908.06,4843,1089,27.59,68.96,0,699.17,16.05.2024 11:09:17
0,914.63,4878,1089,27.58,68.96,0,721.20,16.05.2024 11:09:20
0,913.69,4873,1089,27.59,68.98,0,716.89,16.05.2024 11:09:22
0,911.25,4860,1089,27.58,68.96,0,710.30,16.05.2024 11:09:24
0,916.50,4888,1090,27.58,68.99,0,726.79,16.05.2024 11:09:26
0,917.06,4891,1089,27.58,68.96,0,729.16,16.05.2024 11:09:28
0,912.56,4867,1089,27.58,68.98,0,714.20,16.05.2024 11:09:30
0,914.63,4878,1089,27.57,68.95,0,722.39,16.05.2024 11:09:32
0,908.81,4847,1088,27.59,69.00,0,700.90,16.05.2024 11:09:34
0,910.88,4858,1088,27.58,68.95,0,709.24,16.05.2024 11:09:37
0,908.81,4847,1088,27.58,68.94,0,702.84,16.05.2024 11:09:39
0,910.88,4858,1088,27.58,68.97,0,708.96,16.05.2024 11:09:41
0,916.88,4890,1088,27.58,68.94,0,728.88,16.05.2024 11:09:43
0,912.00,4864,1089,27.57,68.95,0,713.89,16.05.2024 11:09:45
0,912.94,4869,1089,27.59,68.98,0,714.47,16.05.2024 11:09:47
0,912.94,4869,1089,27.59,68.98,0,714.47,16.05.2024 11:09:49
0,912.56,4867,1088,27.59,68.96,0,713.54,16.05.2024 11:09:51
0,914.81,4879,1088,27.55,68.95,0,724.15,16.05.2024 11:09:53
0,908.06,4843,1088,27.57,68.98,0,700.78,16.05.2024 11:09:56
0,916.69,4889,1088,27.57,68.96,0,728.89,16.05.2024 11:09:58
0,912.38,4866,1088,27.58,68.98,0,713.59,16.05.2024 11:10:00
0,913.13,4870,1088,27.58,68.94,0,716.67,16.05.2024 11:10:02
0,911.06,4859,1088,27.58,68.96,0,709.70,16.05.2024 11:10:04
0,912.75,4868,1087,27.57,69.00,0,715.41,16.05.2024 11:10:06
0,913.88,4874,1087,27.57,68.97,0,719.57,16.05.2024 11:10:08
0,910.13,4854,1088,27.59,68.97,0,705.59,16.05.2024 11:10:10
0,915.94,4885,1088,27.58,68.94,0,725.81,16.05.2024 11:10:13
0,914.25,4876,1088,27.58,69.00,0,719.32,16.05.2024 11:10:15
0,912.56,4867,1088,27.58,68.96,0,714.53,16.05.2024 11:10:17
0,910.50,4856,1089,27.58,68.95,0,708.04,16.05.2024 11:10:19
0,914.25,4876,1089,27.58,69.00,0,719.32,16.05.2024 11:10:21
0,911.06,4859,1089,27.58,68.94,0,710.03,16.05.2024 11:10:23
0,912.75,4868,1090,27.59,68.98,0,713.86,16.05.2024 11:10:25
0,910.13,4854,1089,27.58,68.98,0,706.38,16.05.2024 11:10:27
0,912.38,4866,1089,27.57,68.96,0,714.86,16.05.2024 11:10:30
0,907.13,4838,1089,27.59,68.96,0,696.20,16.05.2024 11:10:32
0,912.75,4868,1089,27.59,68.99,0,713.67,16.05.2024 11:10:34
0,908.63,4846,1089,27.58,68.95,0,702.06,16.05.2024 11:10:36
0,913.31,4871,1089,27.58,68.99,0,716.43,16.05.2024 11:10:38
0,917.44,4893,1090,27.58,68.93,0,730.92,16.05.2024 11:10:40
0,912.38,4866,1091,27.57,68.98,0,714.58,16.05.2024 11:10:42
0,912.75,4868,1091,27.59,68.99,0,713.67,16.05.2024 11:10:44
0,915.19,4881,1091,27.59,68.99,0,721.56,16.05.2024 11:10:46
0,909.75,4852,1091,27.58,68.96,0,705.50,16.05.2024 11:10:49
0,909.75,4852,1092,27.58,68.95,0,705.64,16.05.2024 11:10:51
0,907.13,4838,1091,27.61,68.98,0,694.92,16.05.2024 11:10:53
0,911.25,4860,1091,27.57,68.96,0,711.24,16.05.2024 11:10:55
0,909.94,4853,1092,27.59,68.95,0,705.45,16.05.2024 11:10:57
0,915.19,4881,1092,27.58,68.96,0,723.03,16.05.2024 11:10:59
0,912.19,4865,1093,27.59,68.98,0,712.05,16.05.2024 11:11:01
0,914.06,4875,1093,27.58,68.99,0,718.86,16.05.2024 11:11:03
0,909.00,4848,1094,27.59,68.99,0,701.68,16.05.2024 11:11:06
0,909.38,4850,1094,27.59,68.96,0,703.33,16.05.2024 11:11:08
0,909.75,4852,1094,27.58,68.96,0,705.50,16.05.2024 11:11:10
0,910.50,4856,1094,27.58,68.95,0,708.04,16.05.2024 11:11:12
0,913.31,4871,1095,27.61,68.99,0,714.45,16.05.2024 11:11:14
0,910.31,4855,1095,27.61,68.99,0,704.84,16.05.2024 11:11:16
0,914.63,4878,1095,27.58,68.99,0,720.68,16.05.2024 11:11:18
0,911.81,4863,1094,27.59,68.95,0,711.32,16.05.2024 11:11:20
0,909.56,4851,1094,27.61,68.97,0,702.77,16.05.2024 11:11:22
0,911.63,4862,1095,27.58,68.98,0,711.18,16.05.2024 11:11:25
0,911.81,4863,1094,27.58,68.97,0,711.97,16.05.2024 11:11:27
0,908.81,4847,1094,27.58,68.98,0,702.19,16.05.2024 11:11:29
0,913.69,4873,1094,27.59,68.95,0,717.50,16.05.2024 11:11:31
0,911.25,4860,1094,27.57,68.96,0,711.24,16.05.2024 11:11:33
0,911.81,4863,1095,27.59,69.01,0,710.29,16.05.2024 11:11:35
0,910.88,4858,1095,27.58,68.99,0,708.59,16.05.2024 11:11:37
0,910.69,4857,1096,27.57,68.98,0,709.15,16.05.2024 11:11:39
0,908.63,4846,1095,27.59,68.99,0,700.49,16.05.2024 11:11:42
0,910.13,4854,1095,27.58,68.96,0,706.70,16.05.2024 11:11:44
0,912.00,4864,1095,27.59,68.95,0,711.92,16.05.2024 11:11:46
0,914.63,4878,1094,27.57,68.94,0,722.53,16.05.2024 11:11:48
0,909.38,4850,1094,27.62,68.96,0,701.44,16.05.2024 11:11:50
0,908.44,4845,1094,27.58,68.98,0,701.00,16.05.2024 11:11:52
0,913.13,4870,1093,27.59,68.97,0,715.21,16.05.2024 11:11:54
0,909.56,4851,1093,27.59,68.97,0,703.79,16.05.2024 11:11:56
0,912.19,4865,1094,27.59,68.97,0,712.19,16.05.2024 11:11:58
0,908.06,4843,1094,27.58,68.98,0,699.81,16.05.2024 11:12:01
0,909.19,4849,1094,27.58,68.98,0,703.38,16.05.2024 11:12:03
0,907.69,4841,1094,27.58,68.98,0,698.62,16.05.2024 11:12:05
0,910.50,4856,1094,27.58,68.97,0,707.76,16.05.2024 11:12:09
0,909.56,4851,1094,27.59,68.99,0,703.47,16.05.2024 11:12:11
0,906.94,4837,1094,27.61,68.98,0,694.33,16.05.2024 11:12:13
0,910.50,4856,1095,27.61,68.99,0,705.44,16.05.2024 11:12:15
0,908.81,4847,1094,27.58,68.98,0,702.19,16.05.2024 11:12:17
0,911.44,4861,1094,27.58,68.97,0,710.77,16.05.2024 11:12:20
0,900.75,4804,1094,27.61,68.98,0,675.06,16.05.2024 11:12:22
0,901.69,4809,1094,27.58,68.97,0,680.01,16.05.2024 11:12:24
0,898.13,4790,1093,27.58,68.97,0,669.04,16.05.2024 11:12:26
0,896.81,4783,1093,27.59,68.98,0,663.99,16.05.2024 11:12:28
0,903.00,4816,1094,27.58,68.97,0,684.08,16.05.2024 11:12:30
0,900.94,4805,1094,27.61,69.00,0,675.33,16.05.2024 11:12:32
0,901.69,4809,1094,27.59,68.97,0,679.07,16.05.2024 11:12:34
0,903.94,4821,1094,27.61,69.00,0,684.62,16.05.2024 11:12:36
0,900.75,4804,1093,27.59,69.01,0,675.50,16.05.2024 11:12:39
0,903.56,4819,1094,27.58,68.97,0,685.84,16.05.2024 11:12:41
0,906.94,4837,1093,27.59,69.02,0,694.65,16.05.2024 11:12:43
0,900.94,4805,1094,27.59,68.97,0,676.75,16.05.2024 11:12:45
0,903.56,4819,1094,27.58,68.96,0,685.97,16.05.2024 11:12:47
0,905.25,4828,1095,27.59,68.96,0,690.30,16.05.2024 11:12:49
0,903.38,4818,1095,27.59,68.97,0,684.31,16.05.2024 11:12:51
0,901.50,4808,1095,27.58,68.96,0,679.56,16.05.2024 11:12:53
0,900.75,4804,1095,27.58,68.96,0,677.24,16.05.2024 11:12:56
0,906.19,4833,1095,27.59,68.99,0,692.79,16.05.2024 11:12:58
0,904.69,4825,1094,27.58,68.99,0,688.99,16.05.2024 11:13:00
0,908.06,4843,1095,27.59,68.98,0,698.89,16.05.2024 11:13:02
0,917.25,4892,1094,27.59,69.00,0,728.10,16.05.2024 11:13:04
0,915.56,4883,1094,27.59,68.97,0,723.11,16.05.2024 11:13:06
0,916.13,4886,1094,27.59,68.99,0,724.61,16.05.2024 11:13:08
0,914.25,4876,1094,27.58,68.98,0,719.65,16.05.2024 11:13:10
0,911.44,4861,1094,27.58,68.98,0,710.58,16.05.2024 11:13:12
0,911.25,4860,1094,27.59,68.96,0,709.32,16.05.2024 11:13:15
0,912.38,4866,1094,27.57,69.00,0,714.20,16.05.2024 11:13:17
0,910.13,4854,1094,27.61,68.99,0,704.24,16.05.2024 11:13:19
0,912.56,4867,1095,27.59,68.95,0,713.73,16.05.2024 11:13:21
0,912.75,4868,1095,27.59,68.97,0,714.00,16.05.2024 11:13:23
0,914.25,4876,1095,27.58,68.99,0,719.47,16.05.2024 11:13:25
0,915.94,4885,1095,27.59,69.00,0,723.81,16.05.2024 11:13:27
0,909.19,4849,1096,27.59,68.97,0,702.60,16.05.2024 11:13:29
0,913.13,4870,1095,27.59,68.95,0,715.54,16.05.2024 11:13:32
0,912.00,4864,1096,27.59,69.00,0,711.08,16.05.2024 11:13:34
0,912.75,4868,1096,27.57,69.00,0,715.41,16.05.2024 11:13:36
0,913.50,4872,1097,27.59,68.99,0,716.09,16.05.2024 11:13:38
0,910.13,4854,1097,27.61,69.02,0,703.64,16.05.2024 11:13:40
0,910.88,4858,1097,27.58,68.98,0,708.78,16.05.2024 11:13:42
0,913.88,4874,1098,27.61,68.99,0,716.27,16.05.2024 11:13:44
0,910.88,4858,1098,27.61,69.00,0,706.49,16.05.2024 11:13:46
0,911.06,4859,1099,27.61,68.98,0,707.42,16.05.2024 11:13:48
0,913.50,4872,1098,27.58,68.99,0,717.04,16.05.2024 11:13:51
0,913.31,4871,1098,27.57,68.98,0,717.61,16.05.2024 11:13:53
0,912.75,4868,1097,27.58,68.99,0,714.61,16.05.2024 11:13:55
0,912.19,4865,1097,27.58,68.97,0,713.18,16.05.2024 11:13:57
0,911.06,4859,1098,27.59,68.99,0,708.26,16.05.2024 11:13:59
0,914.25,4876,1098,27.61,68.99,0,717.48,16.05.2024 11:14:01
0,912.75,4868,1098,27.58,68.98,0,714.80,16.05.2024 11:14:03
0,911.25,4860,1098,27.59,68.97,0,709.18,16.05.2024 11:14:05
0,908.44,4845,1098,27.61,68.98,0,699.07,16.05.2024 11:14:08
0,914.44,4877,1098,27.59,68.98,0,719.32,16.05.2024 11:14:10
0,912.75,4868,1098,27.61,69.00,0,712.50,16.05.2024 11:14:12
0,910.31,4855,1098,27.59,68.99,0,705.86,16.05.2024 11:14:14
0,914.06,4875,1098,27.59,68.99,0,717.91,16.05.2024 11:14:16
0,912.94,4869,1099,27.62,69.02,0,711.79,16.05.2024 11:14:18
0,911.06,4859,1098,27.58,68.98,0,709.38,16.05.2024 11:14:20
0,914.44,4877,1098,27.59,69.00,0,718.94,16.05.2024 11:14:22
0,911.25,4860,1098,27.58,68.98,0,709.98,16.05.2024 11:14:25
0,910.88,4858,1097,27.58,68.96,0,709.10,16.05.2024 11:14:27
0,909.75,4852,1097,27.61,68.99,0,703.05,16.05.2024 11:14:29
0,914.44,4877,1098,27.58,69.00,0,719.93,16.05.2024 11:14:31
0,908.63,4846,1098,27.62,68.99,0,698.56,16.05.2024 11:14:33
0,912.00,4864,1098,27.61,69.00,0,709.95,16.05.2024 11:14:35
0,911.44,4861,1098,27.61,69.00,0,708.29,16.05.2024 11:14:37
0,910.50,4856,1098,27.58,68.98,0,707.57,16.05.2024 11:14:39
0,913.69,4873,1098,27.61,68.99,0,715.66,16.05.2024 11:14:41
0,909.38,4850,1099,27.61,69.00,0,701.58,16.05.2024 11:14:44
0,911.81,4863,1099,27.58,68.96,0,712.11,16.05.2024 11:14:46
0,912.56,4867,1099,27.61,69.02,0,711.43,16.05.2024 11:14:48
0,916.13,4886,1098,27.58,68.97,0,725.95,16.05.2024 11:14:50
0,913.31,4871,1098,27.61,68.99,0,714.45,16.05.2024 11:14:52
0,911.25,4860,1098,27.59,68.97,0,709.18,16.05.2024 11:14:54
0,910.31,4855,1099,27.59,68.97,0,706.18,16.05.2024 11:14:56
0,911.06,4859,1098,27.58,69.00,0,709.05,16.05.2024 11:14:58
0,912.19,4865,1098,27.59,68.97,0,712.19,16.05.2024 11:15:01
0,911.63,4862,1098,27.61,68.97,0,709.36,16.05.2024 11:15:03
0,907.69,4841,1098,27.61,69.00,0,696.24,16.05.2024 11:15:05
0,910.69,4857,1098,27.61,69.00,0,705.90,16.05.2024 11:15:07
0,912.19,4865,1098,27.61,69.00,0,710.55,16.05.2024 11:15:09
0,915.56,4883,1097,27.59,68.97,0,723.11,16.05.2024 11:15:11
0,906.56,4835,1097,27.59,68.96,0,694.43,16.05.2024 11:15:13
0,909.94,4853,1097,27.61,68.99,0,703.64,16.05.2024 11:15:15
0,909.94,4853,1098,27.61,68.99,0,703.64,16.05.2024 11:15:17
0,909.00,4848,1098,27.58,69.00,0,702.46,16.05.2024 11:15:20
0,909.94,4853,1098,27.61,69.02,0,703.18,16.05.2024 11:15:22
0,912.94,4869,1098,27.58,68.99,0,715.22,16.05.2024 11:15:24
0,911.63,4862,1099,27.59,69.00,0,709.87,16.05.2024 11:15:26
0,913.31,4871,1099,27.58,69.03,0,715.77,16.05.2024 11:15:28
0,908.44,4845,1099,27.61,69.00,0,698.61,16.05.2024 11:15:30
0,909.00,4848,1099,27.58,68.96,0,703.11,16.05.2024 11:15:32
0,911.44,4861,1100,27.58,68.99,0,710.39,16.05.2024 11:15:34
0,911.25,4860,1101,27.59,68.98,0,709.04,16.05.2024 11:15:37
0,913.69,4873,1102,27.59,68.97,0,717.03,16.05.2024 11:15:39
0,908.06,4843,1103,27.59,68.99,0,698.71,16.05.2024 11:15:41
0,910.69,4857,1103,27.58,69.01,0,707.66,16.05.2024 11:15:43
0,910.88,4858,1103,27.59,68.97,0,707.98,16.05.2024 11:15:45
0,911.63,4862,1103,27.58,68.98,0,711.18,16.05.2024 11:15:47
0,909.75,4852,1103,27.58,68.98,0,705.18,16.05.2024 11:15:49
0,910.88,4858,1103,27.61,69.00,0,706.35,16.05.2024 11:15:51
0,907.13,4838,1103,27.59,68.97,0,696.06,16.05.2024 11:15:53
0,910.88,4858,1103,27.58,68.97,0,708.96,16.05.2024 11:15:56
0,913.69,4873,1105,27.62,68.99,0,714.72,16.05.2024 11:15:58
0,910.69,4857,1105,27.61,68.97,0,706.36,16.05.2024 11:16:00
0,910.50,4856,1106,27.59,68.97,0,706.78,16.05.2024 11:16:02
0,912.94,4869,1105,27.58,68.95,0,715.88,16.05.2024 11:16:06
0,911.63,4862,1105,27.59,68.98,0,710.25,16.05.2024 11:16:08
0,908.06,4843,1106,27.58,69.00,0,699.49,16.05.2024 11:16:10
0,907.69,4841,1106,27.59,68.98,0,697.70,16.05.2024 11:16:12
0,910.69,4857,1107,27.59,69.00,0,706.87,16.05.2024 11:16:15
0,908.06,4843,1108,27.61,68.98,0,697.88,16.05.2024 11:16:17
0,906.75,4836,1107,27.59,68.98,0,694.74,16.05.2024 11:16:19
0,903.75,4820,1107,27.59,68.99,0,685.16,16.05.2024 11:16:21
0,903.75,4820,1107,27.61,68.99,0,684.17,16.05.2024 11:16:23
0,903.38,4818,1107,27.59,68.98,0,684.17,16.05.2024 11:16:25
0,902.44,4813,1107,27.61,69.04,0,679.29,16.05.2024 11:16:27
0,902.25,4812,1107,27.62,68.99,0,678.62,16.05.2024 11:16:29
0,900.00,4800,1107,27.59,68.97,0,673.86,16.05.2024 11:16:31
0,896.63,4782,1108,27.61,68.97,0,662.59,16.05.2024 11:16:34
0,902.25,4812,1108,27.61,68.98,0,679.69,16.05.2024 11:16:36
0,903.75,4820,1107,27.58,68.97,0,686.42,16.05.2024 11:16:38
0,900.38,4802,1108,27.58,68.98,0,675.77,16.05.2024 11:16:40
0,902.06,4811,1107,27.58,68.96,0,681.30,16.05.2024 11:16:42
0,903.00,4816,1107,27.59,68.99,0,682.82,16.05.2024 11:16:44
0,905.44,4829,1106,27.59,68.98,0,690.62,16.05.2024 11:16:46
0,905.06,4827,1106,27.59,69.01,0,688.90,16.05.2024 11:16:48
0,902.25,4812,1106,27.61,69.02,0,679.07,16.05.2024 11:16:51
0,905.44,4829,1106,27.58,69.02,0,690.89,16.05.2024 11:16:53
0,906.56,4835,1106,27.57,69.05,0,694.84,16.05.2024 11:16:55
0,903.00,4816,1106,27.55,68.98,0,685.80,16.05.2024 11:16:57
0,906.19,4833,1106,27.61,69.00,0,691.51,16.05.2024 11:16:59
0,908.25,4844,1106,27.61,68.98,0,698.47,16.05.2024 11:17:01
0,911.06,4859,1106,27.59,68.99,0,708.26,16.05.2024 11:17:03
0,908.81,4847,1106,27.61,68.99,0,700.07,16.05.2024 11:17:05
0,915.19,4881,1106,27.61,69.04,0,719.66,16.05.2024 11:17:07
0,915.56,4883,1105,27.59,69.00,0,722.59,16.05.2024 11:17:10
0,916.50,4888,1106,27.58,68.99,0,726.79,16.05.2024 11:17:12
0,913.13,4870,1106,27.59,68.97,0,715.21,16.05.2024 11:17:14
0,916.88,4890,1107,27.59,68.99,0,727.06,16.05.2024 11:17:16
0,913.31,4871,1108,27.58,69.00,0,716.29,16.05.2024 11:17:18
0,910.31,4855,1107,27.58,68.99,0,706.79,16.05.2024 11:17:20
0,910.88,4858,1107,27.58,69.00,0,708.45,16.05.2024 11:17:22
0,915.19,4881,1107,27.58,69.02,0,722.04,16.05.2024 11:17:24
0,915.75,4884,1107,27.59,69.02,0,722.87,16.05.2024 11:17:27
0,914.81,4879,1107,27.61,69.00,0,719.02,16.05.2024 11:17:29
0,912.56,4867,1108,27.59,68.97,0,713.40,16.05.2024 11:17:31
0,916.13,4886,1108,27.59,68.99,0,724.61,16.05.2024 11:17:33
0,910.69,4857,1108,27.61,69.00,0,705.76,16.05.2024 11:17:35
0,912.94,4869,1108,27.58,69.02,0,714.75,16.05.2024 11:17:37
0,914.63,4878,1108,27.61,69.00,0,718.41,16.05.2024 11:17:39
0,916.50,4888,1108,27.59,68.99,0,725.84,16.05.2024 11:17:41
0,914.63,4878,1108,27.59,69.05,0,718.69,16.05.2024 11:17:43
0,910.50,4856,1107,27.61,69.00,0,705.16,16.05.2024 11:17:46
0,911.06,4859,1106,27.61,69.00,0,706.95,16.05.2024 11:17:48
0,913.31,4871,1106,27.58,69.03,0,715.77,16.05.2024 11:17:50
0,910.13,4854,1105,27.59,69.00,0,705.07,16.05.2024 11:17:52
0,915.56,4883,1104,27.57,68.99,0,724.73,16.05.2024 11:17:54
0,909.19,4849,1104,27.59,68.99,0,702.28,16.05.2024 11:17:56
0,914.06,4875,1103,27.58,68.98,0,719.05,16.05.2024 11:17:58
0,909.75,4852,1104,27.58,68.98,0,705.18,16.05.2024 11:18:00
0,910.31,4855,1104,27.61,69.00,0,704.56,16.05.2024 11:18:03
0,915.19,4881,1103,27.61,69.00,0,720.23,16.05.2024 11:18:05
0,911.63,4862,1103,27.61,69.02,0,708.43,16.05.2024 11:18:07
0,913.50,4872,1104,27.61,69.00,0,714.92,16.05.2024 11:18:09
0,913.50,4872,1104,27.59,69.04,0,715.25,16.05.2024 11:18:11
0,912.75,4868,1103,27.58,69.02,0,714.14,16.05.2024 11:18:13
0,912.75,4868,1103,27.59,69.02,0,713.16,16.05.2024 11:18:15
0,909.19,4849,1103,27.59,69.00,0,702.09,16.05.2024 11:18:17
0,913.88,4874,1103,27.61,69.02,0,715.66,16.05.2024 11:18:19
0,910.13,4854,1103,27.59,68.98,0,705.45,16.05.2024 11:18:22
0,916.50,4888,1104,27.61,69.02,0,724.31,16.05.2024 11:18:24
0,912.19,4865,1104,27.62,68.99,0,709.90,16.05.2024 11:18:26
0,911.63,4862,1104,27.58,69.02,0,710.53,16.05.2024 11:18:28
0,912.19,4865,1104,27.61,69.02,0,710.23,16.05.2024 11:18:30
0,912.00,4864,1104,27.59,68.99,0,711.26,16.05.2024 11:18:32
0,912.75,4868,1104,27.59,69.02,0,713.16,16.05.2024 11:18:34
0,911.81,4863,1104,27.61,69.00,0,709.35,16.05.2024 11:18:36
0,908.63,4846,1103,27.59,69.01,0,700.12,16.05.2024 11:18:39
0,913.50,4872,1103,27.59,68.99,0,716.09,16.05.2024 11:18:41
0,912.19,4865,1104,27.59,68.97,0,712.19,16.05.2024 11:18:43
0,911.63,4862,1103,27.59,68.99,0,710.06,16.05.2024 11:18:45
0,908.06,4843,1104,27.61,68.99,0,697.70,16.05.2024 11:18:47
0,911.25,4860,1104,27.59,69.00,0,708.67,16.05.2024 11:18:49
0,915.75,4884,1104,27.61,68.99,0,722.34,16.05.2024 11:18:51
0,911.06,4859,1104,27.59,69.02,0,707.74,16.05.2024 11:18:53
0,910.69,4857,1104,27.59,69.03,0,706.36,16.05.2024 11:18:55
0,913.88,4874,1104,27.59,69.00,0,717.12,16.05.2024 11:18:58
0,914.81,4879,1104,27.58,68.98,0,721.48,16.05.2024 11:19:00
0,911.06,4859,1104,27.61,68.99,0,707.23,16.05.2024 11:19:02
0,912.56,4867,1104,27.59,68.99,0,713.07,16.05.2024 11:19:04
0,910.69,4857,1104,27.59,69.01,0,706.68,16.05.2024 11:19:06
0,914.25,4876,1105,27.61,69.00,0,717.20,16.05.2024 11:19:08
0,911.25,4860,1105,27.61,69.02,0,707.23,16.05.2024 11:19:10
0,908.63,4846,1104,27.58,69.04,0,700.63,16.05.2024 11:19:12
0,910.88,4858,1103,27.59,69.05,0,706.63,16.05.2024 11:19:15
0,910.31,4855,1102,27.59,69.01,0,705.49,16.05.2024 11:19:17
0,911.81,4863,1103,27.59,69.04,0,709.82,16.05.2024 11:19:19
0,915.19,4881,1103,27.61,69.02,0,719.90,16.05.2024 11:19:21
0,909.94,4853,1103,27.59,69.04,0,703.83,16.05.2024 11:19:23
0,911.44,4861,1102,27.61,69.04,0,707.59,16.05.2024 11:19:25
0,912.00,4864,1102,27.59,69.02,0,710.75,16.05.2024 11:19:27
0,912.56,4867,1102,27.58,69.01,0,713.68,16.05.2024 11:19:29
0,913.31,4871,1101,27.58,69.06,0,715.25,16.05.2024 11:19:32
0,912.75,4868,1101,27.59,69.07,0,712.27,16.05.2024 11:19:34
0,912.00,4864,1101,27.61,69.02,0,709.63,16.05.2024 11:19:36
0,909.94,4853,1102,27.62,69.05,0,701.75,16.05.2024 11:19:38
0,912.75,4868,1102,27.59,69.05,0,712.64,16.05.2024 11:19:40
0,911.63,4862,1102,27.59,69.07,0,708.66,16.05.2024 11:19:42
0,912.56,4867,1102,27.58,69.01,0,713.68,16.05.2024 11:19:44
0,912.56,4867,1102,27.59,69.01,0,712.70,16.05.2024 11:19:46
0,911.25,4860,1102,27.58,69.02,0,709.32,16.05.2024 11:19:48
0,913.69,4873,1102,27.59,69.05,0,715.66,16.05.2024 11:19:51
0,908.25,4844,1102,27.61,69.06,0,697.14,16.05.2024 11:19:53
0,911.81,4863,1102,27.61,69.06,0,708.47,16.05.2024 11:19:55
0,910.69,4857,1102,27.59,69.06,0,705.90,16.05.2024 11:19:57
0,906.38,4834,1102,27.61,69.06,0,691.10,16.05.2024 11:19:59
0,913.13,4870,1103,27.61,69.06,0,712.54,16.05.2024 11:20:01
0,911.63,4862,1103,27.59,69.04,0,709.22,16.05.2024 11:20:03
0,909.38,4850,1103,27.58,69.07,0,702.50,16.05.2024 11:20:05
0,912.75,4868,1103,27.62,69.10,0,709.84,16.05.2024 11:20:08
0,906.38,4834,1102,27.61,69.05,0,691.42,16.05.2024 11:20:10
0,910.31,4855,1102,27.59,69.04,0,705.02,16.05.2024 11:20:12
0,910.69,4857,1102,27.61,69.04,0,705.20,16.05.2024 11:20:16
0,910.69,4857,1102,27.61,69.05,0,705.06,16.05.2024 11:20:18
0,904.13,4822,1102,27.62,69.06,0,683.27,16.05.2024 11:20:20
0,907.31,4839,1102,27.59,69.07,0,694.96,16.05.2024 11:20:22
0,908.25,4844,1102,27.61,69.08,0,696.68,16.05.2024 11:20:24
0,907.88,4842,1102,27.59,69.04,0,697.29,16.05.2024 11:20:27
0,906.56,4835,1102,27.59,69.04,0,693.15,16.05.2024 11:20:29
0,900.94,4805,1102,27.61,69.06,0,674.22,16.05.2024 11:20:31
0,900.19,4801,1102,27.59,69.05,0,673.15,16.05.2024 11:20:33
0,903.38,4818,1102,27.62,69.03,0,681.48,16.05.2024 11:20:35
0,902.06,4811,1102,27.59,69.02,0,679.42,16.05.2024 11:20:37
0,903.56,4819,1102,27.62,69.07,0,681.39,16.05.2024 11:20:39
0,898.88,4794,1102,27.62,69.06,0,667.11,16.05.2024 11:20:41
0,903.94,4821,1103,27.61,69.05,0,683.81,16.05.2024 11:20:44
0,901.88,4810,1103,27.59,69.08,0,677.86,16.05.2024 11:20:46
0,903.94,4821,1102,27.64,69.02,0,682.41,16.05.2024 11:20:48
0,902.06,4811,1101,27.59,69.03,0,679.25,16.05.2024 11:20:50
0,902.06,4811,1101,27.61,69.10,0,677.15,16.05.2024 11:20:52
0,903.00,4816,1101,27.61,69.08,0,680.40,16.05.2024 11:20:54
0,902.06,4811,1100,27.61,69.05,0,678.00,16.05.2024 11:20:56
0,902.81,4815,1101,27.61,69.02,0,680.67,16.05.2024 11:20:58
0,901.88,4810,1102,27.62,69.05,0,676.53,16.05.2024 11:21:00
0,903.38,4818,1102,27.61,69.08,0,681.57,16.05.2024 11:21:03
0,906.00,4832,1103,27.64,69.04,0,688.52,16.05.2024 11:21:05
0,906.19,4833,1103,27.61,69.08,0,690.20,16.05.2024 11:21:07
0,908.81,4847,1103,27.62,69.08,0,697.63,16.05.2024 11:21:09
0,909.75,4852,1103,27.62,69.06,0,700.92,16.05.2024 11:21:11
0,910.69,4857,1104,27.59,69.06,0,705.90,16.05.2024 11:21:13
0,910.13,4854,1103,27.61,69.04,0,703.41,16.05.2024 11:21:15
0,911.63,4862,1103,27.61,69.06,0,707.87,16.05.2024 11:21:17
0,914.06,4875,1103,27.62,69.05,0,714.94,16.05.2024 11:21:20
0,910.31,4855,1103,27.62,69.05,0,702.94,16.05.2024 11:21:22
0,915.56,4883,1103,27.62,69.06,0,719.56,16.05.2024 11:21:24
0,914.44,4877,1103,27.61,69.04,0,717.24,16.05.2024 11:21:26
0,913.88,4874,1103,27.61,69.02,0,715.66,16.05.2024 11:21:28
0,914.81,4879,1104,27.62,69.04,0,717.51,16.05.2024 11:21:30
0,915.00,4880,1104,27.59,69.08,0,719.39,16.05.2024 11:21:32
0,916.13,4886,1104,27.61,69.05,0,722.57,16.05.2024 11:21:34
0,915.56,4883,1105,27.59,69.04,0,721.93,16.05.2024 11:21:37
0,911.81,4863,1105,27.61,69.06,0,708.47,16.05.2024 11:21:39
0,914.44,4877,1105,27.62,69.06,0,715.92,16.05.2024 11:21:41
0,912.94,4869,1106,27.59,69.03,0,713.57,16.05.2024 11:21:43
0,914.06,4875,1107,27.61,69.05,0,715.89,16.05.2024 11:21:45
0,912.56,4867,1107,27.61,69.05,0,711.06,16.05.2024 11:21:47
0,917.25,4892,1107,27.61,69.02,0,726.61,16.05.2024 11:21:49
0,915.94,4885,1107,27.62,69.06,0,720.77,16.05.2024 11:21:51
0,914.25,4876,1107,27.59,69.06,0,717.34,16.05.2024 11:21:53
0,912.19,4865,1107,27.62,69.03,0,709.25,16.05.2024 11:21:56
0,914.44,4877,1106,27.59,69.04,0,718.28,16.05.2024 11:21:58
0,912.94,4869,1107,27.62,69.03,0,711.65,16.05.2024 11:22:00
0,914.81,4879,1106,27.59,69.05,0,719.30,16.05.2024 11:22:02
0,911.81,4863,1106,27.58,69.03,0,710.94,16.05.2024 11:22:04
0,912.94,4869,1106,27.62,69.04,0,711.47,16.05.2024 11:22:06
0,908.81,4847,1106,27.61,69.04,0,699.24,16.05.2024 11:22:08
0,910.50,4856,1107,27.59,69.06,0,705.30,16.05.2024 11:22:10
0,914.63,4878,1107,27.62,69.01,0,717.37,16.05.2024 11:22:13
0,913.50,4872,1107,27.61,69.04,0,714.21,16.05.2024 11:22:15
0,914.06,4875,1107,27.62,69.05,0,714.94,16.05.2024 11:22:17
0,905.06,4827,1107,27.62,69.04,0,686.54,16.05.2024 11:22:19
0,907.69,4841,1106,27.62,69.03,0,694.95,16.05.2024 11:22:21
0,906.38,4834,1105,27.62,69.02,0,690.97,16.05.2024 11:22:23
0,904.50,4824,1106,27.61,69.02,0,686.05,16.05.2024 11:22:25
0,895.31,4775,1106,27.62,69.01,0,657.10,16.05.2024 11:22:27
0,881.06,4699,1106,27.64,68.97,0,615.06,16.05.2024 11:22:30
0,863.25,4604,1106,27.58,68.94,0,569.37,16.05.2024 11:22:32
0,836.44,4461,1106,27.61,68.91,0,499.85,16.05.2024 11:22:34
0,810.38,4322,1106,27.61,68.88,0,440.20,16.05.2024 11:22:36
0,786.38,4194,1106,27.64,68.87,0,389.10,16.05.2024 11:22:38
0,765.94,4085,1105,27.62,68.81,0,351.16,16.05.2024 11:22:40
0,744.00,3968,1105,27.62,68.75,0,313.22,16.05.2024 11:22:42
0,723.56,3859,1105,27.62,68.68,0,280.91,16.05.2024 11:22:44
0,703.69,3753,1104,27.62,68.62,0,251.98,16.05.2024 11:22:46
0,683.25,3644,1104,27.62,68.57,0,224.67,16.05.2024 11:22:49
0,667.88,3562,1103,27.61,68.27,0,207.16,16.05.2024 11:22:51
0,642.75,3428,1102,27.65,67.75,0,179.87,16.05.2024 11:22:53
0,631.88,3370,1100,27.62,67.50,0,169.72,16.05.2024 11:22:55
0,613.69,3273,1095,27.64,67.30,0,152.00,16.05.2024 11:22:57
0,598.69,3193,1075,27.59,67.11,0,139.27,16.05.2024 11:22:59
0,583.88,3114,1041,27.61,66.90,0,126.82,16.05.2024 11:23:01
0,571.31,3047,1022,27.62,66.73,0,116.90,16.05.2024 11:23:03
0,560.44,2989,1005,27.64,66.53,0,108.88,16.05.2024 11:23:06
0,548.44,2925,992,27.64,66.36,0,100.55,16.05.2024 11:23:08
0,536.63,2862,972,27.62,66.15,0,93.02,16.05.2024 11:23:10
0,526.13,2806,967,27.65,65.96,0,86.35,16.05.2024 11:23:12
0,513.56,2739,956,27.62,65.68,0,79.40,16.05.2024 11:23:14
0,504.38,2690,952,27.61,65.37,0,74.72,16.05.2024 11:23:16
0,499.50,2664,945,27.64,63.54,0,75.20,16.05.2024 11:23:18
0,487.88,2602,937,27.65,60.62,0,73.94,16.05.2024 11:23:20
0,482.81,2575,926,27.64,57.61,0,76.98,16.05.2024 11:23:23
0,475.31,2535,905,27.64,56.44,0,74.77,16.05.2024 11:23:25
0,467.44,2493,852,27.66,55.38,0,71.94,16.05.2024 11:23:27
0,458.06,2443,765,27.61,54.53,0,68.42,16.05.2024 11:23:29
0,451.31,2407,789,27.64,54.21,0,65.05,16.05.2024 11:23:31
0,448.50,2392,778,27.61,54.10,0,63.84,16.05.2024 11:23:33
0,438.38,2338,768,27.62,54.15,0,58.30,16.05.2024 11:23:35
0,433.88,2314,755,27.61,54.23,0,55.98,16.05.2024 11:23:37
0,426.19,2273,743,27.61,54.38,0,52.02,16.05.2024 11:23:39
0,419.25,2236,736,27.61,54.43,0,48.75,16.05.2024 11:23:42
0,417.00,2224,733,27.62,54.54,0,47.54,16.05.2024 11:23:44
0,412.88,2202,726,27.62,54.69,0,45.55,16.05.2024 11:23:46
0,407.06,2171,720,27.61,54.75,0,43.08,16.05.2024 11:23:48
0,401.06,2139,714,27.61,54.85,0,40.54,16.05.2024 11:23:50
0,401.44,2141,709,27.61,54.96,0,40.57,16.05.2024 11:23:52
0,397.31,2119,699,27.59,55.03,0,38.94,16.05.2024 11:23:54
0,390.19,2081,690,27.59,55.15,0,36.15,16.05.2024 11:23:56
0,393.19,2097,682,27.61,55.22,0,37.13,16.05.2024 11:23:59
0,385.13,2054,680,27.62,55.38,0,34.03,16.05.2024 11:24:01
0,383.63,2046,674,27.61,55.47,0,33.46,16.05.2024 11:24:03
0,383.06,2043,669,27.58,55.64,0,33.20,16.05.2024 11:24:05
0,381.56,2035,669,27.59,55.81,0,32.49,16.05.2024 11:24:07
0,378.00,2016,668,27.62,55.94,0,31.10,16.05.2024 11:24:09
0,376.88,2010,664,27.59,56.07,0,30.71,16.05.2024 11:24:11
0,372.38,1986,659,27.59,56.26,0,29.13,16.05.2024 11:24:13
0,370.13,1974,655,27.58,56.41,0,28.35,16.05.2024 11:24:16
0,371.81,1983,653,27.58,56.55,0,28.75,16.05.2024 11:24:18
0,369.94,1973,649,27.58,56.72,0,28.04,16.05.2024 11:24:20
0,365.25,1948,647,27.57,56.90,0,26.54,16.05.2024 11:24:22
0,365.44,1949,647,27.57,57.06,0,26.47,16.05.2024 11:24:24
0,361.88,1930,644,27.58,57.18,0,25.33,16.05.2024 11:24:26
0,365.06,1947,642,27.58,57.37,0,26.10,16.05.2024 11:24:28
0,361.13,1926,640,27.57,57.51,0,24.92,16.05.2024 11:24:30
0,356.81,1903,637,27.57,57.64,0,23.65,16.05.2024 11:24:32
0,355.69,1897,637,27.57,57.77,0,23.26,16.05.2024 11:24:35
0,358.69,1913,636,27.59,57.94,0,23.89,16.05.2024 11:24:37
0,356.44,1901,634,27.58,58.07,0,23.23,16.05.2024 11:24:39
0,352.88,1882,631,27.54,58.13,0,22.35,16.05.2024 11:24:43
0,351.00,1872,629,27.54,58.26,0,21.79,16.05.2024 11:24:45
0,351.19,1873,626,27.55,58.40,0,21.72,16.05.2024 11:24:47
0,351.00,1872,626,27.58,58.49,0,21.55,16.05.2024 11:24:49
0,345.94,1845,623,27.57,58.56,0,20.29,16.05.2024 11:24:51
0,343.13,1830,621,27.55,58.67,0,19.59,16.05.2024 11:24:54
0,346.13,1846,619,27.55,58.82,0,20.22,16.05.2024 11:24:56
0,339.38,1810,620,27.55,58.88,0,18.60,16.05.2024 11:24:58
0,340.69,1817,619,27.54,58.95,0,18.89,16.05.2024 11:25:00
0,339.00,1808,617,27.54,59.05,0,18.45,16.05.2024 11:25:02
0,337.69,1801,613,27.55,59.19,0,18.06,16.05.2024 11:25:04
0,337.31,1799,613,27.57,59.21,0,17.93,16.05.2024 11:25:06
0,337.50,1800,613,27.57,59.32,0,17.91,16.05.2024 11:25:08
0,340.31,1815,612,27.57,59.37,0,18.52,16.05.2024 11:25:11
0,339.38,1810,611,27.55,59.48,0,18.28,16.05.2024 11:25:13
0,336.75,1796,610,27.55,59.54,0,17.67,16.05.2024 11:25:15
0,334.69,1785,610,27.55,59.61,0,17.18,16.05.2024 11:25:17
0,334.31,1783,610,27.57,59.68,0,17.03,16.05.2024 11:25:19
0,336.94,1797,609,27.55,59.76,0,17.59,16.05.2024 11:25:21
0,335.25,1788,609,27.55,59.82,0,17.19,16.05.2024 11:25:23
0,332.06,1771,609,27.54,59.94,0,16.48,16.05.2024 11:25:25
0,332.63,1774,608,27.52,59.96,0,16.61,16.05.2024 11:25:27
0,329.44,1757,608,27.54,60.06,0,15.88,16.05.2024 11:25:30
0,328.13,1750,608,27.57,60.14,0,15.53,16.05.2024 11:25:32
0,330.38,1762,607,27.52,60.19,0,16.03,16.05.2024 11:25:34
0,331.50,1768,607,27.54,60.24,0,16.22,16.05.2024 11:25:36
0,327.75,1748,607,27.54,60.33,0,15.41,16.05.2024 11:25:38
0,330.94,1765,607,27.52,60.41,0,16.04,16.05.2024 11:25:40
0,331.50,1768,607,27.54,60.44,0,16.12,16.05.2024 11:25:42
0,330.94,1765,606,27.54,60.53,0,15.96,16.05.2024 11:25:44
0,327.38,1746,606,27.52,60.59,0,15.24,16.05.2024 11:25:47
0,333.19,1777,605,27.52,60.63,0,16.40,16.05.2024 11:25:49
0,328.88,1754,604,27.52,60.73,0,15.47,16.05.2024 11:25:51
0,326.81,1743,604,27.52,60.78,0,15.04,16.05.2024 11:25:53
0,331.31,1767,604,27.51,60.86,0,15.93,16.05.2024 11:25:55
0,325.13,1734,602,27.51,60.88,0,14.69,16.05.2024 11:25:57
0,325.50,1736,602,27.51,60.96,0,14.72,16.05.2024 11:25:59
0,323.63,1726,601,27.54,61.05,0,14.28,16.05.2024 11:26:01
0,328.50,1752,602,27.52,61.05,0,15.25,16.05.2024 11:26:04
0,324.56,1731,601,27.52,61.14,0,14.44,16.05.2024 11:26:06
0,327.56,1747,601,27.52,61.20,0,15.00,16.05.2024 11:26:08
0,326.06,1739,600,27.54,61.25,0,14.66,16.05.2024 11:26:10
0,322.31,1719,600,27.52,61.31,0,13.94,16.05.2024 11:26:12
0,326.63,1742,599,27.51,61.35,0,14.77,16.05.2024 11:26:14
0,325.69,1737,599,27.54,61.44,0,14.51,16.05.2024 11:26:16
0,321.75,1716,598,27.51,61.48,0,13.79,16.05.2024 11:26:18
0,323.63,1726,599,27.54,61.56,0,14.06,16.05.2024 11:26:20
0,323.44,1725,599,27.52,61.60,0,14.03,16.05.2024 11:26:23
0,320.06,1707,599,27.51,61.64,0,13.41,16.05.2024 11:26:25
0,317.44,1693,598,27.52,61.71,0,12.89,16.05.2024 11:26:27
0,322.31,1719,598,27.54,61.75,0,13.74,16.05.2024 11:26:29
0,324.19,1729,598,27.54,61.83,0,14.06,16.05.2024 11:26:31
0,319.31,1703,599,27.49,61.85,0,13.21,16.05.2024 11:26:33
0,323.81,1727,598,27.51,61.93,0,13.99,16.05.2024 11:26:35
0,316.31,1687,597,27.49,61.99,0,12.63,16.05.2024 11:26:37
0,322.69,1721,596,27.54,62.06,0,13.68,16.05.2024 11:26:40
0,317.44,1693,596,27.52,62.11,0,12.74,16.05.2024 11:26:42
0,317.06,1691,596,27.51,62.14,0,12.67,16.05.2024 11:26:44
0,316.13,1686,595,27.52,62.19,0,12.47,16.05.2024 11:26:46
0,320.44,1709,596,27.52,62.26,0,13.21,16.05.2024 11:26:48
0,318.19,1697,596,27.52,62.25,0,12.81,16.05.2024 11:26:50
0,318.19,1697,596,27.51,62.32,0,12.81,16.05.2024 11:26:52
0,319.50,1704,596,27.51,62.37,0,13.02,16.05.2024 11:26:54
0,319.69,1705,596,27.52,62.43,0,13.01,16.05.2024 11:26:57
0,317.06,1691,595,27.49,62.44,0,12.58,16.05.2024 11:26:59
0,320.25,1708,596,27.52,62.52,0,13.08,16.05.2024 11:27:01
0,313.69,1673,596,27.54,62.58,0,11.89,16.05.2024 11:27:03
0,315.19,1681,596,27.52,62.64,0,12.14,16.05.2024 11:27:05
0,315.38,1682,596,27.51,62.63,0,12.20,16.05.2024 11:27:07
0,316.50,1688,596,27.54,62.71,0,12.32,16.05.2024 11:27:09
0,313.69,1673,596,27.51,62.75,0,11.87,16.05.2024 11:27:11
0,316.50,1688,597,27.51,62.81,0,12.32,16.05.2024 11:27:13
0,312.94,1669,597,27.52,62.85,0,11.68,16.05.2024 11:27:16
0,312.56,1667,597,27.51,62.90,0,11.62,16.05.2024 11:27:18
0,314.44,1677,597,27.52,62.96,0,11.90,16.05.2024 11:27:20
0,313.50,1672,597,27.51,63.03,0,11.73,16.05.2024 11:27:22
0,316.13,1686,597,27.52,63.04,0,12.15,16.05.2024 11:27:24
0,316.13,1686,597,27.49,63.10,0,12.17,16.05.2024 11:27:26
0,308.63,1646,597,27.51,63.17,0,10.89,16.05.2024 11:27:28
0,312.56,1667,598,27.49,63.18,0,11.54,16.05.2024 11:27:30
0,316.88,1690,598,27.51,63.21,0,12.24,16.05.2024 11:27:33
0,315.56,1683,598,27.54,63.27,0,11.96,16.05.2024 11:27:35
0,313.31,1671,598,27.54,63.35,0,11.55,16.05.2024 11:27:37
0,312.75,1668,599,27.52,63.34,0,11.48,16.05.2024 11:27:39
0,314.25,1676,598,27.51,63.39,0,11.73,16.05.2024 11:27:41
0,312.56,1667,598,27.52,63.41,0,11.42,16.05.2024 11:27:43
0,314.63,1678,599,27.49,63.47,0,11.79,16.05.2024 11:27:45
0,311.06,1659,599,27.52,63.50,0,11.15,16.05.2024 11:27:47
0,311.81,1663,599,27.51,63.54,0,11.27,16.05.2024 11:27:50
0,313.69,1673,599,27.51,63.57,0,11.57,16.05.2024 11:27:52
0,308.25,1644,599,27.54,63.64,0,10.64,16.05.2024 11:27:54
0,309.19,1649,599,27.48,63.67,0,10.85,16.05.2024 11:27:56
0,308.06,1643,598,27.48,63.72,0,10.65,16.05.2024 11:27:58
0,307.88,1642,598,27.52,63.76,0,10.55,16.05.2024 11:28:00
0,310.50,1656,598,27.52,63.77,0,10.97,16.05.2024 11:28:02
0,305.81,1631,598,27.51,63.81,0,10.24,16.05.2024 11:28:04
0,312.56,1667,597,27.49,63.82,0,11.32,16.05.2024 11:28:06
0,310.31,1655,597,27.51,63.86,0,10.92,16.05.2024 11:28:09
0,307.31,1639,598,27.51,63.92,0,10.43,16.05.2024 11:28:11
0,311.25,1660,598,27.54,63.96,0,11.00,16.05.2024 11:28:13
0,307.31,1639,598,27.52,64.00,0,10.39,16.05.2024 11:28:15
0,312.56,1667,597,27.49,64.00,0,11.26,16.05.2024 11:28:17
0,307.69,1641,597,27.54,64.06,0,10.41,16.05.2024 11:28:19
0,309.75,1652,598,27.52,64.08,0,10.74,16.05.2024 11:28:21
0,306.75,1636,597,27.51,64.13,0,10.28,16.05.2024 11:28:23
0,309.00,1648,598,27.51,64.13,0,10.63,16.05.2024 11:28:26
0,304.69,1625,598,27.51,64.18,0,9.95,16.05.2024 11:28:28
0,306.94,1637,598,27.52,64.26,0,10.24,16.05.2024 11:28:30
0,307.50,1640,598,27.49,64.24,0,10.38,16.05.2024 11:28:32
0,308.81,1647,598,27.49,64.27,0,10.57,16.05.2024 11:28:34
0,307.69,1641,598,27.51,64.31,0,10.36,16.05.2024 11:28:36
0,305.06,1627,598,27.49,64.36,0,9.96,16.05.2024 11:28:38
0,306.00,1632,598,27.49,64.37,0,10.10,16.05.2024 11:28:40
0,306.19,1633,598,27.52,64.40,0,10.09,16.05.2024 11:28:43
0,309.00,1648,598,27.54,64.45,0,10.49,16.05.2024 11:28:45
0,308.44,1645,599,27.52,64.45,0,10.42,16.05.2024 11:28:49
0,305.25,1628,599,27.51,64.49,0,9.93,16.05.2024 11:28:51
0,306.19,1633,600,27.52,64.53,0,10.05,16.05.2024 11:28:53
0,306.00,1632,600,27.48,64.55,0,10.06,16.05.2024 11:28:55
0,303.75,1620,600,27.51,64.59,0,9.68,16.05.2024 11:28:57
0,304.69,1625,600,27.52,64.60,0,9.80,16.05.2024 11:28:59
0,305.25,1628,600,27.51,64.64,0,9.89,16.05.2024 11:29:01
0,302.81,1615,600,27.51,64.69,0,9.51,16.05.2024 11:29:04
0,300.00,1600,601,27.51,64.70,0,9.10,16.05.2024 11:29:06
0,305.06,1627,602,27.51,64.73,0,9.83,16.05.2024 11:29:08
0,299.44,1597,602,27.49,64.77,0,9.02,16.05.2024 11:29:10
0,304.69,1625,602,27.51,64.78,0,9.76,16.05.2024 11:29:12
0,300.94,1605,602,27.51,64.76,0,9.22,16.05.2024 11:29:14
0,303.75,1620,603,27.51,64.83,0,9.60,16.05.2024 11:29:16
0,304.31,1623,603,27.49,64.84,0,9.70,16.05.2024 11:29:18
0,301.13,1606,604,27.51,64.90,0,9.20,16.05.2024 11:29:21
0,302.81,1615,604,27.48,64.89,0,9.48,16.05.2024 11:29:23
0,302.25,1612,603,27.51,64.94,0,9.35,16.05.2024 11:29:25
0,303.94,1621,604,27.51,64.94,0,9.60,16.05.2024 11:29:27
0,301.50,1608,603,27.49,64.99,0,9.25,16.05.2024 11:29:29
0,305.06,1627,603,27.49,65.03,0,9.76,16.05.2024 11:29:31
0,300.56,1603,603,27.51,65.04,0,9.08,16.05.2024 11:29:33
0,300.38,1602,603,27.49,65.02,0,9.08,16.05.2024 11:29:35
0,299.44,1597,603,27.52,65.10,0,8.89,16.05.2024 11:29:38
0,304.88,1626,604,27.51,65.08,0,9.69,16.05.2024 11:29:40
0,300.38,1602,604,27.49,65.12,0,9.05,16.05.2024 11:29:42
0,302.25,1612,605,27.51,65.17,0,9.28,16.05.2024 11:29:44
0,306.75,1636,605,27.51,65.21,0,9.93,16.05.2024 11:29:46
0,303.75,1620,606,27.52,65.23,0,9.47,16.05.2024 11:29:48
0,306.75,1636,606,27.51,65.21,0,9.93,16.05.2024 11:29:50
0,304.69,1625,607,27.51,65.26,0,9.61,16.05.2024 11:29:52
0,307.13,1638,608,27.51,65.26,0,9.97,16.05.2024 11:29:54
0,305.25,1628,609,27.51,65.29,0,9.69,16.05.2024 11:29:57
0,299.44,1597,609,27.51,65.33,0,8.84,16.05.2024 11:29:59
0,304.50,1624,609,27.49,65.34,0,9.58,16.05.2024 11:30:01
0,305.63,1630,610,27.51,65.31,0,9.73,16.05.2024 11:30:03
0,307.13,1638,610,27.51,65.40,0,9.93,16.05.2024 11:30:05
0,306.38,1634,610,27.51,65.36,0,9.83,16.05.2024 11:30:07
0,305.81,1631,610,27.51,65.41,0,9.73,16.05.2024 11:30:09
0,301.31,1607,610,27.52,65.45,0,9.05,16.05.2024 11:30:11
0,306.56,1635,610,27.51,65.47,0,9.82,16.05.2024 11:30:14
0,300.94,1605,611,27.52,65.48,0,8.99,16.05.2024 11:30:16
0,301.88,1610,611,27.49,65.48,0,9.16,16.05.2024 11:30:18
0,301.31,1607,612,27.52,65.55,0,9.03,16.05.2024 11:30:20
0,307.31,1639,611,27.51,65.55,0,9.91,16.05.2024 11:30:22
0,307.88,1642,611,27.49,65.52,0,10.02,16.05.2024 11:30:24
0,303.00,1616,611,27.51,65.56,0,9.27,16.05.2024 11:30:26
0,305.25,1628,611,27.51,65.59,0,9.59,16.05.2024 11:30:28
0,305.06,1627,610,27.51,65.61,0,9.56,16.05.2024 11:30:31
0,305.25,1628,611,27.51,65.63,0,9.58,16.05.2024 11:30:33
0,303.94,1621,611,27.49,65.62,0,9.41,16.05.2024 11:30:35
0,300.56,1603,612,27.49,65.69,0,8.91,16.05.2024 11:30:37
0,306.94,1637,612,27.51,65.70,0,9.81,16.05.2024 11:30:39
0,302.81,1615,612,27.49,65.71,0,9.22,16.05.2024 11:30:41
0,301.13,1606,613,27.51,65.73,0,8.96,16.05.2024 11:30:43
0,305.06,1627,613,27.51,65.73,0,9.52,16.05.2024 11:30:45
0,303.19,1617,613,27.52,65.77,0,9.23,16.05.2024 11:30:47
0,300.75,1604,613,27.51,65.79,0,8.89,16.05.2024 11:30:50
0,303.75,1620,613,27.49,65.79,0,9.34,16.05.2024 11:30:52
0,303.00,1616,614,27.51,65.79,0,9.21,16.05.2024 11:30:54
0,302.63,1614,614,27.52,65.80,0,9.14,16.05.2024 11:30:56
0,302.81,1615,615,27.52,65.86,0,9.14,16.05.2024 11:30:58
0,302.25,1612,615,27.51,65.87,0,9.08,16.05.2024 11:31:00
0,299.06,1595,615,27.49,65.86,0,8.65,16.05.2024 11:31:02
0,305.44,1629,615,27.52,65.94,0,9.50,16.05.2024 11:31:04
0,304.88,1626,615,27.51,65.92,0,9.44,16.05.2024 11:31:07
0,306.56,1635,615,27.49,65.94,0,9.70,16.05.2024 11:31:09
0,307.69,1641,615,27.54,65.96,0,9.81,16.05.2024 11:31:11
0,300.94,1605,615,27.54,65.97,0,8.84,16.05.2024 11:31:13
0,302.44,1613,615,27.49,65.98,0,9.09,16.05.2024 11:31:15
0,298.50,1592,615,27.49,65.95,0,8.55,16.05.2024 11:31:17
0,300.56,1603,615,27.52,66.02,0,8.78,16.05.2024 11:31:19
0,302.44,1613,614,27.51,66.03,0,9.06,16.05.2024 11:31:21
0,301.69,1609,615,27.51,66.05,0,8.95,16.05.2024 11:31:24
0,296.81,1583,615,27.49,66.05,0,8.29,16.05.2024 11:31:26
0,299.06,1595,615,27.51,66.09,0,8.57,16.05.2024 11:31:28
0,297.94,1589,615,27.49,66.09,0,8.43,16.05.2024 11:31:30
0,298.88,1594,615,27.51,66.08,0,8.55,16.05.2024 11:31:32
0,299.63,1598,616,27.49,66.08,0,8.67,16.05.2024 11:31:34
0,298.69,1593,617,27.52,66.12,0,8.50,16.05.2024 11:31:36
0,300.56,1603,617,27.54,66.18,0,8.72,16.05.2024 11:31:38
0,300.75,1604,617,27.52,66.15,0,8.77,16.05.2024 11:31:40
0,299.63,1598,617,27.51,66.15,0,8.63,16.05.2024 11:31:43
0,299.81,1599,618,27.52,66.18,0,8.63,16.05.2024 11:31:45
0,303.94,1621,618,27.51,66.22,0,9.22,16.05.2024 11:31:47
0,300.94,1605,620,27.54,66.20,0,8.77,16.05.2024 11:31:49
0,302.06,1611,621,27.52,66.17,0,8.95,16.05.2024 11:31:51
0,299.06,1595,621,27.52,66.26,0,8.51,16.05.2024 11:31:53
0,300.75,1604,622,27.51,66.26,0,8.76,16.05.2024 11:31:55
0,301.69,1609,622,27.51,66.26,0,8.89,16.05.2024 11:31:57
0,298.50,1592,622,27.51,66.27,0,8.45,16.05.2024 11:32:00
0,298.88,1594,623,27.51,66.28,0,8.49,16.05.2024 11:32:02
0,298.69,1593,624,27.52,66.30,0,8.45,16.05.2024 11:32:04
0,296.63,1582,624,27.51,66.35,0,8.17,16.05.2024 11:32:06
0,298.13,1590,624,27.49,66.32,0,8.40,16.05.2024 11:32:08
0,300.56,1603,624,27.52,66.38,0,8.68,16.05.2024 11:32:10
0,303.94,1621,624,27.52,66.36,0,9.16,16.05.2024 11:32:12
0,300.56,1603,625,27.54,66.36,0,8.67,16.05.2024 11:32:14
0,297.75,1588,625,27.51,66.40,0,8.31,16.05.2024 11:32:17
0,300.19,1601,625,27.49,66.38,0,8.66,16.05.2024 11:32:19
0,297.94,1589,625,27.52,66.41,0,8.32,16.05.2024 11:32:21
0,299.06,1595,626,27.52,66.39,0,8.48,16.05.2024 11:32:23
0,298.88,1594,625,27.54,66.42,0,8.43,16.05.2024 11:32:25
0,300.94,1605,625,27.52,66.43,0,8.72,16.05.2024 11:32:27
0,300.38,1602,625,27.51,66.45,0,8.65,16.05.2024 11:32:29
0,300.56,1603,627,27.54,66.47,0,8.64,16.05.2024 11:32:31
0,303.56,1619,628,27.52,66.48,0,9.07,16.05.2024 11:32:33
0,299.63,1598,628,27.52,66.50,0,8.52,16.05.2024 11:32:36
0,298.13,1590,628,27.52,66.49,0,8.32,16.05.2024 11:32:38
0,301.31,1607,628,27.51,66.50,0,8.77,16.05.2024 11:32:40
0,303.56,1619,628,27.51,66.53,0,9.07,16.05.2024 11:32:42
0,299.63,1598,628,27.54,66.53,0,8.50,16.05.2024 11:32:44
0,300.94,1605,629,27.54,66.56,0,8.67,16.05.2024 11:32:46
0,298.50,1592,629,27.52,66.57,0,8.35,16.05.2024 11:32:48
0,294.19,1569,630,27.52,66.57,0,7.78,16.05.2024 11:32:50
0,295.88,1578,630,27.52,66.56,0,8.00,16.05.2024 11:32:53
0,297.56,1587,630,27.52,66.60,0,8.21,16.05.2024 11:32:55
0,297.19,1585,631,27.54,66.56,0,8.16,16.05.2024 11:32:57
0,297.56,1587,632,27.51,66.59,0,8.23,16.05.2024 11:32:59
0,297.75,1588,632,27.51,66.60,0,8.25,16.05.2024 11:33:01
0,296.63,1582,632,27.54,66.65,0,8.06,16.05.2024 11:33:03
0,299.25,1596,632,27.54,66.65,0,8.42,16.05.2024 11:33:05
0,296.44,1581,633,27.54,66.61,0,8.05,16.05.2024 11:33:09
0,303.00,1616,633,27.55,66.65,0,8.91,16.05.2024 11:33:12
0,300.94,1605,633,27.51,66.70,0,8.66,16.05.2024 11:33:14
0,300.56,1603,633,27.51,66.65,0,8.62,16.05.2024 11:33:16
0,296.63,1582,632,27.52,66.70,0,8.06,16.05.2024 11:33:18
0,298.31,1591,633,27.51,66.72,0,8.30,16.05.2024 11:33:20
0,294.94,1573,633,27.54,66.71,0,7.83,16.05.2024 11:33:22
0,294.19,1569,633,27.54,66.74,0,7.72,16.05.2024 11:33:24
0,295.69,1577,633,27.54,66.74,0,7.92,16.05.2024 11:33:26
0,297.38,1586,633,27.51,66.76,0,8.16,16.05.2024 11:33:28
0,296.06,1579,633,27.54,66.77,0,7.96,16.05.2024 11:33:31
0,296.25,1580,633,27.54,66.75,0,7.99,16.05.2024 11:33:33
0,294.75,1572,634,27.52,66.74,0,7.81,16.05.2024 11:33:35
0,296.06,1579,635,27.54,66.79,0,7.95,16.05.2024 11:33:37
0,293.06,1563,634,27.54,66.81,0,7.56,16.05.2024 11:33:39
0,298.31,1591,635,27.52,66.79,0,8.26,16.05.2024 11:33:41
0,297.38,1586,635,27.54,66.82,0,8.12,16.05.2024 11:33:43
0,295.88,1578,636,27.51,66.82,0,7.95,16.05.2024 11:33:45
0,293.63,1566,636,27.57,66.83,0,7.60,16.05.2024 11:33:48
0,293.63,1566,636,27.55,66.84,0,7.61,16.05.2024 11:33:50
0,295.88,1578,636,27.54,66.84,0,7.91,16.05.2024 11:33:52
0,298.88,1594,635,27.52,66.87,0,8.32,16.05.2024 11:33:54
0,296.81,1583,636,27.54,66.86,0,8.03,16.05.2024 11:33:56
0,298.31,1591,636,27.57,66.88,0,8.19,16.05.2024 11:33:58
0,294.00,1568,637,27.54,66.88,0,7.66,16.05.2024 11:34:00
0,297.94,1589,636,27.54,66.86,0,8.18,16.05.2024 11:34:02
0,297.38,1586,636,27.52,66.90,0,8.11,16.05.2024 11:34:05
0,295.88,1578,636,27.55,66.93,0,7.88,16.05.2024 11:34:07
0,295.69,1577,636,27.54,66.90,0,7.87,16.05.2024 11:34:09
0,300.38,1602,636,27.54,66.95,0,8.49,16.05.2024 11:34:11
0,296.81,1583,636,27.52,66.92,0,8.03,16.05.2024 11:34:13
0,299.44,1597,637,27.55,66.98,0,8.34,16.05.2024 11:34:15
0,302.44,1613,636,27.55,66.95,0,8.75,16.05.2024 11:34:17
0,301.50,1608,636,27.52,66.95,0,8.65,16.05.2024 11:34:19
0,296.06,1579,636,27.52,66.97,0,7.92,16.05.2024 11:34:21
0,297.75,1588,636,27.54,66.98,0,8.13,16.05.2024 11:34:24
0,298.50,1592,635,27.54,66.97,0,8.23,16.05.2024 11:34:26
0,300.75,1604,636,27.55,67.00,0,8.51,16.05.2024 11:34:28
0,300.38,1602,636,27.52,67.02,0,8.48,16.05.2024 11:34:30
0,294.56,1571,636,27.54,67.01,0,7.70,16.05.2024 11:34:32
0,296.25,1580,636,27.54,67.03,0,7.91,16.05.2024 11:34:34
0,299.63,1598,636,27.52,67.02,0,8.38,16.05.2024 11:34:36
0,297.56,1587,636,27.55,67.06,0,8.07,16.05.2024 11:34:38
0,298.50,1592,636,27.51,67.06,0,8.23,16.05.2024 11:34:41
0,300.75,1604,636,27.52,67.08,0,8.51,16.05.2024 11:34:43
0,299.06,1595,636,27.54,67.06,0,8.28,16.05.2024 11:34:45
0,296.81,1583,636,27.54,67.07,0,7.98,16.05.2024 11:34:47
0,297.38,1586,635,27.52,67.06,0,8.07,16.05.2024 11:34:49
0,296.81,1583,635,27.52,67.09,0,7.99,16.05.2024 11:34:51
0,297.56,1587,636,27.55,67.09,0,8.06,16.05.2024 11:34:53
0,299.25,1596,636,27.54,67.10,0,8.29,16.05.2024 11:34:55
0,298.50,1592,637,27.54,67.11,0,8.19,16.05.2024 11:34:58
0,298.69,1593,636,27.51,67.12,0,8.24,16.05.2024 11:35:00
0,300.56,1603,637,27.52,67.14,0,8.47,16.05.2024 11:35:02
0,298.50,1592,637,27.57,67.09,0,8.16,16.05.2024 11:35:04
0,299.63,1598,637,27.52,67.12,0,8.35,16.05.2024 11:35:06
0,299.25,1596,637,27.54,67.16,0,8.28,16.05.2024 11:35:08
0,295.88,1578,637,27.55,67.14,0,7.82,16.05.2024 11:35:10
0,297.94,1589,637,27.55,67.16,0,8.09,16.05.2024 11:35:12
0,299.63,1598,637,27.54,67.16,0,8.33,16.05.2024 11:35:14
0,294.19,1569,637,27.55,67.14,0,7.61,16.05.2024 11:35:17
0,297.94,1589,637,27.55,67.18,0,8.08,16.05.2024 11:35:19
0,299.81,1599,637,27.54,67.17,0,8.35,16.05.2024 11:35:21
0,300.38,1602,637,27.52,67.21,0,8.43,16.05.2024 11:35:23
0,301.31,1607,637,27.55,67.21,0,8.52,16.05.2024 11:35:25
0,298.13,1590,638,27.55,67.19,0,8.10,16.05.2024 11:35:27
0,297.38,1586,638,27.54,67.21,0,8.01,16.05.2024 11:35:29
0,296.44,1581,638,27.55,67.18,0,7.89,16.05.2024 11:35:31
0,298.50,1592,638,27.54,67.20,0,8.17,16.05.2024 11:35:34
0,296.63,1582,639,27.54,67.19,0,7.92,16.05.2024 11:35:36
0,294.38,1570,639,27.55,67.23,0,7.61,16.05.2024 11:35:38
0,294.94,1573,639,27.54,67.23,0,7.69,16.05.2024 11:35:40
0,299.44,1597,639,27.54,67.22,0,8.28,16.05.2024 11:35:42
0,296.44,1581,639,27.55,67.23,0,7.87,16.05.2024 11:35:44
0,298.50,1592,640,27.54,67.26,0,8.15,16.05.2024 11:35:46
0,298.50,1592,640,27.52,67.28,0,8.16,16.05.2024 11:35:48
0,297.00,1584,641,27.54,67.25,0,7.95,16.05.2024 11:35:51
0,293.81,1567,642,27.55,67.28,0,7.53,16.05.2024 11:35:53
0,297.75,1588,642,27.55,67.29,0,8.03,16.05.2024 11:35:55
0,297.19,1585,642,27.55,67.28,0,7.96,16.05.2024 11:35:57
0,296.25,1580,642,27.54,67.29,0,7.85,16.05.2024 11:35:59
0,293.63,1566,642,27.55,67.29,0,7.50,16.05.2024 11:36:01
0,297.94,1589,642,27.55,67.30,0,8.05,16.05.2024 11:36:03
0,298.13,1590,642,27.55,67.29,0,8.08,16.05.2024 11:36:05
0,296.25,1580,643,27.55,67.31,0,7.83,16.05.2024 11:36:07
0,297.19,1585,643,27.55,67.30,0,7.95,16.05.2024 11:36:10
0,298.50,1592,644,27.54,67.32,0,8.13,16.05.2024 11:36:12
0,294.19,1569,644,27.55,67.34,0,7.56,16.05.2024 11:36:14
0,298.13,1590,644,27.55,67.34,0,8.07,16.05.2024 11:36:16
0,293.25,1564,644,27.55,67.35,0,7.44,16.05.2024 11:36:18
0,295.13,1574,644,27.55,67.35,0,7.67,16.05.2024 11:36:20
0,290.81,1551,645,27.55,67.34,0,7.14,16.05.2024 11:36:22
0,295.31,1575,645,27.55,67.35,0,7.70,16.05.2024 11:36:24
0,299.81,1599,644,27.55,67.37,0,8.28,16.05.2024 11:36:27
0,294.75,1572,645,27.57,67.36,0,7.61,16.05.2024 11:36:29
0,295.88,1578,645,27.54,67.36,0,7.78,16.05.2024 11:36:31
0,296.44,1581,645,27.57,67.38,0,7.82,16.05.2024 11:36:33
0,298.88,1594,645,27.55,67.37,0,8.16,16.05.2024 11:36:35
0,295.69,1577,645,27.58,67.40,0,7.70,16.05.2024 11:36:37
0,292.50,1560,645,27.57,67.40,0,7.31,16.05.2024 11:36:39
0,295.31,1575,645,27.55,67.39,0,7.69,16.05.2024 11:36:41
0,295.88,1578,645,27.55,67.41,0,7.75,16.05.2024 11:36:44
0,298.31,1591,646,27.58,67.40,0,8.04,16.05.2024 11:36:46
0,297.19,1585,646,27.57,67.40,0,7.91,16.05.2024 11:36:48
0,294.75,1572,646,27.54,67.43,0,7.62,16.05.2024 11:36:50
0,296.06,1579,646,27.55,67.44,0,7.77,16.05.2024 11:36:52
0,293.81,1567,647,27.54,67.43,0,7.50,16.05.2024 11:36:54
0,296.06,1579,647,27.57,67.43,0,7.76,16.05.2024 11:36:56
0,297.56,1587,647,27.57,67.46,0,7.94,16.05.2024 11:36:58
0,298.13,1590,647,27.57,67.43,0,8.02,16.05.2024 11:37:01
0,294.94,1573,647,27.57,67.44,0,7.61,16.05.2024 11:37:03
0,292.88,1562,647,27.54,67.46,0,7.37,16.05.2024 11:37:05
0,297.75,1588,648,27.57,67.46,0,7.97,16.05.2024 11:37:07
0,298.50,1592,649,27.57,67.49,0,8.06,16.05.2024 11:37:09
0,296.25,1580,649,27.57,67.46,0,7.77,16.05.2024 11:37:11
0,297.56,1587,650,27.57,67.44,0,7.95,16.05.2024 11:37:13
0,293.81,1567,649,27.55,67.48,0,7.47,16.05.2024 11:37:15
0,296.25,1580,650,27.55,67.48,0,7.78,16.05.2024 11:37:17
0,295.88,1578,649,27.57,67.52,0,7.71,16.05.2024 11:37:20
0,295.69,1577,649,27.58,67.49,0,7.68,16.05.2024 11:37:24
0,296.06,1579,649,27.55,67.51,0,7.75,16.05.2024 11:37:26
0,294.75,1572,650,27.55,67.49,0,7.59,16.05.2024 11:37:28
0,295.50,1576,650,27.57,67.52,0,7.66,16.05.2024 11:37:30
0,296.06,1579,650,27.57,67.50,0,7.74,16.05.2024 11:37:32
0,296.63,1582,650,27.57,67.53,0,7.80,16.05.2024 11:37:34
0,293.81,1567,650,27.57,67.53,0,7.45,16.05.2024 11:37:36
0,293.81,1567,651,27.55,67.53,0,7.46,16.05.2024 11:37:39
0,290.81,1551,651,27.57,67.53,0,7.07,16.05.2024 11:37:41
0,291.19,1553,651,27.55,67.53,0,7.13,16.05.2024 11:37:43
0,292.13,1558,651,27.58,67.55,0,7.22,16.05.2024 11:37:45
0,291.94,1557,651,27.57,67.54,0,7.21,16.05.2024 11:37:47
0,290.44,1549,652,27.57,67.56,0,7.02,16.05.2024 11:37:49
0,292.88,1562,652,27.57,67.59,0,7.31,16.05.2024 11:37:51
0,294.00,1568,652,27.57,67.53,0,7.47,16.05.2024 11:37:53
0,291.75,1556,651,27.55,67.56,0,7.20,16.05.2024 11:37:56
0,292.69,1561,651,27.58,67.56,0,7.29,16.05.2024 11:37:58
0,292.50,1560,652,27.57,67.56,0,7.28,16.05.2024 11:38:00
0,290.81,1551,653,27.55,67.58,0,7.08,16.05.2024 11:38:02
0,292.69,1561,654,27.58,67.58,0,7.28,16.05.2024 11:38:04
0,287.25,1532,654,27.58,67.60,0,6.62,16.05.2024 11:38:06
0,291.38,1554,654,27.58,67.61,0,7.11,16.05.2024 11:38:08
0,292.31,1559,654,27.54,67.61,0,7.27,16.05.2024 11:38:10
0,291.00,1552,654,27.57,67.62,0,7.08,16.05.2024 11:38:12
0,293.25,1564,654,27.57,67.59,0,7.36,16.05.2024 11:38:15
0,293.44,1565,654,27.57,67.61,0,7.38,16.05.2024 11:38:17
0,294.56,1571,653,27.58,67.62,0,7.50,16.05.2024 11:38:19
0,294.56,1571,653,27.58,67.63,0,7.50,16.05.2024 11:38:21
0,298.13,1590,653,27.58,67.61,0,7.96,16.05.2024 11:38:23
0,295.88,1578,653,27.55,67.63,0,7.70,16.05.2024 11:38:25
0,296.44,1581,653,27.57,67.61,0,7.76,16.05.2024 11:38:27
0,292.31,1559,653,27.54,67.62,0,7.26,16.05.2024 11:38:29
0,296.06,1579,653,27.55,67.65,0,7.72,16.05.2024 11:38:32
0,296.63,1582,653,27.58,67.65,0,7.76,16.05.2024 11:38:34
0,297.19,1585,653,27.58,67.65,0,7.83,16.05.2024 11:38:36
0,295.13,1574,654,27.54,67.64,0,7.61,16.05.2024 11:38:38
0,294.19,1569,654,27.54,67.66,0,7.49,16.05.2024 11:38:40
0,295.31,1575,654,27.58,67.69,0,7.58,16.05.2024 11:38:42
0,293.44,1565,654,27.57,67.66,0,7.37,16.05.2024 11:38:44
0,295.50,1576,654,27.58,67.66,0,7.61,16.05.2024 11:38:46
0,294.19,1569,654,27.58,67.66,0,7.45,16.05.2024 11:38:49
0,296.06,1579,655,27.57,67.70,0,7.69,16.05.2024 11:38:51
0,291.94,1557,654,27.57,67.67,0,7.18,16.05.2024 11:38:53
0,299.44,1597,654,27.55,67.71,0,8.14,16.05.2024 11:38:55
0,296.25,1580,654,27.57,67.71,0,7.71,16.05.2024 11:38:57
0,295.13,1574,654,27.57,67.75,0,7.56,16.05.2024 11:38:59
0,299.44,1597,654,27.57,67.70,0,8.13,16.05.2024 11:39:01
0,297.75,1588,654,27.57,67.72,0,7.90,16.05.2024 11:39:03
0,293.81,1567,655,27.58,67.70,0,7.39,16.05.2024 11:39:05
0,295.88,1578,654,27.57,67.72,0,7.66,16.05.2024 11:39:08
0,293.81,1567,655,27.58,67.72,0,7.39,16.05.2024 11:39:10
0,290.81,1551,654,27.58,67.71,0,7.02,16.05.2024 11:39:12
0,295.69,1577,655,27.57,67.73,0,7.63,16.05.2024 11:39:14
0,290.06,1547,654,27.58,67.70,0,6.93,16.05.2024 11:39:16
0,295.50,1576,654,27.57,67.72,0,7.61,16.05.2024 11:39:18
0,298.13,1590,653,27.58,67.76,0,7.92,16.05.2024 11:39:20
0,298.13,1590,654,27.57,67.71,0,7.95,16.05.2024 11:39:22
0,294.56,1571,654,27.57,67.75,0,7.48,16.05.2024 11:39:25
0,298.31,1591,653,27.55,67.73,0,7.99,16.05.2024 11:39:27
0,295.31,1575,653,27.57,67.75,0,7.58,16.05.2024 11:39:29
0,293.06,1563,653,27.58,67.73,0,7.29,16.05.2024 11:39:31
0,296.63,1582,653,27.59,67.81,0,7.71,16.05.2024 11:39:33
0,297.38,1586,653,27.58,67.74,0,7.83,16.05.2024 11:39:35
0,298.88,1594,654,27.59,67.78,0,8.00,16.05.2024 11:39:37
0,298.88,1594,654,27.58,67.74,0,8.03,16.05.2024 11:39:39
0,294.38,1570,654,27.58,67.82,0,7.43,16.05.2024 11:39:42
0,292.31,1559,654,27.55,67.73,0,7.23,16.05.2024 11:39:44
0,294.94,1573,654,27.58,67.81,0,7.51,16.05.2024 11:39:46
0,294.75,1572,654,27.59,67.78,0,7.48,16.05.2024 11:39:48
0,294.38,1570,654,27.59,67.79,0,7.43,16.05.2024 11:39:50
0,293.25,1564,654,27.59,67.81,0,7.28,16.05.2024 11:39:52
0,292.31,1559,654,27.58,67.82,0,7.18,16.05.2024 11:39:54
0,291.75,1556,654,27.58,67.82,0,7.11,16.05.2024 11:39:56
0,294.75,1572,654,27.58,67.78,0,7.49,16.05.2024 11:39:58
0,294.19,1569,655,27.59,67.83,0,7.39,16.05.2024 11:40:01
0,293.63,1566,655,27.55,67.84,0,7.36,16.05.2024 11:40:03
0,293.81,1567,655,27.61,67.84,0,7.33,16.05.2024 11:40:05
0,296.63,1582,655,27.58,67.78,0,7.72,16.05.2024 11:40:07
0,295.69,1577,655,27.61,67.83,0,7.56,16.05.2024 11:40:09
0,294.19,1569,655,27.58,67.81,0,7.41,16.05.2024 11:40:11
0,296.06,1579,656,27.61,67.85,0,7.61,16.05.2024 11:40:13
0,293.81,1567,656,27.58,67.87,0,7.35,16.05.2024 11:40:15
0,291.94,1557,656,27.59,67.85,0,7.11,16.05.2024 11:40:18
0,291.38,1554,656,27.59,67.87,0,7.04,16.05.2024 11:40:20
0,295.31,1575,656,27.59,67.86,0,7.53,16.05.2024 11:40:22
0,297.75,1588,656,27.57,67.79,0,7.88,16.05.2024 11:40:24
0,296.81,1583,657,27.59,67.84,0,7.72,16.05.2024 11:40:26
0,292.88,1562,657,27.58,67.87,0,7.23,16.05.2024 11:40:28
0,290.63,1550,657,27.59,67.83,0,6.95,16.05.2024 11:40:30
0,294.19,1569,657,27.62,67.88,0,7.35,16.05.2024 11:40:32
0,294.00,1568,657,27.58,67.87,0,7.37,16.05.2024 11:40:35
0,294.19,1569,658,27.61,67.88,0,7.36,16.05.2024 11:40:37
0,295.50,1576,658,27.58,67.88,0,7.56,16.05.2024 11:40:39
0,292.31,1559,658,27.61,67.87,0,7.13,16.05.2024 11:40:41
0,290.81,1551,658,27.61,67.87,0,6.95,16.05.2024 11:40:43
0,293.06,1563,658,27.59,67.89,0,7.24,16.05.2024 11:40:45
0,298.69,1593,657,27.58,67.87,0,7.97,16.05.2024 11:40:47
0,295.50,1576,658,27.59,67.87,0,7.55,16.05.2024 11:40:49
0,295.13,1574,657,27.61,67.87,0,7.48,16.05.2024 11:40:51
0,296.63,1582,657,27.58,67.88,0,7.70,16.05.2024 11:40:54
0,293.63,1566,658,27.58,67.87,0,7.33,16.05.2024 11:40:56
0,296.25,1580,658,27.59,67.88,0,7.64,16.05.2024 11:40:58
0,295.69,1577,657,27.59,67.90,0,7.56,16.05.2024 11:41:00
0,293.44,1565,658,27.58,67.89,0,7.30,16.05.2024 11:41:02
0,297.56,1587,659,27.58,67.88,0,7.82,16.05.2024 11:41:04
0,293.63,1566,658,27.61,67.92,0,7.29,16.05.2024 11:41:06
0,294.56,1571,658,27.59,67.90,0,7.42,16.05.2024 11:41:08
0,291.94,1557,658,27.61,67.92,0,7.08,16.05.2024 11:41:11
0,291.00,1552,658,27.61,67.86,0,6.98,16.05.2024 11:41:13
0,292.88,1562,658,27.62,67.90,0,7.19,16.05.2024 11:41:15
0,294.56,1571,658,27.59,67.87,0,7.43,16.05.2024 11:41:17
0,291.94,1557,658,27.58,67.93,0,7.10,16.05.2024 11:41:19
0,291.56,1555,659,27.58,67.93,0,7.06,16.05.2024 11:41:21
0,294.38,1570,659,27.61,67.90,0,7.38,16.05.2024 11:41:23
0,296.81,1583,659,27.62,67.94,0,7.67,16.05.2024 11:41:25
0,296.81,1583,659,27.61,67.90,0,7.69,16.05.2024 11:41:28
0,289.31,1543,659,27.61,67.92,0,6.76,16.05.2024 11:41:30
0,296.81,1583,660,27.61,67.92,0,7.68,16.05.2024 11:41:32
0,296.44,1581,660,27.59,67.96,0,7.64,16.05.2024 11:41:34
0,297.00,1584,661,27.58,67.97,0,7.73,16.05.2024 11:41:36
0,293.25,1564,661,27.61,67.94,0,7.23,16.05.2024 11:41:38
0,291.75,1556,661,27.61,67.94,0,7.05,16.05.2024 11:41:40
0,288.56,1539,661,27.61,67.96,0,6.66,16.05.2024 11:41:42
0,292.88,1562,661,27.61,67.96,0,7.18,16.05.2024 11:41:44
0,292.13,1558,661,27.58,67.95,0,7.12,16.05.2024 11:41:47
0,294.75,1572,661,27.61,67.97,0,7.41,16.05.2024 11:41:49
0,292.13,1558,661,27.61,67.94,0,7.09,16.05.2024 11:41:53
0,291.75,1556,661,27.61,67.97,0,7.04,16.05.2024 11:41:55
0,291.75,1556,661,27.58,67.93,0,7.08,16.05.2024 11:41:57
0,293.81,1567,662,27.59,67.95,0,7.31,16.05.2024 11:41:59
0,292.88,1562,662,27.62,67.98,0,7.16,16.05.2024 11:42:01
0,291.00,1552,662,27.62,67.98,0,6.94,16.05.2024 11:42:03
0,295.88,1578,662,27.62,67.94,0,7.55,16.05.2024 11:42:06
0,291.94,1557,662,27.61,67.99,0,7.06,16.05.2024 11:42:08
0,291.75,1556,662,27.58,68.00,0,7.06,16.05.2024 11:42:10
0,288.56,1539,662,27.64,67.98,0,6.63,16.05.2024 11:42:12
0,288.19,1537,662,27.64,68.02,0,6.58,16.05.2024 11:42:14
0,287.63,1534,662,27.61,67.96,0,6.55,16.05.2024 11:42:16
0,287.06,1531,662,27.61,68.00,0,6.48,16.05.2024 11:42:18
0,288.56,1539,662,27.59,67.98,0,6.67,16.05.2024 11:42:20
0,290.63,1550,663,27.62,68.00,0,6.89,16.05.2024 11:42:23
0,292.31,1559,663,27.59,68.00,0,7.12,16.05.2024 11:42:25
0,290.06,1547,663,27.61,67.99,0,6.83,16.05.2024 11:42:27
0,288.38,1538,663,27.61,67.99,0,6.63,16.05.2024 11:42:29
0,287.63,1534,664,27.59,68.00,0,6.56,16.05.2024 11:42:31
0,290.06,1547,664,27.61,68.01,0,6.83,16.05.2024 11:42:33
0,289.88,1546,663,27.61,68.03,0,6.80,16.05.2024 11:42:35
0,291.19,1553,663,27.61,68.03,0,6.96,16.05.2024 11:42:37
0,288.38,1538,663,27.62,68.01,0,6.62,16.05.2024 11:42:39
0,290.06,1547,663,27.59,68.01,0,6.84,16.05.2024 11:42:42
0,292.50,1560,663,27.61,68.02,0,7.12,16.05.2024 11:42:44
0,288.19,1537,663,27.59,68.03,0,6.62,16.05.2024 11:42:46
0,292.50,1560,664,27.62,68.00,0,7.11,16.05.2024 11:42:48
0,289.88,1546,664,27.62,68.06,0,6.78,16.05.2024 11:42:50
0,288.19,1537,665,27.61,68.06,0,6.60,16.05.2024 11:42:52
0,289.88,1546,665,27.62,68.04,0,6.79,16.05.2024 11:42:54
0,286.31,1527,665,27.61,68.03,0,6.38,16.05.2024 11:42:56
0,286.69,1529,665,27.62,68.04,0,6.41,16.05.2024 11:42:59
0,290.81,1551,664,27.64,68.03,0,6.89,16.05.2024 11:43:01
0,293.25,1564,665,27.62,68.02,0,7.20,16.05.2024 11:43:03
0,292.13,1558,665,27.61,68.05,0,7.07,16.05.2024 11:43:05
0,292.50,1560,665,27.62,68.03,0,7.11,16.05.2024 11:43:07
0,292.88,1562,666,27.59,68.05,0,7.18,16.05.2024 11:43:09
0,294.19,1569,665,27.61,68.06,0,7.32,16.05.2024 11:43:11
0,294.56,1571,666,27.62,68.05,0,7.36,16.05.2024 11:43:13
0,294.19,1569,665,27.61,68.04,0,7.32,16.05.2024 11:43:16
0,296.25,1580,666,27.61,68.07,0,7.57,16.05.2024 11:43:18
0,291.75,1556,666,27.62,68.08,0,7.00,16.05.2024 11:43:20
0,293.25,1564,666,27.64,68.06,0,7.18,16.05.2024 11:43:22
0,296.06,1579,666,27.62,68.09,0,7.53,16.05.2024 11:43:24
0,296.44,1581,666,27.61,68.04,0,7.61,16.05.2024 11:43:26
0,293.44,1565,667,27.62,68.05,0,7.22,16.05.2024 11:43:28
0,293.81,1567,667,27.61,68.08,0,7.27,16.05.2024 11:43:30
0,293.25,1564,666,27.62,68.06,0,7.19,16.05.2024 11:43:32
0,293.44,1565,667,27.62,68.07,0,7.21,16.05.2024 11:43:35
0,296.81,1583,668,27.62,68.10,0,7.62,16.05.2024 11:43:37
0,291.94,1557,668,27.64,68.08,0,7.01,16.05.2024 11:43:39
0,292.13,1558,668,27.62,68.10,0,7.04,16.05.2024 11:43:41
0,291.56,1555,668,27.64,68.08,0,6.97,16.05.2024 11:43:43
0,296.25,1580,668,27.59,68.10,0,7.59,16.05.2024 11:43:45
0,290.63,1550,668,27.62,68.09,0,6.87,16.05.2024 11:43:47
0,292.50,1560,668,27.62,68.10,0,7.09,16.05.2024 11:43:49
0,292.50,1560,667,27.64,68.09,0,7.08,16.05.2024 11:43:52
0,291.56,1555,668,27.64,68.14,0,6.96,16.05.2024 11:43:54
0,294.94,1573,668,27.62,68.10,0,7.39,16.05.2024 11:43:56
0,294.38,1570,668,27.62,68.12,0,7.31,16.05.2024 11:43:58
0,293.44,1565,668,27.62,68.09,0,7.21,16.05.2024 11:44:00
0,294.75,1572,668,27.61,68.11,0,7.38,16.05.2024 11:44:02
0,293.25,1564,669,27.62,68.10,0,7.18,16.05.2024 11:44:04
0,291.94,1557,668,27.62,68.11,0,7.02,16.05.2024 11:44:06
0,290.44,1549,668,27.61,68.12,0,6.85,16.05.2024 11:44:09
0,293.44,1565,669,27.62,68.11,0,7.20,16.05.2024 11:44:11
0,293.06,1563,669,27.62,68.12,0,7.15,16.05.2024 11:44:13
0,293.44,1565,668,27.62,68.13,0,7.20,16.05.2024 11:44:15
0,292.31,1559,669,27.61,68.12,0,7.07,16.05.2024 11:44:17
0,293.25,1564,669,27.62,68.11,0,7.18,16.05.2024 11:44:19
0,292.13,1558,669,27.62,68.15,0,7.03,16.05.2024 11:44:21
0,292.50,1560,669,27.64,68.14,0,7.07,16.05.2024 11:44:23
0,296.06,1579,669,27.61,68.13,0,7.54,16.05.2024 11:44:26
0,289.69,1545,669,27.64,68.15,0,6.73,16.05.2024 11:44:28
0,295.13,1574,669,27.61,68.11,0,7.42,16.05.2024 11:44:30
0,292.31,1559,670,27.62,68.12,0,7.06,16.05.2024 11:44:32
0,293.63,1566,669,27.61,68.16,0,7.23,16.05.2024 11:44:34
0,292.88,1562,669,27.64,68.15,0,7.11,16.05.2024 11:44:36
0,289.13,1542,669,27.64,68.15,0,6.66,16.05.2024 11:44:38
0,290.81,1551,669,27.64,68.15,0,6.86,16.05.2024 11:44:40
0,291.00,1552,669,27.64,68.17,0,6.88,16.05.2024 11:44:42
0,287.81,1535,670,27.62,68.15,0,6.52,16.05.2024 11:44:45
0,292.31,1559,670,27.62,68.12,0,7.06,16.05.2024 11:44:47
0,290.81,1551,669,27.62,68.19,0,6.87,16.05.2024 11:44:49
0,290.06,1547,670,27.64,68.13,0,6.78,16.05.2024 11:44:51
0,290.44,1549,670,27.65,68.16,0,6.80,16.05.2024 11:44:53
0,289.50,1544,669,27.61,68.13,0,6.73,16.05.2024 11:44:55
0,290.81,1551,669,27.61,68.17,0,6.88,16.05.2024 11:44:57
0,290.81,1551,670,27.64,68.15,0,6.86,16.05.2024 11:44:59
0,293.81,1567,670,27.62,68.14,0,7.24,16.05.2024 11:45:02
0,290.06,1547,670,27.62,68.14,0,6.79,16.05.2024 11:45:04
0,293.06,1563,671,27.64,68.15,0,7.13,16.05.2024 11:45:06
0,291.19,1553,671,27.64,68.18,0,6.90,16.05.2024 11:45:08
0,297.19,1585,671,27.65,68.18,0,7.63,16.05.2024 11:45:10
0,289.88,1546,671,27.65,68.12,0,6.74,16.05.2024 11:45:12
0,291.94,1557,672,27.62,68.17,0,7.00,16.05.2024 11:45:14
0,291.38,1554,672,27.65,68.18,0,6.91,16.05.2024 11:45:16
0,290.25,1548,672,27.62,68.14,0,6.81,16.05.2024 11:45:19
0,288.75,1540,672,27.65,68.16,0,6.60,16.05.2024 11:45:21
0,293.25,1564,673,27.61,68.13,0,7.19,16.05.2024 11:45:23
0,292.13,1558,672,27.64,68.20,0,7.01,16.05.2024 11:45:25
0,291.38,1554,673,27.65,68.16,0,6.91,16.05.2024 11:45:27
0,294.56,1571,673,27.64,68.15,0,7.32,16.05.2024 11:45:29
0,289.13,1542,674,27.64,68.18,0,6.65,16.05.2024 11:45:31
0,294.56,1571,674,27.65,68.20,0,7.29,16.05.2024 11:45:33
0,291.94,1557,674,27.65,68.21,0,6.97,16.05.2024 11:45:35
0,291.94,1557,673,27.64,68.18,0,6.99,16.05.2024 11:45:38
0,290.81,1551,673,27.62,68.16,0,6.87,16.05.2024 11:45:40
0,289.88,1546,672,27.65,68.17,0,6.73,16.05.2024 11:45:42
0,288.75,1540,672,27.65,68.19,0,6.60,16.05.2024 11:45:44
0,292.13,1558,672,27.64,68.17,0,7.02,16.05.2024 11:45:46
0,292.31,1559,672,27.64,68.21,0,7.03,16.05.2024 11:45:48
0,290.25,1548,673,27.64,68.18,0,6.79,16.05.2024 11:45:50
0,288.38,1538,673,27.64,68.18,0,6.57,16.05.2024 11:45:52
0,290.81,1551,673,27.65,68.21,0,6.83,16.05.2024 11:45:55
0,292.13,1558,673,27.65,68.16,0,7.00,16.05.2024 11:45:57
0,291.56,1555,674,27.65,68.22,0,6.92,16.05.2024 11:45:59
0,288.00,1536,673,27.64,68.22,0,6.51,16.05.2024 11:46:01
0,293.25,1564,674,27.66,68.18,0,7.12,16.05.2024 11:46:03
0,292.50,1560,674,27.65,68.21,0,7.04,16.05.2024 11:46:05
0,287.81,1535,674,27.66,68.18,0,6.47,16.05.2024 11:46:07
0,290.44,1549,673,27.62,68.19,0,6.82,16.05.2024 11:46:09
0,291.38,1554,674,27.65,68.18,0,6.91,16.05.2024 11:46:12
0,290.44,1549,675,27.64,68.22,0,6.80,16.05.2024 11:46:14
0,289.88,1546,675,27.65,68.23,0,6.72,16.05.2024 11:46:16
0,291.38,1554,674,27.65,68.18,0,6.91,16.05.2024 11:46:18
0,290.63,1550,674,27.64,68.22,0,6.82,16.05.2024 11:46:20
0,290.63,1550,674,27.66,68.16,0,6.81,16.05.2024 11:46:22
0,294.94,1573,675,27.66,68.20,0,7.32,16.05.2024 11:46:24
0,289.88,1546,674,27.65,68.24,0,6.72,16.05.2024 11:46:26
0,295.13,1574,675,27.66,68.20,0,7.35,16.05.2024 11:46:28
0,291.75,1556,674,27.64,68.22,0,6.96,16.05.2024 11:46:31
0,291.38,1554,674,27.66,68.20,0,6.89,16.05.2024 11:46:33
0,297.56,1587,675,27.66,68.21,0,7.65,16.05.2024 11:46:35
0,290.25,1548,675,27.66,68.22,0,6.75,16.05.2024 11:46:37
0,288.38,1538,675,27.65,68.20,0,6.55,16.05.2024 11:46:39
0,290.63,1550,675,27.65,68.24,0,6.81,16.05.2024 11:46:41
0,289.13,1542,675,27.68,68.22,0,6.61,16.05.2024 11:46:43
0,291.00,1552,676,27.66,68.23,0,6.84,16.05.2024 11:46:45
0,293.44,1565,675,27.65,68.20,0,7.15,16.05.2024 11:46:48
0,291.75,1556,675,27.65,68.21,0,6.95,16.05.2024 11:46:50
0,292.31,1559,675,27.65,68.23,0,7.01,16.05.2024 11:46:52
0,291.75,1556,675,27.66,68.20,0,6.93,16.05.2024 11:46:54
0,290.25,1548,675,27.65,68.24,0,6.76,16.05.2024 11:46:56
0,289.69,1545,675,27.64,68.23,0,6.71,16.05.2024 11:46:58
0,288.56,1539,675,27.66,68.23,0,6.55,16.05.2024 11:47:00
0,289.13,1542,674,27.65,68.21,0,6.63,16.05.2024 11:47:02
0,289.13,1542,675,27.65,68.24,0,6.63,16.05.2024 11:47:05
0,289.13,1542,675,27.66,68.21,0,6.62,16.05.2024 11:47:07
0,291.00,1552,675,27.66,68.21,0,6.84,16.05.2024 11:47:11
0,290.81,1551,675,27.66,68.22,0,6.82,16.05.2024 11:47:13
0,290.81,1551,675,27.66,68.20,0,6.82,16.05.2024 11:47:15
0,289.88,1546,676,27.68,68.23,0,6.69,16.05.2024 11:47:17
0,283.31,1511,676,27.65,68.19,0,5.97,16.05.2024 11:47:19
0,288.75,1540,676,27.68,68.24,0,6.56,16.05.2024 11:47:21
0,291.38,1554,676,27.66,68.20,0,6.89,16.05.2024 11:47:23
0,288.75,1540,676,27.69,68.21,0,6.55,16.05.2024 11:47:26
0,286.13,1526,676,27.64,68.20,0,6.30,16.05.2024 11:47:28
0,285.94,1525,676,27.66,68.21,0,6.25,16.05.2024 11:47:30
0,284.63,1518,677,27.65,68.24,0,6.11,16.05.2024 11:47:32
0,284.06,1515,677,27.66,68.21,0,6.04,16.05.2024 11:47:34
0,285.94,1525,678,27.66,68.25,0,6.24,16.05.2024 11:47:36
0,286.31,1527,677,27.68,68.24,0,6.28,16.05.2024 11:47:38
0,290.44,1549,677,27.66,68.22,0,6.77,16.05.2024 11:47:40
0,287.81,1535,677,27.66,68.21,0,6.47,16.05.2024 11:47:43
0,285.94,1525,677,27.66,68.25,0,6.24,16.05.2024 11:47:45
0,287.63,1534,678,27.66,68.21,0,6.44,16.05.2024 11:47:47
0,289.31,1543,678,27.66,68.20,0,6.64,16.05.2024 11:47:49
0,291.56,1555,678,27.68,68.22,0,6.90,16.05.2024 11:47:51
0,287.44,1533,678,27.65,68.22,0,6.44,16.05.2024 11:47:53
0,286.88,1530,678,27.65,68.23,0,6.37,16.05.2024 11:47:55
0,286.13,1526,678,27.65,68.22,0,6.28,16.05.2024 11:47:57
0,288.19,1537,678,27.68,68.22,0,6.50,16.05.2024 11:48:00
0,290.63,1550,678,27.68,68.23,0,6.78,16.05.2024 11:48:02
0,288.00,1536,678,27.66,68.25,0,6.48,16.05.2024 11:48:04
0,288.00,1536,678,27.65,68.21,0,6.50,16.05.2024 11:48:06
0,286.50,1528,679,27.66,68.24,0,6.31,16.05.2024 11:48:08
0,282.94,1509,679,27.66,68.24,0,5.91,16.05.2024 11:48:10
0,288.75,1540,680,27.66,68.21,0,6.58,16.05.2024 11:48:12
0,286.50,1528,680,27.68,68.22,0,6.30,16.05.2024 11:48:14
0,284.06,1515,680,27.65,68.23,0,6.05,16.05.2024 11:48:16
0,289.13,1542,680,27.66,68.23,0,6.62,16.05.2024 11:48:19
0,287.81,1535,679,27.68,68.26,0,6.45,16.05.2024 11:48:21
0,287.63,1534,679,27.66,68.22,0,6.44,16.05.2024 11:48:23
0,295.13,1574,679,27.66,68.25,0,7.33,16.05.2024 11:48:25
0,291.94,1557,679,27.65,68.22,0,6.97,16.05.2024 11:48:27
0,291.75,1556,680,27.68,68.24,0,6.91,16.05.2024 11:48:29
0,292.50,1560,680,27.66,68.24,0,7.01,16.05.2024 11:48:31
0,292.88,1562,680,27.66,68.20,0,7.07,16.05.2024 11:48:33
0,290.44,1549,680,27.66,68.22,0,6.77,16.05.2024 11:48:36
0,288.94,1541,680,27.66,68.21,0,6.60,16.05.2024 11:48:38
0,288.19,1537,680,27.65,68.21,0,6.52,16.05.2024 11:48:40
0,291.19,1553,681,27.66,68.22,0,6.86,16.05.2024 11:48:42
0,292.88,1562,681,27.65,68.20,0,7.09,16.05.2024 11:48:44
0,289.69,1545,681,27.68,68.23,0,6.67,16.05.2024 11:48:46
0,290.25,1548,681,27.66,68.22,0,6.75,16.05.2024 11:48:48
0,291.38,1554,681,27.68,68.21,0,6.88,16.05.2024 11:48:50
0,289.88,1546,681,27.65,68.23,0,6.72,16.05.2024 11:48:53
0,293.25,1564,682,27.66,68.23,0,7.11,16.05.2024 11:48:55
0,290.81,1551,682,27.65,68.21,0,6.83,16.05.2024 11:48:57
0,292.50,1560,682,27.65,68.23,0,7.03,16.05.2024 11:48:59
0,291.56,1555,682,27.66,68.20,0,6.91,16.05.2024 11:49:01
0,295.69,1577,682,27.66,68.20,0,7.42,16.05.2024 11:49:03
0,292.13,1558,683,27.66,68.20,0,6.98,16.05.2024 11:49:05
0,294.19,1569,683,27.68,68.25,0,7.21,16.05.2024 11:49:07
0,289.88,1546,683,27.68,68.25,0,6.69,16.05.2024 11:49:09
0,287.25,1532,683,27.68,68.23,0,6.39,16.05.2024 11:49:12
0,289.50,1544,683,27.68,68.20,0,6.66,16.05.2024 11:49:14
0,290.44,1549,683,27.64,68.22,0,6.80,16.05.2024 11:49:16
0,292.31,1559,683,27.68,68.22,0,6.99,16.05.2024 11:49:18
0,290.44,1549,682,27.65,68.20,0,6.79,16.05.2024 11:49:20
0,293.06,1563,682,27.66,68.21,0,7.09,16.05.2024 11:49:22
0,286.31,1527,681,27.66,68.20,0,6.30,16.05.2024 11:49:24
0,293.63,1566,681,27.69,68.21,0,7.13,16.05.2024 11:49:26
0,290.06,1547,682,27.66,68.17,0,6.74,16.05.2024 11:49:29
0,290.81,1551,682,27.68,68.23,0,6.80,16.05.2024 11:49:31
0,291.38,1554,682,27.68,68.24,0,6.87,16.05.2024 11:49:33
0,290.63,1550,681,27.68,68.22,0,6.78,16.05.2024 11:49:35
0,292.13,1558,681,27.65,68.25,0,6.98,16.05.2024 11:49:37
0,291.56,1555,681,27.66,68.21,0,6.91,16.05.2024 11:49:39
0,290.06,1547,682,27.68,68.23,0,6.71,16.05.2024 11:49:41
0,292.31,1559,682,27.65,68.24,0,7.01,16.05.2024 11:49:43
0,291.94,1557,682,27.65,68.22,0,6.97,16.05.2024 11:49:46
0,288.94,1541,682,27.65,68.22,0,6.61,16.05.2024 11:49:48
0,291.75,1556,682,27.71,68.25,0,6.88,16.05.2024 11:49:50
0,288.38,1538,682,27.65,68.22,0,6.54,16.05.2024 11:49:52
0,290.44,1549,682,27.66,68.19,0,6.78,16.05.2024 11:49:54
0,287.44,1533,682,27.69,68.20,0,6.40,16.05.2024 11:49:56
0,288.75,1540,681,27.68,68.21,0,6.57,16.05.2024 11:49:58
0,288.94,1541,682,27.71,68.25,0,6.55,16.05.2024 11:50:00
0,285.56,1523,681,27.69,68.21,0,6.19,16.05.2024 11:50:02
0,290.63,1550,681,27.68,68.23,0,6.78,16.05.2024 11:50:05
0,289.31,1543,681,27.69,68.23,0,6.61,16.05.2024 11:50:07
0,291.38,1554,681,27.66,68.21,0,6.89,16.05.2024 11:50:09
0,291.56,1555,681,27.68,68.23,0,6.89,16.05.2024 11:50:11
0,291.94,1557,682,27.71,68.25,0,6.90,16.05.2024 11:50:13
0,294.00,1568,682,27.68,68.25,0,7.18,16.05.2024 11:50:15
0,289.88,1546,682,27.66,68.22,0,6.71,16.05.2024 11:50:17
0,289.69,1545,683,27.68,68.24,0,6.67,16.05.2024 11:50:19
0,291.38,1554,683,27.68,68.25,0,6.87,16.05.2024 11:50:22
0,290.06,1547,683,27.68,68.21,0,6.72,16.05.2024 11:50:24
0,291.75,1556,683,27.69,68.23,0,6.90,16.05.2024 11:50:26
0,290.44,1549,683,27.69,68.24,0,6.74,16.05.2024 11:50:28
0,288.00,1536,683,27.68,68.22,0,6.48,16.05.2024 11:50:30
0,287.81,1535,683,27.68,68.22,0,6.45,16.05.2024 11:50:32
0,289.88,1546,682,27.68,68.23,0,6.69,16.05.2024 11:50:34
0,291.56,1555,683,27.69,68.24,0,6.88,16.05.2024 11:50:36
0,287.44,1533,683,27.66,68.22,0,6.42,16.05.2024 11:50:39
0,291.56,1555,683,27.65,68.22,0,6.92,16.05.2024 11:50:41
0,288.38,1538,684,27.68,68.23,0,6.52,16.05.2024 11:50:43
0,287.81,1535,684,27.69,68.24,0,6.44,16.05.2024 11:50:45
0,291.00,1552,684,27.68,68.23,0,6.83,16.05.2024 11:50:47
0,286.50,1528,684,27.66,68.26,0,6.30,16.05.2024 11:50:49
0,293.06,1563,684,27.69,68.25,0,7.06,16.05.2024 11:50:51
0,287.25,1532,684,27.68,68.22,0,6.39,16.05.2024 11:50:53
0,288.56,1539,684,27.69,68.25,0,6.52,16.05.2024 11:50:56
0,286.88,1530,684,27.69,68.28,0,6.32,16.05.2024 11:50:58
0,287.44,1533,684,27.66,68.21,0,6.42,16.05.2024 11:51:00
0,290.81,1551,684,27.69,68.22,0,6.79,16.05.2024 11:51:02
0,286.50,1528,684,27.69,68.23,0,6.29,16.05.2024 11:51:04
0,291.56,1555,684,27.69,68.21,0,6.89,16.05.2024 11:51:06
0,292.13,1558,684,27.66,68.25,0,6.97,16.05.2024 11:51:08
0,286.31,1527,684,27.68,68.27,0,6.27,16.05.2024 11:51:10
0,292.50,1560,685,27.69,68.21,0,7.00,16.05.2024 11:51:12
0,291.00,1552,685,27.71,68.25,0,6.79,16.05.2024 11:51:15
0,288.38,1538,685,27.69,68.25,0,6.50,16.05.2024 11:51:17
0,287.25,1532,686,27.69,68.26,0,6.37,16.05.2024 11:51:19
0,289.13,1542,686,27.69,68.22,0,6.59,16.05.2024 11:51:21
0,289.50,1544,686,27.68,68.24,0,6.65,16.05.2024 11:51:23
0,289.13,1542,686,27.68,68.24,0,6.60,16.05.2024 11:51:25
0,290.25,1548,686,27.69,68.24,0,6.72,16.05.2024 11:51:27
0,291.19,1553,685,27.69,68.27,0,6.83,16.05.2024 11:51:29
0,290.25,1548,685,27.71,68.24,0,6.71,16.05.2024 11:51:32
0,290.63,1550,685,27.68,68.25,0,6.78,16.05.2024 11:51:34
0,289.88,1546,685,27.69,68.26,0,6.67,16.05.2024 11:51:36
0,288.75,1540,685,27.69,68.24,0,6.55,16.05.2024 11:51:38
0,291.56,1555,685,27.68,68.23,0,6.89,16.05.2024 11:51:40
0,287.81,1535,685,27.72,68.30,0,6.40,16.05.2024 11:51:42
0,290.81,1551,684,27.68,68.26,0,6.80,16.05.2024 11:51:44
0,289.88,1546,684,27.68,68.24,0,6.69,16.05.2024 11:51:46
0,286.31,1527,684,27.69,68.27,0,6.26,16.05.2024 11:51:49
0,287.44,1533,684,27.68,68.22,0,6.41,16.05.2024 11:51:51
0,285.56,1523,685,27.69,68.26,0,6.17,16.05.2024 11:51:53
0,285.19,1521,685,27.71,68.26,0,6.12,16.05.2024 11:51:55
0,287.63,1534,684,27.71,68.30,0,6.39,16.05.2024 11:51:57
0,287.06,1531,685,27.72,68.26,0,6.32,16.05.2024 11:51:59
0,288.94,1541,685,27.68,68.27,0,6.57,16.05.2024 11:52:03
0,289.88,1546,685,27.68,68.26,0,6.69,16.05.2024 11:52:05
0,285.38,1522,684,27.71,68.27,0,6.14,16.05.2024 11:52:07
0,288.19,1537,685,27.69,68.24,0,6.48,16.05.2024 11:52:10
0,287.63,1534,685,27.68,68.26,0,6.42,16.05.2024 11:52:12
0,286.88,1530,685,27.68,68.25,0,6.34,16.05.2024 11:52:14
0,288.94,1541,685,27.68,68.26,0,6.58,16.05.2024 11:52:16
0,286.69,1529,685,27.69,68.27,0,6.30,16.05.2024 11:52:18
0,285.75,1524,686,27.68,68.28,0,6.20,16.05.2024 11:52:20
0,286.13,1526,686,27.69,68.28,0,6.23,16.05.2024 11:52:22
0,281.44,1501,685,27.71,68.28,0,5.70,16.05.2024 11:52:24
0,282.38,1506,685,27.71,68.25,0,5.81,16.05.2024 11:52:27
0,283.69,1513,685,27.66,68.29,0,5.98,16.05.2024 11:52:29
0,284.25,1516,685,27.69,68.25,0,6.03,16.05.2024 11:52:31
0,287.63,1534,686,27.69,68.27,0,6.41,16.05.2024 11:52:33
0,285.94,1525,685,27.69,68.30,0,6.21,16.05.2024 11:52:35
0,286.69,1529,685,27.71,68.30,0,6.28,16.05.2024 11:52:37
0,286.69,1529,685,27.71,68.30,0,6.28,16.05.2024 11:52:39
0,285.38,1522,685,27.71,68.27,0,6.14,16.05.2024 11:52:41
0,284.25,1516,685,27.69,68.30,0,6.02,16.05.2024 11:52:44
0,285.75,1524,685,27.71,68.28,0,6.18,16.05.2024 11:52:46
0,285.38,1522,686,27.69,68.30,0,6.14,16.05.2024 11:52:48
0,286.88,1530,686,27.71,68.32,0,6.30,16.05.2024 11:52:50
0,285.00,1520,686,27.71,68.28,0,6.09,16.05.2024 11:52:52
0,284.25,1516,686,27.71,68.30,0,6.01,16.05.2024 11:52:54
0,287.06,1531,685,27.69,68.29,0,6.34,16.05.2024 11:52:56
0,283.69,1513,685,27.68,68.29,0,5.97,16.05.2024 11:52:58
0,284.63,1518,685,27.71,68.30,0,6.05,16.05.2024 11:53:00
0,285.38,1522,686,27.72,68.33,0,6.11,16.05.2024 11:53:03
0,288.19,1537,687,27.66,68.33,0,6.48,16.05.2024 11:53:05
0,284.63,1518,687,27.69,68.29,0,6.06,16.05.2024 11:53:07
0,288.00,1536,687,27.68,68.31,0,6.45,16.05.2024 11:53:09
0,288.38,1538,688,27.71,68.30,0,6.47,16.05.2024 11:53:11
0,286.50,1528,687,27.71,68.30,0,6.26,16.05.2024 11:53:13
0,288.38,1538,687,27.69,68.30,0,6.49,16.05.2024 11:53:15
0,289.13,1542,686,27.71,68.30,0,6.56,16.05.2024 11:53:17
0,289.69,1545,687,27.71,68.27,0,6.63,16.05.2024 11:53:20
0,286.13,1526,687,27.72,68.29,0,6.21,16.05.2024 11:53:22
0,292.13,1558,686,27.71,68.30,0,6.91,16.05.2024 11:53:24
0,288.19,1537,687,27.69,68.30,0,6.47,16.05.2024 11:53:26
0,289.13,1542,687,27.71,68.32,0,6.56,16.05.2024 11:53:28
0,288.38,1538,687,27.71,68.30,0,6.47,16.05.2024 11:53:30
0,292.50,1560,687,27.71,68.32,0,6.96,16.05.2024 11:53:32
0,288.56,1539,687,27.69,68.30,0,6.51,16.05.2024 11:53:34
0,289.69,1545,687,27.71,68.32,0,6.62,16.05.2024 11:53:37
0,287.25,1532,687,27.72,68.31,0,6.33,16.05.2024 11:53:39
0,288.75,1540,687,27.69,68.35,0,6.52,16.05.2024 11:53:41
0,290.63,1550,686,27.68,68.32,0,6.76,16.05.2024 11:53:43
0,290.44,1549,687,27.71,68.34,0,6.71,16.05.2024 11:53:45
0,289.50,1544,687,27.71,68.32,0,6.60,16.05.2024 11:53:47
0,290.63,1550,688,27.71,68.32,0,6.73,16.05.2024 11:53:49
0,285.00,1520,688,27.69,68.31,0,6.10,16.05.2024 11:53:51
0,289.31,1543,687,27.69,68.33,0,6.59,16.05.2024 11:53:53
0,288.94,1541,687,27.69,68.31,0,6.55,16.05.2024 11:53:56
0,289.13,1542,687,27.72,68.32,0,6.54,16.05.2024 11:53:58
0,290.06,1547,688,27.71,68.28,0,6.67,16.05.2024 11:54:00
0,290.63,1550,688,27.72,68.33,0,6.72,16.05.2024 11:54:02
0,285.75,1524,688,27.73,68.31,0,6.15,16.05.2024 11:54:04
0,289.31,1543,688,27.71,68.28,0,6.59,16.05.2024 11:54:06
0,288.38,1538,688,27.71,68.30,0,6.47,16.05.2024 11:54:08
0,290.25,1548,688,27.69,68.31,0,6.70,16.05.2024 11:54:10
0,288.00,1536,688,27.69,68.32,0,6.44,16.05.2024 11:54:13
0,289.13,1542,687,27.69,68.34,0,6.57,16.05.2024 11:54:15
0,290.81,1551,687,27.72,68.34,0,6.74,16.05.2024 11:54:17
0,292.69,1561,687,27.68,68.32,0,7.01,16.05.2024 11:54:19
0,289.50,1544,687,27.71,68.32,0,6.60,16.05.2024 11:54:21
0,288.75,1540,687,27.71,68.32,0,6.51,16.05.2024 11:54:23
0,288.94,1541,687,27.71,68.34,0,6.53,16.05.2024 11:54:25
0,286.88,1530,687,27.69,68.33,0,6.31,16.05.2024 11:54:27
0,287.81,1535,687,27.71,68.32,0,6.41,16.05.2024 11:54:30
0,287.44,1533,686,27.69,68.33,0,6.37,16.05.2024 11:54:32
0,287.25,1532,686,27.69,68.33,0,6.35,16.05.2024 11:54:34
0,286.69,1529,687,27.72,68.36,0,6.25,16.05.2024 11:54:36
0,287.25,1532,687,27.71,68.32,0,6.34,16.05.2024 11:54:38
0,291.19,1553,687,27.71,68.36,0,6.79,16.05.2024 11:54:40
0,289.88,1546,687,27.69,68.31,0,6.66,16.05.2024 11:54:42
0,288.19,1537,687,27.72,68.34,0,6.43,16.05.2024 11:54:44
0,285.94,1525,687,27.71,68.32,0,6.19,16.05.2024 11:54:46
0,292.31,1559,688,27.72,68.31,0,6.92,16.05.2024 11:54:49
0,289.50,1544,688,27.71,68.32,0,6.60,16.05.2024 11:54:51
0,288.75,1540,688,27.71,68.34,0,6.51,16.05.2024 11:54:53
0,287.06,1531,688,27.69,68.34,0,6.33,16.05.2024 11:54:55
0,288.56,1539,688,27.72,68.35,0,6.47,16.05.2024 11:54:57
0,287.06,1531,688,27.69,68.30,0,6.34,16.05.2024 11:54:59
0,286.50,1528,688,27.71,68.34,0,6.25,16.05.2024 11:55:01
0,288.56,1539,689,27.72,68.34,0,6.47,16.05.2024 11:55:03
0,287.63,1534,689,27.71,68.32,0,6.38,16.05.2024 11:55:06
0,284.81,1519,689,27.72,68.34,0,6.05,16.05.2024 11:55:08
0,288.19,1537,690,27.73,68.32,0,6.42,16.05.2024 11:55:10
0,287.25,1532,690,27.72,68.36,0,6.32,16.05.2024 11:55:12
0,289.13,1542,690,27.69,68.31,0,6.57,16.05.2024 11:55:14
0,285.56,1523,689,27.73,68.31,0,6.13,16.05.2024 11:55:16
0,285.38,1522,689,27.71,68.32,0,6.13,16.05.2024 11:55:18
0,290.06,1547,690,27.69,68.33,0,6.68,16.05.2024 11:55:20
0,289.50,1544,690,27.73,68.32,0,6.58,16.05.2024 11:55:23
0,289.88,1546,690,27.72,68.34,0,6.63,16.05.2024 11:55:25
0,289.13,1542,690,27.73,68.35,0,6.53,16.05.2024 11:55:27
0,290.25,1548,690,27.71,68.34,0,6.68,16.05.2024 11:55:29
0,287.44,1533,690,27.73,68.35,0,6.33,16.05.2024 11:55:31
0,286.13,1526,690,27.73,68.37,0,6.18,16.05.2024 11:55:33
0,288.75,1540,690,27.72,68.34,0,6.50,16.05.2024 11:55:35
0,287.06,1531,690,27.71,68.30,0,6.32,16.05.2024 11:55:37
0,290.06,1547,690,27.73,68.33,0,6.64,16.05.2024 11:55:39
0,290.44,1549,690,27.72,68.32,0,6.70,16.05.2024 11:55:42
0,290.81,1551,691,27.73,68.35,0,6.72,16.05.2024 11:55:44
0,288.94,1541,690,27.72,68.35,0,6.52,16.05.2024 11:55:46
0,286.13,1526,690,27.73,68.35,0,6.18,16.05.2024 11:55:48
0,290.06,1547,690,27.76,68.33,0,6.61,16.05.2024 11:55:50
0,284.63,1518,690,27.73,68.35,0,6.01,16.05.2024 11:55:52
0,289.50,1544,691,27.72,68.35,0,6.58,16.05.2024 11:55:54
0,291.38,1554,690,27.72,68.35,0,6.80,16.05.2024 11:55:56
0,284.63,1518,691,27.72,68.33,0,6.03,16.05.2024 11:55:59
0,287.06,1531,691,27.73,68.34,0,6.29,16.05.2024 11:56:01
0,287.25,1532,692,27.72,68.35,0,6.32,16.05.2024 11:56:03
0,288.19,1537,692,27.72,68.32,0,6.44,16.05.2024 11:56:05
0,288.19,1537,692,27.73,68.34,0,6.42,16.05.2024 11:56:07
0,290.06,1547,692,27.72,68.34,0,6.65,16.05.2024 11:56:09
0,288.75,1540,693,27.73,68.32,0,6.49,16.05.2024 11:56:11
0,287.44,1533,693,27.73,68.34,0,6.33,16.05.2024 11:56:13
0,290.06,1547,693,27.72,68.34,0,6.65,16.05.2024 11:56:16
0,287.63,1534,693,27.73,68.36,0,6.35,16.05.2024 11:56:18
0,285.19,1521,693,27.72,68.34,0,6.09,16.05.2024 11:56:20
0,290.06,1547,693,27.73,68.35,0,6.63,16.05.2024 11:56:22
0,284.63,1518,693,27.72,68.35,0,6.03,16.05.2024 11:56:24
0,288.94,1541,693,27.72,68.36,0,6.51,16.05.2024 11:56:26
0,291.38,1554,693,27.71,68.35,0,6.82,16.05.2024 11:56:28
0,288.75,1540,694,27.73,68.34,0,6.48,16.05.2024 11:56:30
0,287.44,1533,694,27.73,68.35,0,6.33,16.05.2024 11:56:32
0,288.00,1536,694,27.71,68.35,0,6.42,16.05.2024 11:56:35
0,286.13,1526,695,27.73,68.36,0,6.18,16.05.2024 11:56:37
0,288.00,1536,695,27.75,68.38,0,6.38,16.05.2024 11:56:39
0,283.50,1512,695,27.72,68.37,0,5.90,16.05.2024 11:56:41
0,284.25,1516,695,27.72,68.33,0,5.99,16.05.2024 11:56:43
0,287.44,1533,694,27.72,68.34,0,6.35,16.05.2024 11:56:45
0,289.50,1544,696,27.75,68.31,0,6.57,16.05.2024 11:56:47
0,287.06,1531,696,27.72,68.37,0,6.30,16.05.2024 11:56:49
0,287.25,1532,696,27.75,68.37,0,6.29,16.05.2024 11:56:52
0,287.81,1535,696,27.76,68.37,0,6.34,16.05.2024 11:56:54
0,285.94,1525,696,27.73,68.34,0,6.16,16.05.2024 11:56:58
0,284.44,1517,696,27.75,68.37,0,5.98,16.05.2024 11:57:00
0,287.06,1531,697,27.75,68.37,0,6.27,16.05.2024 11:57:02
0,286.69,1529,697,27.73,68.36,0,6.24,16.05.2024 11:57:04
0,287.63,1534,697,27.72,68.37,0,6.36,16.05.2024 11:57:06
0,289.13,1542,697,27.76,68.38,0,6.49,16.05.2024 11:57:08
0,280.88,1498,698,27.75,68.35,0,5.59,16.05.2024 11:57:11
0,286.31,1527,698,27.75,68.37,0,6.19,16.05.2024 11:57:13
0,283.69,1513,699,27.72,68.37,0,5.92,16.05.2024 11:57:15
0,286.69,1529,698,27.73,68.38,0,6.24,16.05.2024 11:57:17
0,286.13,1526,698,27.72,68.37,0,6.19,16.05.2024 11:57:19
0,282.19,1505,698,27.73,68.35,0,5.74,16.05.2024 11:57:21
0,285.00,1520,699,27.75,68.37,0,6.04,16.05.2024 11:57:23
0,284.81,1519,699,27.75,68.37,0,6.02,16.05.2024 11:57:25
0,283.31,1511,699,27.72,68.35,0,5.88,16.05.2024 11:57:27
0,282.94,1509,699,27.72,68.37,0,5.83,16.05.2024 11:57:30
0,284.63,1518,699,27.75,68.38,0,5.99,16.05.2024 11:57:32
0,283.31,1511,699,27.75,68.37,0,5.85,16.05.2024 11:57:34
0,285.94,1525,699,27.73,68.39,0,6.15,16.05.2024 11:57:36
0,285.94,1525,699,27.73,68.38,0,6.15,16.05.2024 11:57:38
0,286.69,1529,699,27.73,68.36,0,6.24,16.05.2024 11:57:40
0,281.25,1500,699,27.72,68.39,0,5.65,16.05.2024 11:57:42
0,283.13,1510,699,27.72,68.36,0,5.86,16.05.2024 11:57:44
0,285.19,1521,699,27.72,68.38,0,6.08,16.05.2024 11:57:47
0,283.50,1512,699,27.73,68.38,0,5.88,16.05.2024 11:57:49
0,282.38,1506,699,27.75,68.37,0,5.75,16.05.2024 11:57:51
0,284.63,1518,700,27.72,68.37,0,6.02,16.05.2024 11:57:53
0,284.81,1519,699,27.72,68.36,0,6.04,16.05.2024 11:57:55
0,285.75,1524,700,27.73,68.37,0,6.13,16.05.2024 11:57:57
0,289.13,1542,700,27.75,68.40,0,6.50,16.05.2024 11:57:59
0,286.50,1528,700,27.73,68.39,0,6.21,16.05.2024 11:58:01
0,284.25,1516,700,27.73,68.38,0,5.96,16.05.2024 11:58:04
0,288.94,1541,700,27.72,68.38,0,6.51,16.05.2024 11:58:06
0,288.56,1539,700,27.75,68.41,0,6.44,16.05.2024 11:58:08
0,289.50,1544,700,27.75,68.41,0,6.54,16.05.2024 11:58:10
0,287.63,1534,700,27.76,68.38,0,6.32,16.05.2024 11:58:12
0,285.38,1522,701,27.72,68.40,0,6.10,16.05.2024 11:58:14
0,289.50,1544,701,27.72,68.39,0,6.57,16.05.2024 11:58:16
0,289.69,1545,701,27.73,68.38,0,6.58,16.05.2024 11:58:18
0,288.56,1539,702,27.75,68.38,0,6.44,16.05.2024 11:58:20
0,288.19,1537,702,27.73,68.39,0,6.41,16.05.2024 11:58:23
0,285.56,1523,702,27.72,68.40,0,6.12,16.05.2024 11:58:25
0,289.69,1545,703,27.75,68.41,0,6.57,16.05.2024 11:58:27
0,284.06,1515,703,27.73,68.39,0,5.94,16.05.2024 11:58:29
0,286.88,1530,703,27.72,68.38,0,6.27,16.05.2024 11:58:31
0,287.25,1532,703,27.75,68.42,0,6.28,16.05.2024 11:58:33
0,288.94,1541,703,27.72,68.43,0,6.50,16.05.2024 11:58:35
0,287.44,1533,703,27.75,68.40,0,6.31,16.05.2024 11:58:37
0,288.94,1541,703,27.73,68.38,0,6.50,16.05.2024 11:58:40
0,288.38,1538,703,27.75,68.41,0,6.41,16.05.2024 11:58:42
0,285.94,1525,703,27.71,68.37,0,6.18,16.05.2024 11:58:44
0,292.88,1562,703,27.75,68.35,0,6.95,16.05.2024 11:58:46
0,286.88,1530,704,27.75,68.40,0,6.24,16.05.2024 11:58:48
0,284.25,1516,704,27.75,68.37,0,5.95,16.05.2024 11:58:50
0,286.88,1530,704,27.75,68.44,0,6.24,16.05.2024 11:58:52
0,287.06,1531,704,27.75,68.40,0,6.27,16.05.2024 11:58:54
0,290.63,1550,704,27.75,68.42,0,6.67,16.05.2024 11:58:56
0,286.31,1527,704,27.75,68.41,0,6.18,16.05.2024 11:58:59
0,288.19,1537,704,27.76,68.41,0,6.38,16.05.2024 11:59:01
0,286.88,1530,704,27.73,68.37,0,6.26,16.05.2024 11:59:03
0,288.56,1539,704,27.76,68.42,0,6.42,16.05.2024 11:59:05
0,284.44,1517,704,27.75,68.41,0,5.97,16.05.2024 11:59:07
0,285.94,1525,704,27.75,68.38,0,6.14,16.05.2024 11:59:09
0,287.44,1533,704,27.75,68.41,0,6.31,16.05.2024 11:59:11
0,288.38,1538,704,27.76,68.42,0,6.40,16.05.2024 11:59:13
0,287.06,1531,704,27.75,68.38,0,6.27,16.05.2024 11:59:16
0,290.63,1550,704,27.75,68.42,0,6.67,16.05.2024 11:59:18
0,288.75,1540,704,27.75,68.40,0,6.46,16.05.2024 11:59:20
0,286.31,1527,705,27.78,68.39,0,6.16,16.05.2024 11:59:22
0,283.69,1513,704,27.73,68.38,0,5.90,16.05.2024 11:59:24
0,291.38,1554,705,27.75,68.41,0,6.76,16.05.2024 11:59:26
0,288.00,1536,704,27.76,68.39,0,6.36,16.05.2024 11:59:28
0,283.88,1514,704,27.73,68.39,0,5.92,16.05.2024 11:59:30
0,290.63,1550,704,27.75,68.40,0,6.68,16.05.2024 11:59:33
0,291.00,1552,704,27.75,68.40,0,6.72,16.05.2024 11:59:35
0,285.00,1520,704,27.75,68.40,0,6.03,16.05.2024 11:59:37
0,286.31,1527,704,27.75,68.41,0,6.18,16.05.2024 11:59:39
0,289.88,1546,704,27.76,68.39,0,6.58,16.05.2024 11:59:41
0,285.56,1523,705,27.75,68.38,0,6.10,16.05.2024 11:59:43
0,288.19,1537,705,27.75,68.44,0,6.39,16.05.2024 11:59:45
0,283.69,1513,704,27.76,68.40,0,5.87,16.05.2024 11:59:47
0,286.50,1528,704,27.76,68.41,0,6.19,16.05.2024 11:59:50
0,289.13,1542,705,27.76,68.38,0,6.49,16.05.2024 11:59:52
0,287.63,1534,704,27.73,68.40,0,6.34,16.05.2024 11:59:54
0,284.81,1519,705,27.75,68.40,0,6.01,16.05.2024 11:59:56
0,287.25,1532,705,27.76,68.41,0,6.27,16.05.2024 11:59:58
