0,172.69,921,1039,16.03,67.52,0,1.08,16.05.2024 18:00:01
0,172.50,920,1040,16.06,67.53,0,1.06,16.05.2024 18:00:03
0,171.38,914,1040,16.06,67.54,0,0.97,16.05.2024 18:00:05
0,172.50,920,1040,16.04,67.53,0,1.06,16.05.2024 18:00:07
0,174.75,932,1040,16.04,67.52,0,1.25,16.05.2024 18:00:09
0,176.44,941,1040,16.06,67.51,0,1.39,16.05.2024 18:00:12
0,175.69,937,1040,16.04,67.53,0,1.33,16.05.2024 18:00:14
0,173.44,925,1041,16.03,67.51,0,1.14,16.05.2024 18:00:16
0,177.00,944,1041,16.03,67.54,0,1.44,16.05.2024 18:00:18
0,175.13,934,1041,16.04,67.54,0,1.28,16.05.2024 18:00:20
0,173.81,927,1041,16.04,67.53,0,1.17,16.05.2024 18:00:22
0,179.25,956,1041,16.04,67.56,0,1.63,16.05.2024 18:00:24
0,174.56,931,1040,16.03,67.55,0,1.23,16.05.2024 18:00:26
0,175.69,937,1040,16.06,67.56,0,1.32,16.05.2024 18:00:28
0,180.00,960,1040,16.03,67.55,0,1.70,16.05.2024 18:00:31
0,174.75,932,1041,16.03,67.58,0,1.25,16.05.2024 18:00:33
0,175.13,934,1042,16.06,67.53,0,1.28,16.05.2024 18:00:35
0,174.94,933,1042,16.03,67.58,0,1.26,16.05.2024 18:00:37
0,175.88,938,1042,16.06,67.56,0,1.34,16.05.2024 18:00:39
0,177.75,948,1042,16.03,67.50,0,1.51,16.05.2024 18:00:41
0,174.00,928,1042,16.03,67.54,0,1.19,16.05.2024 18:00:43
0,176.63,942,1041,16.04,67.54,0,1.40,16.05.2024 18:00:45
0,176.25,940,1042,16.03,67.55,0,1.38,16.05.2024 18:00:48
0,172.50,920,1042,16.04,67.54,0,1.06,16.05.2024 18:00:50
0,175.31,935,1042,16.04,67.56,0,1.29,16.05.2024 18:00:52
0,177.19,945,1041,16.03,67.54,0,1.46,16.05.2024 18:00:54
0,173.44,925,1041,16.04,67.54,0,1.14,16.05.2024 18:00:56
0,174.94,933,1042,16.04,67.58,0,1.26,16.05.2024 18:00:58
0,170.81,911,1041,16.03,67.57,0,0.93,16.05.2024 18:01:00
0,176.06,939,1042,16.03,67.55,0,1.36,16.05.2024 18:01:02
0,174.75,932,1041,16.03,67.52,0,1.25,16.05.2024 18:01:04
0,174.38,930,1041,16.00,67.55,0,1.23,16.05.2024 18:01:07
0,175.50,936,1042,16.03,67.55,0,1.31,16.05.2024 18:01:09
0,173.81,927,1042,16.04,67.58,0,1.17,16.05.2024 18:01:11
0,171.38,914,1042,16.03,67.55,0,0.98,16.05.2024 18:01:13
0,174.19,929,1042,16.03,67.55,0,1.20,16.05.2024 18:01:15
0,172.88,922,1043,16.03,67.53,0,1.10,16.05.2024 18:01:17
0,177.00,944,1042,16.04,67.58,0,1.43,16.05.2024 18:01:19
0,174.19,929,1042,16.01,67.51,0,1.21,16.05.2024 18:01:21
0,175.50,936,1042,16.04,67.57,0,1.31,16.05.2024 18:01:24
0,179.63,958,1042,16.03,67.56,0,1.67,16.05.2024 18:01:26
0,175.31,935,1042,16.04,67.56,0,1.29,16.05.2024 18:01:28
0,176.25,940,1042,16.01,67.57,0,1.38,16.05.2024 18:01:30
0,176.81,943,1042,16.01,67.55,0,1.43,16.05.2024 18:01:32
0,176.06,939,1043,16.03,67.57,0,1.36,16.05.2024 18:01:34
0,176.06,939,1042,16.01,67.57,0,1.36,16.05.2024 18:01:36
0,172.50,920,1042,16.01,67.56,0,1.07,16.05.2024 18:01:38
0,171.75,916,1042,16.03,67.52,0,1.01,16.05.2024 18:01:40
0,171.94,917,1042,16.01,67.54,0,1.03,16.05.2024 18:01:43
0,173.81,927,1042,16.01,67.56,0,1.18,16.05.2024 18:01:45
0,173.06,923,1042,16.01,67.55,0,1.12,16.05.2024 18:01:47
0,174.00,928,1042,16.03,67.57,0,1.19,16.05.2024 18:01:49
0,172.88,922,1043,16.03,67.54,0,1.10,16.05.2024 18:01:51
0,169.13,902,1043,16.01,67.53,0,0.81,16.05.2024 18:01:53
0,177.19,945,1043,16.01,67.53,0,1.46,16.05.2024 18:01:57
0,172.69,921,1044,16.01,67.53,0,1.09,16.05.2024 18:01:59
0,175.69,937,1044,16.00,67.53,0,1.34,16.05.2024 18:02:02
0,174.19,929,1045,16.00,67.54,0,1.21,16.05.2024 18:02:04
0,170.44,909,1045,16.01,67.57,0,0.91,16.05.2024 18:02:06
0,168.75,900,1045,16.03,67.50,0,0.78,16.05.2024 18:02:08
0,161.63,862,1045,15.98,67.54,0,0.27,16.05.2024 18:02:10
0,169.69,905,1045,16.01,67.56,0,0.85,16.05.2024 18:02:12
0,173.06,923,1045,15.98,67.54,0,1.12,16.05.2024 18:02:14
0,168.56,899,1046,16.00,67.52,0,0.77,16.05.2024 18:02:16
0,173.44,925,1045,16.00,67.52,0,1.15,16.05.2024 18:02:18
0,172.88,922,1046,16.01,67.55,0,1.10,16.05.2024 18:02:21
0,173.63,926,1046,15.98,67.54,0,1.17,16.05.2024 18:02:23
0,175.69,937,1046,16.00,67.54,0,1.34,16.05.2024 18:02:25
0,173.25,924,1046,16.00,67.52,0,1.14,16.05.2024 18:02:27
0,172.69,921,1047,16.01,67.53,0,1.09,16.05.2024 18:02:29
0,174.19,929,1047,16.01,67.53,0,1.21,16.05.2024 18:02:31
0,175.69,937,1047,16.00,67.53,0,1.34,16.05.2024 18:02:33
0,173.44,925,1047,16.00,67.54,0,1.15,16.05.2024 18:02:35
0,174.38,930,1047,16.00,67.57,0,1.23,16.05.2024 18:02:38
0,175.69,937,1047,15.98,67.52,0,1.34,16.05.2024 18:02:40
0,176.63,942,1046,16.01,67.56,0,1.41,16.05.2024 18:02:42
0,174.38,930,1046,16.00,67.53,0,1.23,16.05.2024 18:02:44
0,172.88,922,1047,16.01,67.54,0,1.10,16.05.2024 18:02:46
0,174.56,931,1046,15.98,67.54,0,1.25,16.05.2024 18:02:48
0,173.63,926,1046,15.98,67.54,0,1.17,16.05.2024 18:02:50
0,176.25,940,1046,16.00,67.54,0,1.38,16.05.2024 18:02:52
0,172.13,918,1046,15.98,67.54,0,1.05,16.05.2024 18:02:54
0,174.19,929,1046,16.00,67.55,0,1.21,16.05.2024 18:02:57
0,171.56,915,1046,16.00,67.54,0,1.00,16.05.2024 18:02:59
0,172.69,921,1046,15.97,67.54,0,1.10,16.05.2024 18:03:01
0,176.81,943,1046,16.00,67.55,0,1.43,16.05.2024 18:03:03
0,173.63,926,1046,16.01,67.56,0,1.16,16.05.2024 18:03:05
0,170.63,910,1046,16.01,67.55,0,0.92,16.05.2024 18:03:07
0,177.38,946,1046,15.97,67.52,0,1.49,16.05.2024 18:03:09
0,176.06,939,1046,15.97,67.52,0,1.38,16.05.2024 18:03:11
0,173.81,927,1046,16.00,67.53,0,1.18,16.05.2024 18:03:14
0,176.44,941,1046,15.98,67.52,0,1.41,16.05.2024 18:03:16
0,173.81,927,1046,15.98,67.54,0,1.19,16.05.2024 18:03:18
0,178.13,950,1045,16.00,67.54,0,1.55,16.05.2024 18:03:20
0,172.69,921,1046,15.98,67.54,0,1.09,16.05.2024 18:03:22
0,174.75,932,1045,15.98,67.51,0,1.26,16.05.2024 18:03:24
0,175.31,935,1046,15.97,67.54,0,1.31,16.05.2024 18:03:26
0,172.31,919,1046,15.98,67.53,0,1.06,16.05.2024 18:03:28
0,173.63,926,1047,15.98,67.54,0,1.17,16.05.2024 18:03:30
0,173.63,926,1047,15.96,67.51,0,1.18,16.05.2024 18:03:33
0,174.38,930,1047,15.97,67.51,0,1.24,16.05.2024 18:03:35
0,172.31,919,1047,15.97,67.52,0,1.07,16.05.2024 18:03:37
0,176.25,940,1048,15.97,67.53,0,1.39,16.05.2024 18:03:39
0,176.25,940,1047,15.97,67.50,0,1.39,16.05.2024 18:03:41
0,175.50,936,1047,15.97,67.54,0,1.33,16.05.2024 18:03:43
0,175.13,934,1048,15.98,67.50,0,1.30,16.05.2024 18:03:45
0,174.00,928,1048,16.00,67.54,0,1.20,16.05.2024 18:03:47
0,172.88,922,1049,15.97,67.51,0,1.11,16.05.2024 18:03:50
0,174.38,930,1049,16.00,67.53,0,1.23,16.05.2024 18:03:52
0,175.31,935,1048,15.98,67.51,0,1.31,16.05.2024 18:03:54
0,173.63,926,1048,15.98,67.50,0,1.17,16.05.2024 18:03:56
0,180.00,960,1049,15.98,67.53,0,1.72,16.05.2024 18:03:58
0,170.81,911,1049,15.96,67.46,0,0.96,16.05.2024 18:04:00
0,175.50,936,1050,15.98,67.53,0,1.33,16.05.2024 18:04:02
0,173.06,923,1050,15.98,67.53,0,1.13,16.05.2024 18:04:04
0,171.56,915,1050,15.97,67.52,0,1.01,16.05.2024 18:04:06
0,177.00,944,1050,15.97,67.51,0,1.46,16.05.2024 18:04:09
0,173.06,923,1050,15.97,67.51,0,1.13,16.05.2024 18:04:11
0,172.31,919,1050,15.97,67.52,0,1.07,16.05.2024 18:04:13
0,169.50,904,1051,15.97,67.52,0,0.85,16.05.2024 18:04:15
0,170.63,910,1051,15.97,67.50,0,0.94,16.05.2024 18:04:19
0,171.56,915,1051,15.98,67.53,0,1.00,16.05.2024 18:04:21
0,173.63,926,1051,15.96,67.55,0,1.18,16.05.2024 18:04:23
0,174.19,929,1050,15.98,67.53,0,1.22,16.05.2024 18:04:25
0,171.38,914,1051,16.00,67.52,0,0.99,16.05.2024 18:04:28
0,168.94,901,1052,15.98,67.54,0,0.80,16.05.2024 18:04:30
0,171.19,913,1052,16.00,67.52,0,0.97,16.05.2024 18:04:32
0,174.56,931,1052,15.96,67.50,0,1.26,16.05.2024 18:04:34
0,170.44,909,1052,15.97,67.50,0,0.92,16.05.2024 18:04:36
0,169.31,903,1052,15.97,67.52,0,0.83,16.05.2024 18:04:38
0,168.38,898,1053,15.96,67.49,0,0.77,16.05.2024 18:04:40
0,175.88,938,1053,15.93,67.54,0,1.37,16.05.2024 18:04:42
0,172.69,921,1053,15.96,67.52,0,1.10,16.05.2024 18:04:44
0,173.25,924,1053,15.97,67.52,0,1.14,16.05.2024 18:04:47
0,172.13,918,1053,15.97,67.53,0,1.05,16.05.2024 18:04:49
0,171.56,915,1054,15.94,67.54,0,1.01,16.05.2024 18:04:51
0,174.56,931,1054,15.94,67.52,0,1.26,16.05.2024 18:04:53
0,176.81,943,1053,15.94,67.53,0,1.45,16.05.2024 18:04:55
0,174.75,932,1054,15.98,67.50,0,1.27,16.05.2024 18:04:57
0,170.81,911,1054,15.94,67.53,0,0.96,16.05.2024 18:04:59
0,174.75,932,1054,15.96,67.54,0,1.27,16.05.2024 18:05:01
0,173.06,923,1054,15.96,67.52,0,1.13,16.05.2024 18:05:04
0,174.38,930,1054,15.96,67.52,0,1.24,16.05.2024 18:05:06
0,175.31,935,1054,15.96,67.52,0,1.32,16.05.2024 18:05:08
0,172.31,919,1054,15.96,67.52,0,1.07,16.05.2024 18:05:10
0,174.19,929,1055,15.94,67.53,0,1.23,16.05.2024 18:05:12
0,173.63,926,1054,15.96,67.53,0,1.18,16.05.2024 18:05:14
0,176.63,942,1054,15.93,67.54,0,1.44,16.05.2024 18:05:16
0,174.38,930,1054,15.94,67.50,0,1.25,16.05.2024 18:05:18
0,174.19,929,1054,15.93,67.50,0,1.23,16.05.2024 18:05:20
0,171.00,912,1054,15.96,67.53,0,0.97,16.05.2024 18:05:23
0,172.50,920,1053,15.93,67.50,0,1.10,16.05.2024 18:05:25
0,173.25,924,1053,15.96,67.52,0,1.15,16.05.2024 18:05:27
0,174.19,929,1053,15.94,67.52,0,1.23,16.05.2024 18:05:29
0,172.13,918,1054,15.96,67.52,0,1.06,16.05.2024 18:05:31
0,172.69,921,1054,15.94,67.51,0,1.11,16.05.2024 18:05:33
0,174.19,929,1054,15.93,67.53,0,1.23,16.05.2024 18:05:35
0,174.38,930,1054,15.93,67.52,0,1.25,16.05.2024 18:05:37
0,173.06,923,1055,15.94,67.53,0,1.14,16.05.2024 18:05:40
0,173.81,927,1055,15.93,67.53,0,1.20,16.05.2024 18:05:42
0,175.50,936,1055,15.94,67.54,0,1.34,16.05.2024 18:05:44
0,171.94,917,1055,15.93,67.53,0,1.05,16.05.2024 18:05:46
0,173.81,927,1054,15.93,67.50,0,1.20,16.05.2024 18:05:48
0,176.44,941,1054,15.94,67.54,0,1.42,16.05.2024 18:05:50
0,173.63,926,1054,15.94,67.54,0,1.18,16.05.2024 18:05:52
0,174.94,933,1054,15.94,67.51,0,1.29,16.05.2024 18:05:54
0,177.38,946,1054,15.94,67.52,0,1.50,16.05.2024 18:05:56
0,173.25,924,1054,15.93,67.54,0,1.15,16.05.2024 18:05:59
0,171.75,916,1054,15.93,67.50,0,1.04,16.05.2024 18:06:01
0,175.50,936,1054,15.94,67.56,0,1.34,16.05.2024 18:06:03
0,172.69,921,1053,15.93,67.50,0,1.11,16.05.2024 18:06:05
0,175.88,938,1053,15.93,67.52,0,1.37,16.05.2024 18:06:07
0,174.19,929,1053,15.92,67.56,0,1.23,16.05.2024 18:06:09
0,175.69,937,1052,15.92,67.49,0,1.36,16.05.2024 18:06:11
0,174.38,930,1053,15.94,67.53,0,1.24,16.05.2024 18:06:13
0,172.69,921,1053,15.93,67.52,0,1.11,16.05.2024 18:06:16
0,173.06,923,1053,15.94,67.54,0,1.14,16.05.2024 18:06:18
0,168.19,897,1052,15.92,67.52,0,0.76,16.05.2024 18:06:20
0,175.13,934,1051,15.93,67.50,0,1.31,16.05.2024 18:06:22
0,174.94,933,1051,15.93,67.53,0,1.29,16.05.2024 18:06:24
0,172.88,922,1051,15.92,67.50,0,1.13,16.05.2024 18:06:26
0,172.88,922,1051,15.93,67.52,0,1.12,16.05.2024 18:06:28
0,171.38,914,1051,15.93,67.52,0,1.00,16.05.2024 18:06:30
0,176.44,941,1051,15.94,67.49,0,1.42,16.05.2024 18:06:32
0,171.56,915,1051,15.93,67.50,0,1.02,16.05.2024 18:06:35
0,170.44,909,1051,15.94,67.52,0,0.93,16.05.2024 18:06:37
0,176.25,940,1051,15.92,67.50,0,1.41,16.05.2024 18:06:39
0,168.94,901,1050,15.93,67.52,0,0.81,16.05.2024 18:06:41
0,171.19,913,1050,15.92,67.51,0,0.99,16.05.2024 18:06:45
0,171.75,916,1050,15.92,67.49,0,1.04,16.05.2024 18:06:47
0,172.50,920,1050,15.92,67.49,0,1.10,16.05.2024 18:06:49
0,171.75,916,1050,15.92,67.50,0,1.04,16.05.2024 18:06:51
0,171.19,913,1050,15.93,67.53,0,0.99,16.05.2024 18:06:54
0,170.06,907,1050,15.93,67.50,0,0.90,16.05.2024 18:06:56
0,169.88,906,1050,15.93,67.53,0,0.89,16.05.2024 18:06:58
0,169.88,906,1050,15.93,67.52,0,0.89,16.05.2024 18:07:00
0,170.06,907,1050,15.93,67.50,0,0.90,16.05.2024 18:07:02
0,172.50,920,1049,15.92,67.51,0,1.10,16.05.2024 18:07:04
0,170.63,910,1049,15.92,67.51,0,0.95,16.05.2024 18:07:06
0,168.94,901,1049,15.92,67.50,0,0.82,16.05.2024 18:07:08
0,168.38,898,1049,15.90,67.51,0,0.78,16.05.2024 18:07:10
0,173.63,926,1049,15.90,67.49,0,1.19,16.05.2024 18:07:13
0,171.38,914,1049,15.93,67.54,0,1.00,16.05.2024 18:07:15
0,170.63,910,1049,15.90,67.48,0,0.95,16.05.2024 18:07:17
0,173.06,923,1048,15.92,67.51,0,1.14,16.05.2024 18:07:19
0,175.88,938,1048,15.92,67.51,0,1.38,16.05.2024 18:07:21
0,175.50,936,1049,15.92,67.52,0,1.35,16.05.2024 18:07:23
0,173.25,924,1049,15.90,67.52,0,1.16,16.05.2024 18:07:25
0,175.88,938,1049,15.90,67.51,0,1.38,16.05.2024 18:07:27
0,175.31,935,1049,15.90,67.51,0,1.33,16.05.2024 18:07:30
0,172.69,921,1050,15.92,67.50,0,1.11,16.05.2024 18:07:32
0,174.38,930,1050,15.93,67.49,0,1.25,16.05.2024 18:07:34
0,177.75,948,1050,15.90,67.51,0,1.54,16.05.2024 18:07:36
0,173.06,923,1050,15.90,67.49,0,1.15,16.05.2024 18:07:38
0,173.44,925,1051,15.92,67.50,0,1.18,16.05.2024 18:07:40
0,173.63,926,1050,15.92,67.53,0,1.19,16.05.2024 18:07:42
0,176.44,941,1050,15.89,67.51,0,1.43,16.05.2024 18:07:44
0,173.44,925,1050,15.90,67.50,0,1.18,16.05.2024 18:07:46
0,170.81,911,1050,15.90,67.50,0,0.97,16.05.2024 18:07:49
0,172.69,921,1050,15.89,67.50,0,1.12,16.05.2024 18:07:51
0,177.00,944,1050,15.89,67.51,0,1.48,16.05.2024 18:07:53
0,174.19,929,1050,15.87,67.50,0,1.25,16.05.2024 18:07:55
0,175.31,935,1050,15.90,67.49,0,1.34,16.05.2024 18:07:57
0,172.69,921,1050,15.90,67.49,0,1.12,16.05.2024 18:07:59
0,169.31,903,1050,15.89,67.51,0,0.85,16.05.2024 18:08:01
0,173.25,924,1050,15.90,67.52,0,1.16,16.05.2024 18:08:03
0,174.38,930,1049,15.89,67.49,0,1.26,16.05.2024 18:08:06
0,174.19,929,1050,15.86,67.50,0,1.25,16.05.2024 18:08:08
0,171.38,914,1049,15.89,67.48,0,1.02,16.05.2024 18:08:10
0,173.44,925,1049,15.92,67.51,0,1.17,16.05.2024 18:08:12
0,171.94,917,1049,15.90,67.49,0,1.06,16.05.2024 18:08:14
0,171.56,915,1048,15.89,67.50,0,1.03,16.05.2024 18:08:16
0,176.44,941,1048,15.92,67.50,0,1.43,16.05.2024 18:08:18
0,173.06,923,1048,15.87,67.49,0,1.16,16.05.2024 18:08:20
0,172.88,922,1048,15.90,67.49,0,1.13,16.05.2024 18:08:22
0,173.25,924,1048,15.89,67.50,0,1.17,16.05.2024 18:08:25
0,173.25,924,1047,15.90,67.50,0,1.16,16.05.2024 18:08:27
0,173.25,924,1047,15.89,67.49,0,1.17,16.05.2024 18:08:29
0,171.56,915,1047,15.87,67.50,0,1.03,16.05.2024 18:08:31
0,173.44,925,1048,15.89,67.49,0,1.18,16.05.2024 18:08:33
0,173.44,925,1047,15.86,67.49,0,1.19,16.05.2024 18:08:35
0,172.88,922,1047,15.86,67.49,0,1.15,16.05.2024 18:08:37
0,172.31,919,1047,15.89,67.46,0,1.09,16.05.2024 18:08:39
0,174.00,928,1047,15.87,67.48,0,1.23,16.05.2024 18:08:42
0,172.13,918,1047,15.86,67.50,0,1.08,16.05.2024 18:08:44
0,173.81,927,1047,15.84,67.48,0,1.23,16.05.2024 18:08:46
0,173.25,924,1046,15.87,67.46,0,1.17,16.05.2024 18:08:48
0,172.31,919,1048,15.89,67.49,0,1.09,16.05.2024 18:08:50
0,171.94,917,1048,15.86,67.44,0,1.07,16.05.2024 18:08:52
0,172.13,918,1048,15.87,67.50,0,1.08,16.05.2024 18:08:54
0,170.25,908,1048,15.87,67.47,0,0.93,16.05.2024 18:08:56
0,174.94,933,1049,15.89,67.48,0,1.31,16.05.2024 18:08:58
0,171.38,914,1049,15.89,67.48,0,1.02,16.05.2024 18:09:01
0,171.75,916,1049,15.89,67.46,0,1.05,16.05.2024 18:09:03
0,174.56,931,1050,15.87,67.48,0,1.28,16.05.2024 18:09:05
0,174.75,932,1050,15.89,67.47,0,1.29,16.05.2024 18:09:07
0,173.63,926,1050,15.89,67.48,0,1.20,16.05.2024 18:09:11
0,168.56,899,1050,15.87,67.48,0,0.80,16.05.2024 18:09:13
0,172.13,918,1050,15.87,67.47,0,1.08,16.05.2024 18:09:15
0,166.31,887,1050,15.89,67.46,0,0.63,16.05.2024 18:09:17
0,167.81,895,1050,15.84,67.49,0,0.75,16.05.2024 18:09:20
0,172.13,918,1050,15.87,67.48,0,1.08,16.05.2024 18:09:22
0,173.44,925,1050,15.86,67.48,0,1.19,16.05.2024 18:09:24
0,170.06,907,1050,15.84,67.47,0,0.92,16.05.2024 18:09:26
0,169.69,905,1050,15.87,67.48,0,0.89,16.05.2024 18:09:28
0,172.88,922,1050,15.87,67.50,0,1.14,16.05.2024 18:09:30
0,171.75,916,1051,15.86,67.49,0,1.05,16.05.2024 18:09:32
0,168.94,901,1050,15.84,67.46,0,0.84,16.05.2024 18:09:34
0,171.75,916,1050,15.84,67.48,0,1.06,16.05.2024 18:09:36
0,170.44,909,1050,15.84,67.48,0,0.95,16.05.2024 18:09:39
0,171.75,916,1050,15.87,67.47,0,1.05,16.05.2024 18:09:41
0,170.63,910,1050,15.87,67.49,0,0.96,16.05.2024 18:09:43
0,174.94,933,1051,15.84,67.48,0,1.32,16.05.2024 18:09:45
0,172.31,919,1050,15.87,67.49,0,1.10,16.05.2024 18:09:47
0,172.69,921,1050,15.86,67.47,0,1.13,16.05.2024 18:09:49
0,171.38,914,1050,15.86,67.46,0,1.03,16.05.2024 18:09:51
0,174.94,933,1051,15.83,67.48,0,1.32,16.05.2024 18:09:53
0,174.56,931,1051,15.84,67.45,0,1.29,16.05.2024 18:09:56
0,174.00,928,1051,15.87,67.50,0,1.23,16.05.2024 18:09:58
0,175.50,936,1051,15.83,67.46,0,1.37,16.05.2024 18:10:00
0,174.56,931,1051,15.84,67.48,0,1.29,16.05.2024 18:10:02
0,175.69,937,1051,15.86,67.49,0,1.38,16.05.2024 18:10:04
0,175.88,938,1051,15.84,67.47,0,1.40,16.05.2024 18:10:06
0,174.56,931,1050,15.86,67.52,0,1.28,16.05.2024 18:10:08
0,172.50,920,1050,15.86,67.51,0,1.11,16.05.2024 18:10:10
0,175.31,935,1050,15.86,67.51,0,1.35,16.05.2024 18:10:12
0,173.25,924,1049,15.84,67.48,0,1.18,16.05.2024 18:10:15
0,175.13,934,1050,15.83,67.48,0,1.34,16.05.2024 18:10:17
0,172.13,918,1050,15.83,67.48,0,1.09,16.05.2024 18:10:19
0,175.31,935,1050,15.82,67.46,0,1.36,16.05.2024 18:10:21
0,176.25,940,1050,15.86,67.49,0,1.43,16.05.2024 18:10:23
0,174.75,932,1050,15.84,67.47,0,1.30,16.05.2024 18:10:25
0,170.81,911,1050,15.84,67.48,0,0.98,16.05.2024 18:10:27
0,174.75,932,1050,15.84,67.46,0,1.31,16.05.2024 18:10:29
0,174.19,929,1051,15.83,67.51,0,1.26,16.05.2024 18:10:32
0,173.25,924,1050,15.86,67.50,0,1.17,16.05.2024 18:10:34
0,173.81,927,1051,15.84,67.48,0,1.23,16.05.2024 18:10:36
0,172.50,920,1050,15.83,67.48,0,1.12,16.05.2024 18:10:38
0,173.81,927,1050,15.83,67.46,0,1.23,16.05.2024 18:10:40
0,173.25,924,1049,15.84,67.48,0,1.18,16.05.2024 18:10:42
0,174.94,933,1049,15.83,67.48,0,1.32,16.05.2024 18:10:44
0,172.50,920,1049,15.83,67.49,0,1.12,16.05.2024 18:10:46
0,171.00,912,1049,15.83,67.46,0,1.00,16.05.2024 18:10:48
0,177.38,946,1050,15.83,67.49,0,1.53,16.05.2024 18:10:51
0,173.63,926,1050,15.84,67.46,0,1.21,16.05.2024 18:10:53
0,174.75,932,1050,15.84,67.49,0,1.30,16.05.2024 18:10:55
0,172.50,920,1050,15.84,67.47,0,1.12,16.05.2024 18:10:57
0,171.38,914,1050,15.84,67.46,0,1.03,16.05.2024 18:10:59
0,173.44,925,1051,15.84,67.47,0,1.20,16.05.2024 18:11:01
0,170.44,909,1051,15.86,67.49,0,0.95,16.05.2024 18:11:03
0,172.50,920,1051,15.83,67.50,0,1.12,16.05.2024 18:11:05
0,171.75,916,1051,15.83,67.50,0,1.06,16.05.2024 18:11:08
0,174.56,931,1051,15.82,67.48,0,1.30,16.05.2024 18:11:10
0,171.75,916,1052,15.84,67.47,0,1.06,16.05.2024 18:11:12
0,173.06,923,1052,15.83,67.50,0,1.17,16.05.2024 18:11:14
0,174.00,928,1052,15.80,67.49,0,1.25,16.05.2024 18:11:16
0,173.25,924,1052,15.84,67.47,0,1.18,16.05.2024 18:11:18
0,170.63,910,1052,15.82,67.48,0,0.98,16.05.2024 18:11:20
0,173.06,923,1051,15.82,67.50,0,1.17,16.05.2024 18:11:22
0,169.13,902,1052,15.82,67.49,0,0.86,16.05.2024 18:11:24
0,175.88,938,1052,15.82,67.48,0,1.41,16.05.2024 18:11:27
0,171.00,912,1052,15.83,67.46,0,1.00,16.05.2024 18:11:29
0,174.00,928,1053,15.80,67.49,0,1.25,16.05.2024 18:11:33
0,173.06,923,1054,15.83,67.45,0,1.17,16.05.2024 18:11:35
0,170.81,911,1054,15.82,67.50,0,0.99,16.05.2024 18:11:37
0,170.63,910,1054,15.82,67.47,0,0.98,16.05.2024 18:11:39
0,169.50,904,1054,15.82,67.49,0,0.89,16.05.2024 18:11:41
0,169.13,902,1054,15.82,67.47,0,0.86,16.05.2024 18:11:43
0,170.63,910,1053,15.83,67.47,0,0.97,16.05.2024 18:11:46
0,172.69,921,1053,15.83,67.49,0,1.14,16.05.2024 18:11:48
0,169.88,906,1053,15.83,67.48,0,0.91,16.05.2024 18:11:50
0,170.81,911,1053,15.82,67.50,0,0.99,16.05.2024 18:11:52
0,169.13,902,1053,15.83,67.48,0,0.85,16.05.2024 18:11:54
0,168.38,898,1053,15.80,67.50,0,0.80,16.05.2024 18:11:56
0,171.75,916,1053,15.83,67.47,0,1.06,16.05.2024 18:11:58
0,173.25,924,1053,15.82,67.49,0,1.19,16.05.2024 18:12:00
0,171.94,917,1053,15.80,67.48,0,1.08,16.05.2024 18:12:02
0,171.56,915,1052,15.82,67.47,0,1.05,16.05.2024 18:12:05
0,173.63,926,1052,15.80,67.49,0,1.22,16.05.2024 18:12:07
0,173.25,924,1052,15.82,67.49,0,1.19,16.05.2024 18:12:09
0,175.31,935,1053,15.82,67.50,0,1.36,16.05.2024 18:12:11
0,171.75,916,1053,15.83,67.50,0,1.06,16.05.2024 18:12:13
0,170.25,908,1053,15.79,67.48,0,0.95,16.05.2024 18:12:15
0,173.81,927,1052,15.79,67.46,0,1.24,16.05.2024 18:12:17
0,174.56,931,1052,15.79,67.50,0,1.30,16.05.2024 18:12:19
0,176.06,939,1052,15.80,67.48,0,1.43,16.05.2024 18:12:22
0,177.56,947,1052,15.80,67.49,0,1.56,16.05.2024 18:12:24
0,176.25,940,1052,15.77,67.48,0,1.45,16.05.2024 18:12:26
0,172.50,920,1052,15.79,67.47,0,1.13,16.05.2024 18:12:28
0,174.38,930,1052,15.79,67.48,0,1.29,16.05.2024 18:12:30
0,171.75,916,1053,15.80,67.48,0,1.07,16.05.2024 18:12:32
0,175.13,934,1052,15.79,67.49,0,1.35,16.05.2024 18:12:34
0,171.19,913,1052,15.77,67.47,0,1.03,16.05.2024 18:12:36
0,175.13,934,1053,15.79,67.48,0,1.35,16.05.2024 18:12:38
0,171.19,913,1053,15.79,67.49,0,1.03,16.05.2024 18:12:41
0,173.81,927,1053,15.82,67.50,0,1.23,16.05.2024 18:12:43
0,172.50,920,1053,15.79,67.48,0,1.13,16.05.2024 18:12:45
0,168.75,900,1053,15.77,67.48,0,0.84,16.05.2024 18:12:47
0,174.56,931,1053,15.79,67.49,0,1.30,16.05.2024 18:12:49
0,171.19,913,1054,15.79,67.46,0,1.03,16.05.2024 18:12:51
0,172.88,922,1053,15.79,67.45,0,1.17,16.05.2024 18:12:53
0,170.81,911,1053,15.80,67.49,0,0.99,16.05.2024 18:12:55
0,175.50,936,1052,15.79,67.46,0,1.38,16.05.2024 18:12:58
0,171.19,913,1052,15.80,67.50,0,1.02,16.05.2024 18:13:00
0,170.63,910,1052,15.79,67.48,0,0.98,16.05.2024 18:13:02
0,174.38,930,1052,15.77,67.46,0,1.29,16.05.2024 18:13:04
0,171.94,917,1052,15.79,67.46,0,1.09,16.05.2024 18:13:06
0,170.06,907,1053,15.79,67.47,0,0.94,16.05.2024 18:13:08
0,175.69,937,1052,15.77,67.46,0,1.40,16.05.2024 18:13:10
0,173.06,923,1052,15.77,67.47,0,1.18,16.05.2024 18:13:12
0,171.38,914,1052,15.76,67.50,0,1.05,16.05.2024 18:13:14
0,172.88,922,1053,15.79,67.49,0,1.16,16.05.2024 18:13:17
0,170.63,910,1052,15.77,67.47,0,0.99,16.05.2024 18:13:19
0,174.56,931,1052,15.79,67.46,0,1.30,16.05.2024 18:13:21
0,171.38,914,1052,15.77,67.48,0,1.05,16.05.2024 18:13:23
0,172.31,919,1052,15.79,67.46,0,1.12,16.05.2024 18:13:25
0,171.38,914,1052,15.79,67.47,0,1.04,16.05.2024 18:13:27
0,174.00,928,1052,15.77,67.45,0,1.26,16.05.2024 18:13:29
0,168.56,899,1051,15.77,67.47,0,0.82,16.05.2024 18:13:31
0,172.31,919,1051,15.76,67.47,0,1.13,16.05.2024 18:13:34
0,170.81,911,1052,15.77,67.44,0,1.00,16.05.2024 18:13:36
0,172.50,920,1052,15.77,67.47,0,1.14,16.05.2024 18:13:38
0,172.88,922,1052,15.77,67.46,0,1.17,16.05.2024 18:13:40
0,174.56,931,1051,15.77,67.47,0,1.31,16.05.2024 18:13:42
0,170.81,911,1050,15.76,67.47,0,1.00,16.05.2024 18:13:44
0,170.25,908,1051,15.77,67.43,0,0.96,16.05.2024 18:13:46
0,170.06,907,1051,15.76,67.47,0,0.95,16.05.2024 18:13:48
0,172.31,919,1050,15.76,67.46,0,1.13,16.05.2024 18:13:50
0,171.56,915,1050,15.76,67.46,0,1.07,16.05.2024 18:13:53
0,172.50,920,1050,15.77,67.46,0,1.14,16.05.2024 18:13:55
0,171.94,917,1050,15.77,67.43,0,1.09,16.05.2024 18:13:57
0,168.00,896,1050,15.76,67.43,0,0.79,16.05.2024 18:13:59
0,169.31,903,1049,15.77,67.45,0,0.88,16.05.2024 18:14:01
0,169.69,905,1049,15.76,67.43,0,0.92,16.05.2024 18:14:05
0,171.19,913,1050,15.74,67.45,0,1.04,16.05.2024 18:14:07
0,173.25,924,1051,15.76,67.45,0,1.20,16.05.2024 18:14:09
0,168.56,899,1050,15.76,67.45,0,0.83,16.05.2024 18:14:12
0,167.81,895,1051,15.73,67.42,0,0.78,16.05.2024 18:14:14
0,166.13,886,1050,15.74,67.44,0,0.65,16.05.2024 18:14:16
0,171.00,912,1050,15.77,67.45,0,1.02,16.05.2024 18:14:18
0,171.75,916,1050,15.76,67.45,0,1.08,16.05.2024 18:14:20
0,169.50,904,1049,15.76,67.44,0,0.90,16.05.2024 18:14:22
0,162.56,867,1049,15.74,67.44,0,0.39,16.05.2024 18:14:24
0,173.06,923,1049,15.76,67.46,0,1.19,16.05.2024 18:14:26
0,170.06,907,1049,15.77,67.41,0,0.94,16.05.2024 18:14:28
0,168.19,897,1050,15.74,67.45,0,0.80,16.05.2024 18:14:31
0,171.19,913,1050,15.77,67.44,0,1.03,16.05.2024 18:14:33
0,170.25,908,1050,15.74,67.47,0,0.96,16.05.2024 18:14:35
0,172.50,920,1050,15.74,67.46,0,1.15,16.05.2024 18:14:37
0,174.75,932,1049,15.76,67.47,0,1.33,16.05.2024 18:14:39
0,171.94,917,1049,15.74,67.48,0,1.10,16.05.2024 18:14:41
0,175.69,937,1050,15.74,67.46,0,1.41,16.05.2024 18:14:43
0,177.56,947,1050,15.73,67.42,0,1.58,16.05.2024 18:14:45
0,173.63,926,1050,15.76,67.49,0,1.23,16.05.2024 18:14:48
0,174.38,930,1050,15.76,67.43,0,1.30,16.05.2024 18:14:50
0,170.44,909,1049,15.76,67.46,0,0.98,16.05.2024 18:14:52
0,174.00,928,1048,15.73,67.45,0,1.27,16.05.2024 18:14:54
0,174.38,930,1048,15.76,67.43,0,1.30,16.05.2024 18:14:56
0,171.56,915,1049,15.77,67.43,0,1.06,16.05.2024 18:14:58
0,173.06,923,1048,15.70,67.43,0,1.20,16.05.2024 18:15:00
0,174.75,932,1048,15.74,67.42,0,1.33,16.05.2024 18:15:02
0,170.44,909,1048,15.74,67.47,0,0.98,16.05.2024 18:15:04
0,167.44,893,1048,15.72,67.45,0,0.75,16.05.2024 18:15:07
0,173.81,927,1049,15.74,67.45,0,1.25,16.05.2024 18:15:09
0,171.19,913,1049,15.73,67.42,0,1.04,16.05.2024 18:15:11
0,170.81,911,1049,15.76,67.43,0,1.01,16.05.2024 18:15:13
0,172.31,919,1048,15.74,67.45,0,1.13,16.05.2024 18:15:15
0,173.06,923,1049,15.73,67.46,0,1.19,16.05.2024 18:15:17
0,174.19,929,1049,15.72,67.43,0,1.29,16.05.2024 18:15:19
0,174.38,930,1048,15.74,67.45,0,1.30,16.05.2024 18:15:21
0,170.63,910,1048,15.73,67.45,0,1.00,16.05.2024 18:15:24
0,172.31,919,1048,15.73,67.45,0,1.13,16.05.2024 18:15:26
0,174.00,928,1048,15.72,67.47,0,1.28,16.05.2024 18:15:28
0,174.56,931,1048,15.73,67.44,0,1.32,16.05.2024 18:15:30
0,171.00,912,1048,15.73,67.45,0,1.03,16.05.2024 18:15:32
0,171.94,917,1049,15.73,67.45,0,1.10,16.05.2024 18:15:34
0,173.25,924,1049,15.76,67.46,0,1.20,16.05.2024 18:15:36
0,174.75,932,1049,15.73,67.45,0,1.34,16.05.2024 18:15:38
0,172.88,922,1049,15.73,67.44,0,1.18,16.05.2024 18:15:40
0,172.50,920,1049,15.72,67.43,0,1.15,16.05.2024 18:15:43
0,176.06,939,1049,15.72,67.42,0,1.45,16.05.2024 18:15:45
0,172.69,921,1048,15.73,67.43,0,1.17,16.05.2024 18:15:47
0,171.94,917,1048,15.73,67.46,0,1.10,16.05.2024 18:15:49
0,172.88,922,1047,15.70,67.44,0,1.19,16.05.2024 18:15:51
0,170.63,910,1048,15.72,67.43,0,1.00,16.05.2024 18:15:53
0,174.75,932,1047,15.70,67.41,0,1.35,16.05.2024 18:15:55
0,170.06,907,1046,15.70,67.45,0,0.96,16.05.2024 18:15:57
0,170.25,908,1046,15.70,67.43,0,0.98,16.05.2024 18:16:00
0,173.25,924,1045,15.72,67.43,0,1.22,16.05.2024 18:16:02
0,173.25,924,1045,15.70,67.41,0,1.22,16.05.2024 18:16:04
0,172.69,921,1045,15.73,67.44,0,1.17,16.05.2024 18:16:06
0,171.19,913,1045,15.72,67.43,0,1.05,16.05.2024 18:16:08
0,173.81,927,1045,15.73,67.45,0,1.26,16.05.2024 18:16:10
0,174.56,931,1045,15.72,67.43,0,1.32,16.05.2024 18:16:12
0,173.63,926,1045,15.70,67.43,0,1.25,16.05.2024 18:16:14
0,171.00,912,1045,15.72,67.44,0,1.03,16.05.2024 18:16:16
0,172.88,922,1045,15.72,67.43,0,1.18,16.05.2024 18:16:19
0,170.44,909,1045,15.70,67.43,0,0.99,16.05.2024 18:16:21
0,171.00,912,1044,15.70,67.41,0,1.04,16.05.2024 18:16:23
0,172.31,919,1045,15.70,67.43,0,1.14,16.05.2024 18:16:25
0,172.88,922,1045,15.72,67.43,0,1.18,16.05.2024 18:16:27
0,173.44,925,1045,15.70,67.40,0,1.24,16.05.2024 18:16:29
0,171.19,913,1045,15.70,67.42,0,1.05,16.05.2024 18:16:31
0,170.25,908,1045,15.73,67.44,0,0.97,16.05.2024 18:16:35
0,171.19,913,1044,15.72,67.42,0,1.05,16.05.2024 18:16:38
0,171.94,917,1044,15.70,67.39,0,1.11,16.05.2024 18:16:40
0,173.06,923,1045,15.72,67.43,0,1.20,16.05.2024 18:16:42
0,170.81,911,1045,15.72,67.42,0,1.02,16.05.2024 18:16:44
0,169.88,906,1045,15.69,67.39,0,0.95,16.05.2024 18:16:46
0,169.50,904,1045,15.69,67.40,0,0.92,16.05.2024 18:16:48
0,168.38,898,1044,15.72,67.43,0,0.83,16.05.2024 18:16:50
0,168.94,901,1045,15.72,67.40,0,0.87,16.05.2024 18:16:52
0,170.44,909,1045,15.69,67.43,0,0.99,16.05.2024 18:16:55
0,170.06,907,1045,15.69,67.40,0,0.97,16.05.2024 18:16:57
0,168.38,898,1046,15.70,67.39,0,0.83,16.05.2024 18:16:59
0,174.94,933,1046,15.70,67.43,0,1.36,16.05.2024 18:17:01
0,170.81,911,1046,15.70,67.46,0,1.02,16.05.2024 18:17:03
0,167.81,895,1046,15.69,67.42,0,0.79,16.05.2024 18:17:05
0,172.50,920,1046,15.70,67.39,0,1.16,16.05.2024 18:17:07
0,174.94,933,1045,15.72,67.42,0,1.36,16.05.2024 18:17:09
0,171.75,916,1045,15.68,67.41,0,1.10,16.05.2024 18:17:11
0,171.00,912,1044,15.69,67.40,0,1.04,16.05.2024 18:17:14
0,170.06,907,1044,15.68,67.44,0,0.97,16.05.2024 18:17:16
0,176.25,940,1044,15.69,67.45,0,1.48,16.05.2024 18:17:18
0,170.06,907,1044,15.69,67.40,0,0.97,16.05.2024 18:17:20
0,174.00,928,1044,15.68,67.41,0,1.29,16.05.2024 18:17:22
0,169.50,904,1044,15.69,67.42,0,0.92,16.05.2024 18:17:24
0,171.94,917,1045,15.66,67.43,0,1.12,16.05.2024 18:17:26
0,172.88,922,1045,15.68,67.42,0,1.20,16.05.2024 18:17:28
0,171.38,914,1045,15.69,67.38,0,1.07,16.05.2024 18:17:30
0,175.50,936,1045,15.68,67.38,0,1.42,16.05.2024 18:17:33
0,172.69,921,1045,15.72,67.43,0,1.17,16.05.2024 18:17:35
0,169.50,904,1045,15.68,67.41,0,0.92,16.05.2024 18:17:37
0,168.56,899,1044,15.70,67.41,0,0.85,16.05.2024 18:17:39
0,174.38,930,1044,15.69,67.40,0,1.32,16.05.2024 18:17:41
0,169.88,906,1044,15.70,67.42,0,0.95,16.05.2024 18:17:43
0,171.94,917,1044,15.68,67.41,0,1.12,16.05.2024 18:17:45
0,170.63,910,1044,15.69,67.41,0,1.01,16.05.2024 18:17:47
0,173.44,925,1045,15.69,67.42,0,1.24,16.05.2024 18:17:50
0,172.31,919,1044,15.68,67.44,0,1.15,16.05.2024 18:17:52
0,175.13,934,1044,15.66,67.40,0,1.39,16.05.2024 18:17:54
0,176.06,939,1045,15.66,67.40,0,1.47,16.05.2024 18:17:56
0,173.44,925,1045,15.69,67.41,0,1.24,16.05.2024 18:17:58
0,168.94,901,1045,15.66,67.45,0,0.88,16.05.2024 18:18:00
0,171.56,915,1045,15.66,67.43,0,1.09,16.05.2024 18:18:02
0,174.19,929,1044,15.68,67.44,0,1.30,16.05.2024 18:18:04
0,171.19,913,1045,15.68,67.42,0,1.06,16.05.2024 18:18:06
0,171.94,917,1046,15.66,67.43,0,1.12,16.05.2024 18:18:09
0,173.25,924,1044,15.66,67.40,0,1.23,16.05.2024 18:18:11
0,170.63,910,1044,15.66,67.40,0,1.02,16.05.2024 18:18:13
0,171.00,912,1044,15.66,67.43,0,1.05,16.05.2024 18:18:15
0,172.13,918,1044,15.66,67.41,0,1.14,16.05.2024 18:18:17
0,174.19,929,1045,15.66,67.43,0,1.31,16.05.2024 18:18:19
0,174.56,931,1044,15.65,67.44,0,1.34,16.05.2024 18:18:21
0,170.25,908,1044,15.66,67.43,0,0.99,16.05.2024 18:18:23
0,170.25,908,1044,15.68,67.41,0,0.98,16.05.2024 18:18:26
0,171.75,916,1044,15.69,67.45,0,1.10,16.05.2024 18:18:28
0,174.94,933,1044,15.65,67.42,0,1.38,16.05.2024 18:18:30
0,171.94,917,1045,15.68,67.42,0,1.12,16.05.2024 18:18:32
0,174.00,928,1045,15.68,67.40,0,1.29,16.05.2024 18:18:34
0,169.13,902,1044,15.66,67.43,0,0.90,16.05.2024 18:18:36
0,169.88,906,1044,15.66,67.41,0,0.96,16.05.2024 18:18:38
0,171.19,913,1044,15.66,67.43,0,1.06,16.05.2024 18:18:40
0,169.50,904,1044,15.66,67.40,0,0.93,16.05.2024 18:18:42
0,172.69,921,1044,15.65,67.43,0,1.19,16.05.2024 18:18:45
0,174.75,932,1043,15.63,67.41,0,1.37,16.05.2024 18:18:47
0,174.56,931,1044,15.66,67.43,0,1.34,16.05.2024 18:18:49
0,172.50,920,1044,15.66,67.43,0,1.17,16.05.2024 18:18:51
0,171.19,913,1044,15.65,67.43,0,1.07,16.05.2024 18:18:53
0,175.13,934,1044,15.65,67.39,0,1.39,16.05.2024 18:18:55
0,174.75,932,1045,15.68,67.39,0,1.35,16.05.2024 18:18:57
0,171.94,917,1045,15.63,67.40,0,1.13,16.05.2024 18:18:59
0,172.13,918,1044,15.66,67.40,0,1.14,16.05.2024 18:19:02
0,173.81,927,1044,15.63,67.40,0,1.29,16.05.2024 18:19:06
0,170.06,907,1045,15.66,67.43,0,0.97,16.05.2024 18:19:08
0,171.38,914,1045,15.66,67.40,0,1.08,16.05.2024 18:19:10
0,170.06,907,1045,15.65,67.42,0,0.98,16.05.2024 18:19:12
0,169.31,903,1045,15.63,67.43,0,0.92,16.05.2024 18:19:14
0,168.19,897,1045,15.66,67.41,0,0.83,16.05.2024 18:19:16
0,171.56,915,1045,15.63,67.41,0,1.10,16.05.2024 18:19:18
0,167.25,892,1045,15.66,67.43,0,0.75,16.05.2024 18:19:20
0,168.19,897,1044,15.65,67.41,0,0.83,16.05.2024 18:19:23
0,166.88,890,1044,15.63,67.42,0,0.73,16.05.2024 18:19:25
0,169.50,904,1044,15.65,67.40,0,0.93,16.05.2024 18:19:27
0,169.13,902,1044,15.66,67.40,0,0.90,16.05.2024 18:19:29
0,169.31,903,1044,15.63,67.44,0,0.92,16.05.2024 18:19:31
0,171.19,913,1044,15.62,67.41,0,1.07,16.05.2024 18:19:33
0,172.13,918,1045,15.63,67.41,0,1.15,16.05.2024 18:19:35
0,173.06,923,1045,15.65,67.41,0,1.22,16.05.2024 18:19:37
0,171.19,913,1045,15.63,67.41,0,1.07,16.05.2024 18:19:40
0,171.38,914,1045,15.63,67.45,0,1.08,16.05.2024 18:19:42
0,173.81,927,1045,15.62,67.41,0,1.29,16.05.2024 18:19:44
0,174.38,930,1046,15.63,67.44,0,1.33,16.05.2024 18:19:46
0,171.94,917,1046,15.63,67.43,0,1.13,16.05.2024 18:19:48
0,174.19,929,1046,15.60,67.42,0,1.32,16.05.2024 18:19:50
0,171.75,916,1046,15.62,67.43,0,1.12,16.05.2024 18:19:52
0,177.38,946,1045,15.65,67.43,0,1.59,16.05.2024 18:19:54
0,170.81,911,1045,15.65,67.43,0,1.03,16.05.2024 18:19:56
0,172.50,920,1045,15.65,67.42,0,1.17,16.05.2024 18:19:59
0,171.00,912,1045,15.63,67.44,0,1.05,16.05.2024 18:20:01
0,173.06,923,1045,15.62,67.43,0,1.23,16.05.2024 18:20:03
0,171.75,916,1045,15.63,67.41,0,1.12,16.05.2024 18:20:05
0,171.38,914,1046,15.62,67.43,0,1.09,16.05.2024 18:20:07
0,174.38,930,1045,15.60,67.42,0,1.34,16.05.2024 18:20:09
0,174.00,928,1045,15.60,67.41,0,1.31,16.05.2024 18:20:11
0,171.38,914,1045,15.60,67.41,0,1.09,16.05.2024 18:20:13
0,174.94,933,1046,15.62,67.45,0,1.38,16.05.2024 18:20:16
0,170.81,911,1046,15.60,67.42,0,1.05,16.05.2024 18:20:18
0,173.63,926,1046,15.62,67.43,0,1.27,16.05.2024 18:20:20
0,171.38,914,1045,15.62,67.42,0,1.09,16.05.2024 18:20:22
0,170.44,909,1046,15.59,67.44,0,1.02,16.05.2024 18:20:24
0,168.75,900,1045,15.62,67.45,0,0.88,16.05.2024 18:20:26
0,172.69,921,1045,15.62,67.42,0,1.20,16.05.2024 18:20:28
0,167.25,892,1045,15.59,67.41,0,0.77,16.05.2024 18:20:30
0,169.13,902,1046,15.60,67.40,0,0.91,16.05.2024 18:20:33
0,171.94,917,1045,15.62,67.43,0,1.13,16.05.2024 18:20:35
0,171.19,913,1045,15.63,67.41,0,1.07,16.05.2024 18:20:37
0,169.31,903,1046,15.62,67.45,0,0.92,16.05.2024 18:20:39
0,175.13,934,1046,15.63,67.45,0,1.39,16.05.2024 18:20:41
0,172.69,921,1046,15.58,67.40,0,1.21,16.05.2024 18:20:43
0,174.19,929,1047,15.60,67.42,0,1.32,16.05.2024 18:20:45
0,169.13,902,1047,15.60,67.43,0,0.91,16.05.2024 18:20:47
0,171.56,915,1047,15.59,67.43,0,1.11,16.05.2024 18:20:49
0,169.31,903,1047,15.60,67.41,0,0.93,16.05.2024 18:20:52
0,171.38,914,1046,15.59,67.42,0,1.09,16.05.2024 18:20:54
0,170.81,911,1046,15.60,67.44,0,1.04,16.05.2024 18:20:56
0,171.75,916,1046,15.60,67.44,0,1.12,16.05.2024 18:20:58
0,172.31,919,1047,15.62,67.45,0,1.16,16.05.2024 18:21:00
0,172.50,920,1046,15.60,67.44,0,1.18,16.05.2024 18:21:02
0,170.81,911,1046,15.62,67.41,0,1.04,16.05.2024 18:21:04
0,173.81,927,1046,15.60,67.40,0,1.29,16.05.2024 18:21:06
0,169.31,903,1046,15.59,67.42,0,0.93,16.05.2024 18:21:09
0,171.00,912,1046,15.60,67.43,0,1.06,16.05.2024 18:21:11
0,174.00,928,1046,15.59,67.42,0,1.31,16.05.2024 18:21:13
0,174.19,929,1047,15.59,67.45,0,1.33,16.05.2024 18:21:15
0,174.00,928,1047,15.60,67.41,0,1.31,16.05.2024 18:21:17
0,171.56,915,1047,15.58,67.42,0,1.11,16.05.2024 18:21:19
0,172.50,920,1047,15.60,67.45,0,1.18,16.05.2024 18:21:21
0,170.81,911,1047,15.59,67.40,0,1.05,16.05.2024 18:21:23
0,171.56,915,1047,15.60,67.40,0,1.11,16.05.2024 18:21:26
0,171.56,915,1047,15.60,67.40,0,1.11,16.05.2024 18:21:28
0,170.25,908,1047,15.59,67.44,0,1.00,16.05.2024 18:21:30
0,167.81,895,1048,15.62,67.42,0,0.81,16.05.2024 18:21:34
0,168.38,898,1048,15.60,67.42,0,0.85,16.05.2024 18:21:36
0,172.50,920,1049,15.60,67.42,0,1.18,16.05.2024 18:21:38
0,169.88,906,1049,15.59,67.44,0,0.97,16.05.2024 18:21:40
0,173.44,925,1049,15.59,67.44,0,1.26,16.05.2024 18:21:42
0,170.81,911,1048,15.58,67.41,0,1.05,16.05.2024 18:21:44
0,166.31,887,1049,15.59,67.47,0,0.70,16.05.2024 18:21:47
0,170.25,908,1048,15.58,67.44,0,1.01,16.05.2024 18:21:49
0,170.06,907,1049,15.59,67.43,0,0.99,16.05.2024 18:21:51
0,168.38,898,1048,15.58,67.42,0,0.86,16.05.2024 18:21:53
0,170.06,907,1049,15.59,67.46,0,0.99,16.05.2024 18:21:55
0,161.25,860,1049,15.59,67.44,0,0.33,16.05.2024 18:21:57
0,168.19,897,1048,15.59,67.43,0,0.84,16.05.2024 18:21:59
0,170.44,909,1047,15.56,67.43,0,1.03,16.05.2024 18:22:01
0,167.63,894,1047,15.56,67.43,0,0.80,16.05.2024 18:22:04
0,169.50,904,1047,15.59,67.43,0,0.94,16.05.2024 18:22:06
0,171.56,915,1046,15.56,67.42,0,1.12,16.05.2024 18:22:08
0,171.19,913,1046,15.59,67.38,0,1.08,16.05.2024 18:22:10
0,172.88,922,1046,15.56,67.44,0,1.22,16.05.2024 18:22:12
0,169.13,902,1046,15.59,67.42,0,0.92,16.05.2024 18:22:14
0,170.25,908,1046,15.59,67.44,0,1.00,16.05.2024 18:22:16
0,170.81,911,1047,15.56,67.45,0,1.05,16.05.2024 18:22:18
0,171.19,913,1046,15.56,67.43,0,1.09,16.05.2024 18:22:21
0,174.38,930,1046,15.55,67.43,0,1.36,16.05.2024 18:22:23
0,173.44,925,1047,15.56,67.43,0,1.27,16.05.2024 18:22:25
0,170.06,907,1046,15.58,67.46,0,0.99,16.05.2024 18:22:27
0,169.88,906,1047,15.56,67.43,0,0.98,16.05.2024 18:22:29
0,171.56,915,1047,15.58,67.45,0,1.11,16.05.2024 18:22:31
0,173.25,924,1048,15.56,67.44,0,1.26,16.05.2024 18:22:33
0,170.63,910,1048,15.55,67.40,0,1.05,16.05.2024 18:22:35
0,171.38,914,1048,15.58,67.45,0,1.10,16.05.2024 18:22:37
0,171.00,912,1048,15.56,67.42,0,1.07,16.05.2024 18:22:40
0,175.31,935,1047,15.55,67.42,0,1.44,16.05.2024 18:22:42
0,172.69,921,1047,15.55,67.44,0,1.21,16.05.2024 18:22:44
0,172.13,918,1047,15.55,67.42,0,1.17,16.05.2024 18:22:46
0,173.44,925,1048,15.58,67.43,0,1.27,16.05.2024 18:22:48
0,172.31,919,1047,15.56,67.44,0,1.18,16.05.2024 18:22:50
0,167.81,895,1047,15.58,67.42,0,0.82,16.05.2024 18:22:52
0,171.00,912,1047,15.59,67.43,0,1.06,16.05.2024 18:22:54
0,173.25,924,1047,15.55,67.40,0,1.26,16.05.2024 18:22:57
0,169.88,906,1047,15.56,67.43,0,0.98,16.05.2024 18:22:59
0,173.44,925,1047,15.53,67.45,0,1.28,16.05.2024 18:23:01
0,168.94,901,1047,15.53,67.42,0,0.91,16.05.2024 18:23:03
0,173.44,925,1047,15.53,67.44,0,1.28,16.05.2024 18:23:05
0,168.75,900,1046,15.56,67.41,0,0.89,16.05.2024 18:23:07
0,171.56,915,1046,15.55,67.42,0,1.12,16.05.2024 18:23:09
0,170.63,910,1046,15.56,67.44,0,1.04,16.05.2024 18:23:11
0,171.19,913,1046,15.56,67.41,0,1.09,16.05.2024 18:23:14
0,171.00,912,1045,15.55,67.41,0,1.08,16.05.2024 18:23:16
0,167.63,894,1046,15.55,67.42,0,0.81,16.05.2024 18:23:18
0,172.69,921,1046,15.53,67.45,0,1.22,16.05.2024 18:23:20
0,168.56,899,1046,15.55,67.42,0,0.88,16.05.2024 18:23:22
0,171.75,916,1046,15.55,67.42,0,1.14,16.05.2024 18:23:24
0,168.75,900,1045,15.58,67.42,0,0.89,16.05.2024 18:23:26
0,173.06,923,1045,15.53,67.43,0,1.25,16.05.2024 18:23:28
0,171.38,914,1045,15.55,67.44,0,1.10,16.05.2024 18:23:30
0,172.50,920,1045,15.53,67.43,0,1.20,16.05.2024 18:23:33
0,165.94,885,1046,15.53,67.44,0,0.68,16.05.2024 18:23:35
0,170.06,907,1046,15.53,67.42,0,1.00,16.05.2024 18:23:37
0,173.44,925,1045,15.55,67.41,0,1.28,16.05.2024 18:23:39
0,171.38,914,1046,15.55,67.45,0,1.10,16.05.2024 18:23:41
0,167.25,892,1046,15.55,67.42,0,0.78,16.05.2024 18:23:43
0,171.75,916,1046,15.53,67.43,0,1.14,16.05.2024 18:23:45
0,173.25,924,1046,15.55,67.43,0,1.26,16.05.2024 18:23:47
0,172.88,922,1046,15.55,67.42,0,1.23,16.05.2024 18:23:50
0,171.94,917,1046,15.53,67.43,0,1.15,16.05.2024 18:23:52
0,169.50,904,1046,15.53,67.44,0,0.96,16.05.2024 18:23:54
0,172.69,921,1046,15.52,67.44,0,1.22,16.05.2024 18:23:56
0,169.50,904,1046,15.53,67.40,0,0.96,16.05.2024 18:23:58
0,169.31,903,1046,15.50,67.41,0,0.95,16.05.2024 18:24:00
0,168.75,900,1045,15.53,67.41,0,0.90,16.05.2024 18:24:04
0,171.75,916,1045,15.55,67.44,0,1.14,16.05.2024 18:24:06
0,171.19,913,1046,15.52,67.42,0,1.10,16.05.2024 18:24:09
0,170.06,907,1045,15.53,67.44,0,1.00,16.05.2024 18:24:11
0,166.69,889,1046,15.55,67.42,0,0.74,16.05.2024 18:24:13
0,160.31,855,1046,15.53,67.42,0,0.28,16.05.2024 18:24:15
0,169.50,904,1046,15.52,67.42,0,0.96,16.05.2024 18:24:17
0,164.81,879,1045,15.49,67.40,0,0.61,16.05.2024 18:24:19
0,168.00,896,1045,15.53,67.41,0,0.84,16.05.2024 18:24:21
0,165.56,883,1045,15.53,67.41,0,0.66,16.05.2024 18:24:23
0,168.38,898,1046,15.53,67.42,0,0.87,16.05.2024 18:24:25
0,165.19,881,1045,15.52,67.41,0,0.63,16.05.2024 18:24:28
0,169.88,906,1045,15.52,67.43,0,0.99,16.05.2024 18:24:30
0,168.94,901,1044,15.52,67.42,0,0.92,16.05.2024 18:24:32
0,166.31,887,1043,15.52,67.42,0,0.71,16.05.2024 18:24:34
0,169.69,905,1043,15.49,67.40,0,0.99,16.05.2024 18:24:36
0,171.56,915,1043,15.52,67.42,0,1.13,16.05.2024 18:24:38
0,171.00,912,1043,15.52,67.40,0,1.08,16.05.2024 18:24:40
0,169.88,906,1042,15.49,67.40,0,1.00,16.05.2024 18:24:42
0,166.88,890,1042,15.52,67.41,0,0.76,16.05.2024 18:24:45
0,169.69,905,1042,15.52,67.43,0,0.98,16.05.2024 18:24:47
0,171.38,914,1042,15.50,67.43,0,1.12,16.05.2024 18:24:49
0,171.19,913,1041,15.50,67.43,0,1.10,16.05.2024 18:24:51
0,170.44,909,1042,15.50,67.43,0,1.04,16.05.2024 18:24:53
0,167.63,894,1042,15.52,67.39,0,0.82,16.05.2024 18:24:55
0,172.50,920,1042,15.50,67.40,0,1.21,16.05.2024 18:24:57
0,169.31,903,1042,15.50,67.43,0,0.95,16.05.2024 18:24:59
0,170.25,908,1042,15.52,67.42,0,1.02,16.05.2024 18:25:02
0,170.44,909,1042,15.52,67.41,0,1.04,16.05.2024 18:25:04
0,171.00,912,1042,15.48,67.40,0,1.09,16.05.2024 18:25:06
0,173.63,926,1043,15.50,67.43,0,1.30,16.05.2024 18:25:08
0,170.25,908,1043,15.52,67.44,0,1.02,16.05.2024 18:25:10
0,169.69,905,1042,15.50,67.45,0,0.98,16.05.2024 18:25:12
0,172.50,920,1042,15.50,67.42,0,1.21,16.05.2024 18:25:14
0,166.13,886,1042,15.49,67.44,0,0.71,16.05.2024 18:25:16
0,174.38,930,1042,15.50,67.43,0,1.37,16.05.2024 18:25:18
0,172.88,922,1041,15.49,67.42,0,1.24,16.05.2024 18:25:21
0,169.69,905,1041,15.49,67.40,0,0.99,16.05.2024 18:25:23
0,169.31,903,1042,15.49,67.44,0,0.95,16.05.2024 18:25:25
0,175.13,934,1042,15.49,67.41,0,1.44,16.05.2024 18:25:27
0,171.19,913,1041,15.50,67.43,0,1.10,16.05.2024 18:25:29
0,172.31,919,1041,15.48,67.43,0,1.20,16.05.2024 18:25:31
0,168.56,899,1041,15.49,67.40,0,0.90,16.05.2024 18:25:33
0,171.38,914,1041,15.49,67.43,0,1.12,16.05.2024 18:25:35
0,168.75,900,1040,15.48,67.43,0,0.91,16.05.2024 18:25:38
0,169.88,906,1040,15.49,67.42,0,1.00,16.05.2024 18:25:40
0,173.06,923,1040,15.49,67.40,0,1.26,16.05.2024 18:25:42
0,172.31,919,1040,15.50,67.44,0,1.19,16.05.2024 18:25:44
0,171.75,916,1040,15.48,67.43,0,1.15,16.05.2024 18:25:46
0,170.81,911,1040,15.48,67.45,0,1.08,16.05.2024 18:25:48
0,172.13,918,1040,15.52,67.44,0,1.17,16.05.2024 18:25:50
0,170.81,911,1040,15.48,67.42,0,1.08,16.05.2024 18:25:52
0,170.63,910,1039,15.49,67.46,0,1.06,16.05.2024 18:25:55
0,172.50,920,1040,15.49,67.43,0,1.21,16.05.2024 18:25:57
0,169.69,905,1040,15.50,67.45,0,0.98,16.05.2024 18:25:59
0,167.25,892,1040,15.46,67.43,0,0.80,16.05.2024 18:26:01
0,169.13,902,1040,15.49,67.44,0,0.94,16.05.2024 18:26:03
0,171.75,916,1040,15.50,67.45,0,1.15,16.05.2024 18:26:05
0,169.13,902,1039,15.46,67.44,0,0.94,16.05.2024 18:26:07
0,170.81,911,1039,15.48,67.43,0,1.08,16.05.2024 18:26:09
0,171.38,914,1040,15.48,67.42,0,1.12,16.05.2024 18:26:11
0,170.44,909,1039,15.48,67.46,0,1.04,16.05.2024 18:26:14
0,170.25,908,1040,15.48,67.46,0,1.03,16.05.2024 18:26:16
0,172.88,922,1039,15.49,67.45,0,1.24,16.05.2024 18:26:18
0,169.69,905,1040,15.48,67.45,0,0.99,16.05.2024 18:26:20
0,172.69,921,1040,15.50,67.46,0,1.22,16.05.2024 18:26:22
0,171.19,913,1039,15.48,67.44,0,1.11,16.05.2024 18:26:24
0,165.75,884,1039,15.50,67.44,0,0.67,16.05.2024 18:26:26
0,168.38,898,1039,15.48,67.43,0,0.88,16.05.2024 18:26:28
0,168.19,897,1039,15.46,67.44,0,0.87,16.05.2024 18:26:33
0,168.94,901,1039,15.48,67.44,0,0.93,16.05.2024 18:26:35
0,170.44,909,1039,15.48,67.44,0,1.05,16.05.2024 18:26:37
0,164.06,875,1039,15.46,67.45,0,0.56,16.05.2024 18:26:39
0,167.63,894,1039,15.48,67.45,0,0.82,16.05.2024 18:26:41
0,169.31,903,1038,15.45,67.45,0,0.96,16.05.2024 18:26:43
0,168.56,899,1039,15.46,67.45,0,0.90,16.05.2024 18:26:45
0,168.38,898,1038,15.46,67.44,0,0.89,16.05.2024 18:26:47
0,168.56,899,1038,15.48,67.44,0,0.90,16.05.2024 18:26:50
0,168.00,896,1038,15.48,67.46,0,0.85,16.05.2024 18:26:52
0,168.19,897,1039,15.48,67.45,0,0.87,16.05.2024 18:26:54
0,165.38,882,1038,15.45,67.43,0,0.66,16.05.2024 18:26:56
0,165.56,883,1039,15.46,67.48,0,0.67,16.05.2024 18:26:58
0,170.25,908,1038,15.48,67.46,0,1.03,16.05.2024 18:27:00
0,171.00,912,1039,15.45,67.44,0,1.10,16.05.2024 18:27:02
0,170.06,907,1038,15.46,67.46,0,1.02,16.05.2024 18:27:04
0,170.63,910,1039,15.45,67.46,0,1.07,16.05.2024 18:27:06
0,169.31,903,1038,15.45,67.45,0,0.96,16.05.2024 18:27:09
0,168.38,898,1039,15.43,67.46,0,0.89,16.05.2024 18:27:11
0,173.63,926,1039,15.48,67.46,0,1.31,16.05.2024 18:27:13
0,173.25,924,1038,15.45,67.48,0,1.28,16.05.2024 18:27:15
0,171.75,916,1038,15.46,67.42,0,1.16,16.05.2024 18:27:17
0,170.81,911,1038,15.45,67.45,0,1.08,16.05.2024 18:27:19
0,168.38,898,1038,15.46,67.48,0,0.88,16.05.2024 18:27:21
0,169.69,905,1038,15.45,67.43,0,0.99,16.05.2024 18:27:23
0,173.06,923,1038,15.45,67.44,0,1.27,16.05.2024 18:27:26
0,169.69,905,1038,15.46,67.46,0,0.99,16.05.2024 18:27:28
0,170.06,907,1037,15.45,67.49,0,1.02,16.05.2024 18:27:30
0,167.63,894,1037,15.46,67.45,0,0.83,16.05.2024 18:27:32
0,171.19,913,1037,15.46,67.48,0,1.11,16.05.2024 18:27:34
0,169.69,905,1037,15.43,67.46,0,1.00,16.05.2024 18:27:36
0,169.88,906,1037,15.46,67.45,0,1.00,16.05.2024 18:27:38
0,173.81,927,1037,15.45,67.43,0,1.33,16.05.2024 18:27:40
0,170.63,910,1038,15.46,67.46,0,1.06,16.05.2024 18:27:42
0,169.13,902,1038,15.45,67.47,0,0.95,16.05.2024 18:27:45
0,170.63,910,1038,15.45,67.47,0,1.07,16.05.2024 18:27:47
0,170.25,908,1038,15.42,67.43,0,1.05,16.05.2024 18:27:49
0,169.88,906,1038,15.42,67.43,0,1.02,16.05.2024 18:27:51
0,169.50,904,1038,15.43,67.45,0,0.98,16.05.2024 18:27:53
0,173.06,923,1037,15.45,67.43,0,1.27,16.05.2024 18:27:55
0,171.38,914,1037,15.42,67.47,0,1.13,16.05.2024 18:27:57
0,170.06,907,1036,15.43,67.45,0,1.03,16.05.2024 18:27:59
0,171.94,917,1036,15.41,67.45,0,1.19,16.05.2024 18:28:02
0,171.38,914,1036,15.43,67.44,0,1.13,16.05.2024 18:28:04
0,169.88,906,1036,15.45,67.45,0,1.01,16.05.2024 18:28:06
0,170.06,907,1036,15.43,67.44,0,1.03,16.05.2024 18:28:08
0,169.50,904,1036,15.42,67.45,0,0.98,16.05.2024 18:28:10
0,175.31,935,1036,15.42,67.46,0,1.47,16.05.2024 18:28:12
0,169.88,906,1035,15.43,67.44,0,1.01,16.05.2024 18:28:14
0,168.56,899,1036,15.43,67.47,0,0.91,16.05.2024 18:28:16
0,169.88,906,1036,15.45,67.43,0,1.01,16.05.2024 18:28:19
0,170.63,910,1035,15.43,67.46,0,1.07,16.05.2024 18:28:21
0,170.06,907,1036,15.43,67.44,0,1.03,16.05.2024 18:28:23
0,168.75,900,1036,15.43,67.43,0,0.92,16.05.2024 18:28:25
0,172.31,919,1035,15.43,67.47,0,1.21,16.05.2024 18:28:27
0,174.38,930,1035,15.42,67.44,0,1.39,16.05.2024 18:28:29
0,167.25,892,1036,15.42,67.42,0,0.81,16.05.2024 18:28:31
0,171.38,914,1036,15.43,67.44,0,1.13,16.05.2024 18:28:33
0,170.06,907,1035,15.41,67.44,0,1.03,16.05.2024 18:28:35
0,171.75,916,1035,15.42,67.45,0,1.17,16.05.2024 18:28:38
0,171.56,915,1035,15.43,67.44,0,1.15,16.05.2024 18:28:40
0,167.25,892,1034,15.42,67.46,0,0.81,16.05.2024 18:28:42
0,171.00,912,1034,15.42,67.44,0,1.11,16.05.2024 18:28:44
0,168.56,899,1035,15.43,67.47,0,0.91,16.05.2024 18:28:46
0,171.00,912,1034,15.41,67.45,0,1.11,16.05.2024 18:28:48
0,169.69,905,1035,15.43,67.46,0,1.00,16.05.2024 18:28:50
0,171.19,913,1035,15.42,67.48,0,1.12,16.05.2024 18:28:52
0,172.50,920,1035,15.41,67.47,0,1.23,16.05.2024 18:28:55
0,170.06,907,1035,15.41,67.43,0,1.03,16.05.2024 18:28:59
0,164.81,879,1036,15.42,67.45,0,0.62,16.05.2024 18:29:01
0,170.25,908,1036,15.41,67.47,0,1.05,16.05.2024 18:29:03
0,168.38,898,1036,15.42,67.45,0,0.90,16.05.2024 18:29:05
0,168.38,898,1035,15.41,67.45,0,0.90,16.05.2024 18:29:07
0,166.88,890,1035,15.42,67.46,0,0.78,16.05.2024 18:29:09
0,165.75,884,1035,15.38,67.43,0,0.70,16.05.2024 18:29:11
0,168.56,899,1035,15.42,67.46,0,0.91,16.05.2024 18:29:14
0,165.00,880,1035,15.41,67.47,0,0.64,16.05.2024 18:29:16
0,166.69,889,1035,15.42,67.46,0,0.76,16.05.2024 18:29:18
0,165.56,883,1035,15.39,67.43,0,0.69,16.05.2024 18:29:20
0,173.06,923,1035,15.39,67.47,0,1.28,16.05.2024 18:29:22
0,166.88,890,1035,15.39,67.46,0,0.78,16.05.2024 18:29:24
0,168.94,901,1035,15.39,67.46,0,0.95,16.05.2024 18:29:26
0,170.06,907,1036,15.41,67.45,0,1.03,16.05.2024 18:29:28
0,171.56,915,1036,15.39,67.44,0,1.16,16.05.2024 18:29:30
0,170.06,907,1037,15.42,67.48,0,1.03,16.05.2024 18:29:33
0,168.19,897,1037,15.39,67.47,0,0.89,16.05.2024 18:29:35
0,168.94,901,1036,15.41,67.45,0,0.94,16.05.2024 18:29:37
0,169.13,902,1037,15.41,67.45,0,0.96,16.05.2024 18:29:39
0,171.38,914,1037,15.39,67.47,0,1.14,16.05.2024 18:29:41
0,168.19,897,1036,15.39,67.46,0,0.89,16.05.2024 18:29:43
0,171.38,914,1036,15.42,67.48,0,1.13,16.05.2024 18:29:45
0,171.38,914,1036,15.41,67.45,0,1.14,16.05.2024 18:29:47
0,171.38,914,1036,15.41,67.49,0,1.14,16.05.2024 18:29:50
0,172.31,919,1036,15.39,67.48,0,1.22,16.05.2024 18:29:52
0,171.56,915,1036,15.39,67.43,0,1.16,16.05.2024 18:29:54
0,169.13,902,1036,15.39,67.45,0,0.96,16.05.2024 18:29:56
0,171.19,913,1036,15.41,67.47,0,1.12,16.05.2024 18:29:58
0,169.31,903,1036,15.37,67.47,0,0.98,16.05.2024 18:30:00
0,173.44,925,1036,15.39,67.47,0,1.31,16.05.2024 18:30:02
0,174.19,929,1036,15.39,67.50,0,1.38,16.05.2024 18:30:04
0,173.44,925,1035,15.38,67.47,0,1.32,16.05.2024 18:30:07
0,171.38,914,1036,15.39,67.49,0,1.14,16.05.2024 18:30:09
0,170.25,908,1036,15.39,67.50,0,1.05,16.05.2024 18:30:11
0,168.75,900,1037,15.39,67.46,0,0.93,16.05.2024 18:30:13
0,175.69,937,1037,15.38,67.50,0,1.51,16.05.2024 18:30:15
0,168.19,897,1037,15.39,67.47,0,0.89,16.05.2024 18:30:17
0,170.06,907,1037,15.37,67.48,0,1.04,16.05.2024 18:30:19
0,172.50,920,1036,15.39,67.43,0,1.24,16.05.2024 18:30:21
0,172.31,919,1036,15.38,67.48,0,1.22,16.05.2024 18:30:23
0,169.69,905,1036,15.37,67.50,0,1.01,16.05.2024 18:30:26
0,168.94,901,1037,15.38,67.49,0,0.95,16.05.2024 18:30:28
0,171.19,913,1036,15.38,67.49,0,1.13,16.05.2024 18:30:30
0,167.44,893,1036,15.38,67.49,0,0.83,16.05.2024 18:30:32
0,168.75,900,1036,15.38,67.49,0,0.93,16.05.2024 18:30:34
0,170.81,911,1035,15.37,67.47,0,1.10,16.05.2024 18:30:36
0,171.56,915,1035,15.37,67.46,0,1.16,16.05.2024 18:30:38
0,172.69,921,1035,15.37,67.45,0,1.26,16.05.2024 18:30:40
0,169.31,903,1035,15.38,67.50,0,0.98,16.05.2024 18:30:43
0,170.25,908,1035,15.38,67.48,0,1.05,16.05.2024 18:30:45
0,169.50,904,1035,15.37,67.50,0,1.00,16.05.2024 18:30:47
0,169.88,906,1036,15.35,67.46,0,1.03,16.05.2024 18:30:49
0,171.19,913,1036,15.39,67.48,0,1.13,16.05.2024 18:30:51
0,166.13,886,1036,15.38,67.47,0,0.73,16.05.2024 18:30:53
0,165.56,883,1036,15.37,67.47,0,0.69,16.05.2024 18:30:55
0,165.19,881,1036,15.37,67.46,0,0.66,16.05.2024 18:30:57
0,168.56,899,1036,15.35,67.49,0,0.92,16.05.2024 18:31:00
0,168.94,901,1036,15.38,67.49,0,0.95,16.05.2024 18:31:02
0,168.19,897,1036,15.37,67.48,0,0.89,16.05.2024 18:31:04
0,172.13,918,1037,15.34,67.45,0,1.22,16.05.2024 18:31:06
0,171.75,916,1037,15.37,67.48,0,1.18,16.05.2024 18:31:08
0,169.50,904,1037,15.37,67.47,0,1.00,16.05.2024 18:31:10
0,166.13,886,1036,15.37,67.42,0,0.74,16.05.2024 18:31:12
0,168.75,900,1036,15.37,67.47,0,0.94,16.05.2024 18:31:14
0,170.06,907,1036,15.38,67.46,0,1.04,16.05.2024 18:31:16
0,171.00,912,1036,15.37,67.47,0,1.12,16.05.2024 18:31:19
0,168.00,896,1036,15.37,67.47,0,0.88,16.05.2024 18:31:21
0,171.19,913,1036,15.34,67.47,0,1.14,16.05.2024 18:31:23
0,168.19,897,1035,15.37,67.43,0,0.89,16.05.2024 18:31:25
0,170.81,911,1036,15.37,67.46,0,1.10,16.05.2024 18:31:27
0,169.13,902,1036,15.37,67.47,0,0.97,16.05.2024 18:31:29
0,171.19,913,1036,15.37,67.44,0,1.14,16.05.2024 18:31:33
0,170.81,911,1036,15.35,67.48,0,1.11,16.05.2024 18:31:35
0,170.25,908,1035,15.37,67.50,0,1.06,16.05.2024 18:31:38
0,168.19,897,1035,15.34,67.44,0,0.90,16.05.2024 18:31:40
0,168.56,899,1035,15.35,67.44,0,0.93,16.05.2024 18:31:42
0,168.75,900,1035,15.35,67.48,0,0.94,16.05.2024 18:31:44
0,165.94,885,1034,15.34,67.46,0,0.73,16.05.2024 18:31:46
0,164.63,878,1034,15.35,67.46,0,0.62,16.05.2024 18:31:48
0,166.69,889,1034,15.37,67.48,0,0.78,16.05.2024 18:31:50
0,167.25,892,1033,15.35,67.44,0,0.82,16.05.2024 18:31:52
0,166.69,889,1033,15.34,67.43,0,0.78,16.05.2024 18:31:55
0,170.44,909,1033,15.32,67.45,0,1.08,16.05.2024 18:31:57
0,168.38,898,1033,15.34,67.46,0,0.91,16.05.2024 18:31:59
0,166.50,888,1033,15.34,67.47,0,0.77,16.05.2024 18:32:01
0,166.50,888,1033,15.32,67.48,0,0.77,16.05.2024 18:32:03
0,170.25,908,1033,15.34,67.47,0,1.06,16.05.2024 18:32:05
0,171.00,912,1033,15.35,67.45,0,1.12,16.05.2024 18:32:07
0,170.81,911,1033,15.32,67.46,0,1.11,16.05.2024 18:32:09
0,169.13,902,1033,15.34,67.50,0,0.97,16.05.2024 18:32:11
0,174.19,929,1033,15.34,67.46,0,1.39,16.05.2024 18:32:14
0,168.56,899,1033,15.29,67.44,0,0.94,16.05.2024 18:32:16
0,173.63,926,1033,15.34,67.45,0,1.35,16.05.2024 18:32:18
0,172.50,920,1033,15.32,67.47,0,1.25,16.05.2024 18:32:20
0,172.31,919,1033,15.34,67.46,0,1.23,16.05.2024 18:32:22
0,169.31,903,1034,15.34,67.47,0,0.99,16.05.2024 18:32:24
0,169.31,903,1033,15.32,67.47,0,0.99,16.05.2024 18:32:26
0,169.13,902,1034,15.31,67.47,0,0.98,16.05.2024 18:32:28
0,169.88,906,1034,15.34,67.47,0,1.03,16.05.2024 18:32:31
0,168.56,899,1034,15.32,67.48,0,0.93,16.05.2024 18:32:33
0,171.56,915,1034,15.34,67.48,0,1.17,16.05.2024 18:32:35
0,171.94,917,1034,15.32,67.45,0,1.21,16.05.2024 18:32:37
0,168.94,901,1034,15.34,67.45,0,0.96,16.05.2024 18:32:39
0,166.69,889,1035,15.34,67.46,0,0.78,16.05.2024 18:32:41
0,170.25,908,1034,15.32,67.46,0,1.07,16.05.2024 18:32:43
0,169.31,903,1034,15.34,67.46,0,0.99,16.05.2024 18:32:45
0,171.19,913,1034,15.31,67.48,0,1.15,16.05.2024 18:32:48
0,173.06,923,1035,15.34,67.48,0,1.30,16.05.2024 18:32:50
0,168.56,899,1035,15.31,67.48,0,0.94,16.05.2024 18:32:52
0,172.88,922,1036,15.32,67.51,0,1.28,16.05.2024 18:32:54
0,170.25,908,1036,15.31,67.47,0,1.07,16.05.2024 18:32:56
0,171.19,913,1037,15.31,67.48,0,1.15,16.05.2024 18:32:58
0,167.81,895,1037,15.32,67.48,0,0.87,16.05.2024 18:33:00
0,172.50,920,1037,15.32,67.48,0,1.25,16.05.2024 18:33:02
0,169.50,904,1036,15.32,67.48,0,1.01,16.05.2024 18:33:04
0,170.25,908,1036,15.31,67.48,0,1.07,16.05.2024 18:33:07
0,168.19,897,1036,15.32,67.47,0,0.90,16.05.2024 18:33:09
0,169.50,904,1036,15.34,67.48,0,1.00,16.05.2024 18:33:11
0,171.00,912,1036,15.32,67.49,0,1.13,16.05.2024 18:33:13
0,171.75,916,1036,15.31,67.48,0,1.19,16.05.2024 18:33:15
0,169.88,906,1036,15.29,67.51,0,1.04,16.05.2024 18:33:17
0,169.50,904,1037,15.34,67.47,0,1.00,16.05.2024 18:33:19
0,167.81,895,1035,15.29,67.47,0,0.88,16.05.2024 18:33:21
0,168.75,900,1035,15.31,67.47,0,0.95,16.05.2024 18:33:24
0,167.44,893,1035,15.31,67.45,0,0.85,16.05.2024 18:33:26
0,167.06,891,1036,15.32,67.45,0,0.82,16.05.2024 18:33:28
0,169.88,906,1036,15.29,67.45,0,1.05,16.05.2024 18:33:30
0,170.63,910,1035,15.29,67.47,0,1.11,16.05.2024 18:33:32
0,172.13,918,1036,15.29,67.45,0,1.23,16.05.2024 18:33:34
0,170.25,908,1035,15.29,67.47,0,1.07,16.05.2024 18:33:36
0,169.50,904,1035,15.29,67.47,0,1.01,16.05.2024 18:33:38
0,168.38,898,1035,15.32,67.48,0,0.92,16.05.2024 18:33:41
0,170.06,907,1035,15.32,67.44,0,1.05,16.05.2024 18:33:43
0,169.13,902,1035,15.28,67.45,0,0.99,16.05.2024 18:33:45
0,169.88,906,1034,15.29,67.45,0,1.05,16.05.2024 18:33:47
0,172.31,919,1034,15.31,67.49,0,1.24,16.05.2024 18:33:49
0,170.06,907,1034,15.28,67.48,0,1.06,16.05.2024 18:33:51
0,167.63,894,1033,15.31,67.49,0,0.86,16.05.2024 18:33:53
0,169.31,903,1033,15.31,67.50,0,0.99,16.05.2024 18:33:55
0,172.50,920,1034,15.31,67.46,0,1.26,16.05.2024 18:33:57
0,170.06,907,1034,15.32,67.47,0,1.05,16.05.2024 18:34:00
0,167.44,893,1034,15.29,67.45,0,0.85,16.05.2024 18:34:02
0,168.94,901,1034,15.29,67.47,0,0.97,16.05.2024 18:34:04
0,171.75,916,1034,15.28,67.43,0,1.20,16.05.2024 18:34:06
0,168.19,897,1034,15.32,67.47,0,0.90,16.05.2024 18:34:08
0,172.88,922,1034,15.32,67.46,0,1.29,16.05.2024 18:34:12
0,167.25,892,1035,15.28,67.49,0,0.84,16.05.2024 18:34:14
0,168.56,899,1035,15.29,67.45,0,0.94,16.05.2024 18:34:16
0,171.19,913,1034,15.28,67.46,0,1.16,16.05.2024 18:34:19
0,166.88,890,1034,15.28,67.43,0,0.81,16.05.2024 18:34:21
0,167.06,891,1035,15.29,67.47,0,0.82,16.05.2024 18:34:23
0,166.31,887,1035,15.29,67.47,0,0.76,16.05.2024 18:34:25
0,168.00,896,1035,15.29,67.49,0,0.89,16.05.2024 18:34:27
0,165.94,885,1035,15.28,67.48,0,0.74,16.05.2024 18:34:29
0,165.38,882,1035,15.27,67.47,0,0.70,16.05.2024 18:34:31
0,166.88,890,1035,15.28,67.47,0,0.81,16.05.2024 18:34:33
0,167.06,891,1035,15.27,67.51,0,0.83,16.05.2024 18:34:36
0,168.75,900,1036,15.31,67.48,0,0.95,16.05.2024 18:34:38
0,165.19,881,1036,15.28,67.46,0,0.68,16.05.2024 18:34:40
0,167.44,893,1036,15.29,67.47,0,0.85,16.05.2024 18:34:42
0,171.56,915,1036,15.27,67.51,0,1.19,16.05.2024 18:34:44
0,167.44,893,1036,15.28,67.51,0,0.85,16.05.2024 18:34:46
0,168.38,898,1036,15.28,67.48,0,0.93,16.05.2024 18:34:48
0,167.44,893,1035,15.27,67.49,0,0.86,16.05.2024 18:34:50
0,171.56,915,1036,15.27,67.47,0,1.19,16.05.2024 18:34:52
0,172.88,922,1035,15.28,67.50,0,1.29,16.05.2024 18:34:55
0,171.19,913,1035,15.27,67.48,0,1.16,16.05.2024 18:34:57
0,170.63,910,1035,15.27,67.46,0,1.11,16.05.2024 18:34:59
0,169.31,903,1034,15.27,67.51,0,1.00,16.05.2024 18:35:01
0,171.56,915,1034,15.28,67.48,0,1.19,16.05.2024 18:35:03
0,167.25,892,1035,15.27,67.48,0,0.84,16.05.2024 18:35:05
0,170.06,907,1035,15.27,67.47,0,1.07,16.05.2024 18:35:07
0,171.19,913,1035,15.27,67.50,0,1.16,16.05.2024 18:35:09
0,169.88,906,1034,15.27,67.47,0,1.05,16.05.2024 18:35:12
0,169.13,902,1034,15.25,67.49,0,0.99,16.05.2024 18:35:14
0,169.31,903,1034,15.28,67.48,0,1.00,16.05.2024 18:35:16
0,170.25,908,1034,15.25,67.48,0,1.09,16.05.2024 18:35:18
0,170.63,910,1034,15.27,67.48,0,1.11,16.05.2024 18:35:20
0,168.56,899,1035,15.28,67.49,0,0.94,16.05.2024 18:35:22
0,172.50,920,1035,15.27,67.47,0,1.27,16.05.2024 18:35:24
0,170.63,910,1035,15.25,67.49,0,1.12,16.05.2024 18:35:26
0,168.19,897,1034,15.27,67.52,0,0.91,16.05.2024 18:35:29
0,170.63,910,1034,15.27,67.49,0,1.11,16.05.2024 18:35:31
0,170.63,910,1034,15.25,67.50,0,1.11,16.05.2024 18:35:33
0,174.00,928,1035,15.25,67.48,0,1.40,16.05.2024 18:35:35
0,169.88,906,1035,15.28,67.49,0,1.05,16.05.2024 18:35:37
0,172.13,918,1035,15.25,67.47,0,1.24,16.05.2024 18:35:39
0,171.56,915,1035,15.27,67.49,0,1.19,16.05.2024 18:35:41
0,170.63,910,1035,15.27,67.51,0,1.11,16.05.2024 18:35:43
0,170.63,910,1035,15.27,67.45,0,1.11,16.05.2024 18:35:45
0,171.38,914,1035,15.28,67.48,0,1.17,16.05.2024 18:35:48
0,172.31,919,1034,15.23,67.49,0,1.26,16.05.2024 18:35:50
0,169.50,904,1034,15.27,67.52,0,1.02,16.05.2024 18:35:52
0,172.50,920,1034,15.23,67.49,0,1.27,16.05.2024 18:35:54
0,168.75,900,1034,15.23,67.50,0,0.97,16.05.2024 18:35:56
0,170.63,910,1034,15.25,67.51,0,1.11,16.05.2024 18:35:58
0,169.50,904,1034,15.25,67.49,0,1.02,16.05.2024 18:36:00
0,167.44,893,1034,15.25,67.49,0,0.86,16.05.2024 18:36:02
0,168.00,896,1034,15.25,67.51,0,0.90,16.05.2024 18:36:05
0,168.75,900,1033,15.25,67.49,0,0.96,16.05.2024 18:36:07
0,171.19,913,1033,15.25,67.49,0,1.16,16.05.2024 18:36:09
0,171.19,913,1032,15.22,67.51,0,1.17,16.05.2024 18:36:11
0,169.50,904,1032,15.25,67.48,0,1.02,16.05.2024 18:36:13
0,169.69,905,1032,15.27,67.49,0,1.03,16.05.2024 18:36:15
0,170.25,908,1032,15.27,67.47,0,1.08,16.05.2024 18:36:17
0,168.75,900,1032,15.22,67.48,0,0.97,16.05.2024 18:36:19
0,169.88,906,1032,15.25,67.49,0,1.05,16.05.2024 18:36:22
0,171.38,914,1031,15.27,67.48,0,1.17,16.05.2024 18:36:24
0,168.19,897,1030,15.23,67.48,0,0.92,16.05.2024 18:36:26
0,169.13,902,1030,15.23,67.48,0,1.00,16.05.2024 18:36:28
0,175.31,935,1029,15.25,67.47,0,1.51,16.05.2024 18:36:30
0,172.31,919,1029,15.25,67.46,0,1.26,16.05.2024 18:36:32
0,171.75,916,1028,15.23,67.52,0,1.21,16.05.2024 18:36:34
0,170.44,909,1028,15.22,67.50,0,1.11,16.05.2024 18:36:36
0,168.00,896,1028,15.23,67.48,0,0.91,16.05.2024 18:36:38
0,168.94,901,1028,15.23,67.46,0,0.98,16.05.2024 18:36:41
0,164.25,876,1027,15.23,67.46,0,0.62,16.05.2024 18:36:43
0,171.94,917,1028,15.23,67.48,0,1.23,16.05.2024 18:36:45
0,171.00,912,1028,15.23,67.44,0,1.15,16.05.2024 18:36:47
0,167.81,895,1028,15.21,67.46,0,0.90,16.05.2024 18:36:51
0,167.06,891,1028,15.23,67.44,0,0.84,16.05.2024 18:36:53
0,170.25,908,1027,15.22,67.48,0,1.09,16.05.2024 18:36:55
0,170.44,909,1027,15.25,67.49,0,1.10,16.05.2024 18:36:57
0,167.06,891,1027,15.23,67.48,0,0.83,16.05.2024 18:37:00
0,167.06,891,1026,15.23,67.45,0,0.84,16.05.2024 18:37:02
0,168.00,896,1026,15.21,67.46,0,0.92,16.05.2024 18:37:04
0,169.31,903,1026,15.19,67.47,0,1.02,16.05.2024 18:37:06
0,166.88,890,1025,15.22,67.46,0,0.82,16.05.2024 18:37:08
0,162.19,865,1025,15.23,67.48,0,0.47,16.05.2024 18:37:10
0,166.50,888,1026,15.25,67.47,0,0.79,16.05.2024 18:37:12
0,166.50,888,1025,15.19,67.49,0,0.80,16.05.2024 18:37:14
0,167.25,892,1025,15.21,67.49,0,0.86,16.05.2024 18:37:17
0,168.38,898,1025,15.22,67.47,0,0.94,16.05.2024 18:37:19
0,167.44,893,1025,15.22,67.46,0,0.87,16.05.2024 18:37:21
0,169.13,902,1026,15.23,67.50,0,1.00,16.05.2024 18:37:23
0,168.56,899,1026,15.22,67.46,0,0.96,16.05.2024 18:37:25
0,167.44,893,1025,15.22,67.49,0,0.87,16.05.2024 18:37:27
0,169.88,906,1025,15.21,67.46,0,1.07,16.05.2024 18:37:29
0,169.50,904,1025,15.21,67.49,0,1.03,16.05.2024 18:37:31
0,171.75,916,1025,15.19,67.50,0,1.22,16.05.2024 18:37:33
0,170.44,909,1025,15.23,67.46,0,1.10,16.05.2024 18:37:36
0,170.06,907,1026,15.21,67.48,0,1.08,16.05.2024 18:37:38
0,169.50,904,1026,15.22,67.46,0,1.03,16.05.2024 18:37:40
0,170.44,909,1027,15.21,67.44,0,1.11,16.05.2024 18:37:42
0,167.63,894,1027,15.19,67.46,0,0.89,16.05.2024 18:37:44
0,169.50,904,1025,15.21,67.46,0,1.04,16.05.2024 18:37:46
0,170.44,909,1025,15.21,67.49,0,1.11,16.05.2024 18:37:48
0,169.88,906,1025,15.19,67.47,0,1.07,16.05.2024 18:37:50
0,172.31,919,1025,15.19,67.48,0,1.27,16.05.2024 18:37:53
0,172.69,921,1025,15.19,67.47,0,1.30,16.05.2024 18:37:55
0,166.69,889,1025,15.22,67.50,0,0.81,16.05.2024 18:37:57
0,169.50,904,1025,15.21,67.47,0,1.03,16.05.2024 18:37:59
0,168.00,896,1024,15.22,67.49,0,0.91,16.05.2024 18:38:01
0,171.19,913,1024,15.22,67.46,0,1.17,16.05.2024 18:38:03
0,169.31,903,1024,15.19,67.45,0,1.03,16.05.2024 18:38:05
0,168.38,898,1025,15.21,67.46,0,0.95,16.05.2024 18:38:07
0,169.69,905,1025,15.21,67.46,0,1.05,16.05.2024 18:38:10
0,170.06,907,1025,15.19,67.47,0,1.08,16.05.2024 18:38:12
0,173.25,924,1025,15.21,67.46,0,1.35,16.05.2024 18:38:14
0,167.63,894,1024,15.19,67.49,0,0.89,16.05.2024 18:38:16
0,168.56,899,1025,15.21,67.45,0,0.96,16.05.2024 18:38:18
0,170.25,908,1024,15.19,67.46,0,1.10,16.05.2024 18:38:20
0,172.88,922,1025,15.18,67.47,0,1.32,16.05.2024 18:38:22
0,170.63,910,1024,15.21,67.50,0,1.12,16.05.2024 18:38:24
0,169.13,902,1025,15.21,67.45,0,1.01,16.05.2024 18:38:26
0,170.25,908,1025,15.21,67.52,0,1.09,16.05.2024 18:38:29
0,170.25,908,1024,15.19,67.47,0,1.10,16.05.2024 18:38:31
0,169.50,904,1025,15.21,67.47,0,1.03,16.05.2024 18:38:33
0,170.63,910,1024,15.18,67.45,0,1.13,16.05.2024 18:38:35
0,172.31,919,1025,15.21,67.49,0,1.27,16.05.2024 18:38:37
0,167.06,891,1025,15.19,67.45,0,0.85,16.05.2024 18:38:39
0,168.38,898,1024,15.18,67.44,0,0.95,16.05.2024 18:38:41
0,170.63,910,1024,15.19,67.44,0,1.13,16.05.2024 18:38:43
0,169.31,903,1024,15.19,67.48,0,1.02,16.05.2024 18:38:46
0,170.25,908,1024,15.21,67.43,0,1.10,16.05.2024 18:38:48
0,170.25,908,1024,15.19,67.44,0,1.10,16.05.2024 18:38:50
0,167.63,894,1025,15.19,67.46,0,0.89,16.05.2024 18:38:52
0,171.75,916,1024,15.19,67.47,0,1.22,16.05.2024 18:38:54
0,170.81,911,1024,15.19,67.48,0,1.15,16.05.2024 18:38:56
0,168.19,897,1023,15.18,67.43,0,0.94,16.05.2024 18:38:58
0,168.38,898,1023,15.17,67.46,0,0.96,16.05.2024 18:39:00
0,168.00,896,1023,15.17,67.46,0,0.93,16.05.2024 18:39:03
0,168.94,901,1022,15.18,67.48,0,1.00,16.05.2024 18:39:05
0,168.75,900,1022,15.18,67.47,0,0.98,16.05.2024 18:39:07
0,168.94,901,1022,15.18,67.48,0,1.00,16.05.2024 18:39:09
0,169.13,902,1022,15.17,67.44,0,1.02,16.05.2024 18:39:11
0,168.94,901,1021,15.17,67.45,0,1.00,16.05.2024 18:39:13
0,170.25,908,1021,15.18,67.45,0,1.10,16.05.2024 18:39:15
0,169.31,903,1020,15.17,67.48,0,1.03,16.05.2024 18:39:17
0,168.56,899,1020,15.19,67.46,0,0.96,16.05.2024 18:39:19
0,166.88,890,1020,15.18,67.46,0,0.83,16.05.2024 18:39:24
0,169.50,904,1020,15.17,67.45,0,1.05,16.05.2024 18:39:26
0,168.56,899,1019,15.17,67.45,0,0.97,16.05.2024 18:39:28
0,167.63,894,1020,15.18,67.45,0,0.89,16.05.2024 18:39:30
0,166.88,890,1020,15.17,67.46,0,0.84,16.05.2024 18:39:32
0,168.56,899,1020,15.17,67.41,0,0.97,16.05.2024 18:39:34
0,165.56,883,1019,15.17,67.44,0,0.74,16.05.2024 18:39:36
0,160.69,857,1019,15.18,67.45,0,0.37,16.05.2024 18:39:38
0,167.81,895,1019,15.18,67.44,0,0.91,16.05.2024 18:39:41
0,168.56,899,1019,15.15,67.43,0,0.98,16.05.2024 18:39:43
0,166.69,889,1018,15.15,67.46,0,0.83,16.05.2024 18:39:45
0,166.31,887,1017,15.15,67.42,0,0.80,16.05.2024 18:39:47
0,168.19,897,1017,15.17,67.44,0,0.94,16.05.2024 18:39:49
0,169.88,906,1017,15.15,67.45,0,1.08,16.05.2024 18:39:51
0,167.06,891,1017,15.17,67.47,0,0.85,16.05.2024 18:39:53
0,170.63,910,1017,15.17,67.48,0,1.14,16.05.2024 18:39:55
0,164.63,878,1017,15.15,67.43,0,0.67,16.05.2024 18:39:58
0,170.63,910,1017,15.15,67.46,0,1.14,16.05.2024 18:40:00
0,171.94,917,1018,15.18,67.46,0,1.24,16.05.2024 18:40:02
0,164.25,876,1017,15.17,67.45,0,0.64,16.05.2024 18:40:04
0,165.56,883,1017,15.15,67.47,0,0.74,16.05.2024 18:40:06
0,169.13,902,1017,15.15,67.46,0,1.02,16.05.2024 18:40:08
0,170.25,908,1018,15.18,67.46,0,1.10,16.05.2024 18:40:10
0,167.44,893,1018,15.17,67.46,0,0.88,16.05.2024 18:40:12
0,168.94,901,1017,15.15,67.45,0,1.01,16.05.2024 18:40:14
0,170.44,909,1017,15.15,67.46,0,1.13,16.05.2024 18:40:17
0,168.94,901,1018,15.15,67.47,0,1.00,16.05.2024 18:40:19
0,170.63,910,1017,15.15,67.46,0,1.14,16.05.2024 18:40:21
0,167.44,893,1017,15.14,67.44,0,0.89,16.05.2024 18:40:23
0,169.88,906,1018,15.15,67.47,0,1.08,16.05.2024 18:40:25
0,168.00,896,1018,15.14,67.48,0,0.93,16.05.2024 18:40:27
0,169.13,902,1018,15.18,67.46,0,1.01,16.05.2024 18:40:29
0,169.31,903,1019,15.14,67.44,0,1.04,16.05.2024 18:40:31
0,168.75,900,1018,15.12,67.46,0,1.00,16.05.2024 18:40:34
0,172.50,920,1018,15.14,67.46,0,1.30,16.05.2024 18:40:36
0,168.19,897,1019,15.14,67.48,0,0.95,16.05.2024 18:40:38
0,167.44,893,1019,15.15,67.44,0,0.89,16.05.2024 18:40:40
0,170.25,908,1019,15.15,67.45,0,1.11,16.05.2024 18:40:42
0,174.19,929,1019,15.15,67.46,0,1.44,16.05.2024 18:40:44
0,168.38,898,1020,15.12,67.44,0,0.97,16.05.2024 18:40:46
0,168.94,901,1019,15.17,67.45,0,1.00,16.05.2024 18:40:48
0,171.38,914,1019,15.15,67.45,0,1.20,16.05.2024 18:40:51
0,168.56,899,1018,15.12,67.45,0,0.98,16.05.2024 18:40:53
0,169.13,902,1019,15.15,67.45,0,1.02,16.05.2024 18:40:55
0,168.75,900,1019,15.12,67.46,0,1.00,16.05.2024 18:40:57
0,168.75,900,1019,15.12,67.46,0,1.00,16.05.2024 18:40:59
0,168.19,897,1019,15.15,67.45,0,0.94,16.05.2024 18:41:01
0,169.13,902,1019,15.12,67.48,0,1.02,16.05.2024 18:41:03
0,170.63,910,1019,15.12,67.46,0,1.15,16.05.2024 18:41:05
0,166.13,886,1019,15.12,67.46,0,0.79,16.05.2024 18:41:07
0,167.81,895,1019,15.14,67.48,0,0.92,16.05.2024 18:41:10
0,169.31,903,1019,15.15,67.44,0,1.04,16.05.2024 18:41:12
0,169.31,903,1019,15.12,67.45,0,1.04,16.05.2024 18:41:14
0,166.69,889,1018,15.12,67.45,0,0.83,16.05.2024 18:41:16
0,164.25,876,1018,15.12,67.45,0,0.65,16.05.2024 18:41:18
0,173.06,923,1018,15.12,67.45,0,1.35,16.05.2024 18:41:20
0,166.50,888,1017,15.12,67.46,0,0.82,16.05.2024 18:41:22
0,168.38,898,1018,15.12,67.44,0,0.97,16.05.2024 18:41:24
0,168.94,901,1018,15.11,67.47,0,1.01,16.05.2024 18:41:27
0,169.31,903,1019,15.12,67.45,0,1.04,16.05.2024 18:41:29
0,168.19,897,1019,15.11,67.45,0,0.95,16.05.2024 18:41:31
0,168.19,897,1019,15.12,67.46,0,0.95,16.05.2024 18:41:33
0,170.25,908,1018,15.12,67.49,0,1.12,16.05.2024 18:41:35
0,173.25,924,1018,15.11,67.45,0,1.37,16.05.2024 18:41:37
0,166.69,889,1018,15.09,67.45,0,0.84,16.05.2024 18:41:39
0,169.50,904,1018,15.11,67.44,0,1.06,16.05.2024 18:41:41
0,171.00,912,1017,15.11,67.43,0,1.18,16.05.2024 18:41:44
0,169.31,903,1017,15.09,67.46,0,1.05,16.05.2024 18:41:46
0,169.50,904,1017,15.11,67.43,0,1.06,16.05.2024 18:41:48
0,167.06,891,1017,15.08,67.45,0,0.87,16.05.2024 18:41:52
0,167.25,892,1017,15.09,67.42,0,0.89,16.05.2024 18:41:54
0,169.88,906,1018,15.11,67.44,0,1.09,16.05.2024 18:41:56
0,165.00,880,1018,15.14,67.48,0,0.70,16.05.2024 18:41:58
0,166.50,888,1019,15.12,67.45,0,0.82,16.05.2024 18:42:00
0,165.75,884,1019,15.09,67.45,0,0.77,16.05.2024 18:42:02
0,167.25,892,1020,15.08,67.44,0,0.89,16.05.2024 18:42:05
0,165.94,885,1020,15.09,67.44,0,0.78,16.05.2024 18:42:07
0,168.00,896,1020,15.12,67.48,0,0.93,16.05.2024 18:42:09
0,168.94,901,1020,15.09,67.48,0,1.02,16.05.2024 18:42:11
0,165.94,885,1020,15.09,67.47,0,0.78,16.05.2024 18:42:13
0,165.94,885,1019,15.09,67.45,0,0.78,16.05.2024 18:42:15
0,164.81,879,1019,15.09,67.46,0,0.70,16.05.2024 18:42:17
0,167.06,891,1019,15.11,67.44,0,0.87,16.05.2024 18:42:19
0,169.69,905,1019,15.08,67.46,0,1.08,16.05.2024 18:42:22
0,167.81,895,1019,15.12,67.46,0,0.92,16.05.2024 18:42:24
0,168.19,897,1019,15.11,67.45,0,0.95,16.05.2024 18:42:26
0,168.94,901,1019,15.11,67.46,0,1.01,16.05.2024 18:42:28
0,166.69,889,1019,15.11,67.47,0,0.84,16.05.2024 18:42:30
0,169.13,902,1019,15.09,67.44,0,1.03,16.05.2024 18:42:32
0,168.00,896,1018,15.09,67.46,0,0.94,16.05.2024 18:42:34
0,167.63,894,1018,15.09,67.45,0,0.91,16.05.2024 18:42:36
0,166.50,888,1017,15.09,67.47,0,0.82,16.05.2024 18:42:39
0,169.69,905,1018,15.09,67.48,0,1.08,16.05.2024 18:42:41
0,165.94,885,1017,15.09,67.46,0,0.78,16.05.2024 18:42:43
0,170.25,908,1018,15.11,67.48,0,1.12,16.05.2024 18:42:45
0,166.88,890,1018,15.09,67.45,0,0.85,16.05.2024 18:42:47
0,170.06,907,1019,15.08,67.47,0,1.11,16.05.2024 18:42:49
0,169.69,905,1019,15.08,67.46,0,1.08,16.05.2024 18:42:51
0,167.06,891,1019,15.09,67.45,0,0.87,16.05.2024 18:42:53
0,170.06,907,1020,15.09,67.47,0,1.11,16.05.2024 18:42:55
0,171.19,913,1020,15.12,67.45,0,1.20,16.05.2024 18:42:58
0,167.81,895,1020,15.07,67.46,0,0.93,16.05.2024 18:43:00
0,167.81,895,1020,15.08,67.47,0,0.93,16.05.2024 18:43:02
0,170.25,908,1020,15.08,67.46,0,1.13,16.05.2024 18:43:04
0,170.25,908,1021,15.09,67.42,0,1.13,16.05.2024 18:43:06
0,168.00,896,1021,15.08,67.45,0,0.95,16.05.2024 18:43:08
0,171.38,914,1021,15.08,67.47,0,1.22,16.05.2024 18:43:10
0,174.00,928,1021,15.07,67.48,0,1.45,16.05.2024 18:43:12
0,170.25,908,1021,15.09,67.46,0,1.13,16.05.2024 18:43:15
0,168.75,900,1021,15.07,67.47,0,1.01,16.05.2024 18:43:17
0,169.13,902,1021,15.09,67.46,0,1.03,16.05.2024 18:43:19
0,170.06,907,1021,15.07,67.48,0,1.11,16.05.2024 18:43:21
0,167.63,894,1021,15.05,67.47,0,0.92,16.05.2024 18:43:23
0,167.25,892,1022,15.11,67.46,0,0.88,16.05.2024 18:43:25
0,168.94,901,1022,15.07,67.45,0,1.02,16.05.2024 18:43:27
0,172.13,918,1022,15.09,67.49,0,1.28,16.05.2024 18:43:29
0,165.38,882,1021,15.08,67.48,0,0.74,16.05.2024 18:43:31
0,169.50,904,1021,15.09,67.46,0,1.06,16.05.2024 18:43:34
0,169.69,905,1021,15.09,67.48,0,1.08,16.05.2024 18:43:36
0,170.63,910,1021,15.07,67.45,0,1.16,16.05.2024 18:43:38
0,168.19,897,1021,15.07,67.46,0,0.96,16.05.2024 18:43:40
0,170.25,908,1022,15.08,67.48,0,1.13,16.05.2024 18:43:42
0,167.44,893,1022,15.05,67.47,0,0.91,16.05.2024 18:43:44
0,171.00,912,1022,15.05,67.46,0,1.20,16.05.2024 18:43:46
0,169.31,903,1022,15.07,67.46,0,1.05,16.05.2024 18:43:48
0,166.88,890,1022,15.05,67.45,0,0.86,16.05.2024 18:43:51
0,169.69,905,1022,15.04,67.44,0,1.09,16.05.2024 18:43:53
0,168.56,899,1022,15.07,67.43,0,1.00,16.05.2024 18:43:55
0,170.44,909,1022,15.05,67.47,0,1.15,16.05.2024 18:43:57
0,169.31,903,1022,15.08,67.49,0,1.05,16.05.2024 18:43:59
0,165.94,885,1022,15.07,67.46,0,0.79,16.05.2024 18:44:01
0,170.06,907,1022,15.05,67.46,0,1.12,16.05.2024 18:44:03
0,166.88,890,1022,15.05,67.45,0,0.86,16.05.2024 18:44:05
0,165.19,881,1022,15.07,67.45,0,0.73,16.05.2024 18:44:08
0,163.50,872,1023,15.07,67.46,0,0.60,16.05.2024 18:44:10
0,170.06,907,1023,15.05,67.46,0,1.12,16.05.2024 18:44:12
0,166.13,886,1023,15.05,67.44,0,0.81,16.05.2024 18:44:14
0,166.31,887,1024,15.05,67.44,0,0.82,16.05.2024 18:44:16
0,165.94,885,1024,15.07,67.45,0,0.79,16.05.2024 18:44:20
0,168.75,900,1024,15.05,67.46,0,1.01,16.05.2024 18:44:22
0,166.31,887,1024,15.04,67.45,0,0.82,16.05.2024 18:44:24
0,164.44,877,1024,15.04,67.46,0,0.68,16.05.2024 18:44:27
0,164.63,878,1024,15.07,67.46,0,0.69,16.05.2024 18:44:29
0,167.06,891,1024,15.05,67.44,0,0.88,16.05.2024 18:44:31
0,165.75,884,1024,15.04,67.43,0,0.78,16.05.2024 18:44:33
0,164.25,876,1025,15.05,67.43,0,0.66,16.05.2024 18:44:35
0,166.13,886,1025,15.07,67.45,0,0.80,16.05.2024 18:44:37
0,168.94,901,1026,15.07,67.47,0,1.02,16.05.2024 18:44:39
0,166.50,888,1026,15.07,67.45,0,0.83,16.05.2024 18:44:41
0,165.94,885,1026,15.08,67.46,0,0.78,16.05.2024 18:44:43
0,165.19,881,1026,15.05,67.44,0,0.73,16.05.2024 18:44:46
0,166.50,888,1026,15.05,67.43,0,0.84,16.05.2024 18:44:48
0,167.06,891,1027,15.04,67.44,0,0.88,16.05.2024 18:44:50
0,167.63,894,1027,15.04,67.41,0,0.93,16.05.2024 18:44:52
0,169.13,902,1027,15.05,67.44,0,1.04,16.05.2024 18:44:54
0,172.13,918,1028,15.04,67.44,0,1.30,16.05.2024 18:44:56
0,168.75,900,1028,15.05,67.43,0,1.01,16.05.2024 18:44:58
0,166.88,890,1027,15.04,67.42,0,0.87,16.05.2024 18:45:00
0,166.88,890,1027,15.05,67.44,0,0.86,16.05.2024 18:45:03
0,168.56,899,1027,15.02,67.45,0,1.00,16.05.2024 18:45:05
0,167.06,891,1027,15.02,67.43,0,0.89,16.05.2024 18:45:07
0,167.81,895,1027,15.02,67.45,0,0.94,16.05.2024 18:45:09
0,168.38,898,1027,15.04,67.46,0,0.99,16.05.2024 18:45:11
0,163.69,873,1027,15.01,67.43,0,0.63,16.05.2024 18:45:13
0,169.50,904,1028,15.04,67.44,0,1.08,16.05.2024 18:45:15
0,166.50,888,1029,15.02,67.45,0,0.84,16.05.2024 18:45:17
0,166.69,889,1029,15.02,67.45,0,0.86,16.05.2024 18:45:19
0,167.06,891,1029,15.02,67.48,0,0.88,16.05.2024 18:45:22
0,166.50,888,1029,15.05,67.44,0,0.84,16.05.2024 18:45:24
0,169.88,906,1029,15.01,67.44,0,1.12,16.05.2024 18:45:26
0,171.19,913,1029,15.04,67.41,0,1.22,16.05.2024 18:45:28
0,172.69,921,1030,15.01,67.46,0,1.35,16.05.2024 18:45:30
0,169.31,903,1029,15.02,67.43,0,1.07,16.05.2024 18:45:32
0,166.88,890,1028,15.01,67.46,0,0.87,16.05.2024 18:45:34
0,169.88,906,1029,14.99,67.44,0,1.12,16.05.2024 18:45:36
0,168.00,896,1029,15.04,67.46,0,0.96,16.05.2024 18:45:39
0,168.38,898,1028,15.01,67.46,0,0.99,16.05.2024 18:45:41
0,170.81,911,1029,15.04,67.45,0,1.19,16.05.2024 18:45:43
0,167.44,893,1028,15.01,67.39,0,0.92,16.05.2024 18:45:45
0,171.56,915,1029,15.02,67.44,0,1.25,16.05.2024 18:45:47
0,169.50,904,1029,14.99,67.44,0,1.09,16.05.2024 18:45:49
0,169.31,903,1030,15.04,67.48,0,1.06,16.05.2024 18:45:51
0,168.56,899,1030,15.02,67.44,0,1.01,16.05.2024 18:45:53
0,165.56,883,1029,15.01,67.42,0,0.77,16.05.2024 18:45:56
0,168.94,901,1029,15.01,67.45,0,1.04,16.05.2024 18:45:58
0,168.00,896,1029,15.02,67.45,0,0.96,16.05.2024 18:46:00
0,165.56,883,1029,15.02,67.44,0,0.77,16.05.2024 18:46:02
0,168.00,896,1029,15.01,67.45,0,0.96,16.05.2024 18:46:04
0,167.63,894,1030,15.02,67.47,0,0.93,16.05.2024 18:46:06
0,170.06,907,1030,15.01,67.44,0,1.13,16.05.2024 18:46:08
0,167.44,893,1030,15.02,67.45,0,0.91,16.05.2024 18:46:10
0,167.44,893,1030,15.01,67.42,0,0.92,16.05.2024 18:46:12
0,168.94,901,1030,15.01,67.43,0,1.04,16.05.2024 18:46:15
0,168.56,899,1029,15.01,67.43,0,1.01,16.05.2024 18:46:17
0,164.44,877,1029,14.99,67.43,0,0.69,16.05.2024 18:46:19
0,164.81,879,1028,14.99,67.46,0,0.72,16.05.2024 18:46:21
0,167.06,891,1028,14.99,67.42,0,0.89,16.05.2024 18:46:23
0,168.94,901,1028,15.01,67.42,0,1.04,16.05.2024 18:46:25
0,168.94,901,1028,15.01,67.42,0,1.04,16.05.2024 18:46:27
0,167.25,892,1028,14.99,67.44,0,0.91,16.05.2024 18:46:29
0,167.63,894,1028,14.99,67.43,0,0.94,16.05.2024 18:46:32
0,166.13,886,1028,14.99,67.44,0,0.82,16.05.2024 18:46:34
0,165.75,884,1027,14.99,67.42,0,0.79,16.05.2024 18:46:36
0,170.06,907,1027,14.99,67.40,0,1.14,16.05.2024 18:46:38
0,165.19,881,1026,14.98,67.46,0,0.75,16.05.2024 18:46:40
0,165.94,885,1026,14.99,67.43,0,0.80,16.05.2024 18:46:42
0,168.94,901,1026,15.01,67.43,0,1.04,16.05.2024 18:46:44
0,167.44,893,1026,14.98,67.38,0,0.93,16.05.2024 18:46:46
0,170.06,907,1025,14.99,67.45,0,1.13,16.05.2024 18:46:49
0,165.94,885,1025,15.02,67.42,0,0.80,16.05.2024 18:46:51
0,168.75,900,1025,14.98,67.40,0,1.03,16.05.2024 18:46:53
0,168.94,901,1025,14.99,67.45,0,1.04,16.05.2024 18:46:57
0,165.94,885,1023,14.97,67.42,0,0.81,16.05.2024 18:46:59
0,166.69,889,1024,14.99,67.43,0,0.86,16.05.2024 18:47:01
0,167.44,893,1023,14.98,67.42,0,0.93,16.05.2024 18:47:03
0,168.00,896,1022,14.98,67.44,0,0.97,16.05.2024 18:47:06
0,169.69,905,1022,14.97,67.44,0,1.11,16.05.2024 18:47:08
0,167.25,892,1022,14.99,67.43,0,0.91,16.05.2024 18:47:10
0,163.88,874,1022,14.98,67.41,0,0.65,16.05.2024 18:47:13
0,166.69,889,1022,14.99,67.44,0,0.86,16.05.2024 18:47:15
0,169.69,905,1022,14.98,67.44,0,1.11,16.05.2024 18:47:17
0,165.75,884,1021,14.97,67.43,0,0.80,16.05.2024 18:47:20
0,168.56,899,1021,14.98,67.44,0,1.02,16.05.2024 18:47:22
0,166.50,888,1021,14.99,67.42,0,0.85,16.05.2024 18:47:24
0,168.38,898,1020,14.97,67.42,0,1.00,16.05.2024 18:47:26
0,169.50,904,1020,14.98,67.42,0,1.09,16.05.2024 18:47:28
0,171.56,915,1021,14.98,67.41,0,1.27,16.05.2024 18:47:30
0,169.69,905,1021,14.99,67.43,0,1.10,16.05.2024 18:47:32
0,169.31,903,1021,14.97,67.39,0,1.08,16.05.2024 18:47:34
0,170.44,909,1021,14.99,67.48,0,1.16,16.05.2024 18:47:37
0,166.88,890,1019,14.98,67.45,0,0.88,16.05.2024 18:47:39
0,168.75,900,1019,14.95,67.43,0,1.04,16.05.2024 18:47:41
0,165.94,885,1019,14.95,67.43,0,0.81,16.05.2024 18:47:43
0,168.94,901,1019,14.95,67.43,0,1.05,16.05.2024 18:47:45
0,171.56,915,1018,14.97,67.43,0,1.27,16.05.2024 18:47:47
0,168.38,898,1018,14.95,67.43,0,1.01,16.05.2024 18:47:49
0,166.13,886,1018,14.97,67.45,0,0.83,16.05.2024 18:47:51
0,168.56,899,1017,14.97,67.43,0,1.02,16.05.2024 18:47:53
0,166.50,888,1017,14.97,67.43,0,0.86,16.05.2024 18:47:56
0,168.56,899,1017,14.95,67.41,0,1.02,16.05.2024 18:47:58
0,167.44,893,1017,14.95,67.43,0,0.93,16.05.2024 18:48:00
0,168.94,901,1017,14.94,67.43,0,1.06,16.05.2024 18:48:02
0,167.63,894,1017,14.98,67.44,0,0.94,16.05.2024 18:48:04
0,168.94,901,1017,14.97,67.44,0,1.05,16.05.2024 18:48:06
0,168.19,897,1017,14.97,67.43,0,0.99,16.05.2024 18:48:08
0,165.75,884,1018,14.95,67.43,0,0.80,16.05.2024 18:48:10
0,168.19,897,1018,14.98,67.42,0,0.99,16.05.2024 18:48:13
0,167.25,892,1019,14.97,67.42,0,0.91,16.05.2024 18:48:15
0,166.31,887,1018,14.95,67.43,0,0.84,16.05.2024 18:48:17
0,170.06,907,1018,14.97,67.43,0,1.14,16.05.2024 18:48:19
0,168.75,900,1018,14.95,67.44,0,1.04,16.05.2024 18:48:21
0,168.19,897,1018,14.95,67.43,0,0.99,16.05.2024 18:48:23
0,167.63,894,1017,14.95,67.44,0,0.95,16.05.2024 18:48:25
0,165.94,885,1017,14.95,67.43,0,0.81,16.05.2024 18:48:27
0,163.13,870,1018,14.97,67.43,0,0.60,16.05.2024 18:48:30
0,165.75,884,1017,14.94,67.41,0,0.80,16.05.2024 18:48:32
0,167.63,894,1017,14.95,67.45,0,0.95,16.05.2024 18:48:34
0,168.94,901,1017,14.95,67.43,0,1.05,16.05.2024 18:48:36
0,168.00,896,1017,14.94,67.44,0,0.98,16.05.2024 18:48:38
0,167.25,892,1016,14.95,67.42,0,0.92,16.05.2024 18:48:40
0,166.88,890,1015,14.97,67.45,0,0.88,16.05.2024 18:48:44
0,164.63,878,1015,14.97,67.45,0,0.71,16.05.2024 18:48:46
0,168.56,899,1015,14.97,67.44,0,1.02,16.05.2024 18:48:48
0,164.25,876,1015,14.94,67.43,0,0.69,16.05.2024 18:48:51
0,161.81,863,1015,14.92,67.40,0,0.51,16.05.2024 18:48:53
0,165.56,883,1015,14.95,67.42,0,0.79,16.05.2024 18:48:55
0,164.06,875,1015,14.95,67.43,0,0.67,16.05.2024 18:48:57
0,165.56,883,1015,14.97,67.43,0,0.78,16.05.2024 18:48:59
0,165.56,883,1016,14.94,67.41,0,0.79,16.05.2024 18:49:01
0,164.44,877,1016,14.92,67.43,0,0.70,16.05.2024 18:49:03
0,166.31,887,1016,14.92,67.40,0,0.85,16.05.2024 18:49:05
0,165.19,881,1017,14.94,67.43,0,0.76,16.05.2024 18:49:08
0,168.19,897,1016,14.97,67.46,0,0.99,16.05.2024 18:49:10
0,165.56,883,1016,14.94,67.43,0,0.79,16.05.2024 18:49:12
0,165.00,880,1016,14.92,67.41,0,0.75,16.05.2024 18:49:14
0,161.81,863,1016,14.95,67.45,0,0.50,16.05.2024 18:49:16
0,167.44,893,1016,14.95,67.42,0,0.93,16.05.2024 18:49:18
0,163.31,871,1016,14.94,67.43,0,0.62,16.05.2024 18:49:20
0,165.56,883,1016,14.91,67.45,0,0.79,16.05.2024 18:49:22
0,167.25,892,1015,14.94,67.44,0,0.92,16.05.2024 18:49:25
0,168.19,897,1015,14.94,67.43,0,1.00,16.05.2024 18:49:27
0,165.19,881,1015,14.94,67.44,0,0.76,16.05.2024 18:49:29
0,167.44,893,1015,14.92,67.45,0,0.94,16.05.2024 18:49:31
0,166.50,888,1015,14.94,67.40,0,0.86,16.05.2024 18:49:33
0,168.56,899,1014,14.92,67.41,0,1.03,16.05.2024 18:49:35
0,167.81,895,1014,14.94,67.43,0,0.97,16.05.2024 18:49:37
0,169.50,904,1013,14.94,67.43,0,1.10,16.05.2024 18:49:39
0,165.56,883,1013,14.92,67.45,0,0.79,16.05.2024 18:49:41
0,168.75,900,1013,14.92,67.45,0,1.04,16.05.2024 18:49:44
0,165.94,885,1013,14.92,67.47,0,0.82,16.05.2024 18:49:46
0,166.88,890,1014,14.92,67.45,0,0.89,16.05.2024 18:49:48
0,168.56,899,1013,14.91,67.43,0,1.03,16.05.2024 18:49:50
0,163.69,873,1013,14.90,67.43,0,0.65,16.05.2024 18:49:52
0,166.88,890,1013,14.95,67.46,0,0.89,16.05.2024 18:49:54
0,165.00,880,1014,14.92,67.44,0,0.75,16.05.2024 18:49:56
0,170.63,910,1014,14.91,67.44,0,1.20,16.05.2024 18:49:58
0,168.00,896,1014,14.92,67.46,0,0.98,16.05.2024 18:50:01
0,168.00,896,1014,14.92,67.46,0,0.98,16.05.2024 18:50:03
0,166.88,890,1014,14.90,67.43,0,0.90,16.05.2024 18:50:05
0,170.63,910,1014,14.91,67.45,0,1.20,16.05.2024 18:50:07
0,163.88,874,1015,14.92,67.45,0,0.66,16.05.2024 18:50:09
0,166.88,890,1014,14.92,67.43,0,0.89,16.05.2024 18:50:11
0,166.13,886,1014,14.92,67.42,0,0.84,16.05.2024 18:50:13
0,166.13,886,1015,14.88,67.47,0,0.84,16.05.2024 18:50:15
0,163.31,871,1015,14.91,67.44,0,0.62,16.05.2024 18:50:18
0,170.06,907,1014,14.91,67.44,0,1.16,16.05.2024 18:50:20
0,170.44,909,1015,14.91,67.41,0,1.19,16.05.2024 18:50:22
0,168.00,896,1015,14.92,67.42,0,0.98,16.05.2024 18:50:24
0,167.81,895,1014,14.90,67.42,0,0.98,16.05.2024 18:50:26
0,169.88,906,1014,14.90,67.42,0,1.15,16.05.2024 18:50:28
0,171.00,912,1014,14.91,67.42,0,1.24,16.05.2024 18:50:30
0,166.88,890,1015,14.90,67.43,0,0.90,16.05.2024 18:50:32
0,167.44,893,1015,14.90,67.45,0,0.95,16.05.2024 18:50:34
0,165.75,884,1014,14.90,67.41,0,0.81,16.05.2024 18:50:37
0,165.00,880,1015,14.91,67.45,0,0.75,16.05.2024 18:50:39
0,168.94,901,1014,14.91,67.43,0,1.06,16.05.2024 18:50:41
0,166.88,890,1014,14.90,67.43,0,0.90,16.05.2024 18:50:43
0,167.25,892,1014,14.90,67.39,0,0.93,16.05.2024 18:50:45
0,166.31,887,1014,14.88,67.40,0,0.86,16.05.2024 18:50:47
0,168.75,900,1014,14.91,67.44,0,1.05,16.05.2024 18:50:49
0,166.31,887,1014,14.88,67.41,0,0.86,16.05.2024 18:50:51
0,166.31,887,1014,14.91,67.44,0,0.85,16.05.2024 18:50:54
0,167.25,892,1014,14.88,67.45,0,0.93,16.05.2024 18:50:56
0,165.56,883,1014,14.90,67.42,0,0.80,16.05.2024 18:50:58
0,167.44,893,1014,14.88,67.42,0,0.95,16.05.2024 18:51:00
0,168.56,899,1014,14.90,67.42,0,1.04,16.05.2024 18:51:02
0,165.75,884,1014,14.90,67.42,0,0.81,16.05.2024 18:51:04
0,165.56,883,1014,14.87,67.42,0,0.80,16.05.2024 18:51:06
0,163.88,874,1014,14.88,67.41,0,0.67,16.05.2024 18:51:08
0,167.25,892,1014,14.88,67.42,0,0.93,16.05.2024 18:51:10
0,166.88,890,1014,14.87,67.43,0,0.91,16.05.2024 18:51:13
0,167.06,891,1014,14.90,67.42,0,0.92,16.05.2024 18:51:15
0,166.31,887,1013,14.88,67.43,0,0.86,16.05.2024 18:51:19
0,167.44,893,1013,14.88,67.41,0,0.95,16.05.2024 18:51:21
0,166.88,890,1013,14.88,67.40,0,0.91,16.05.2024 18:51:23
0,162.94,869,1013,14.88,67.43,0,0.60,16.05.2024 18:51:25
0,162.56,867,1014,14.88,67.41,0,0.57,16.05.2024 18:51:27
0,160.69,857,1013,14.88,67.41,0,0.44,16.05.2024 18:51:29
0,165.94,885,1013,14.90,67.45,0,0.83,16.05.2024 18:51:32
0,161.44,861,1013,14.87,67.43,0,0.49,16.05.2024 18:51:34
0,162.19,865,1013,14.88,67.42,0,0.55,16.05.2024 18:51:36
0,164.06,875,1014,14.88,67.40,0,0.69,16.05.2024 18:51:38
0,164.81,879,1014,14.90,67.43,0,0.74,16.05.2024 18:51:40
0,166.31,887,1013,14.87,67.44,0,0.86,16.05.2024 18:51:42
0,162.75,868,1013,14.87,67.38,0,0.59,16.05.2024 18:51:44
0,166.31,887,1014,14.87,67.43,0,0.86,16.05.2024 18:51:46
0,163.69,873,1014,14.86,67.40,0,0.66,16.05.2024 18:51:49
0,167.25,892,1014,14.87,67.42,0,0.94,16.05.2024 18:51:51
0,166.31,887,1014,14.87,67.40,0,0.86,16.05.2024 18:51:53
0,167.63,894,1013,14.88,67.44,0,0.96,16.05.2024 18:51:55
0,166.88,890,1013,14.86,67.44,0,0.91,16.05.2024 18:51:57
0,166.13,886,1013,14.88,67.41,0,0.85,16.05.2024 18:51:59
0,167.81,895,1012,14.87,67.40,0,0.98,16.05.2024 18:52:01
0,168.94,901,1013,14.87,67.42,0,1.07,16.05.2024 18:52:03
0,166.50,888,1013,14.87,67.44,0,0.88,16.05.2024 18:52:05
0,168.75,900,1013,14.86,67.46,0,1.06,16.05.2024 18:52:08
0,166.13,886,1013,14.87,67.46,0,0.85,16.05.2024 18:52:10
0,169.69,905,1013,14.87,67.45,0,1.13,16.05.2024 18:52:12
0,170.63,910,1013,14.86,67.43,0,1.22,16.05.2024 18:52:14
0,165.38,882,1013,14.86,67.41,0,0.79,16.05.2024 18:52:16
0,169.31,903,1013,14.84,67.42,0,1.11,16.05.2024 18:52:18
0,167.44,893,1013,14.86,67.40,0,0.96,16.05.2024 18:52:20
0,163.13,870,1013,14.86,67.44,0,0.62,16.05.2024 18:52:22
0,168.94,901,1013,14.86,67.45,0,1.08,16.05.2024 18:52:25
0,167.63,894,1013,14.83,67.43,0,0.98,16.05.2024 18:52:27
0,166.69,889,1013,14.86,67.44,0,0.90,16.05.2024 18:52:29
0,170.44,909,1012,14.86,67.45,0,1.20,16.05.2024 18:52:31
0,165.00,880,1012,14.83,67.42,0,0.77,16.05.2024 18:52:33
0,168.00,896,1012,14.84,67.43,0,1.00,16.05.2024 18:52:35
0,168.38,898,1012,14.86,67.45,0,1.03,16.05.2024 18:52:37
0,163.13,870,1012,14.84,67.43,0,0.62,16.05.2024 18:52:39
0,165.38,882,1012,14.86,67.45,0,0.79,16.05.2024 18:52:42
0,166.88,890,1012,14.83,67.42,0,0.92,16.05.2024 18:52:44
0,164.63,878,1012,14.84,67.43,0,0.74,16.05.2024 18:52:46
0,171.00,912,1012,14.86,67.45,0,1.25,16.05.2024 18:52:48
0,170.25,908,1012,14.84,67.44,0,1.19,16.05.2024 18:52:50
0,167.25,892,1012,14.84,67.43,0,0.94,16.05.2024 18:52:52
0,168.56,899,1011,14.87,67.44,0,1.04,16.05.2024 18:52:54
0,167.44,893,1011,14.83,67.43,0,0.96,16.05.2024 18:52:56
0,164.25,876,1011,14.83,67.44,0,0.71,16.05.2024 18:52:58
0,168.19,897,1011,14.83,67.43,0,1.02,16.05.2024 18:53:01
0,166.13,886,1010,14.84,67.41,0,0.86,16.05.2024 18:53:03
0,167.63,894,1010,14.83,67.44,0,0.98,16.05.2024 18:53:05
0,167.25,892,1010,14.86,67.44,0,0.94,16.05.2024 18:53:07
0,166.13,886,1010,14.84,67.43,0,0.86,16.05.2024 18:53:09
0,166.31,887,1010,14.83,67.43,0,0.87,16.05.2024 18:53:11
0,166.50,888,1010,14.83,67.42,0,0.89,16.05.2024 18:53:13
0,165.00,880,1010,14.84,67.42,0,0.77,16.05.2024 18:53:15
0,167.63,894,1010,14.84,67.44,0,0.97,16.05.2024 18:53:18
0,165.94,885,1009,14.84,67.42,0,0.84,16.05.2024 18:53:20
0,167.06,891,1010,14.84,67.44,0,0.93,16.05.2024 18:53:22
0,167.06,891,1010,14.84,67.42,0,0.93,16.05.2024 18:53:24
0,165.38,882,1010,14.84,67.45,0,0.80,16.05.2024 18:53:26
0,165.75,884,1010,14.86,67.45,0,0.82,16.05.2024 18:53:28
0,166.50,888,1010,14.83,67.43,0,0.89,16.05.2024 18:53:30
0,166.50,888,1010,14.84,67.44,0,0.88,16.05.2024 18:53:32
0,166.88,890,1010,14.84,67.43,0,0.91,16.05.2024 18:53:35
0,165.19,881,1010,14.83,67.40,0,0.79,16.05.2024 18:53:37
0,168.19,897,1010,14.83,67.42,0,1.02,16.05.2024 18:53:39
0,165.00,880,1009,14.83,67.44,0,0.77,16.05.2024 18:53:41
0,166.50,888,1008,14.84,67.42,0,0.89,16.05.2024 18:53:43
0,168.00,896,1008,14.83,67.40,0,1.01,16.05.2024 18:53:45
0,162.94,869,1008,14.80,67.43,0,0.62,16.05.2024 18:53:49
0,163.88,874,1009,14.83,67.41,0,0.68,16.05.2024 18:53:51
0,167.44,893,1009,14.83,67.42,0,0.96,16.05.2024 18:53:53
0,166.13,886,1008,14.80,67.43,0,0.87,16.05.2024 18:53:56
0,163.88,874,1009,14.80,67.42,0,0.69,16.05.2024 18:53:58
0,165.19,881,1009,14.81,67.41,0,0.79,16.05.2024 18:54:00
0,165.38,882,1008,14.81,67.43,0,0.80,16.05.2024 18:54:02
0,163.31,871,1008,14.81,67.45,0,0.64,16.05.2024 18:54:04
0,164.63,878,1009,14.84,67.42,0,0.74,16.05.2024 18:54:06
0,163.88,874,1009,14.81,67.42,0,0.69,16.05.2024 18:54:08
0,156.94,837,1008,14.80,67.44,0,0.19,16.05.2024 18:54:10
0,163.69,873,1008,14.81,67.45,0,0.67,16.05.2024 18:54:13
0,164.63,878,1008,14.83,67.41,0,0.74,16.05.2024 18:54:15
0,165.19,881,1008,14.83,67.42,0,0.79,16.05.2024 18:54:17
0,166.69,889,1008,14.81,67.44,0,0.91,16.05.2024 18:54:19
0,167.25,892,1008,14.81,67.42,0,0.95,16.05.2024 18:54:21
0,164.63,878,1008,14.80,67.43,0,0.75,16.05.2024 18:54:23
0,169.50,904,1008,14.81,67.44,0,1.13,16.05.2024 18:54:25
0,165.00,880,1008,14.81,67.44,0,0.77,16.05.2024 18:54:27
0,171.00,912,1008,14.80,67.45,0,1.26,16.05.2024 18:54:30
0,166.13,886,1008,14.81,67.45,0,0.86,16.05.2024 18:54:32
0,168.19,897,1008,14.80,67.45,0,1.03,16.05.2024 18:54:34
0,169.31,903,1008,14.80,67.43,0,1.12,16.05.2024 18:54:36
0,169.88,906,1008,14.81,67.43,0,1.17,16.05.2024 18:54:38
0,167.81,895,1008,14.81,67.46,0,0.99,16.05.2024 18:54:40
0,167.44,893,1008,14.78,67.41,0,0.97,16.05.2024 18:54:42
0,168.75,900,1007,14.78,67.43,0,1.08,16.05.2024 18:54:44
0,166.31,887,1007,14.80,67.45,0,0.88,16.05.2024 18:54:46
0,165.94,885,1007,14.78,67.45,0,0.85,16.05.2024 18:54:49
0,167.06,891,1007,14.80,67.44,0,0.94,16.05.2024 18:54:51
0,166.69,889,1007,14.78,67.43,0,0.91,16.05.2024 18:54:53
0,165.56,883,1006,14.78,67.42,0,0.82,16.05.2024 18:54:55
0,166.88,890,1007,14.80,67.47,0,0.92,16.05.2024 18:54:57
0,167.44,893,1006,14.78,67.40,0,0.97,16.05.2024 18:54:59
0,170.63,910,1006,14.77,67.43,0,1.24,16.05.2024 18:55:01
0,167.06,891,1006,14.77,67.45,0,0.94,16.05.2024 18:55:03
0,168.75,900,1006,14.77,67.45,0,1.08,16.05.2024 18:55:06
0,165.19,881,1006,14.76,67.46,0,0.80,16.05.2024 18:55:08
0,166.69,889,1007,14.78,67.42,0,0.91,16.05.2024 18:55:10
0,164.63,878,1008,14.80,67.44,0,0.75,16.05.2024 18:55:12
0,166.88,890,1008,14.77,67.45,0,0.93,16.05.2024 18:55:14
0,164.44,877,1008,14.78,67.43,0,0.74,16.05.2024 18:55:16
0,164.06,875,1008,14.78,67.45,0,0.71,16.05.2024 18:55:18
0,165.38,882,1008,14.78,67.44,0,0.81,16.05.2024 18:55:20
0,168.56,899,1008,14.77,67.45,0,1.07,16.05.2024 18:55:23
0,163.88,874,1009,14.77,67.40,0,0.70,16.05.2024 18:55:25
0,166.50,888,1008,14.78,67.43,0,0.90,16.05.2024 18:55:27
0,164.06,875,1007,14.77,67.44,0,0.71,16.05.2024 18:55:29
0,169.13,902,1006,14.77,67.47,0,1.11,16.05.2024 18:55:31
0,168.56,899,1006,14.77,67.43,0,1.07,16.05.2024 18:55:33
0,165.38,882,1006,14.81,67.46,0,0.80,16.05.2024 18:55:35
0,165.75,884,1005,14.78,67.43,0,0.84,16.05.2024 18:55:37
0,166.88,890,1005,14.78,67.43,0,0.93,16.05.2024 18:55:39
0,170.06,907,1005,14.80,67.43,0,1.19,16.05.2024 18:55:42
0,167.06,891,1005,14.78,67.43,0,0.94,16.05.2024 18:55:44
0,167.63,894,1005,14.78,67.44,0,0.99,16.05.2024 18:55:46
0,169.13,902,1004,14.77,67.42,0,1.11,16.05.2024 18:55:48
0,168.94,901,1005,14.76,67.43,0,1.10,16.05.2024 18:55:50
0,169.13,902,1005,14.77,67.46,0,1.11,16.05.2024 18:55:52
0,164.63,878,1005,14.76,67.45,0,0.76,16.05.2024 18:55:54
0,166.13,886,1004,14.77,67.44,0,0.87,16.05.2024 18:55:56
0,166.13,886,1004,14.77,67.42,0,0.87,16.05.2024 18:55:59
0,166.69,889,1005,14.76,67.42,0,0.92,16.05.2024 18:56:01
0,165.56,883,1005,14.77,67.46,0,0.83,16.05.2024 18:56:03
0,165.56,883,1005,14.78,67.46,0,0.82,16.05.2024 18:56:05
0,168.56,899,1005,14.74,67.45,0,1.07,16.05.2024 18:56:07
0,168.75,900,1005,14.76,67.45,0,1.08,16.05.2024 18:56:09
0,164.44,877,1005,14.78,67.45,0,0.74,16.05.2024 18:56:11
0,164.63,878,1006,14.76,67.44,0,0.76,16.05.2024 18:56:15
0,164.25,876,1005,14.74,67.42,0,0.73,16.05.2024 18:56:18
0,166.13,886,1006,14.74,67.42,0,0.88,16.05.2024 18:56:20
0,166.50,888,1006,14.76,67.45,0,0.90,16.05.2024 18:56:22
0,165.00,880,1006,14.74,67.45,0,0.79,16.05.2024 18:56:24
0,162.75,868,1007,14.78,67.43,0,0.61,16.05.2024 18:56:26
0,169.69,905,1007,14.77,67.45,0,1.16,16.05.2024 18:56:28
0,165.75,884,1007,14.77,67.47,0,0.84,16.05.2024 18:56:30
0,166.13,886,1007,14.76,67.45,0,0.87,16.05.2024 18:56:32
0,163.13,870,1007,14.74,67.45,0,0.64,16.05.2024 18:56:34
0,163.69,873,1007,14.74,67.45,0,0.69,16.05.2024 18:56:37
0,165.19,881,1007,14.73,67.44,0,0.81,16.05.2024 18:56:39
0,165.75,884,1007,14.76,67.47,0,0.84,16.05.2024 18:56:41
0,164.25,876,1007,14.74,67.45,0,0.73,16.05.2024 18:56:43
0,167.25,892,1007,14.73,67.42,0,0.97,16.05.2024 18:56:45
0,164.44,877,1008,14.73,67.45,0,0.75,16.05.2024 18:56:47
0,166.50,888,1007,14.76,67.43,0,0.90,16.05.2024 18:56:49
0,166.69,889,1007,14.73,67.46,0,0.92,16.05.2024 18:56:51
0,167.25,892,1008,14.77,67.45,0,0.96,16.05.2024 18:56:54
0,166.31,887,1007,14.74,67.46,0,0.89,16.05.2024 18:56:56
0,164.25,876,1008,14.74,67.45,0,0.73,16.05.2024 18:56:58
0,167.81,895,1008,14.74,67.45,0,1.01,16.05.2024 18:57:00
0,170.06,907,1008,14.74,67.45,0,1.20,16.05.2024 18:57:02
0,170.25,908,1007,14.76,67.47,0,1.21,16.05.2024 18:57:04
0,162.75,868,1007,14.76,67.45,0,0.61,16.05.2024 18:57:06
0,166.50,888,1008,14.74,67.45,0,0.91,16.05.2024 18:57:08
0,169.50,904,1008,14.74,67.45,0,1.15,16.05.2024 18:57:10
0,165.56,883,1008,14.73,67.44,0,0.84,16.05.2024 18:57:13
0,166.13,886,1007,14.73,67.44,0,0.88,16.05.2024 18:57:15
0,166.13,886,1008,14.74,67.50,0,0.87,16.05.2024 18:57:17
0,166.13,886,1008,14.74,67.48,0,0.88,16.05.2024 18:57:19
0,167.63,894,1009,14.74,67.48,0,1.00,16.05.2024 18:57:21
0,166.88,890,1008,14.73,67.46,0,0.94,16.05.2024 18:57:23
0,168.19,897,1008,14.73,67.48,0,1.04,16.05.2024 18:57:25
0,170.81,911,1007,14.74,67.48,0,1.26,16.05.2024 18:57:27
0,173.06,923,1007,14.73,67.45,0,1.46,16.05.2024 18:57:30
0,172.50,920,1007,14.73,67.49,0,1.41,16.05.2024 18:57:32
0,169.69,905,1008,14.73,67.48,0,1.17,16.05.2024 18:57:34
0,166.69,889,1008,14.73,67.48,0,0.92,16.05.2024 18:57:36
0,169.13,902,1008,14.74,67.48,0,1.12,16.05.2024 18:57:38
0,169.50,904,1008,14.74,67.44,0,1.15,16.05.2024 18:57:40
0,165.75,884,1008,14.71,67.50,0,0.85,16.05.2024 18:57:42
0,164.81,879,1009,14.73,67.45,0,0.78,16.05.2024 18:57:44
0,167.63,894,1008,14.71,67.45,0,1.00,16.05.2024 18:57:47
0,168.56,899,1008,14.73,67.46,0,1.08,16.05.2024 18:57:49
0,169.88,906,1007,14.71,67.45,0,1.19,16.05.2024 18:57:51
0,167.06,891,1007,14.74,67.48,0,0.95,16.05.2024 18:57:53
0,168.00,896,1007,14.71,67.47,0,1.03,16.05.2024 18:57:55
0,167.25,892,1008,14.73,67.48,0,0.97,16.05.2024 18:57:57
0,166.88,890,1008,14.74,67.46,0,0.94,16.05.2024 18:57:59
0,165.56,883,1008,14.73,67.47,0,0.83,16.05.2024 18:58:01
0,166.69,889,1008,14.71,67.46,0,0.93,16.05.2024 18:58:03
0,164.81,879,1008,14.71,67.46,0,0.78,16.05.2024 18:58:06
0,166.31,887,1008,14.73,67.45,0,0.89,16.05.2024 18:58:08
0,165.94,885,1008,14.71,67.45,0,0.87,16.05.2024 18:58:10
0,170.63,910,1008,14.70,67.47,0,1.25,16.05.2024 18:58:12
0,167.44,893,1008,14.73,67.44,0,0.99,16.05.2024 18:58:14
0,166.50,888,1008,14.74,67.45,0,0.91,16.05.2024 18:58:16
0,163.88,874,1008,14.71,67.45,0,0.71,16.05.2024 18:58:18
0,164.63,878,1008,14.70,67.45,0,0.77,16.05.2024 18:58:20
0,169.13,902,1007,14.70,67.48,0,1.13,16.05.2024 18:58:23
0,165.56,883,1007,14.70,67.46,0,0.84,16.05.2024 18:58:25
0,170.81,911,1008,14.73,67.47,0,1.26,16.05.2024 18:58:27
0,169.31,903,1008,14.70,67.45,0,1.15,16.05.2024 18:58:29
0,165.56,883,1008,14.70,67.45,0,0.84,16.05.2024 18:58:31
0,167.25,892,1008,14.71,67.46,0,0.97,16.05.2024 18:58:33
0,167.63,894,1008,14.71,67.49,0,1.00,16.05.2024 18:58:35
0,163.88,874,1008,14.70,67.48,0,0.71,16.05.2024 18:58:37
0,165.56,883,1009,14.70,67.47,0,0.84,16.05.2024 18:58:40
0,164.25,876,1009,14.71,67.45,0,0.74,16.05.2024 18:58:42
0,165.94,885,1010,14.70,67.46,0,0.87,16.05.2024 18:58:44
0,165.56,883,1009,14.70,67.48,0,0.84,16.05.2024 18:58:46
0,168.00,896,1009,14.71,67.46,0,1.03,16.05.2024 18:58:48
0,165.38,882,1009,14.68,67.45,0,0.83,16.05.2024 18:58:50
0,163.50,872,1009,14.70,67.49,0,0.68,16.05.2024 18:58:54
0,167.81,895,1010,14.71,67.47,0,1.02,16.05.2024 18:58:56
0,162.75,868,1010,14.70,67.47,0,0.62,16.05.2024 18:58:59
0,165.75,884,1010,14.73,67.46,0,0.85,16.05.2024 18:59:01
0,161.25,860,1009,14.71,67.47,0,0.51,16.05.2024 18:59:03
0,165.19,881,1009,14.68,67.45,0,0.82,16.05.2024 18:59:05
0,166.31,887,1009,14.68,67.49,0,0.90,16.05.2024 18:59:07
0,165.38,882,1010,14.71,67.48,0,0.82,16.05.2024 18:59:09
0,163.31,871,1009,14.68,67.47,0,0.67,16.05.2024 18:59:11
0,162.38,866,1010,14.70,67.47,0,0.60,16.05.2024 18:59:13
0,163.13,870,1010,14.70,67.49,0,0.65,16.05.2024 18:59:15
0,165.56,883,1010,14.70,67.47,0,0.84,16.05.2024 18:59:18
0,165.38,882,1009,14.70,67.49,0,0.83,16.05.2024 18:59:20
0,164.63,878,1009,14.71,67.46,0,0.76,16.05.2024 18:59:22
0,164.81,879,1008,14.70,67.47,0,0.78,16.05.2024 18:59:24
0,167.44,893,1009,14.70,67.49,0,0.99,16.05.2024 18:59:26
0,166.50,888,1009,14.73,67.48,0,0.91,16.05.2024 18:59:28
0,165.56,883,1010,14.71,67.47,0,0.84,16.05.2024 18:59:30
0,167.25,892,1010,14.68,67.51,0,0.98,16.05.2024 18:59:32
0,168.00,896,1010,14.70,67.47,0,1.04,16.05.2024 18:59:35
0,167.44,893,1009,14.70,67.49,0,0.99,16.05.2024 18:59:37
0,167.25,892,1010,14.70,67.50,0,0.97,16.05.2024 18:59:39
0,168.19,897,1009,14.68,67.49,0,1.05,16.05.2024 18:59:41
0,166.50,888,1009,14.68,67.49,0,0.92,16.05.2024 18:59:43
0,168.19,897,1008,14.68,67.51,0,1.05,16.05.2024 18:59:45
0,167.44,893,1008,14.66,67.51,0,1.00,16.05.2024 18:59:47
0,166.69,889,1008,14.70,67.50,0,0.93,16.05.2024 18:59:49
0,168.19,897,1008,14.68,67.49,0,1.05,16.05.2024 18:59:51
0,168.00,896,1007,14.64,67.51,0,1.05,16.05.2024 18:59:54
0,172.13,918,1008,14.68,67.50,0,1.38,16.05.2024 18:59:56
0,168.56,899,1008,14.67,67.50,0,1.09,16.05.2024 18:59:58
