0,197.44,1053,1028,19.99,66.13,0,2.05,16.05.2024 16:00:00
0,196.31,1047,1028,20.02,66.11,0,1.95,16.05.2024 16:00:02
0,194.81,1039,1027,20.05,66.14,0,1.81,16.05.2024 16:00:05
0,196.69,1049,1028,20.02,66.11,0,1.98,16.05.2024 16:00:07
0,195.56,1043,1027,19.99,66.11,0,1.89,16.05.2024 16:00:09
0,197.06,1051,1027,19.98,66.11,0,2.03,16.05.2024 16:00:11
0,195.19,1041,1028,20.00,66.15,0,1.85,16.05.2024 16:00:13
0,194.63,1038,1028,19.99,66.11,0,1.81,16.05.2024 16:00:15
0,198.56,1059,1029,20.02,66.14,0,2.14,16.05.2024 16:00:17
0,194.25,1036,1029,19.99,66.14,0,1.78,16.05.2024 16:00:19
0,196.69,1049,1029,20.00,66.13,0,1.98,16.05.2024 16:00:21
0,195.19,1041,1029,19.98,66.13,0,1.86,16.05.2024 16:00:24
0,198.00,1056,1029,19.98,66.17,0,2.11,16.05.2024 16:00:26
0,196.13,1046,1030,19.98,66.16,0,1.94,16.05.2024 16:00:28
0,195.94,1045,1030,19.98,66.15,0,1.93,16.05.2024 16:00:30
0,194.06,1035,1030,19.98,66.15,0,1.77,16.05.2024 16:00:32
0,196.88,1050,1030,19.98,66.15,0,2.01,16.05.2024 16:00:34
0,191.63,1022,1030,19.98,66.17,0,1.56,16.05.2024 16:00:36
0,195.56,1043,1030,19.98,66.13,0,1.90,16.05.2024 16:00:38
0,195.00,1040,1031,19.99,66.13,0,1.84,16.05.2024 16:00:41
0,197.25,1052,1031,19.98,66.13,0,2.04,16.05.2024 16:00:43
0,195.38,1042,1031,19.99,66.11,0,1.88,16.05.2024 16:00:45
0,195.94,1045,1031,19.99,66.16,0,1.92,16.05.2024 16:00:47
0,193.69,1033,1031,19.99,66.16,0,1.73,16.05.2024 16:00:49
0,196.31,1047,1030,19.98,66.17,0,1.96,16.05.2024 16:00:51
0,194.25,1036,1030,19.95,66.18,0,1.79,16.05.2024 16:00:53
0,194.63,1038,1031,19.95,66.13,0,1.83,16.05.2024 16:00:55
0,197.63,1054,1031,19.96,66.17,0,2.08,16.05.2024 16:00:57
0,193.88,1034,1031,19.96,66.17,0,1.75,16.05.2024 16:01:00
0,196.31,1047,1032,19.96,66.16,0,1.96,16.05.2024 16:01:02
0,193.69,1033,1031,19.95,66.15,0,1.75,16.05.2024 16:01:04
0,195.38,1042,1031,19.95,66.15,0,1.89,16.05.2024 16:01:06
0,193.50,1032,1032,19.96,66.16,0,1.72,16.05.2024 16:01:08
0,194.06,1035,1032,19.93,66.18,0,1.78,16.05.2024 16:01:10
0,194.25,1036,1032,19.95,66.15,0,1.79,16.05.2024 16:01:12
0,193.13,1030,1032,19.96,66.18,0,1.69,16.05.2024 16:01:14
0,190.31,1015,1033,19.98,66.16,0,1.46,16.05.2024 16:01:17
0,195.56,1043,1033,19.95,66.13,0,1.91,16.05.2024 16:01:19
0,191.81,1023,1033,19.96,66.20,0,1.58,16.05.2024 16:01:21
0,192.19,1025,1033,19.93,66.16,0,1.63,16.05.2024 16:01:23
0,192.94,1029,1033,19.93,66.16,0,1.69,16.05.2024 16:01:25
0,190.31,1015,1033,19.93,66.14,0,1.47,16.05.2024 16:01:27
0,193.88,1034,1033,19.93,66.21,0,1.76,16.05.2024 16:01:31
0,192.38,1026,1033,19.96,66.17,0,1.63,16.05.2024 16:01:33
0,193.50,1032,1033,19.93,66.18,0,1.73,16.05.2024 16:01:35
0,194.63,1038,1034,19.93,66.17,0,1.83,16.05.2024 16:01:38
0,190.69,1017,1034,19.95,66.19,0,1.50,16.05.2024 16:01:40
0,188.44,1005,1034,19.93,66.18,0,1.32,16.05.2024 16:01:42
0,193.88,1034,1033,19.92,66.17,0,1.77,16.05.2024 16:01:44
0,187.50,1000,1033,19.95,66.18,0,1.25,16.05.2024 16:01:46
0,193.88,1034,1034,19.90,66.17,0,1.78,16.05.2024 16:01:48
0,190.69,1017,1034,19.92,66.17,0,1.51,16.05.2024 16:01:50
0,190.31,1015,1034,19.93,66.17,0,1.47,16.05.2024 16:01:52
0,190.13,1014,1035,19.93,66.17,0,1.46,16.05.2024 16:01:55
0,192.19,1025,1035,19.93,66.18,0,1.62,16.05.2024 16:01:57
0,192.75,1028,1035,19.93,66.16,0,1.67,16.05.2024 16:01:59
0,192.75,1028,1035,19.92,66.19,0,1.67,16.05.2024 16:02:01
0,191.63,1022,1035,19.92,66.18,0,1.58,16.05.2024 16:02:03
0,192.56,1027,1035,19.92,66.18,0,1.66,16.05.2024 16:02:05
0,194.06,1035,1036,19.90,66.18,0,1.79,16.05.2024 16:02:07
0,191.81,1023,1036,19.90,66.16,0,1.60,16.05.2024 16:02:09
0,192.56,1027,1036,19.92,66.14,0,1.66,16.05.2024 16:02:11
0,192.94,1029,1036,19.90,66.18,0,1.70,16.05.2024 16:02:14
0,193.50,1032,1035,19.92,66.20,0,1.74,16.05.2024 16:02:16
0,193.31,1031,1035,19.89,66.21,0,1.73,16.05.2024 16:02:18
0,196.50,1048,1035,19.92,66.22,0,1.99,16.05.2024 16:02:20
0,194.63,1038,1035,19.90,66.17,0,1.84,16.05.2024 16:02:22
0,195.75,1044,1035,19.90,66.17,0,1.94,16.05.2024 16:02:24
0,193.69,1033,1035,19.89,66.18,0,1.76,16.05.2024 16:02:26
0,195.00,1040,1035,19.89,66.19,0,1.87,16.05.2024 16:02:28
0,194.25,1036,1036,19.89,66.17,0,1.81,16.05.2024 16:02:31
0,193.31,1031,1035,19.89,66.18,0,1.73,16.05.2024 16:02:33
0,197.25,1052,1035,19.88,66.18,0,2.08,16.05.2024 16:02:35
0,194.44,1037,1034,19.92,66.20,0,1.81,16.05.2024 16:02:37
0,193.69,1033,1033,19.86,66.15,0,1.77,16.05.2024 16:02:39
0,195.19,1041,1034,19.88,66.17,0,1.90,16.05.2024 16:02:41
0,196.88,1050,1034,19.88,66.19,0,2.04,16.05.2024 16:02:43
0,193.13,1030,1034,19.86,66.17,0,1.73,16.05.2024 16:02:45
0,194.44,1037,1034,19.88,66.19,0,1.83,16.05.2024 16:02:47
0,195.56,1043,1033,19.88,66.19,0,1.93,16.05.2024 16:02:50
0,193.69,1033,1034,19.88,66.16,0,1.77,16.05.2024 16:02:52
0,194.25,1036,1034,19.86,66.20,0,1.82,16.05.2024 16:02:54
0,198.00,1056,1034,19.85,66.17,0,2.15,16.05.2024 16:02:56
0,194.25,1036,1034,19.89,66.18,0,1.81,16.05.2024 16:02:58
0,195.56,1043,1034,19.88,66.20,0,1.93,16.05.2024 16:03:00
0,196.50,1048,1035,19.85,66.19,0,2.02,16.05.2024 16:03:02
0,194.81,1039,1035,19.88,66.22,0,1.86,16.05.2024 16:03:04
0,193.88,1034,1034,19.83,66.18,0,1.80,16.05.2024 16:03:07
0,193.50,1032,1034,19.86,66.22,0,1.75,16.05.2024 16:03:09
0,191.44,1021,1033,19.86,66.20,0,1.58,16.05.2024 16:03:11
0,196.88,1050,1033,19.85,66.20,0,2.05,16.05.2024 16:03:13
0,194.25,1036,1033,19.86,66.18,0,1.82,16.05.2024 16:03:15
0,194.06,1035,1032,19.86,66.22,0,1.80,16.05.2024 16:03:17
0,194.63,1038,1033,19.83,66.22,0,1.86,16.05.2024 16:03:19
0,195.38,1042,1032,19.88,66.19,0,1.91,16.05.2024 16:03:21
0,195.56,1043,1032,19.86,66.20,0,1.93,16.05.2024 16:03:23
0,193.13,1030,1031,19.83,66.20,0,1.73,16.05.2024 16:03:26
0,196.50,1048,1032,19.85,66.23,0,2.02,16.05.2024 16:03:28
0,195.38,1042,1032,19.85,66.22,0,1.92,16.05.2024 16:03:30
0,190.31,1015,1032,19.82,66.19,0,1.51,16.05.2024 16:03:32
0,193.88,1034,1033,19.83,66.23,0,1.79,16.05.2024 16:03:34
0,193.13,1030,1033,19.85,66.22,0,1.73,16.05.2024 16:03:36
0,192.19,1025,1033,19.83,66.18,0,1.66,16.05.2024 16:03:38
0,194.63,1038,1033,19.83,66.23,0,1.86,16.05.2024 16:03:40
0,196.50,1048,1034,19.85,66.23,0,2.02,16.05.2024 16:03:43
0,194.63,1038,1034,19.85,66.23,0,1.85,16.05.2024 16:03:45
0,197.44,1053,1034,19.83,66.25,0,2.10,16.05.2024 16:03:47
0,191.06,1019,1034,19.83,66.23,0,1.56,16.05.2024 16:03:49
0,196.69,1049,1033,19.83,66.24,0,2.04,16.05.2024 16:03:51
0,195.38,1042,1033,19.83,66.23,0,1.92,16.05.2024 16:03:53
0,194.81,1039,1033,19.83,66.27,0,1.87,16.05.2024 16:03:55
0,195.38,1042,1033,19.80,66.22,0,1.93,16.05.2024 16:03:57
2,192.19,1025,1032,19.82,66.19,0,1.66,16.05.2024 16:03:59
2,194.44,1037,1032,19.80,66.20,0,1.85,16.05.2024 16:04:02
2,190.88,1018,1033,19.80,66.23,0,1.55,16.05.2024 16:04:04
2,192.19,1025,1033,19.82,66.22,0,1.66,16.05.2024 16:04:06
2,193.69,1033,1033,19.82,66.22,0,1.78,16.05.2024 16:04:08
2,190.69,1017,1033,19.82,66.26,0,1.53,16.05.2024 16:04:10
2,190.13,1014,1033,19.82,66.21,0,1.49,16.05.2024 16:04:12
2,189.94,1013,1033,19.85,66.27,0,1.46,16.05.2024 16:04:14
2,192.56,1027,1032,19.82,66.26,0,1.69,16.05.2024 16:04:16
2,192.38,1026,1032,19.80,66.24,0,1.68,16.05.2024 16:04:19
2,193.69,1033,1033,19.82,66.26,0,1.78,16.05.2024 16:04:21
2,193.50,1032,1032,19.80,66.21,0,1.77,16.05.2024 16:04:23
2,191.63,1022,1031,19.82,66.24,0,1.61,16.05.2024 16:04:27
2,192.75,1028,1031,19.80,66.22,0,1.71,16.05.2024 16:04:29
2,193.69,1033,1031,19.80,66.23,0,1.79,16.05.2024 16:04:31
2,192.56,1027,1031,19.82,66.28,0,1.68,16.05.2024 16:04:33
2,191.63,1022,1031,19.80,66.24,0,1.62,16.05.2024 16:04:35
2,192.75,1028,1032,19.79,66.23,0,1.71,16.05.2024 16:04:37
2,191.06,1019,1031,19.79,66.24,0,1.57,16.05.2024 16:04:40
2,191.63,1022,1031,19.80,66.24,0,1.62,16.05.2024 16:04:42
2,191.06,1019,1032,19.78,66.25,0,1.58,16.05.2024 16:04:44
2,194.44,1037,1032,19.80,66.24,0,1.85,16.05.2024 16:04:46
2,191.06,1019,1032,19.79,66.23,0,1.57,16.05.2024 16:04:48
2,189.94,1013,1032,19.79,66.24,0,1.48,16.05.2024 16:04:50
2,195.75,1044,1032,19.79,66.26,0,1.97,16.05.2024 16:04:52
2,192.75,1028,1031,19.79,66.25,0,1.71,16.05.2024 16:04:54
2,192.94,1029,1031,19.80,66.30,0,1.72,16.05.2024 16:04:57
2,193.50,1032,1030,19.78,66.26,0,1.78,16.05.2024 16:04:59
2,189.19,1009,1030,19.80,66.25,0,1.42,16.05.2024 16:05:01
2,191.81,1023,1030,19.78,66.25,0,1.64,16.05.2024 16:05:03
2,192.56,1027,1030,19.78,66.27,0,1.70,16.05.2024 16:05:05
2,193.13,1030,1031,19.78,66.25,0,1.75,16.05.2024 16:05:07
2,193.31,1031,1031,19.79,66.26,0,1.76,16.05.2024 16:05:09
2,194.25,1036,1031,19.78,66.26,0,1.84,16.05.2024 16:05:11
2,192.94,1029,1031,19.79,66.28,0,1.73,16.05.2024 16:05:13
2,195.94,1045,1030,19.76,66.29,0,1.99,16.05.2024 16:05:16
2,190.50,1016,1030,19.76,66.26,0,1.53,16.05.2024 16:05:18
2,193.69,1033,1030,19.75,66.26,0,1.80,16.05.2024 16:05:20
2,196.69,1049,1030,19.76,66.25,0,2.06,16.05.2024 16:05:22
2,196.13,1046,1030,19.75,66.26,0,2.02,16.05.2024 16:05:24
2,197.44,1053,1031,19.76,66.27,0,2.12,16.05.2024 16:05:26
2,196.31,1047,1031,19.75,66.25,0,2.03,16.05.2024 16:05:28
2,199.31,1063,1031,19.73,66.27,0,2.30,16.05.2024 16:05:30
2,193.13,1030,1031,19.75,66.25,0,1.76,16.05.2024 16:05:33
2,191.44,1021,1031,19.75,66.29,0,1.61,16.05.2024 16:05:35
2,194.44,1037,1031,19.76,66.27,0,1.86,16.05.2024 16:05:37
2,194.25,1036,1032,19.75,66.28,0,1.85,16.05.2024 16:05:39
2,195.56,1043,1031,19.76,66.26,0,1.96,16.05.2024 16:05:41
2,197.44,1053,1031,19.73,66.29,0,2.13,16.05.2024 16:05:43
2,193.88,1034,1032,19.75,66.26,0,1.82,16.05.2024 16:05:45
2,189.19,1009,1032,19.75,66.30,0,1.43,16.05.2024 16:05:47
2,192.19,1025,1032,19.73,66.27,0,1.68,16.05.2024 16:05:49
2,193.88,1034,1031,19.72,66.27,0,1.83,16.05.2024 16:05:52
2,193.31,1031,1031,19.73,66.32,0,1.77,16.05.2024 16:05:54
2,192.19,1025,1031,19.70,66.28,0,1.69,16.05.2024 16:05:56
2,195.94,1045,1032,19.75,66.29,0,2.00,16.05.2024 16:05:58
2,196.13,1046,1033,19.73,66.29,0,2.02,16.05.2024 16:06:00
2,195.56,1043,1032,19.73,66.26,0,1.97,16.05.2024 16:06:02
2,191.25,1020,1032,19.73,66.31,0,1.60,16.05.2024 16:06:04
2,193.88,1034,1031,19.70,66.26,0,1.84,16.05.2024 16:06:06
2,198.56,1059,1032,19.75,66.31,0,2.23,16.05.2024 16:06:09
2,193.31,1031,1032,19.73,66.28,0,1.78,16.05.2024 16:06:11
2,194.63,1038,1031,19.70,66.31,0,1.90,16.05.2024 16:06:13
2,194.63,1038,1030,19.73,66.27,0,1.89,16.05.2024 16:06:15
2,191.06,1019,1030,19.72,66.31,0,1.59,16.05.2024 16:06:17
2,194.25,1036,1030,19.72,66.29,0,1.86,16.05.2024 16:06:19
2,193.69,1033,1031,19.70,66.31,0,1.81,16.05.2024 16:06:21
2,194.06,1035,1030,19.70,66.31,0,1.85,16.05.2024 16:06:23
2,194.44,1037,1031,19.73,66.31,0,1.87,16.05.2024 16:06:25
2,194.63,1038,1031,19.69,66.29,0,1.90,16.05.2024 16:06:28
2,194.25,1036,1031,19.72,66.28,0,1.86,16.05.2024 16:06:30
2,193.69,1033,1030,19.73,66.27,0,1.81,16.05.2024 16:06:32
2,193.50,1032,1030,19.70,66.33,0,1.80,16.05.2024 16:06:34
2,194.06,1035,1030,19.73,66.31,0,1.84,16.05.2024 16:06:36
2,192.56,1027,1030,19.70,66.31,0,1.72,16.05.2024 16:06:38
2,192.94,1029,1031,19.72,66.31,0,1.75,16.05.2024 16:06:40
2,192.75,1028,1031,19.70,66.31,0,1.74,16.05.2024 16:06:42
2,194.44,1037,1031,19.72,66.31,0,1.87,16.05.2024 16:06:45
2,192.38,1026,1031,19.70,66.29,0,1.71,16.05.2024 16:06:47
2,193.13,1030,1031,19.72,66.30,0,1.76,16.05.2024 16:06:49
2,191.25,1020,1031,19.70,66.29,0,1.61,16.05.2024 16:06:51
2,195.19,1041,1031,19.70,66.32,0,1.94,16.05.2024 16:06:53
2,189.00,1008,1031,19.69,66.29,0,1.43,16.05.2024 16:06:55
2,191.63,1022,1031,19.69,66.31,0,1.65,16.05.2024 16:06:57
2,192.94,1029,1031,19.69,66.30,0,1.76,16.05.2024 16:06:59
2,192.94,1029,1032,19.69,66.32,0,1.76,16.05.2024 16:07:01
2,190.69,1017,1032,19.68,66.30,0,1.57,16.05.2024 16:07:04
2,194.25,1036,1032,19.70,66.29,0,1.86,16.05.2024 16:07:06
2,191.81,1023,1032,19.66,66.31,0,1.67,16.05.2024 16:07:08
2,194.06,1035,1032,19.68,66.33,0,1.85,16.05.2024 16:07:10
2,193.88,1034,1032,19.70,66.35,0,1.83,16.05.2024 16:07:12
2,191.25,1020,1033,19.70,66.31,0,1.61,16.05.2024 16:07:14
2,191.06,1019,1033,19.69,66.30,0,1.60,16.05.2024 16:07:16
2,191.63,1022,1033,19.69,66.36,0,1.64,16.05.2024 16:07:20
2,192.56,1027,1033,19.66,66.34,0,1.73,16.05.2024 16:07:23
2,190.13,1014,1033,19.70,66.37,0,1.51,16.05.2024 16:07:25
2,192.75,1028,1032,19.68,66.33,0,1.74,16.05.2024 16:07:27
2,195.38,1042,1032,19.68,66.32,0,1.97,16.05.2024 16:07:29
2,192.94,1029,1032,19.65,66.35,0,1.77,16.05.2024 16:07:31
2,189.00,1008,1033,19.66,66.34,0,1.44,16.05.2024 16:07:33
2,190.31,1015,1033,19.68,66.33,0,1.54,16.05.2024 16:07:35
2,189.94,1013,1032,19.68,66.36,0,1.51,16.05.2024 16:07:37
2,191.06,1019,1032,19.66,66.37,0,1.60,16.05.2024 16:07:39
2,189.19,1009,1033,19.68,66.34,0,1.45,16.05.2024 16:07:42
2,192.56,1027,1033,19.66,66.32,0,1.73,16.05.2024 16:07:44
2,192.75,1028,1033,19.66,66.35,0,1.75,16.05.2024 16:07:46
2,191.44,1021,1033,19.65,66.35,0,1.64,16.05.2024 16:07:48
2,189.75,1012,1033,19.62,66.36,0,1.51,16.05.2024 16:07:50
2,192.00,1024,1034,19.65,66.36,0,1.69,16.05.2024 16:07:52
2,191.06,1019,1035,19.66,66.36,0,1.60,16.05.2024 16:07:54
2,191.06,1019,1035,19.64,66.31,0,1.62,16.05.2024 16:07:56
2,191.25,1020,1035,19.66,66.31,0,1.62,16.05.2024 16:07:59
2,190.69,1017,1036,19.66,66.32,0,1.58,16.05.2024 16:08:01
2,194.44,1037,1036,19.65,66.32,0,1.90,16.05.2024 16:08:03
2,192.94,1029,1036,19.65,66.32,0,1.77,16.05.2024 16:08:05
2,190.50,1016,1036,19.66,66.34,0,1.56,16.05.2024 16:08:07
2,189.00,1008,1035,19.64,66.34,0,1.45,16.05.2024 16:08:09
2,191.63,1022,1035,19.64,66.34,0,1.66,16.05.2024 16:08:11
2,198.00,1056,1035,19.65,66.31,0,2.21,16.05.2024 16:08:13
2,195.19,1041,1036,19.64,66.36,0,1.96,16.05.2024 16:08:15
2,193.88,1034,1036,19.64,66.37,0,1.85,16.05.2024 16:08:18
2,192.75,1028,1036,19.62,66.38,0,1.76,16.05.2024 16:08:20
2,195.56,1043,1036,19.61,66.33,0,2.01,16.05.2024 16:08:22
2,192.56,1027,1037,19.62,66.36,0,1.74,16.05.2024 16:08:24
2,197.44,1053,1037,19.65,66.40,0,2.16,16.05.2024 16:08:26
2,195.38,1042,1037,19.64,66.38,0,1.98,16.05.2024 16:08:28
2,194.06,1035,1037,19.62,66.34,0,1.87,16.05.2024 16:08:30
2,191.81,1023,1037,19.62,66.37,0,1.68,16.05.2024 16:08:32
2,192.38,1026,1037,19.61,66.36,0,1.73,16.05.2024 16:08:35
2,194.25,1036,1036,19.61,66.39,0,1.89,16.05.2024 16:08:37
2,191.25,1020,1037,19.64,66.36,0,1.63,16.05.2024 16:08:39
2,191.81,1023,1037,19.61,66.36,0,1.69,16.05.2024 16:08:41
2,195.19,1041,1037,19.62,66.36,0,1.97,16.05.2024 16:08:43
2,192.38,1026,1037,19.61,66.39,0,1.73,16.05.2024 16:08:45
2,197.06,1051,1037,19.59,66.37,0,2.15,16.05.2024 16:08:47
2,193.31,1031,1037,19.61,66.39,0,1.81,16.05.2024 16:08:49
2,193.31,1031,1037,19.62,66.38,0,1.81,16.05.2024 16:08:51
2,193.31,1031,1037,19.61,66.39,0,1.81,16.05.2024 16:08:54
2,189.75,1012,1036,19.62,66.39,0,1.51,16.05.2024 16:08:56
2,191.63,1022,1036,19.61,66.34,0,1.67,16.05.2024 16:08:58
2,195.19,1041,1037,19.62,66.36,0,1.97,16.05.2024 16:09:00
2,192.38,1026,1036,19.61,66.36,0,1.73,16.05.2024 16:09:02
2,191.25,1020,1036,19.61,66.36,0,1.64,16.05.2024 16:09:04
2,195.38,1042,1037,19.59,66.36,0,2.00,16.05.2024 16:09:06
2,194.81,1039,1038,19.61,66.35,0,1.94,16.05.2024 16:09:08
2,193.69,1033,1039,19.59,66.40,0,1.85,16.05.2024 16:09:11
2,193.88,1034,1039,19.58,66.35,0,1.87,16.05.2024 16:09:13
2,193.50,1032,1040,19.61,66.39,0,1.83,16.05.2024 16:09:15
2,190.69,1017,1041,19.59,66.35,0,1.60,16.05.2024 16:09:17
2,190.31,1015,1040,19.59,66.36,0,1.57,16.05.2024 16:09:19
2,191.81,1023,1041,19.59,66.35,0,1.69,16.05.2024 16:09:21
2,194.63,1038,1041,19.59,66.37,0,1.93,16.05.2024 16:09:23
2,196.50,1048,1041,19.57,66.36,0,2.10,16.05.2024 16:09:25
2,193.69,1033,1041,19.62,66.36,0,1.84,16.05.2024 16:09:27
2,194.81,1039,1040,19.59,66.38,0,1.95,16.05.2024 16:09:30
2,193.31,1031,1040,19.58,66.39,0,1.82,16.05.2024 16:09:32
2,192.38,1026,1040,19.59,66.31,0,1.74,16.05.2024 16:09:34
2,191.81,1023,1041,19.59,66.33,0,1.69,16.05.2024 16:09:36
2,193.50,1032,1040,19.58,66.35,0,1.84,16.05.2024 16:09:38
2,193.13,1030,1040,19.58,66.37,0,1.81,16.05.2024 16:09:40
2,192.94,1029,1040,19.58,66.37,0,1.79,16.05.2024 16:09:42
2,191.06,1019,1039,19.57,66.35,0,1.64,16.05.2024 16:09:44
2,191.25,1020,1040,19.58,66.37,0,1.65,16.05.2024 16:09:47
2,192.56,1027,1040,19.58,66.35,0,1.76,16.05.2024 16:09:49
2,191.44,1021,1040,19.58,66.39,0,1.66,16.05.2024 16:09:51
2,190.50,1016,1040,19.58,66.37,0,1.59,16.05.2024 16:09:53
2,193.50,1032,1040,19.55,66.33,0,1.85,16.05.2024 16:09:55
2,191.44,1021,1040,19.57,66.32,0,1.67,16.05.2024 16:09:57
2,194.25,1036,1040,19.57,66.32,0,1.91,16.05.2024 16:09:59
2,193.13,1030,1040,19.55,66.35,0,1.82,16.05.2024 16:10:01
2,193.31,1031,1040,19.57,66.35,0,1.83,16.05.2024 16:10:03
2,192.75,1028,1040,19.55,66.37,0,1.78,16.05.2024 16:10:06
2,191.06,1019,1041,19.58,66.39,0,1.63,16.05.2024 16:10:08
2,193.31,1031,1041,19.57,66.36,0,1.83,16.05.2024 16:10:10
2,195.38,1042,1041,19.58,66.40,0,2.00,16.05.2024 16:10:12
2,190.88,1018,1041,19.54,66.38,0,1.63,16.05.2024 16:10:14
2,190.31,1015,1042,19.57,66.33,0,1.58,16.05.2024 16:10:16
2,191.81,1023,1043,19.55,66.37,0,1.70,16.05.2024 16:10:18
2,192.94,1029,1044,19.57,66.35,0,1.80,16.05.2024 16:10:20
2,191.25,1020,1044,19.57,66.34,0,1.65,16.05.2024 16:10:23
2,192.75,1028,1044,19.54,66.36,0,1.79,16.05.2024 16:10:27
2,191.06,1019,1044,19.54,66.32,0,1.65,16.05.2024 16:10:29
2,190.13,1014,1044,19.55,66.36,0,1.57,16.05.2024 16:10:31
2,192.56,1027,1044,19.52,66.38,0,1.78,16.05.2024 16:10:33
2,190.31,1015,1044,19.54,66.34,0,1.59,16.05.2024 16:10:35
2,190.50,1016,1044,19.54,66.37,0,1.60,16.05.2024 16:10:37
2,187.31,999,1044,19.52,66.35,0,1.35,16.05.2024 16:10:39
2,189.19,1009,1045,19.54,66.35,0,1.49,16.05.2024 16:10:41
2,186.75,996,1044,19.51,66.35,0,1.31,16.05.2024 16:10:44
2,190.31,1015,1044,19.55,66.39,0,1.58,16.05.2024 16:10:46
2,189.75,1012,1044,19.52,66.38,0,1.54,16.05.2024 16:10:48
2,191.44,1021,1043,19.54,66.38,0,1.68,16.05.2024 16:10:50
2,188.81,1007,1043,19.54,66.38,0,1.46,16.05.2024 16:10:52
2,192.56,1027,1043,19.54,66.34,0,1.77,16.05.2024 16:10:54
2,191.44,1021,1043,19.51,66.36,0,1.69,16.05.2024 16:10:56
2,186.38,994,1043,19.54,66.36,0,1.27,16.05.2024 16:10:58
2,192.38,1026,1043,19.52,66.36,0,1.76,16.05.2024 16:11:01
2,192.56,1027,1043,19.54,66.38,0,1.77,16.05.2024 16:11:03
2,189.00,1008,1043,19.52,66.39,0,1.48,16.05.2024 16:11:05
2,193.50,1032,1042,19.51,66.36,0,1.86,16.05.2024 16:11:07
2,190.31,1015,1043,19.49,66.34,0,1.60,16.05.2024 16:11:09
2,193.50,1032,1043,19.49,66.36,0,1.87,16.05.2024 16:11:11
2,194.81,1039,1043,19.52,66.36,0,1.97,16.05.2024 16:11:13
2,193.31,1031,1043,19.51,66.38,0,1.84,16.05.2024 16:11:15
2,194.63,1038,1043,19.52,66.36,0,1.96,16.05.2024 16:11:17
2,193.50,1032,1043,19.51,66.37,0,1.86,16.05.2024 16:11:20
2,190.88,1018,1043,19.51,66.36,0,1.64,16.05.2024 16:11:22
2,193.69,1033,1043,19.51,66.40,0,1.88,16.05.2024 16:11:24
2,191.44,1021,1043,19.51,66.36,0,1.69,16.05.2024 16:11:26
2,191.63,1022,1043,19.51,66.39,0,1.70,16.05.2024 16:11:28
2,194.25,1036,1043,19.52,66.38,0,1.92,16.05.2024 16:11:30
2,192.38,1026,1043,19.49,66.36,0,1.77,16.05.2024 16:11:32
2,193.69,1033,1043,19.48,66.35,0,1.89,16.05.2024 16:11:34
2,191.63,1022,1043,19.51,66.37,0,1.70,16.05.2024 16:11:37
2,193.13,1030,1044,19.48,66.36,0,1.84,16.05.2024 16:11:39
2,190.69,1017,1043,19.49,66.35,0,1.63,16.05.2024 16:11:41
2,193.88,1034,1043,19.49,66.38,0,1.90,16.05.2024 16:11:43
2,193.69,1033,1042,19.48,66.37,0,1.89,16.05.2024 16:11:45
2,192.75,1028,1042,19.48,66.35,0,1.81,16.05.2024 16:11:47
2,194.25,1036,1042,19.49,66.38,0,1.93,16.05.2024 16:11:49
2,190.69,1017,1042,19.47,66.38,0,1.64,16.05.2024 16:11:51
2,193.31,1031,1043,19.47,66.37,0,1.86,16.05.2024 16:11:53
2,194.63,1038,1043,19.49,66.38,0,1.96,16.05.2024 16:11:56
2,191.63,1022,1044,19.49,66.38,0,1.71,16.05.2024 16:11:58
2,194.25,1036,1044,19.44,66.40,0,1.95,16.05.2024 16:12:00
2,196.31,1047,1044,19.48,66.40,0,2.12,16.05.2024 16:12:02
2,190.13,1014,1044,19.48,66.40,0,1.58,16.05.2024 16:12:04
2,190.69,1017,1045,19.47,66.39,0,1.64,16.05.2024 16:12:06
2,190.69,1017,1044,19.47,66.40,0,1.64,16.05.2024 16:12:08
2,192.94,1029,1045,19.47,66.39,0,1.83,16.05.2024 16:12:10
2,192.00,1024,1044,19.47,66.40,0,1.75,16.05.2024 16:12:13
2,193.69,1033,1045,19.47,66.40,0,1.89,16.05.2024 16:12:15
2,190.88,1018,1045,19.48,66.38,0,1.65,16.05.2024 16:12:17
2,191.06,1019,1045,19.48,66.42,0,1.66,16.05.2024 16:12:19
2,189.56,1011,1044,19.45,66.38,0,1.55,16.05.2024 16:12:21
2,191.06,1019,1044,19.47,66.40,0,1.67,16.05.2024 16:12:23
2,188.63,1006,1044,19.47,66.42,0,1.46,16.05.2024 16:12:25
2,190.31,1015,1045,19.45,66.41,0,1.61,16.05.2024 16:12:27
2,190.88,1018,1045,19.47,66.40,0,1.65,16.05.2024 16:12:29
2,192.94,1029,1044,19.45,66.38,0,1.83,16.05.2024 16:12:32
2,192.00,1024,1044,19.44,66.39,0,1.76,16.05.2024 16:12:34
2,189.38,1010,1044,19.47,66.42,0,1.53,16.05.2024 16:12:36
2,192.56,1027,1044,19.45,66.39,0,1.80,16.05.2024 16:12:38
2,195.19,1041,1045,19.48,66.42,0,2.01,16.05.2024 16:12:40
2,189.19,1009,1044,19.47,66.40,0,1.51,16.05.2024 16:12:42
2,193.13,1030,1044,19.42,66.38,0,1.86,16.05.2024 16:12:44
2,187.69,1001,1044,19.47,66.40,0,1.39,16.05.2024 16:12:46
2,191.25,1020,1044,19.42,66.40,0,1.70,16.05.2024 16:12:49
2,191.06,1019,1044,19.45,66.42,0,1.67,16.05.2024 16:12:51
2,191.44,1021,1043,19.42,66.40,0,1.71,16.05.2024 16:12:53
2,191.44,1021,1042,19.42,66.41,0,1.71,16.05.2024 16:12:55
2,189.19,1009,1042,19.44,66.40,0,1.52,16.05.2024 16:12:57
2,185.81,991,1042,19.45,66.39,0,1.25,16.05.2024 16:12:59
2,190.13,1014,1042,19.42,66.41,0,1.60,16.05.2024 16:13:01
2,189.19,1009,1042,19.42,66.44,0,1.52,16.05.2024 16:13:03
2,191.25,1020,1042,19.42,66.42,0,1.70,16.05.2024 16:13:05
2,189.75,1012,1042,19.42,66.45,0,1.57,16.05.2024 16:13:08
2,188.25,1004,1042,19.42,66.40,0,1.45,16.05.2024 16:13:10
2,188.25,1004,1043,19.45,66.41,0,1.44,16.05.2024 16:13:12
2,187.88,1002,1043,19.41,66.44,0,1.42,16.05.2024 16:13:14
2,193.69,1033,1042,19.41,66.40,0,1.91,16.05.2024 16:13:16
2,193.88,1034,1043,19.42,66.42,0,1.92,16.05.2024 16:13:18
2,190.69,1017,1043,19.41,66.44,0,1.65,16.05.2024 16:13:20
2,189.56,1011,1043,19.42,66.41,0,1.56,16.05.2024 16:13:22
2,189.56,1011,1043,19.42,66.43,0,1.55,16.05.2024 16:13:25
2,191.25,1020,1043,19.41,66.42,0,1.70,16.05.2024 16:13:27
2,194.81,1039,1043,19.44,66.43,0,2.00,16.05.2024 16:13:29
2,191.06,1019,1043,19.41,66.43,0,1.68,16.05.2024 16:13:33
2,192.94,1029,1043,19.41,66.44,0,1.84,16.05.2024 16:13:35
2,188.44,1005,1044,19.41,66.45,0,1.46,16.05.2024 16:13:37
2,193.31,1031,1043,19.42,66.45,0,1.87,16.05.2024 16:13:39
2,190.69,1017,1043,19.41,66.45,0,1.65,16.05.2024 16:13:41
2,192.00,1024,1042,19.44,66.46,0,1.75,16.05.2024 16:13:43
2,190.50,1016,1042,19.39,66.41,0,1.64,16.05.2024 16:13:46
2,188.44,1005,1042,19.41,66.44,0,1.47,16.05.2024 16:13:48
2,190.50,1016,1042,19.37,66.41,0,1.65,16.05.2024 16:13:50
2,189.38,1010,1042,19.39,66.46,0,1.55,16.05.2024 16:13:52
2,190.88,1018,1042,19.37,66.41,0,1.68,16.05.2024 16:13:54
2,185.63,990,1042,19.38,66.45,0,1.25,16.05.2024 16:13:56
2,189.38,1010,1041,19.38,66.40,0,1.55,16.05.2024 16:13:58
0,186.94,997,1042,19.41,66.45,0,1.34,16.05.2024 16:14:00
0,186.38,994,1042,19.38,66.44,0,1.31,16.05.2024 16:14:03
0,188.06,1003,1042,19.38,66.41,0,1.45,16.05.2024 16:14:05
0,187.69,1001,1041,19.38,66.43,0,1.41,16.05.2024 16:14:07
0,190.31,1015,1041,19.38,66.43,0,1.63,16.05.2024 16:14:09
0,189.56,1011,1041,19.39,66.41,0,1.56,16.05.2024 16:14:11
0,192.75,1028,1042,19.38,66.44,0,1.84,16.05.2024 16:14:13
0,189.75,1012,1042,19.38,66.43,0,1.58,16.05.2024 16:14:15
0,192.38,1026,1042,19.37,66.46,0,1.81,16.05.2024 16:14:17
0,190.50,1016,1042,19.37,66.45,0,1.65,16.05.2024 16:14:19
0,191.81,1023,1042,19.39,66.43,0,1.75,16.05.2024 16:14:22
0,189.00,1008,1042,19.37,66.45,0,1.52,16.05.2024 16:14:24
0,192.19,1025,1042,19.39,66.46,0,1.78,16.05.2024 16:14:26
0,192.38,1026,1043,19.35,66.44,0,1.81,16.05.2024 16:14:28
0,191.44,1021,1043,19.38,66.41,0,1.73,16.05.2024 16:14:30
0,190.88,1018,1043,19.39,66.46,0,1.67,16.05.2024 16:14:32
0,194.81,1039,1044,19.35,66.44,0,2.03,16.05.2024 16:14:34
0,186.00,992,1044,19.37,66.43,0,1.29,16.05.2024 16:14:36
0,191.06,1019,1045,19.37,66.45,0,1.70,16.05.2024 16:14:39
0,189.75,1012,1044,19.37,66.43,0,1.59,16.05.2024 16:14:41
0,189.00,1008,1044,19.35,66.44,0,1.53,16.05.2024 16:14:43
0,189.00,1008,1045,19.35,66.46,0,1.53,16.05.2024 16:14:45
0,190.88,1018,1045,19.35,66.43,0,1.69,16.05.2024 16:14:47
0,190.69,1017,1045,19.37,66.44,0,1.66,16.05.2024 16:14:49
0,191.06,1019,1045,19.35,66.42,0,1.70,16.05.2024 16:14:51
0,191.63,1022,1045,19.35,66.44,0,1.75,16.05.2024 16:14:53
0,194.06,1035,1045,19.37,66.45,0,1.95,16.05.2024 16:14:55
0,193.88,1034,1045,19.34,66.43,0,1.95,16.05.2024 16:14:58
0,193.50,1032,1045,19.37,66.46,0,1.90,16.05.2024 16:15:00
0,193.13,1030,1045,19.34,66.46,0,1.88,16.05.2024 16:15:02
0,194.25,1036,1045,19.34,66.43,0,1.98,16.05.2024 16:15:04
0,192.00,1024,1045,19.35,66.45,0,1.78,16.05.2024 16:15:06
0,190.13,1014,1045,19.34,66.46,0,1.63,16.05.2024 16:15:08
0,194.06,1035,1046,19.31,66.47,0,1.97,16.05.2024 16:15:10
0,191.25,1020,1046,19.35,66.49,0,1.71,16.05.2024 16:15:12
0,189.75,1012,1045,19.35,66.47,0,1.59,16.05.2024 16:15:15
0,192.38,1026,1045,19.34,66.47,0,1.81,16.05.2024 16:15:17
0,191.63,1022,1046,19.34,66.46,0,1.75,16.05.2024 16:15:19
0,191.81,1023,1046,19.34,66.47,0,1.77,16.05.2024 16:15:21
0,190.69,1017,1045,19.34,66.46,0,1.67,16.05.2024 16:15:23
0,191.81,1023,1045,19.34,66.47,0,1.77,16.05.2024 16:15:25
0,191.63,1022,1045,19.33,66.44,0,1.76,16.05.2024 16:15:27
0,191.63,1022,1045,19.33,66.45,0,1.76,16.05.2024 16:15:29
0,189.94,1013,1045,19.31,66.45,0,1.62,16.05.2024 16:15:31
0,191.63,1022,1046,19.34,66.47,0,1.75,16.05.2024 16:15:34
0,192.19,1025,1046,19.33,66.47,0,1.80,16.05.2024 16:15:36
0,190.13,1014,1046,19.33,66.45,0,1.63,16.05.2024 16:15:38
0,194.25,1036,1046,19.34,66.46,0,1.98,16.05.2024 16:15:40
0,192.56,1027,1046,19.28,66.45,0,1.85,16.05.2024 16:15:43
0,191.63,1022,1046,19.33,66.45,0,1.76,16.05.2024 16:15:45
0,190.69,1017,1047,19.31,66.48,0,1.68,16.05.2024 16:15:47
0,193.13,1030,1047,19.31,66.45,0,1.89,16.05.2024 16:15:49
0,192.38,1026,1048,19.33,66.46,0,1.82,16.05.2024 16:15:51
0,195.19,1041,1047,19.31,66.49,0,2.07,16.05.2024 16:15:53
0,195.94,1045,1047,19.31,66.45,0,2.14,16.05.2024 16:15:55
0,194.25,1036,1048,19.33,66.45,0,1.98,16.05.2024 16:15:57
0,193.13,1030,1048,19.31,66.47,0,1.89,16.05.2024 16:15:59
0,189.38,1010,1048,19.31,66.46,0,1.57,16.05.2024 16:16:02
0,192.94,1029,1048,19.28,66.42,0,1.89,16.05.2024 16:16:04
0,192.19,1025,1047,19.30,66.47,0,1.81,16.05.2024 16:16:06
0,191.81,1023,1048,19.31,66.48,0,1.78,16.05.2024 16:16:08
0,191.06,1019,1048,19.31,66.49,0,1.71,16.05.2024 16:16:10
0,187.50,1000,1047,19.31,66.47,0,1.42,16.05.2024 16:16:12
0,192.56,1027,1047,19.31,66.46,0,1.84,16.05.2024 16:16:14
0,192.00,1024,1047,19.31,66.45,0,1.79,16.05.2024 16:16:16
0,191.81,1023,1048,19.31,66.50,0,1.77,16.05.2024 16:16:19
0,190.88,1018,1048,19.30,66.50,0,1.70,16.05.2024 16:16:21
0,188.63,1006,1048,19.30,66.50,0,1.51,16.05.2024 16:16:23
0,187.31,999,1048,19.28,66.51,0,1.41,16.05.2024 16:16:25
0,190.88,1018,1048,19.28,66.47,0,1.71,16.05.2024 16:16:27
0,189.94,1013,1049,19.28,66.47,0,1.63,16.05.2024 16:16:29
0,192.38,1026,1049,19.28,66.47,0,1.83,16.05.2024 16:16:31
0,191.44,1021,1048,19.31,66.49,0,1.74,16.05.2024 16:16:33
0,189.94,1013,1048,19.31,66.49,0,1.62,16.05.2024 16:16:35
0,190.69,1017,1048,19.28,66.50,0,1.69,16.05.2024 16:16:38
0,189.00,1008,1048,19.26,66.47,0,1.56,16.05.2024 16:16:40
0,189.56,1011,1048,19.28,66.48,0,1.60,16.05.2024 16:16:42
0,188.81,1007,1048,19.27,66.49,0,1.54,16.05.2024 16:16:44
0,192.19,1025,1049,19.28,66.47,0,1.82,16.05.2024 16:16:46
0,191.25,1020,1049,19.27,66.47,0,1.74,16.05.2024 16:16:48
0,190.13,1014,1049,19.27,66.48,0,1.65,16.05.2024 16:16:50
0,189.94,1013,1049,19.27,66.46,0,1.63,16.05.2024 16:16:52
0,193.31,1031,1049,19.26,66.48,0,1.92,16.05.2024 16:16:55
0,189.75,1012,1049,19.28,66.48,0,1.61,16.05.2024 16:16:57
0,188.25,1004,1049,19.27,66.49,0,1.49,16.05.2024 16:16:59
0,190.31,1015,1049,19.27,66.49,0,1.66,16.05.2024 16:17:01
0,187.31,999,1049,19.26,66.48,0,1.42,16.05.2024 16:17:05
0,188.25,1004,1048,19.27,66.46,0,1.49,16.05.2024 16:17:07
0,189.94,1013,1049,19.27,66.47,0,1.63,16.05.2024 16:17:09
0,189.38,1010,1049,19.27,66.50,0,1.58,16.05.2024 16:17:11
0,190.31,1015,1049,19.26,66.49,0,1.67,16.05.2024 16:17:13
0,188.06,1003,1049,19.26,66.49,0,1.48,16.05.2024 16:17:16
0,188.81,1007,1049,19.24,66.51,0,1.55,16.05.2024 16:17:18
0,187.31,999,1049,19.24,66.51,0,1.42,16.05.2024 16:17:20
0,189.56,1011,1049,19.24,66.54,0,1.60,16.05.2024 16:17:22
0,185.06,987,1048,19.26,66.51,0,1.24,16.05.2024 16:17:24
0,187.31,999,1049,19.24,66.49,0,1.42,16.05.2024 16:17:26
0,188.81,1007,1049,19.26,66.48,0,1.54,16.05.2024 16:17:28
0,189.38,1010,1049,19.26,66.51,0,1.59,16.05.2024 16:17:30
0,185.63,990,1049,19.24,66.50,0,1.29,16.05.2024 16:17:33
0,186.56,995,1049,19.24,66.52,0,1.36,16.05.2024 16:17:35
0,186.00,992,1049,19.24,66.50,0,1.32,16.05.2024 16:17:37
0,186.56,995,1049,19.23,66.51,0,1.37,16.05.2024 16:17:39
0,185.44,989,1048,19.21,66.50,0,1.28,16.05.2024 16:17:41
0,191.44,1021,1048,19.24,66.52,0,1.76,16.05.2024 16:17:43
0,193.31,1031,1048,19.26,66.48,0,1.92,16.05.2024 16:17:45
0,191.44,1021,1048,19.23,66.53,0,1.77,16.05.2024 16:17:47
0,196.13,1046,1048,19.23,66.51,0,2.18,16.05.2024 16:17:49
0,191.06,1019,1048,19.26,66.51,0,1.73,16.05.2024 16:17:52
0,189.56,1011,1049,19.23,66.49,0,1.61,16.05.2024 16:17:54
0,191.81,1023,1049,19.26,66.53,0,1.79,16.05.2024 16:17:56
0,190.13,1014,1049,19.21,66.50,0,1.66,16.05.2024 16:17:58
0,192.00,1024,1049,19.23,66.47,0,1.82,16.05.2024 16:18:00
0,194.81,1039,1049,19.23,66.51,0,2.06,16.05.2024 16:18:02
0,192.75,1028,1049,19.23,66.51,0,1.88,16.05.2024 16:18:04
0,193.69,1033,1050,19.23,66.49,0,1.97,16.05.2024 16:18:06
0,190.50,1016,1050,19.23,66.50,0,1.69,16.05.2024 16:18:09
0,186.94,997,1050,19.21,66.53,0,1.40,16.05.2024 16:18:11
0,191.44,1021,1050,19.20,66.52,0,1.78,16.05.2024 16:18:13
0,190.88,1018,1050,19.23,66.51,0,1.72,16.05.2024 16:18:15
0,193.69,1033,1050,19.23,66.51,0,1.96,16.05.2024 16:18:17
0,190.69,1017,1050,19.24,66.51,0,1.70,16.05.2024 16:18:19
0,188.06,1003,1050,19.21,66.49,0,1.49,16.05.2024 16:18:21
0,188.63,1006,1050,19.21,66.51,0,1.54,16.05.2024 16:18:23
0,189.75,1012,1049,19.20,66.52,0,1.64,16.05.2024 16:18:25
0,191.63,1022,1049,19.21,66.51,0,1.79,16.05.2024 16:18:28
0,191.44,1021,1050,19.21,66.53,0,1.77,16.05.2024 16:18:30
0,193.31,1031,1050,19.21,66.51,0,1.94,16.05.2024 16:18:32
0,192.38,1026,1050,19.18,66.54,0,1.86,16.05.2024 16:18:34
0,189.56,1011,1050,19.18,66.52,0,1.62,16.05.2024 16:18:36
0,194.44,1037,1050,19.18,66.53,0,2.04,16.05.2024 16:18:38
0,191.81,1023,1050,19.20,66.51,0,1.81,16.05.2024 16:18:40
0,189.56,1011,1050,19.20,66.50,0,1.62,16.05.2024 16:18:42
0,192.75,1028,1050,19.18,66.51,0,1.90,16.05.2024 16:18:45
0,190.13,1014,1049,19.20,66.49,0,1.67,16.05.2024 16:18:47
0,188.63,1006,1050,19.18,66.52,0,1.55,16.05.2024 16:18:49
0,192.00,1024,1050,19.18,66.51,0,1.83,16.05.2024 16:18:51
0,190.13,1014,1050,19.21,66.53,0,1.66,16.05.2024 16:18:53
0,190.50,1016,1050,19.18,66.54,0,1.70,16.05.2024 16:18:55
0,189.75,1012,1050,19.18,66.51,0,1.64,16.05.2024 16:18:57
0,187.69,1001,1050,19.18,66.50,0,1.47,16.05.2024 16:18:59
0,188.06,1003,1050,19.20,66.48,0,1.50,16.05.2024 16:19:01
0,191.06,1019,1050,19.18,66.53,0,1.75,16.05.2024 16:19:04
0,186.19,993,1050,19.15,66.50,0,1.36,16.05.2024 16:19:06
0,188.44,1005,1050,19.17,66.53,0,1.54,16.05.2024 16:19:08
0,186.94,997,1050,19.15,66.53,0,1.42,16.05.2024 16:19:10
0,190.13,1014,1050,19.17,66.52,0,1.68,16.05.2024 16:19:12
0,188.06,1003,1050,19.17,66.53,0,1.51,16.05.2024 16:19:14
0,190.31,1015,1051,19.17,66.53,0,1.69,16.05.2024 16:19:16
0,187.31,999,1050,19.17,66.54,0,1.44,16.05.2024 16:19:18
0,189.94,1013,1050,19.17,66.58,0,1.66,16.05.2024 16:19:21
0,189.00,1008,1050,19.15,66.52,0,1.59,16.05.2024 16:19:23
0,190.31,1015,1050,19.17,66.53,0,1.69,16.05.2024 16:19:25
0,191.81,1023,1050,19.17,66.53,0,1.82,16.05.2024 16:19:27
0,190.50,1016,1050,19.15,66.51,0,1.71,16.05.2024 16:19:29
0,189.75,1012,1050,19.17,66.55,0,1.64,16.05.2024 16:19:31
0,191.06,1019,1051,19.17,66.55,0,1.75,16.05.2024 16:19:33
0,190.31,1015,1050,19.14,66.54,0,1.70,16.05.2024 16:19:35
0,190.69,1017,1050,19.15,66.52,0,1.73,16.05.2024 16:19:37
0,189.19,1009,1050,19.17,66.54,0,1.60,16.05.2024 16:19:40
0,186.56,995,1050,19.15,66.52,0,1.39,16.05.2024 16:19:42
0,191.25,1020,1050,19.17,66.54,0,1.77,16.05.2024 16:19:44
0,188.25,1004,1049,19.14,66.54,0,1.53,16.05.2024 16:19:46
0,183.56,979,1049,19.15,66.54,0,1.15,16.05.2024 16:19:48
0,192.19,1025,1050,19.13,66.55,0,1.86,16.05.2024 16:19:50
0,189.56,1011,1050,19.14,66.55,0,1.64,16.05.2024 16:19:52
0,186.19,993,1050,19.15,66.56,0,1.35,16.05.2024 16:19:54
0,188.25,1004,1050,19.14,66.54,0,1.53,16.05.2024 16:19:59
0,188.63,1006,1051,19.14,66.53,0,1.56,16.05.2024 16:20:01
0,187.88,1002,1052,19.17,66.55,0,1.49,16.05.2024 16:20:03
0,187.31,999,1051,19.15,66.56,0,1.45,16.05.2024 16:20:05
0,184.88,986,1051,19.14,66.56,0,1.26,16.05.2024 16:20:07
0,185.06,987,1051,19.11,66.60,0,1.28,16.05.2024 16:20:09
0,183.38,978,1050,19.13,66.57,0,1.14,16.05.2024 16:20:11
0,189.38,1010,1052,19.14,66.55,0,1.62,16.05.2024 16:20:13
0,186.00,992,1052,19.15,66.56,0,1.34,16.05.2024 16:20:15
0,186.38,994,1052,19.13,66.58,0,1.38,16.05.2024 16:20:18
0,183.19,977,1051,19.14,66.56,0,1.12,16.05.2024 16:20:20
0,186.00,992,1051,19.11,66.56,0,1.35,16.05.2024 16:20:22
0,186.56,995,1051,19.11,66.58,0,1.40,16.05.2024 16:20:24
0,188.25,1004,1050,19.14,66.59,0,1.52,16.05.2024 16:20:26
0,187.13,998,1050,19.10,66.57,0,1.45,16.05.2024 16:20:28
0,186.56,995,1050,19.11,66.56,0,1.40,16.05.2024 16:20:30
0,187.69,1001,1050,19.11,66.58,0,1.49,16.05.2024 16:20:32
0,186.94,997,1050,19.11,66.60,0,1.43,16.05.2024 16:20:35
0,186.56,995,1050,19.11,66.60,0,1.40,16.05.2024 16:20:37
0,187.50,1000,1050,19.13,66.62,0,1.47,16.05.2024 16:20:39
0,185.06,987,1050,19.08,66.59,0,1.29,16.05.2024 16:20:41
0,189.00,1008,1051,19.11,66.58,0,1.60,16.05.2024 16:20:43
0,187.69,1001,1051,19.13,66.58,0,1.48,16.05.2024 16:20:45
0,191.25,1020,1050,19.08,66.58,0,1.80,16.05.2024 16:20:47
0,189.19,1009,1050,19.10,66.59,0,1.62,16.05.2024 16:20:49
0,191.06,1019,1051,19.10,66.59,0,1.77,16.05.2024 16:20:52
0,188.81,1007,1051,19.08,66.58,0,1.59,16.05.2024 16:20:54
0,190.50,1016,1052,19.11,66.62,0,1.72,16.05.2024 16:20:56
0,192.00,1024,1052,19.10,66.59,0,1.86,16.05.2024 16:20:58
0,189.94,1013,1052,19.10,66.60,0,1.68,16.05.2024 16:21:00
0,187.31,999,1052,19.08,66.59,0,1.47,16.05.2024 16:21:02
0,190.13,1014,1052,19.10,66.59,0,1.69,16.05.2024 16:21:04
0,187.88,1002,1053,19.11,66.62,0,1.50,16.05.2024 16:21:06
0,188.63,1006,1052,19.10,66.62,0,1.57,16.05.2024 16:21:08
0,190.50,1016,1052,19.08,66.61,0,1.73,16.05.2024 16:21:11
0,189.56,1011,1052,19.08,66.61,0,1.65,16.05.2024 16:21:13
0,192.38,1026,1052,19.08,66.61,0,1.89,16.05.2024 16:21:15
0,193.13,1030,1052,19.07,66.64,0,1.96,16.05.2024 16:21:17
0,187.88,1002,1053,19.08,66.61,0,1.51,16.05.2024 16:21:19
0,187.13,998,1053,19.08,66.62,0,1.45,16.05.2024 16:21:21
0,189.94,1013,1052,19.07,66.62,0,1.69,16.05.2024 16:21:23
0,188.06,1003,1052,19.08,66.61,0,1.53,16.05.2024 16:21:25
0,190.50,1016,1053,19.10,66.64,0,1.72,16.05.2024 16:21:28
0,188.06,1003,1053,19.08,66.62,0,1.52,16.05.2024 16:21:30
0,189.56,1011,1053,19.08,66.64,0,1.65,16.05.2024 16:21:32
0,188.06,1003,1053,19.07,66.60,0,1.53,16.05.2024 16:21:34
0,187.50,1000,1053,19.07,66.61,0,1.48,16.05.2024 16:21:36
0,190.69,1017,1053,19.06,66.59,0,1.76,16.05.2024 16:21:38
0,188.06,1003,1052,19.07,66.63,0,1.53,16.05.2024 16:21:40
0,188.81,1007,1052,19.07,66.65,0,1.59,16.05.2024 16:21:42
0,191.25,1020,1052,19.06,66.62,0,1.80,16.05.2024 16:21:45
0,189.75,1012,1053,19.08,66.63,0,1.66,16.05.2024 16:21:47
0,189.56,1011,1052,19.04,66.63,0,1.66,16.05.2024 16:21:49
0,188.63,1006,1052,19.04,66.64,0,1.58,16.05.2024 16:21:51
0,191.63,1022,1051,19.06,66.62,0,1.83,16.05.2024 16:21:53
0,187.13,998,1051,19.06,66.64,0,1.46,16.05.2024 16:21:55
0,186.75,996,1052,19.06,66.62,0,1.43,16.05.2024 16:21:57
0,190.13,1014,1051,19.06,66.67,0,1.70,16.05.2024 16:21:59
0,190.50,1016,1052,19.06,66.67,0,1.73,16.05.2024 16:22:01
0,189.94,1013,1052,19.07,66.65,0,1.68,16.05.2024 16:22:04
0,190.88,1018,1052,19.06,66.67,0,1.77,16.05.2024 16:22:06
0,187.88,1002,1052,19.06,66.66,0,1.52,16.05.2024 16:22:08
0,187.69,1001,1052,19.03,66.66,0,1.51,16.05.2024 16:22:10
0,189.00,1008,1052,19.04,66.62,0,1.62,16.05.2024 16:22:12
0,190.13,1014,1052,19.06,66.65,0,1.70,16.05.2024 16:22:14
0,189.00,1008,1052,19.03,66.64,0,1.62,16.05.2024 16:22:16
0,190.50,1016,1051,19.04,66.67,0,1.74,16.05.2024 16:22:18
0,189.19,1009,1052,19.04,66.65,0,1.63,16.05.2024 16:22:21
0,188.44,1005,1051,19.01,66.67,0,1.57,16.05.2024 16:22:23
0,192.38,1026,1052,19.06,66.62,0,1.90,16.05.2024 16:22:25
0,190.31,1015,1051,19.06,66.68,0,1.72,16.05.2024 16:22:27
0,188.06,1003,1051,19.04,66.65,0,1.54,16.05.2024 16:22:29
0,183.94,981,1051,19.03,66.64,0,1.21,16.05.2024 16:22:31
0,188.06,1003,1051,19.03,66.67,0,1.54,16.05.2024 16:22:33
0,190.50,1016,1051,19.04,66.65,0,1.74,16.05.2024 16:22:35
0,186.00,992,1051,19.03,66.65,0,1.37,16.05.2024 16:22:38
0,188.44,1005,1052,19.03,66.65,0,1.57,16.05.2024 16:22:40
0,188.06,1003,1051,19.03,66.65,0,1.54,16.05.2024 16:22:42
0,187.13,998,1052,19.03,66.66,0,1.46,16.05.2024 16:22:44
0,188.06,1003,1051,19.03,66.66,0,1.54,16.05.2024 16:22:46
0,190.13,1014,1052,19.04,66.67,0,1.71,16.05.2024 16:22:48
0,186.00,992,1052,19.04,66.67,0,1.37,16.05.2024 16:22:50
0,189.19,1009,1052,19.00,66.66,0,1.64,16.05.2024 16:22:52
0,188.06,1003,1052,19.06,66.70,0,1.53,16.05.2024 16:22:54
0,189.19,1009,1052,19.03,66.66,0,1.63,16.05.2024 16:22:57
0,190.50,1016,1051,19.01,66.65,0,1.75,16.05.2024 16:22:59
0,186.75,996,1051,19.01,66.66,0,1.44,16.05.2024 16:23:01
0,185.44,989,1051,19.01,66.67,0,1.33,16.05.2024 16:23:05
0,186.75,996,1051,19.00,66.69,0,1.44,16.05.2024 16:23:07
0,188.81,1007,1052,19.03,66.66,0,1.60,16.05.2024 16:23:09
0,190.50,1016,1052,19.01,66.64,0,1.75,16.05.2024 16:23:11
0,186.56,995,1052,19.01,66.67,0,1.42,16.05.2024 16:23:13
0,186.00,992,1052,18.98,66.66,0,1.38,16.05.2024 16:23:16
0,184.31,983,1052,19.01,66.65,0,1.24,16.05.2024 16:23:18
0,188.63,1006,1052,19.01,66.67,0,1.59,16.05.2024 16:23:20
0,184.88,986,1051,19.01,66.70,0,1.28,16.05.2024 16:23:22
0,184.13,982,1052,19.00,66.64,0,1.23,16.05.2024 16:23:24
0,188.25,1004,1052,18.98,66.67,0,1.57,16.05.2024 16:23:26
0,185.44,989,1052,19.01,66.70,0,1.33,16.05.2024 16:23:28
0,186.75,996,1051,19.00,66.66,0,1.44,16.05.2024 16:23:30
0,185.63,990,1052,18.98,66.67,0,1.35,16.05.2024 16:23:33
0,184.13,982,1052,19.00,66.68,0,1.23,16.05.2024 16:23:35
0,183.94,981,1052,19.00,66.66,0,1.22,16.05.2024 16:23:37
0,184.13,982,1052,18.97,66.69,0,1.24,16.05.2024 16:23:39
0,186.38,994,1053,19.00,66.69,0,1.41,16.05.2024 16:23:41
0,189.00,1008,1053,19.00,66.70,0,1.62,16.05.2024 16:23:43
0,183.56,979,1052,18.98,66.67,0,1.19,16.05.2024 16:23:45
0,188.44,1005,1052,18.98,66.70,0,1.58,16.05.2024 16:23:47
0,187.31,999,1052,18.96,66.67,0,1.50,16.05.2024 16:23:49
0,189.56,1011,1052,19.00,66.67,0,1.67,16.05.2024 16:23:52
0,190.88,1018,1052,18.97,66.66,0,1.79,16.05.2024 16:23:54
0,186.19,993,1052,18.98,66.67,0,1.40,16.05.2024 16:23:56
0,192.00,1024,1052,18.96,66.69,0,1.89,16.05.2024 16:23:58
0,188.63,1006,1051,19.00,66.68,0,1.59,16.05.2024 16:24:00
0,187.50,1000,1052,18.98,66.67,0,1.51,16.05.2024 16:24:02
0,189.19,1009,1051,18.97,66.68,0,1.65,16.05.2024 16:24:04
0,188.63,1006,1051,18.97,66.71,0,1.60,16.05.2024 16:24:06
0,192.56,1027,1051,19.01,66.71,0,1.92,16.05.2024 16:24:09
0,187.13,998,1050,18.94,66.69,0,1.49,16.05.2024 16:24:11
0,189.38,1010,1051,18.97,66.70,0,1.66,16.05.2024 16:24:13
0,192.00,1024,1051,18.96,66.74,0,1.89,16.05.2024 16:24:15
0,188.81,1007,1052,18.98,66.69,0,1.61,16.05.2024 16:24:17
0,187.88,1002,1052,18.96,66.70,0,1.54,16.05.2024 16:24:19
0,187.88,1002,1051,18.97,66.70,0,1.54,16.05.2024 16:24:21
0,190.69,1017,1051,18.96,66.68,0,1.78,16.05.2024 16:24:23
0,190.69,1017,1051,18.98,66.70,0,1.77,16.05.2024 16:24:25
0,186.19,993,1051,18.96,66.72,0,1.40,16.05.2024 16:24:28
0,190.88,1018,1051,18.96,66.69,0,1.80,16.05.2024 16:24:30
0,188.06,1003,1051,18.94,66.69,0,1.56,16.05.2024 16:24:32
0,188.81,1007,1051,18.97,66.74,0,1.61,16.05.2024 16:24:34
0,190.69,1017,1049,18.93,66.73,0,1.79,16.05.2024 16:24:36
0,188.44,1005,1050,18.96,66.73,0,1.59,16.05.2024 16:24:38
0,190.13,1014,1050,18.96,66.76,0,1.73,16.05.2024 16:24:40
0,187.69,1001,1051,18.94,66.74,0,1.53,16.05.2024 16:24:42
0,188.63,1006,1051,18.96,66.74,0,1.60,16.05.2024 16:24:45
0,186.75,996,1051,18.91,66.76,0,1.46,16.05.2024 16:24:47
0,191.63,1022,1051,18.93,66.72,0,1.87,16.05.2024 16:24:49
0,188.25,1004,1051,18.94,66.75,0,1.58,16.05.2024 16:24:51
0,190.88,1018,1051,18.94,66.74,0,1.80,16.05.2024 16:24:53
0,189.19,1009,1051,18.94,66.76,0,1.65,16.05.2024 16:24:55
0,188.81,1007,1051,18.94,66.78,0,1.62,16.05.2024 16:24:57
0,192.00,1024,1051,18.93,66.74,0,1.90,16.05.2024 16:24:59
0,185.44,989,1050,18.93,66.74,0,1.35,16.05.2024 16:25:02
0,192.19,1025,1051,18.91,66.75,0,1.92,16.05.2024 16:25:04
0,188.06,1003,1051,18.91,66.72,0,1.57,16.05.2024 16:25:06
0,191.06,1019,1052,18.93,66.72,0,1.82,16.05.2024 16:25:08
0,190.50,1016,1052,18.94,66.78,0,1.76,16.05.2024 16:25:10
0,187.50,1000,1053,18.94,66.75,0,1.51,16.05.2024 16:25:12
0,185.81,991,1053,18.93,66.72,0,1.38,16.05.2024 16:25:14
0,190.88,1018,1052,18.93,66.79,0,1.80,16.05.2024 16:25:16
0,186.00,992,1053,18.93,66.76,0,1.39,16.05.2024 16:25:18
0,190.13,1014,1053,18.93,66.76,0,1.74,16.05.2024 16:25:21
0,188.44,1005,1053,18.93,66.76,0,1.59,16.05.2024 16:25:23
0,188.63,1006,1053,18.90,66.72,0,1.62,16.05.2024 16:25:25
0,187.88,1002,1053,18.93,66.74,0,1.55,16.05.2024 16:25:27
0,186.19,993,1053,18.91,66.77,0,1.41,16.05.2024 16:25:29
0,188.63,1006,1052,18.91,66.77,0,1.61,16.05.2024 16:25:31
0,187.50,1000,1053,18.93,66.76,0,1.52,16.05.2024 16:25:33
0,187.88,1002,1053,18.90,66.75,0,1.56,16.05.2024 16:25:35
0,186.94,997,1053,18.91,66.77,0,1.47,16.05.2024 16:25:38
0,185.44,989,1053,18.88,66.74,0,1.36,16.05.2024 16:25:40
0,186.00,992,1052,18.90,66.77,0,1.40,16.05.2024 16:25:42
0,192.56,1027,1051,18.87,66.78,0,1.97,16.05.2024 16:25:44
0,189.38,1010,1051,18.91,66.73,0,1.68,16.05.2024 16:25:46
0,187.88,1002,1052,18.93,66.77,0,1.55,16.05.2024 16:25:48
0,188.06,1003,1052,18.90,66.75,0,1.57,16.05.2024 16:25:50
0,186.94,997,1052,18.90,66.75,0,1.48,16.05.2024 16:25:52
0,191.06,1019,1052,18.91,66.75,0,1.82,16.05.2024 16:25:55
0,187.88,1002,1052,18.91,66.79,0,1.55,16.05.2024 16:25:57
0,187.13,998,1052,18.90,66.76,0,1.49,16.05.2024 16:25:59
0,188.81,1007,1053,18.90,66.78,0,1.63,16.05.2024 16:26:01
0,186.56,995,1053,18.88,66.77,0,1.45,16.05.2024 16:26:03
0,186.56,995,1054,18.90,66.78,0,1.45,16.05.2024 16:26:05
0,188.63,1006,1054,18.90,66.80,0,1.62,16.05.2024 16:26:07
0,187.13,998,1054,18.90,66.77,0,1.49,16.05.2024 16:26:11
0,188.44,1005,1055,18.90,66.77,0,1.60,16.05.2024 16:26:13
0,187.31,999,1055,18.91,66.77,0,1.50,16.05.2024 16:26:16
0,186.56,995,1055,18.90,66.74,0,1.45,16.05.2024 16:26:18
0,186.94,997,1055,18.88,66.78,0,1.48,16.05.2024 16:26:20
0,188.63,1006,1055,18.88,66.80,0,1.62,16.05.2024 16:26:22
0,183.00,976,1055,18.87,66.80,0,1.17,16.05.2024 16:26:24
0,183.38,978,1055,18.90,66.78,0,1.19,16.05.2024 16:26:26
0,184.88,986,1055,18.88,66.78,0,1.32,16.05.2024 16:26:28
0,186.75,996,1056,18.86,66.78,0,1.48,16.05.2024 16:26:30
0,187.31,999,1056,18.88,66.77,0,1.51,16.05.2024 16:26:33
0,185.06,987,1056,18.87,66.78,0,1.34,16.05.2024 16:26:35
0,183.94,981,1055,18.88,66.76,0,1.24,16.05.2024 16:26:37
0,183.94,981,1055,18.87,66.80,0,1.24,16.05.2024 16:26:39
0,187.13,998,1056,18.90,66.77,0,1.49,16.05.2024 16:26:41
0,190.50,1016,1055,18.90,66.79,0,1.78,16.05.2024 16:26:43
0,184.69,985,1054,18.87,66.77,0,1.31,16.05.2024 16:26:45
0,183.75,980,1053,18.87,66.78,0,1.23,16.05.2024 16:26:47
0,185.81,991,1053,18.86,66.77,0,1.40,16.05.2024 16:26:50
0,186.00,992,1054,18.87,66.82,0,1.41,16.05.2024 16:26:52
0,189.19,1009,1054,18.86,66.77,0,1.68,16.05.2024 16:26:54
0,187.88,1002,1053,18.87,66.80,0,1.56,16.05.2024 16:26:56
0,187.50,1000,1053,18.87,66.77,0,1.53,16.05.2024 16:26:58
0,191.63,1022,1053,18.87,66.80,0,1.88,16.05.2024 16:27:00
0,185.44,989,1052,18.87,66.80,0,1.36,16.05.2024 16:27:02
0,190.88,1018,1052,18.86,66.76,0,1.82,16.05.2024 16:27:04
0,190.31,1015,1052,18.88,66.79,0,1.76,16.05.2024 16:27:06
0,188.25,1004,1052,18.86,66.78,0,1.60,16.05.2024 16:27:09
0,189.75,1012,1052,18.84,66.78,0,1.73,16.05.2024 16:27:11
0,190.50,1016,1052,18.87,66.83,0,1.78,16.05.2024 16:27:13
0,188.44,1005,1053,18.86,66.79,0,1.61,16.05.2024 16:27:15
0,187.69,1001,1053,18.86,66.79,0,1.55,16.05.2024 16:27:17
0,187.13,998,1053,18.86,66.79,0,1.51,16.05.2024 16:27:19
0,188.81,1007,1053,18.84,66.79,0,1.65,16.05.2024 16:27:21
0,192.94,1029,1053,18.87,66.78,0,2.00,16.05.2024 16:27:23
0,190.13,1014,1053,18.86,66.82,0,1.75,16.05.2024 16:27:26
0,190.31,1015,1053,18.84,66.77,0,1.78,16.05.2024 16:27:28
0,189.56,1011,1053,18.83,66.80,0,1.72,16.05.2024 16:27:30
0,183.00,976,1053,18.84,66.78,0,1.18,16.05.2024 16:27:32
0,189.75,1012,1053,18.82,66.78,0,1.74,16.05.2024 16:27:34
0,190.69,1017,1053,18.84,66.78,0,1.81,16.05.2024 16:27:36
0,187.13,998,1053,18.83,66.83,0,1.51,16.05.2024 16:27:38
0,185.25,988,1052,18.83,66.78,0,1.36,16.05.2024 16:27:40
0,187.50,1000,1051,18.83,66.78,0,1.55,16.05.2024 16:27:43
0,189.19,1009,1052,18.84,66.79,0,1.68,16.05.2024 16:27:45
0,187.88,1002,1053,18.83,66.80,0,1.58,16.05.2024 16:27:47
0,191.06,1019,1052,18.83,66.82,0,1.85,16.05.2024 16:27:49
0,186.38,994,1052,18.83,66.84,0,1.45,16.05.2024 16:27:51
0,191.06,1019,1052,18.84,66.75,0,1.85,16.05.2024 16:27:53
0,190.50,1016,1052,18.83,66.79,0,1.80,16.05.2024 16:27:55
0,192.75,1028,1052,18.87,66.78,0,1.98,16.05.2024 16:27:57
0,188.44,1005,1052,18.82,66.81,0,1.63,16.05.2024 16:27:59
0,192.00,1024,1052,18.82,66.78,0,1.94,16.05.2024 16:28:02
0,189.75,1012,1051,18.82,66.77,0,1.74,16.05.2024 16:28:04
0,187.31,999,1052,18.83,66.80,0,1.53,16.05.2024 16:28:06
0,187.13,998,1052,18.80,66.78,0,1.52,16.05.2024 16:28:08
0,190.13,1014,1051,18.83,66.81,0,1.77,16.05.2024 16:28:10
0,191.06,1019,1051,18.82,66.74,0,1.86,16.05.2024 16:28:12
0,187.50,1000,1051,18.82,66.80,0,1.55,16.05.2024 16:28:14
0,188.81,1007,1052,18.80,66.77,0,1.67,16.05.2024 16:28:16
0,190.50,1016,1052,18.82,66.79,0,1.80,16.05.2024 16:28:19
0,189.56,1011,1052,18.80,66.78,0,1.73,16.05.2024 16:28:21
0,185.44,989,1052,18.82,66.83,0,1.38,16.05.2024 16:28:23
0,186.94,997,1052,18.80,66.79,0,1.51,16.05.2024 16:28:25
0,188.81,1007,1052,18.80,66.78,0,1.66,16.05.2024 16:28:27
0,189.56,1011,1052,18.80,66.79,0,1.73,16.05.2024 16:28:29
0,187.69,1001,1052,18.82,66.77,0,1.57,16.05.2024 16:28:31
0,186.56,995,1053,18.79,66.77,0,1.48,16.05.2024 16:28:33
0,186.75,996,1053,18.82,66.81,0,1.49,16.05.2024 16:28:36
0,187.69,1001,1053,18.79,66.77,0,1.58,16.05.2024 16:28:38
0,187.69,1001,1054,18.80,66.76,0,1.57,16.05.2024 16:28:40
0,188.06,1003,1053,18.80,66.76,0,1.60,16.05.2024 16:28:42
0,187.50,1000,1053,18.80,66.79,0,1.55,16.05.2024 16:28:44
0,187.13,998,1053,18.79,66.78,0,1.53,16.05.2024 16:28:46
0,190.31,1015,1053,18.80,66.75,0,1.79,16.05.2024 16:28:48
0,186.38,994,1053,18.82,66.76,0,1.46,16.05.2024 16:28:50
0,189.00,1008,1052,18.80,66.78,0,1.68,16.05.2024 16:28:52
0,191.06,1019,1053,18.79,66.73,0,1.87,16.05.2024 16:28:55
0,190.50,1016,1053,18.80,66.78,0,1.81,16.05.2024 16:28:57
0,188.06,1003,1052,18.80,66.76,0,1.60,16.05.2024 16:28:59
0,185.63,990,1052,18.76,66.78,0,1.41,16.05.2024 16:29:01
0,189.00,1008,1052,18.79,66.78,0,1.69,16.05.2024 16:29:03
0,185.25,988,1052,18.79,66.77,0,1.38,16.05.2024 16:29:05
0,186.38,994,1052,18.76,66.76,0,1.48,16.05.2024 16:29:07
0,185.81,991,1053,18.77,66.76,0,1.43,16.05.2024 16:29:09
0,188.25,1004,1053,18.79,66.82,0,1.62,16.05.2024 16:29:12
0,187.13,998,1053,18.76,66.77,0,1.54,16.05.2024 16:29:14
0,185.44,989,1053,18.79,66.79,0,1.39,16.05.2024 16:29:18
0,187.31,999,1053,18.77,66.76,0,1.55,16.05.2024 16:29:20
0,186.56,995,1053,18.79,66.77,0,1.48,16.05.2024 16:29:22
0,186.94,997,1053,18.76,66.79,0,1.52,16.05.2024 16:29:24
0,185.44,989,1053,18.77,66.75,0,1.40,16.05.2024 16:29:26
0,186.19,993,1052,18.76,66.76,0,1.46,16.05.2024 16:29:28
0,186.56,995,1053,18.77,66.75,0,1.49,16.05.2024 16:29:31
0,185.06,987,1052,18.76,66.80,0,1.37,16.05.2024 16:29:33
0,184.31,983,1052,18.77,66.76,0,1.31,16.05.2024 16:29:35
0,184.31,983,1052,18.76,66.79,0,1.31,16.05.2024 16:29:37
0,185.25,988,1052,18.76,66.77,0,1.38,16.05.2024 16:29:39
0,185.63,990,1053,18.76,66.78,0,1.41,16.05.2024 16:29:41
0,183.56,979,1053,18.74,66.80,0,1.25,16.05.2024 16:29:43
0,185.25,988,1053,18.77,66.76,0,1.38,16.05.2024 16:29:45
0,184.31,983,1053,18.74,66.76,0,1.31,16.05.2024 16:29:47
0,185.25,988,1053,18.79,66.77,0,1.38,16.05.2024 16:29:50
0,184.31,983,1053,18.74,66.73,0,1.32,16.05.2024 16:29:52
0,183.56,979,1053,18.74,66.76,0,1.26,16.05.2024 16:29:54
0,186.00,992,1053,18.79,66.81,0,1.43,16.05.2024 16:29:56
0,188.25,1004,1052,18.76,66.77,0,1.63,16.05.2024 16:29:58
0,188.06,1003,1053,18.73,66.78,0,1.62,16.05.2024 16:30:00
0,187.13,998,1053,18.74,66.75,0,1.54,16.05.2024 16:30:02
0,190.31,1015,1054,18.74,66.78,0,1.81,16.05.2024 16:30:04
0,187.69,1001,1054,18.74,66.73,0,1.59,16.05.2024 16:30:07
0,188.63,1006,1054,18.74,66.78,0,1.67,16.05.2024 16:30:09
0,188.63,1006,1055,18.76,66.74,0,1.67,16.05.2024 16:30:11
0,185.81,991,1054,18.73,66.75,0,1.44,16.05.2024 16:30:13
0,187.31,999,1054,18.74,66.75,0,1.56,16.05.2024 16:30:15
0,188.81,1007,1055,18.76,66.78,0,1.68,16.05.2024 16:30:17
0,189.38,1010,1054,18.72,66.74,0,1.74,16.05.2024 16:30:19
0,186.75,996,1054,18.73,66.76,0,1.52,16.05.2024 16:30:21
0,190.31,1015,1054,18.70,66.78,0,1.83,16.05.2024 16:30:24
0,187.69,1001,1054,18.72,66.75,0,1.60,16.05.2024 16:30:26
0,188.44,1005,1054,18.73,66.74,0,1.66,16.05.2024 16:30:28
0,187.31,999,1054,18.76,66.74,0,1.56,16.05.2024 16:30:30
0,187.13,998,1053,18.72,66.74,0,1.55,16.05.2024 16:30:32
0,186.38,994,1052,18.73,66.75,0,1.49,16.05.2024 16:30:34
0,190.50,1016,1052,18.72,66.76,0,1.84,16.05.2024 16:30:36
0,188.25,1004,1052,18.73,66.74,0,1.64,16.05.2024 16:30:38
0,187.50,1000,1052,18.69,66.74,0,1.59,16.05.2024 16:30:40
0,191.81,1023,1052,18.72,66.76,0,1.95,16.05.2024 16:30:43
0,187.31,999,1052,18.69,66.74,0,1.58,16.05.2024 16:30:45
0,188.63,1006,1052,18.73,66.76,0,1.67,16.05.2024 16:30:47
0,184.13,982,1052,18.74,66.78,0,1.30,16.05.2024 16:30:49
0,185.44,989,1053,18.69,66.74,0,1.42,16.05.2024 16:30:51
0,187.50,1000,1053,18.70,66.76,0,1.59,16.05.2024 16:30:53
0,186.00,992,1053,18.69,66.78,0,1.47,16.05.2024 16:30:55
0,189.75,1012,1053,18.70,66.78,0,1.78,16.05.2024 16:30:57
0,190.50,1016,1053,18.70,66.77,0,1.84,16.05.2024 16:31:00
0,189.19,1009,1053,18.69,66.77,0,1.74,16.05.2024 16:31:02
0,189.00,1008,1054,18.70,66.80,0,1.71,16.05.2024 16:31:04
0,185.63,990,1054,18.70,66.78,0,1.43,16.05.2024 16:31:06
0,187.69,1001,1054,18.70,66.75,0,1.60,16.05.2024 16:31:08
0,190.50,1016,1054,18.69,66.78,0,1.85,16.05.2024 16:31:10
0,188.44,1005,1053,18.72,66.77,0,1.66,16.05.2024 16:31:12
0,188.63,1006,1052,18.67,66.77,0,1.69,16.05.2024 16:31:14
0,189.56,1011,1053,18.67,66.80,0,1.77,16.05.2024 16:31:17
0,191.06,1019,1053,18.67,66.76,0,1.90,16.05.2024 16:31:19
0,185.81,991,1053,18.69,66.80,0,1.45,16.05.2024 16:31:21
0,190.50,1016,1052,18.69,66.78,0,1.85,16.05.2024 16:31:23
0,189.00,1008,1052,18.70,66.78,0,1.71,16.05.2024 16:31:25
0,184.69,985,1052,18.67,66.78,0,1.36,16.05.2024 16:31:27
0,190.88,1018,1052,18.69,66.78,0,1.88,16.05.2024 16:31:29
0,185.63,990,1052,18.66,66.77,0,1.45,16.05.2024 16:31:31
0,187.50,1000,1052,18.70,66.77,0,1.59,16.05.2024 16:31:33
0,184.31,983,1052,18.67,66.73,0,1.34,16.05.2024 16:31:36
0,189.00,1008,1053,18.70,66.76,0,1.71,16.05.2024 16:31:38
0,187.13,998,1053,18.69,66.78,0,1.56,16.05.2024 16:31:40
0,185.44,989,1053,18.67,66.76,0,1.43,16.05.2024 16:31:42
0,183.56,979,1053,18.67,66.76,0,1.28,16.05.2024 16:31:44
0,186.75,996,1053,18.69,66.79,0,1.53,16.05.2024 16:31:46
0,186.00,992,1053,18.67,66.77,0,1.47,16.05.2024 16:31:48
0,185.63,990,1053,18.69,66.78,0,1.44,16.05.2024 16:31:50
0,185.25,988,1053,18.64,66.76,0,1.42,16.05.2024 16:31:53
0,188.63,1006,1053,18.64,66.79,0,1.70,16.05.2024 16:31:55
0,188.25,1004,1053,18.66,66.78,0,1.66,16.05.2024 16:31:57
0,183.94,981,1054,18.67,66.77,0,1.30,16.05.2024 16:31:59
0,186.75,996,1055,18.66,66.78,0,1.54,16.05.2024 16:32:01
0,187.13,998,1055,18.69,66.77,0,1.56,16.05.2024 16:32:03
0,187.13,998,1055,18.67,66.78,0,1.56,16.05.2024 16:32:05
0,181.31,967,1056,18.66,66.80,0,1.10,16.05.2024 16:32:07
0,186.56,995,1055,18.67,66.83,0,1.51,16.05.2024 16:32:10
0,185.81,991,1055,18.66,66.80,0,1.46,16.05.2024 16:32:12
0,187.69,1001,1056,18.66,66.79,0,1.61,16.05.2024 16:32:14
0,188.44,1005,1056,18.64,66.77,0,1.68,16.05.2024 16:32:16
0,184.31,983,1056,18.66,66.83,0,1.33,16.05.2024 16:32:18
0,185.81,991,1056,18.66,66.80,0,1.46,16.05.2024 16:32:20
0,184.69,985,1056,18.64,66.80,0,1.37,16.05.2024 16:32:22
0,183.75,980,1056,18.64,66.80,0,1.30,16.05.2024 16:32:26
0,186.19,993,1056,18.66,66.78,0,1.49,16.05.2024 16:32:28
0,184.69,985,1055,18.67,66.81,0,1.36,16.05.2024 16:32:31
0,186.94,997,1055,18.63,66.78,0,1.56,16.05.2024 16:32:33
0,185.06,987,1055,18.66,66.78,0,1.40,16.05.2024 16:32:35
0,184.31,983,1055,18.64,66.79,0,1.34,16.05.2024 16:32:37
0,183.00,976,1055,18.64,66.77,0,1.24,16.05.2024 16:32:39
0,177.94,949,1054,18.63,66.80,0,0.85,16.05.2024 16:32:41
0,181.50,968,1054,18.64,66.78,0,1.12,16.05.2024 16:32:43
0,189.00,1008,1053,18.64,66.75,0,1.73,16.05.2024 16:32:45
0,185.44,989,1053,18.63,66.78,0,1.44,16.05.2024 16:32:48
0,182.44,973,1054,18.63,66.78,0,1.20,16.05.2024 16:32:50
0,180.00,960,1053,18.62,66.76,0,1.01,16.05.2024 16:32:52
0,185.06,987,1054,18.64,66.77,0,1.40,16.05.2024 16:32:54
0,183.94,981,1054,18.63,66.80,0,1.32,16.05.2024 16:32:56
0,182.81,975,1053,18.59,66.78,0,1.24,16.05.2024 16:32:58
0,189.00,1008,1053,18.60,66.78,0,1.74,16.05.2024 16:33:00
0,177.56,947,1053,18.59,66.76,0,0.84,16.05.2024 16:33:02
0,185.63,990,1053,18.60,66.80,0,1.46,16.05.2024 16:33:05
0,187.69,1001,1053,18.63,66.80,0,1.62,16.05.2024 16:33:07
0,187.13,998,1053,18.60,66.77,0,1.59,16.05.2024 16:33:09
0,188.25,1004,1054,18.62,66.79,0,1.68,16.05.2024 16:33:11
0,187.31,999,1054,18.60,66.79,0,1.60,16.05.2024 16:33:13
0,185.25,988,1054,18.60,66.81,0,1.43,16.05.2024 16:33:15
0,184.88,986,1054,18.62,66.79,0,1.40,16.05.2024 16:33:17
0,185.81,991,1053,18.62,66.81,0,1.47,16.05.2024 16:33:19
0,192.00,1024,1053,18.60,66.80,0,2.01,16.05.2024 16:33:21
0,185.63,990,1053,18.60,66.80,0,1.46,16.05.2024 16:33:24
0,185.81,991,1053,18.59,66.78,0,1.48,16.05.2024 16:33:26
0,189.00,1008,1052,18.58,66.82,0,1.75,16.05.2024 16:33:28
0,190.50,1016,1052,18.59,66.81,0,1.88,16.05.2024 16:33:30
0,186.00,992,1053,18.60,66.79,0,1.49,16.05.2024 16:33:32
0,185.63,990,1052,18.59,66.83,0,1.46,16.05.2024 16:33:34
0,187.69,1001,1052,18.62,66.78,0,1.63,16.05.2024 16:33:36
0,184.88,986,1052,18.58,66.83,0,1.41,16.05.2024 16:33:38
0,185.81,991,1051,18.58,66.80,0,1.48,16.05.2024 16:33:41
0,188.81,1007,1051,18.59,66.82,0,1.73,16.05.2024 16:33:43
0,185.63,990,1051,18.59,66.84,0,1.46,16.05.2024 16:33:45
0,187.13,998,1051,18.55,66.78,0,1.60,16.05.2024 16:33:47
0,187.88,1002,1051,18.59,66.78,0,1.65,16.05.2024 16:33:49
0,187.31,999,1050,18.59,66.78,0,1.61,16.05.2024 16:33:51
0,184.88,986,1049,18.55,66.80,0,1.42,16.05.2024 16:33:53
0,184.13,982,1049,18.56,66.81,0,1.35,16.05.2024 16:33:55
0,185.63,990,1048,18.56,66.79,0,1.47,16.05.2024 16:33:58
0,185.81,991,1049,18.58,66.82,0,1.48,16.05.2024 16:34:00
0,188.25,1004,1049,18.58,66.83,0,1.69,16.05.2024 16:34:02
0,187.69,1001,1050,18.59,66.84,0,1.63,16.05.2024 16:34:04
0,186.75,996,1050,18.53,66.82,0,1.57,16.05.2024 16:34:06
0,189.94,1013,1050,18.55,66.82,0,1.84,16.05.2024 16:34:08
0,186.00,992,1051,18.58,66.84,0,1.50,16.05.2024 16:34:10
0,188.81,1007,1050,18.56,66.81,0,1.74,16.05.2024 16:34:12
0,189.00,1008,1050,18.56,66.84,0,1.75,16.05.2024 16:34:14
0,186.56,995,1049,18.55,66.81,0,1.55,16.05.2024 16:34:17
0,186.56,995,1050,18.55,66.81,0,1.55,16.05.2024 16:34:19
0,185.81,991,1050,18.56,66.83,0,1.49,16.05.2024 16:34:21
0,188.25,1004,1050,18.55,66.81,0,1.70,16.05.2024 16:34:23
0,185.81,991,1050,18.53,66.82,0,1.50,16.05.2024 16:34:25
0,186.19,993,1051,18.56,66.83,0,1.52,16.05.2024 16:34:27
0,188.63,1006,1050,18.55,66.83,0,1.73,16.05.2024 16:34:29
0,181.69,969,1050,18.55,66.81,0,1.16,16.05.2024 16:34:31
0,185.81,991,1050,18.56,66.83,0,1.49,16.05.2024 16:34:34
0,188.81,1007,1049,18.55,66.82,0,1.74,16.05.2024 16:34:36
0,187.31,999,1049,18.53,66.83,0,1.62,16.05.2024 16:34:38
0,189.94,1013,1049,18.55,66.83,0,1.84,16.05.2024 16:34:40
0,188.44,1005,1050,18.56,66.80,0,1.71,16.05.2024 16:34:42
0,188.63,1006,1050,18.55,66.83,0,1.73,16.05.2024 16:34:44
0,188.63,1006,1050,18.55,66.85,0,1.73,16.05.2024 16:34:46
0,185.81,991,1050,18.56,66.83,0,1.49,16.05.2024 16:34:48
0,184.50,984,1050,18.53,66.79,0,1.39,16.05.2024 16:34:51
0,187.31,999,1050,18.55,66.85,0,1.61,16.05.2024 16:34:53
0,185.63,990,1050,18.53,66.84,0,1.48,16.05.2024 16:34:55
0,187.50,1000,1050,18.53,66.85,0,1.64,16.05.2024 16:34:57
0,185.25,988,1050,18.52,66.81,0,1.45,16.05.2024 16:34:59
0,187.50,1000,1050,18.52,66.84,0,1.64,16.05.2024 16:35:01
0,186.38,994,1050,18.52,66.82,0,1.55,16.05.2024 16:35:03
0,182.63,974,1050,18.55,66.87,0,1.23,16.05.2024 16:35:05
0,188.06,1003,1051,18.55,66.83,0,1.68,16.05.2024 16:35:07
0,184.88,986,1051,18.52,66.85,0,1.42,16.05.2024 16:35:10
0,186.19,993,1051,18.53,66.85,0,1.52,16.05.2024 16:35:12
0,184.69,985,1051,18.53,66.84,0,1.40,16.05.2024 16:35:14
0,181.88,970,1050,18.52,66.84,0,1.18,16.05.2024 16:35:16
0,187.88,1002,1050,18.53,66.83,0,1.67,16.05.2024 16:35:18
0,183.19,977,1050,18.52,66.85,0,1.29,16.05.2024 16:35:20
0,186.00,992,1049,18.48,66.81,0,1.53,16.05.2024 16:35:22
0,187.88,1002,1049,18.53,66.85,0,1.67,16.05.2024 16:35:24
0,186.00,992,1049,18.49,66.83,0,1.52,16.05.2024 16:35:29
0,186.19,993,1050,18.52,66.79,0,1.53,16.05.2024 16:35:31
0,187.13,998,1050,18.52,66.87,0,1.61,16.05.2024 16:35:33
0,183.38,978,1049,18.48,66.86,0,1.31,16.05.2024 16:35:35
0,185.44,989,1049,18.51,66.85,0,1.47,16.05.2024 16:35:37
0,182.25,972,1049,18.49,66.80,0,1.22,16.05.2024 16:35:39
0,184.69,985,1050,18.52,66.85,0,1.41,16.05.2024 16:35:41
0,181.69,969,1050,18.52,66.85,0,1.17,16.05.2024 16:35:43
0,180.75,964,1050,18.49,66.83,0,1.10,16.05.2024 16:35:46
0,182.44,973,1050,18.51,66.84,0,1.23,16.05.2024 16:35:48
0,182.25,972,1050,18.49,66.85,0,1.22,16.05.2024 16:35:50
0,188.06,1003,1050,18.52,66.85,0,1.69,16.05.2024 16:35:52
0,183.38,978,1049,18.49,66.86,0,1.31,16.05.2024 16:35:54
0,182.25,972,1049,18.49,66.86,0,1.22,16.05.2024 16:35:56
0,185.25,988,1049,18.48,66.86,0,1.46,16.05.2024 16:35:58
0,182.06,971,1050,18.49,66.87,0,1.20,16.05.2024 16:36:00
0,185.06,987,1050,18.51,66.86,0,1.44,16.05.2024 16:36:02
0,184.31,983,1050,18.48,66.84,0,1.39,16.05.2024 16:36:05
0,184.69,985,1049,18.49,66.84,0,1.42,16.05.2024 16:36:07
0,182.44,973,1049,18.49,66.86,0,1.23,16.05.2024 16:36:09
0,186.38,994,1049,18.48,66.85,0,1.56,16.05.2024 16:36:11
0,184.50,984,1050,18.48,66.84,0,1.40,16.05.2024 16:36:13
0,188.44,1005,1050,18.46,66.86,0,1.74,16.05.2024 16:36:15
0,183.94,981,1050,18.51,66.86,0,1.35,16.05.2024 16:36:17
0,189.38,1010,1050,18.46,66.84,0,1.82,16.05.2024 16:36:19
0,184.88,986,1050,18.46,66.86,0,1.44,16.05.2024 16:36:22
0,187.88,1002,1050,18.46,66.85,0,1.69,16.05.2024 16:36:24
0,186.19,993,1050,18.49,66.87,0,1.54,16.05.2024 16:36:26
0,184.50,984,1051,18.45,66.85,0,1.41,16.05.2024 16:36:28
0,183.94,981,1051,18.43,66.87,0,1.37,16.05.2024 16:36:30
0,187.31,999,1051,18.45,66.86,0,1.64,16.05.2024 16:36:32
0,187.88,1002,1051,18.45,66.86,0,1.69,16.05.2024 16:36:34
0,185.25,988,1052,18.48,66.89,0,1.46,16.05.2024 16:36:36
0,189.38,1010,1052,18.45,66.88,0,1.82,16.05.2024 16:36:38
0,186.75,996,1052,18.48,66.88,0,1.59,16.05.2024 16:36:41
0,188.25,1004,1053,18.46,66.87,0,1.72,16.05.2024 16:36:43
0,187.13,998,1053,18.45,66.87,0,1.63,16.05.2024 16:36:45
0,188.81,1007,1052,18.45,66.88,0,1.77,16.05.2024 16:36:47
0,185.06,987,1052,18.46,66.86,0,1.45,16.05.2024 16:36:49
0,187.50,1000,1053,18.45,66.90,0,1.66,16.05.2024 16:36:51
0,185.25,988,1053,18.45,66.87,0,1.47,16.05.2024 16:36:53
0,182.44,973,1053,18.46,66.86,0,1.24,16.05.2024 16:36:55
0,189.19,1009,1053,18.45,66.87,0,1.80,16.05.2024 16:36:58
0,190.31,1015,1054,18.45,66.86,0,1.90,16.05.2024 16:37:00
0,184.69,985,1054,18.43,66.84,0,1.43,16.05.2024 16:37:02
0,186.19,993,1055,18.46,66.92,0,1.54,16.05.2024 16:37:04
0,186.00,992,1055,18.45,66.87,0,1.53,16.05.2024 16:37:06
0,182.81,975,1055,18.45,66.89,0,1.27,16.05.2024 16:37:08
0,184.88,986,1055,18.42,66.88,0,1.45,16.05.2024 16:37:10
0,185.44,989,1054,18.43,66.90,0,1.49,16.05.2024 16:37:12
0,191.81,1023,1054,18.42,66.88,0,2.05,16.05.2024 16:37:15
0,187.13,998,1055,18.43,66.89,0,1.63,16.05.2024 16:37:17
0,185.63,990,1055,18.43,66.88,0,1.51,16.05.2024 16:37:19
0,181.69,969,1055,18.42,66.89,0,1.19,16.05.2024 16:37:21
0,185.06,987,1056,18.43,66.88,0,1.46,16.05.2024 16:37:23
0,187.31,999,1056,18.43,66.89,0,1.65,16.05.2024 16:37:25
0,185.06,987,1055,18.41,66.89,0,1.47,16.05.2024 16:37:27
0,187.13,998,1054,18.43,66.90,0,1.63,16.05.2024 16:37:29
0,184.88,986,1055,18.43,66.88,0,1.45,16.05.2024 16:37:31
0,186.94,997,1055,18.42,66.91,0,1.62,16.05.2024 16:37:34
0,186.19,993,1055,18.39,66.90,0,1.57,16.05.2024 16:37:36
0,181.50,968,1055,18.43,66.92,0,1.17,16.05.2024 16:37:38
0,185.81,991,1054,18.42,66.91,0,1.52,16.05.2024 16:37:40
0,183.38,978,1054,18.42,66.92,0,1.32,16.05.2024 16:37:42
0,187.13,998,1054,18.45,66.90,0,1.63,16.05.2024 16:37:44
0,183.19,977,1054,18.42,66.89,0,1.31,16.05.2024 16:37:46
0,186.00,992,1054,18.42,66.89,0,1.54,16.05.2024 16:37:48
0,185.63,990,1055,18.41,66.89,0,1.51,16.05.2024 16:37:51
0,187.50,1000,1055,18.41,66.92,0,1.67,16.05.2024 16:37:53
0,184.50,984,1055,18.41,66.92,0,1.42,16.05.2024 16:37:55
0,184.69,985,1055,18.41,66.91,0,1.44,16.05.2024 16:37:57
0,186.75,996,1055,18.41,66.90,0,1.61,16.05.2024 16:37:59
0,188.81,1007,1055,18.42,66.93,0,1.78,16.05.2024 16:38:01
0,186.38,994,1055,18.41,66.90,0,1.58,16.05.2024 16:38:03
0,186.75,996,1054,18.42,66.92,0,1.60,16.05.2024 16:38:05
0,182.81,975,1054,18.41,66.87,0,1.29,16.05.2024 16:38:08
0,181.69,969,1055,18.39,66.90,0,1.20,16.05.2024 16:38:10
0,181.69,969,1055,18.42,66.91,0,1.19,16.05.2024 16:38:12
0,182.25,972,1055,18.41,66.93,0,1.24,16.05.2024 16:38:14
0,186.38,994,1056,18.39,66.91,0,1.58,16.05.2024 16:38:16
0,184.69,985,1056,18.41,66.89,0,1.44,16.05.2024 16:38:18
0,184.50,984,1057,18.41,66.92,0,1.42,16.05.2024 16:38:20
0,184.50,984,1056,18.39,66.90,0,1.43,16.05.2024 16:38:22
0,183.75,980,1056,18.41,66.93,0,1.36,16.05.2024 16:38:24
0,181.88,970,1056,18.41,66.93,0,1.21,16.05.2024 16:38:27
0,183.38,978,1056,18.39,66.92,0,1.33,16.05.2024 16:38:29
0,184.50,984,1056,18.39,66.92,0,1.42,16.05.2024 16:38:31
0,185.81,991,1055,18.37,66.94,0,1.54,16.05.2024 16:38:33
0,180.38,962,1056,18.37,66.91,0,1.10,16.05.2024 16:38:37
0,182.81,975,1056,18.37,66.92,0,1.29,16.05.2024 16:38:39
0,183.38,978,1056,18.37,66.92,0,1.34,16.05.2024 16:38:41
0,183.00,976,1056,18.37,66.88,0,1.31,16.05.2024 16:38:43
0,181.31,967,1056,18.36,66.89,0,1.18,16.05.2024 16:38:46
0,182.44,973,1056,18.37,66.93,0,1.26,16.05.2024 16:38:48
0,181.88,970,1056,18.39,66.91,0,1.21,16.05.2024 16:38:50
0,183.38,978,1055,18.39,66.93,0,1.33,16.05.2024 16:38:52
0,179.06,955,1055,18.39,66.94,0,0.99,16.05.2024 16:38:54
0,184.88,986,1055,18.37,66.92,0,1.46,16.05.2024 16:38:56
0,183.38,978,1055,18.35,66.93,0,1.34,16.05.2024 16:38:58
0,181.88,970,1055,18.36,66.91,0,1.22,16.05.2024 16:39:00
0,179.81,959,1056,18.39,66.95,0,1.05,16.05.2024 16:39:03
0,180.75,964,1056,18.36,66.95,0,1.13,16.05.2024 16:39:05
0,183.19,977,1055,18.35,66.91,0,1.33,16.05.2024 16:39:07
0,181.88,970,1055,18.37,66.94,0,1.22,16.05.2024 16:39:09
0,183.56,979,1056,18.33,66.94,0,1.36,16.05.2024 16:39:11
0,181.69,969,1056,18.37,66.96,0,1.20,16.05.2024 16:39:13
0,185.25,988,1056,18.39,66.95,0,1.48,16.05.2024 16:39:15
0,186.38,994,1056,18.36,66.94,0,1.59,16.05.2024 16:39:17
0,185.44,989,1057,18.36,66.94,0,1.51,16.05.2024 16:39:19
0,184.88,986,1058,18.36,66.93,0,1.46,16.05.2024 16:39:22
0,183.94,981,1058,18.35,66.93,0,1.39,16.05.2024 16:39:24
0,183.19,977,1057,18.35,66.93,0,1.33,16.05.2024 16:39:26
0,184.50,984,1058,18.35,66.94,0,1.44,16.05.2024 16:39:28
0,188.44,1005,1057,18.35,66.95,0,1.77,16.05.2024 16:39:30
0,185.81,991,1057,18.33,66.95,0,1.55,16.05.2024 16:39:32
0,186.56,995,1057,18.33,66.91,0,1.61,16.05.2024 16:39:34
0,182.44,973,1059,18.36,66.96,0,1.26,16.05.2024 16:39:36
0,186.94,997,1058,18.36,66.94,0,1.63,16.05.2024 16:39:39
0,188.06,1003,1058,18.35,66.97,0,1.73,16.05.2024 16:39:41
0,183.94,981,1058,18.35,66.95,0,1.39,16.05.2024 16:39:43
0,186.56,995,1059,18.33,66.96,0,1.61,16.05.2024 16:39:45
0,185.81,991,1059,18.33,66.96,0,1.55,16.05.2024 16:39:47
0,186.00,992,1060,18.33,66.96,0,1.56,16.05.2024 16:39:49
0,186.00,992,1060,18.32,66.99,0,1.57,16.05.2024 16:39:51
0,183.56,979,1061,18.36,66.97,0,1.35,16.05.2024 16:39:53
0,185.81,991,1059,18.33,66.98,0,1.55,16.05.2024 16:39:56
0,184.69,985,1059,18.33,66.96,0,1.45,16.05.2024 16:39:58
0,189.56,1011,1059,18.33,66.99,0,1.87,16.05.2024 16:40:00
0,185.44,989,1059,18.33,66.99,0,1.51,16.05.2024 16:40:02
0,189.00,1008,1058,18.33,67.00,0,1.82,16.05.2024 16:40:04
0,186.00,992,1059,18.32,66.96,0,1.57,16.05.2024 16:40:06
0,184.31,983,1059,18.33,66.98,0,1.42,16.05.2024 16:40:08
0,185.81,991,1059,18.35,67.01,0,1.54,16.05.2024 16:40:10
0,186.38,994,1060,18.32,66.99,0,1.60,16.05.2024 16:40:12
0,183.56,979,1061,18.32,66.99,0,1.36,16.05.2024 16:40:15
0,184.69,985,1060,18.35,67.00,0,1.45,16.05.2024 16:40:17
0,184.88,986,1060,18.32,67.00,0,1.47,16.05.2024 16:40:19
0,180.19,961,1061,18.35,67.01,0,1.09,16.05.2024 16:40:21
0,184.13,982,1061,18.32,67.00,0,1.41,16.05.2024 16:40:23
0,185.44,989,1061,18.32,67.00,0,1.52,16.05.2024 16:40:25
0,185.25,988,1061,18.33,67.02,0,1.50,16.05.2024 16:40:27
0,184.31,983,1061,18.32,66.99,0,1.43,16.05.2024 16:40:29
0,184.13,982,1062,18.29,67.02,0,1.42,16.05.2024 16:40:32
0,183.75,980,1062,18.29,67.00,0,1.39,16.05.2024 16:40:34
0,185.63,990,1061,18.31,66.98,0,1.54,16.05.2024 16:40:36
0,188.06,1003,1062,18.32,66.96,0,1.74,16.05.2024 16:40:38
0,188.06,1003,1062,18.31,66.99,0,1.75,16.05.2024 16:40:40
0,187.31,999,1062,18.32,67.02,0,1.67,16.05.2024 16:40:42
0,183.00,976,1063,18.32,67.00,0,1.32,16.05.2024 16:40:44
0,185.81,991,1063,18.29,67.00,0,1.56,16.05.2024 16:40:46
0,184.13,982,1064,18.32,67.02,0,1.41,16.05.2024 16:40:49
0,186.00,992,1065,18.28,67.00,0,1.58,16.05.2024 16:40:51
0,185.44,989,1065,18.31,67.01,0,1.52,16.05.2024 16:40:53
0,181.69,969,1065,18.29,67.02,0,1.22,16.05.2024 16:40:55
0,184.50,984,1065,18.31,67.00,0,1.44,16.05.2024 16:40:57
0,185.63,990,1065,18.29,67.02,0,1.54,16.05.2024 16:40:59
0,188.81,1007,1065,18.29,66.98,0,1.82,16.05.2024 16:41:01
0,189.38,1010,1065,18.31,67.02,0,1.86,16.05.2024 16:41:03
0,188.44,1005,1065,18.31,67.02,0,1.78,16.05.2024 16:41:05
0,183.00,976,1064,18.28,67.00,0,1.33,16.05.2024 16:41:08
0,184.13,982,1064,18.29,67.00,0,1.42,16.05.2024 16:41:10
0,186.38,994,1064,18.29,67.04,0,1.60,16.05.2024 16:41:12
0,186.00,992,1064,18.28,66.97,0,1.58,16.05.2024 16:41:14
0,185.63,990,1064,18.29,67.01,0,1.54,16.05.2024 16:41:16
0,186.00,992,1064,18.29,67.01,0,1.57,16.05.2024 16:41:18
0,180.94,965,1065,18.29,67.01,0,1.16,16.05.2024 16:41:20
0,182.81,975,1064,18.29,67.02,0,1.31,16.05.2024 16:41:22
0,186.94,997,1064,18.28,67.01,0,1.66,16.05.2024 16:41:25
0,185.44,989,1064,18.31,67.01,0,1.52,16.05.2024 16:41:27
0,184.69,985,1064,18.29,67.03,0,1.46,16.05.2024 16:41:29
0,182.63,974,1065,18.28,67.00,0,1.30,16.05.2024 16:41:33
0,185.06,987,1064,18.28,67.01,0,1.50,16.05.2024 16:41:35
0,183.38,978,1065,18.29,67.02,0,1.36,16.05.2024 16:41:37
0,184.88,986,1065,18.28,67.01,0,1.48,16.05.2024 16:41:39
0,185.44,989,1064,18.26,67.02,0,1.53,16.05.2024 16:41:41
0,182.25,972,1064,18.29,67.02,0,1.27,16.05.2024 16:41:44
0,182.44,973,1064,18.29,66.99,0,1.28,16.05.2024 16:41:46
0,183.00,976,1064,18.28,67.01,0,1.33,16.05.2024 16:41:48
0,182.06,971,1064,18.26,67.00,0,1.26,16.05.2024 16:41:50
0,179.06,955,1064,18.26,67.03,0,1.02,16.05.2024 16:41:52
0,181.31,967,1064,18.26,67.01,0,1.20,16.05.2024 16:41:54
0,183.00,976,1064,18.25,67.01,0,1.34,16.05.2024 16:41:56
0,183.75,980,1064,18.25,67.02,0,1.40,16.05.2024 16:41:58
0,182.44,973,1064,18.28,67.02,0,1.28,16.05.2024 16:42:00
0,183.38,978,1064,18.26,67.01,0,1.36,16.05.2024 16:42:03
0,184.69,985,1064,18.28,67.02,0,1.47,16.05.2024 16:42:05
0,184.31,983,1064,18.26,67.03,0,1.44,16.05.2024 16:42:07
0,185.81,991,1063,18.28,67.02,0,1.56,16.05.2024 16:42:09
0,185.06,987,1064,18.26,66.99,0,1.50,16.05.2024 16:42:11
0,186.56,995,1064,18.26,67.04,0,1.63,16.05.2024 16:42:13
0,186.00,992,1064,18.25,67.02,0,1.59,16.05.2024 16:42:15
0,188.44,1005,1063,18.26,67.03,0,1.79,16.05.2024 16:42:17
0,182.44,973,1063,18.26,67.05,0,1.29,16.05.2024 16:42:20
0,187.69,1001,1063,18.26,67.03,0,1.72,16.05.2024 16:42:22
0,181.50,968,1063,18.25,67.04,0,1.22,16.05.2024 16:42:24
0,185.44,989,1063,18.25,67.02,0,1.54,16.05.2024 16:42:26
0,185.81,991,1063,18.22,67.00,0,1.58,16.05.2024 16:42:28
0,185.44,989,1063,18.23,67.02,0,1.54,16.05.2024 16:42:30
0,187.31,999,1063,18.25,66.99,0,1.70,16.05.2024 16:42:32
0,189.56,1011,1063,18.25,67.04,0,1.89,16.05.2024 16:42:34
0,185.25,988,1062,18.23,67.05,0,1.53,16.05.2024 16:42:37
0,186.19,993,1062,18.23,67.03,0,1.60,16.05.2024 16:42:39
0,185.06,987,1061,18.25,67.05,0,1.50,16.05.2024 16:42:41
0,186.19,993,1062,18.25,67.02,0,1.60,16.05.2024 16:42:43
0,184.13,982,1062,18.23,67.02,0,1.43,16.05.2024 16:42:45
0,185.44,989,1063,18.25,67.00,0,1.54,16.05.2024 16:42:47
0,184.69,985,1063,18.25,67.04,0,1.47,16.05.2024 16:42:49
0,186.19,993,1063,18.23,67.02,0,1.61,16.05.2024 16:42:51
0,185.44,989,1063,18.23,67.05,0,1.54,16.05.2024 16:42:53
0,184.31,983,1063,18.22,67.06,0,1.45,16.05.2024 16:42:56
0,185.63,990,1064,18.25,67.06,0,1.55,16.05.2024 16:42:58
0,188.44,1005,1064,18.23,67.05,0,1.80,16.05.2024 16:43:00
0,185.25,988,1064,18.25,67.06,0,1.52,16.05.2024 16:43:02
0,186.75,996,1063,18.23,67.02,0,1.65,16.05.2024 16:43:04
0,183.75,980,1063,18.23,67.06,0,1.40,16.05.2024 16:43:06
0,184.69,985,1063,18.23,67.07,0,1.48,16.05.2024 16:43:08
0,186.75,996,1063,18.22,67.06,0,1.65,16.05.2024 16:43:10
0,186.38,994,1063,18.22,67.04,0,1.62,16.05.2024 16:43:13
0,181.31,967,1063,18.23,67.03,0,1.21,16.05.2024 16:43:15
0,185.44,989,1063,18.23,67.05,0,1.54,16.05.2024 16:43:17
0,185.25,988,1062,18.22,67.04,0,1.53,16.05.2024 16:43:19
0,186.75,996,1061,18.21,67.04,0,1.66,16.05.2024 16:43:21
0,182.63,974,1062,18.22,67.03,0,1.31,16.05.2024 16:43:23
0,188.81,1007,1062,18.21,67.03,0,1.84,16.05.2024 16:43:25
0,183.38,978,1062,18.23,67.02,0,1.37,16.05.2024 16:43:27
0,184.50,984,1062,18.22,67.02,0,1.47,16.05.2024 16:43:30
0,185.25,988,1061,18.23,67.02,0,1.53,16.05.2024 16:43:32
0,181.69,969,1061,18.19,67.03,0,1.25,16.05.2024 16:43:34
0,186.00,992,1061,18.21,67.06,0,1.60,16.05.2024 16:43:36
0,184.31,983,1061,18.21,67.07,0,1.45,16.05.2024 16:43:38
0,183.56,979,1061,18.21,67.03,0,1.40,16.05.2024 16:43:40
0,182.81,975,1060,18.21,67.03,0,1.33,16.05.2024 16:43:42
0,189.19,1009,1059,18.22,67.05,0,1.87,16.05.2024 16:43:44
0,185.44,989,1060,18.22,67.04,0,1.55,16.05.2024 16:43:46
0,186.19,993,1059,18.19,67.02,0,1.62,16.05.2024 16:43:49
0,183.75,980,1059,18.19,67.05,0,1.41,16.05.2024 16:43:51
0,186.94,997,1058,18.22,67.03,0,1.67,16.05.2024 16:43:53
0,184.50,984,1057,18.19,67.05,0,1.48,16.05.2024 16:43:55
0,186.00,992,1058,18.19,67.06,0,1.60,16.05.2024 16:43:57
0,186.56,995,1058,18.21,67.03,0,1.65,16.05.2024 16:43:59
0,183.38,978,1058,18.19,67.04,0,1.38,16.05.2024 16:44:01
0,184.88,986,1058,18.19,67.07,0,1.50,16.05.2024 16:44:03
0,184.50,984,1058,18.21,67.08,0,1.47,16.05.2024 16:44:06
0,180.75,964,1058,18.19,67.07,0,1.17,16.05.2024 16:44:08
0,186.94,997,1058,18.19,67.03,0,1.68,16.05.2024 16:44:10
0,184.88,986,1058,18.19,67.06,0,1.51,16.05.2024 16:44:12
0,184.50,984,1058,18.22,67.08,0,1.46,16.05.2024 16:44:14
0,180.56,963,1057,18.18,67.06,0,1.16,16.05.2024 16:44:16
0,183.19,977,1057,18.18,67.05,0,1.37,16.05.2024 16:44:18
0,182.25,972,1057,18.19,67.06,0,1.29,16.05.2024 16:44:20
0,185.25,988,1057,18.18,67.02,0,1.54,16.05.2024 16:44:23
0,185.06,987,1058,18.18,67.04,0,1.53,16.05.2024 16:44:25
0,187.88,1002,1057,18.18,67.06,0,1.76,16.05.2024 16:44:27
0,187.88,1002,1058,18.19,67.08,0,1.76,16.05.2024 16:44:29
0,184.31,983,1058,18.19,67.06,0,1.46,16.05.2024 16:44:31
0,183.38,978,1058,18.19,67.05,0,1.38,16.05.2024 16:44:33
0,184.31,983,1058,18.19,67.07,0,1.46,16.05.2024 16:44:35
0,186.56,995,1058,18.18,67.07,0,1.65,16.05.2024 16:44:37
0,184.13,982,1058,18.16,67.06,0,1.45,16.05.2024 16:44:39
0,188.25,1004,1058,18.19,67.07,0,1.79,16.05.2024 16:44:42
0,184.31,983,1059,18.18,67.06,0,1.46,16.05.2024 16:44:44
0,184.50,984,1058,18.19,67.08,0,1.47,16.05.2024 16:44:48
0,186.19,993,1058,18.16,67.07,0,1.62,16.05.2024 16:44:50
0,183.75,980,1059,18.18,67.10,0,1.41,16.05.2024 16:44:52
0,182.44,973,1059,18.18,67.09,0,1.31,16.05.2024 16:44:54
0,183.00,976,1058,18.16,67.08,0,1.36,16.05.2024 16:44:56
0,180.56,963,1058,18.19,67.10,0,1.15,16.05.2024 16:44:58
0,180.56,963,1059,18.18,67.06,0,1.16,16.05.2024 16:45:01
0,182.81,975,1058,18.18,67.07,0,1.34,16.05.2024 16:45:03
0,181.31,967,1059,18.18,67.08,0,1.22,16.05.2024 16:45:05
0,182.63,974,1060,18.18,67.09,0,1.32,16.05.2024 16:45:07
0,181.31,967,1059,18.16,67.09,0,1.22,16.05.2024 16:45:09
0,182.44,973,1060,18.16,67.11,0,1.31,16.05.2024 16:45:11
0,178.69,953,1060,18.16,67.11,0,1.02,16.05.2024 16:45:13
0,183.75,980,1060,18.15,67.10,0,1.42,16.05.2024 16:45:15
0,180.00,960,1060,18.16,67.09,0,1.12,16.05.2024 16:45:18
0,183.00,976,1059,18.16,67.14,0,1.35,16.05.2024 16:45:20
0,182.44,973,1059,18.15,67.10,0,1.32,16.05.2024 16:45:22
0,183.00,976,1058,18.13,67.09,0,1.37,16.05.2024 16:45:24
0,184.69,985,1059,18.19,67.11,0,1.49,16.05.2024 16:45:26
0,184.31,983,1058,18.16,67.09,0,1.47,16.05.2024 16:45:28
0,182.06,971,1057,18.15,67.12,0,1.28,16.05.2024 16:45:30
0,184.88,986,1057,18.13,67.07,0,1.52,16.05.2024 16:45:32
0,186.00,992,1057,18.12,67.08,0,1.62,16.05.2024 16:45:34
0,184.88,986,1057,18.13,67.09,0,1.52,16.05.2024 16:45:37
0,186.38,994,1057,18.15,67.09,0,1.64,16.05.2024 16:45:39
0,185.06,987,1058,18.16,67.07,0,1.53,16.05.2024 16:45:41
0,190.69,1017,1057,18.16,67.09,0,2.02,16.05.2024 16:45:43
0,186.56,995,1057,18.15,67.12,0,1.66,16.05.2024 16:45:45
0,184.31,983,1057,18.13,67.11,0,1.47,16.05.2024 16:45:47
0,187.50,1000,1057,18.12,67.11,0,1.75,16.05.2024 16:45:49
0,184.31,983,1058,18.15,67.10,0,1.47,16.05.2024 16:45:51
0,183.94,981,1058,18.13,67.09,0,1.44,16.05.2024 16:45:54
0,186.75,996,1058,18.13,67.09,0,1.68,16.05.2024 16:45:56
0,186.38,994,1059,18.13,67.09,0,1.65,16.05.2024 16:45:58
0,184.50,984,1059,18.13,67.09,0,1.49,16.05.2024 16:46:00
0,186.75,996,1058,18.13,67.13,0,1.68,16.05.2024 16:46:02
0,186.19,993,1059,18.12,67.06,0,1.64,16.05.2024 16:46:04
0,185.81,991,1058,18.12,67.09,0,1.60,16.05.2024 16:46:06
0,184.88,986,1057,18.12,67.10,0,1.52,16.05.2024 16:46:08
0,184.88,986,1057,18.13,67.12,0,1.52,16.05.2024 16:46:11
0,186.94,997,1057,18.13,67.09,0,1.70,16.05.2024 16:46:13
0,187.31,999,1057,18.11,67.12,0,1.73,16.05.2024 16:46:15
0,184.69,985,1057,18.13,67.11,0,1.50,16.05.2024 16:46:17
0,185.06,987,1057,18.13,67.13,0,1.53,16.05.2024 16:46:19
0,185.81,991,1057,18.13,67.09,0,1.60,16.05.2024 16:46:21
0,186.38,994,1057,18.12,67.11,0,1.65,16.05.2024 16:46:23
0,185.44,989,1058,18.12,67.09,0,1.57,16.05.2024 16:46:25
0,186.38,994,1059,18.12,67.12,0,1.65,16.05.2024 16:46:27
0,186.94,997,1059,18.12,67.09,0,1.70,16.05.2024 16:46:30
0,184.13,982,1059,18.15,67.13,0,1.45,16.05.2024 16:46:32
0,185.06,987,1059,18.11,67.12,0,1.54,16.05.2024 16:46:34
0,181.50,968,1059,18.12,67.08,0,1.25,16.05.2024 16:46:36
0,186.94,997,1058,18.11,67.11,0,1.70,16.05.2024 16:46:38
0,184.88,986,1058,18.13,67.13,0,1.52,16.05.2024 16:46:40
0,183.19,977,1058,18.09,67.11,0,1.39,16.05.2024 16:46:42
0,184.88,986,1058,18.11,67.13,0,1.53,16.05.2024 16:46:44
0,184.69,985,1058,18.11,67.09,0,1.51,16.05.2024 16:46:47
0,181.50,968,1059,18.11,67.09,0,1.25,16.05.2024 16:46:49
0,187.69,1001,1059,18.09,67.12,0,1.77,16.05.2024 16:46:51
0,188.25,1004,1059,18.12,67.12,0,1.81,16.05.2024 16:46:53
0,181.13,966,1060,18.11,67.10,0,1.22,16.05.2024 16:46:55
0,182.06,971,1060,18.09,67.11,0,1.30,16.05.2024 16:46:57
0,182.81,975,1059,18.11,67.13,0,1.36,16.05.2024 16:46:59
0,184.50,984,1059,18.11,67.12,0,1.50,16.05.2024 16:47:01
0,184.88,986,1058,18.09,67.11,0,1.53,16.05.2024 16:47:04
0,183.38,978,1058,18.08,67.08,0,1.41,16.05.2024 16:47:06
0,181.69,969,1059,18.11,67.14,0,1.26,16.05.2024 16:47:08
0,186.19,993,1059,18.11,67.11,0,1.64,16.05.2024 16:47:10
0,183.56,979,1058,18.09,67.12,0,1.42,16.05.2024 16:47:12
0,181.31,967,1058,18.11,67.12,0,1.24,16.05.2024 16:47:14
0,181.88,970,1058,18.09,67.12,0,1.29,16.05.2024 16:47:16
0,184.88,986,1059,18.11,67.12,0,1.53,16.05.2024 16:47:18
0,181.88,970,1058,18.11,67.10,0,1.28,16.05.2024 16:47:20
0,181.88,970,1059,18.11,67.13,0,1.28,16.05.2024 16:47:23
0,186.75,996,1059,18.09,67.11,0,1.69,16.05.2024 16:47:25
0,185.44,989,1059,18.11,67.11,0,1.58,16.05.2024 16:47:27
0,183.56,979,1060,18.09,67.08,0,1.43,16.05.2024 16:47:29
0,183.75,980,1060,18.08,67.12,0,1.44,16.05.2024 16:47:31
0,181.50,968,1060,18.09,67.15,0,1.25,16.05.2024 16:47:33
0,183.19,977,1060,18.09,67.12,0,1.39,16.05.2024 16:47:35
0,185.44,989,1060,18.07,67.09,0,1.59,16.05.2024 16:47:37
0,181.50,968,1060,18.08,67.10,0,1.26,16.05.2024 16:47:40
0,184.13,982,1060,18.07,67.08,0,1.48,16.05.2024 16:47:42
0,187.13,998,1060,18.09,67.13,0,1.72,16.05.2024 16:47:44
0,184.31,983,1061,18.09,67.11,0,1.49,16.05.2024 16:47:46
0,183.00,976,1061,18.07,67.11,0,1.39,16.05.2024 16:47:48
0,183.56,979,1061,18.08,67.13,0,1.43,16.05.2024 16:47:50
0,182.81,975,1062,18.09,67.12,0,1.36,16.05.2024 16:47:52
0,182.44,973,1062,18.07,67.11,0,1.34,16.05.2024 16:47:54
0,181.88,970,1062,18.08,67.12,0,1.29,16.05.2024 16:47:57
0,183.00,976,1062,18.05,67.09,0,1.39,16.05.2024 16:47:59
0,183.38,978,1063,18.08,67.11,0,1.41,16.05.2024 16:48:01
0,183.19,977,1063,18.07,67.13,0,1.40,16.05.2024 16:48:03
0,185.06,987,1063,18.08,67.13,0,1.55,16.05.2024 16:48:05
0,186.94,997,1063,18.08,67.08,0,1.71,16.05.2024 16:48:07
0,184.50,984,1063,18.07,67.12,0,1.51,16.05.2024 16:48:11
0,181.50,968,1063,18.07,67.09,0,1.27,16.05.2024 16:48:13
0,180.94,965,1063,18.09,67.10,0,1.21,16.05.2024 16:48:15
0,181.88,970,1062,18.05,67.12,0,1.30,16.05.2024 16:48:18
0,182.63,974,1062,18.08,67.13,0,1.35,16.05.2024 16:48:20
0,179.63,958,1062,18.07,67.11,0,1.12,16.05.2024 16:48:22
0,181.31,967,1062,18.08,67.11,0,1.25,16.05.2024 16:48:24
0,180.19,961,1062,18.05,67.10,0,1.16,16.05.2024 16:48:26
0,182.81,975,1062,18.07,67.12,0,1.37,16.05.2024 16:48:28
0,181.50,968,1063,18.08,67.11,0,1.26,16.05.2024 16:48:30
0,181.88,970,1063,18.04,67.10,0,1.30,16.05.2024 16:48:32
0,180.38,962,1063,18.07,67.10,0,1.18,16.05.2024 16:48:35
0,179.63,958,1063,18.05,67.12,0,1.12,16.05.2024 16:48:37
0,180.94,965,1063,18.04,67.13,0,1.23,16.05.2024 16:48:39
0,181.88,970,1064,18.05,67.14,0,1.30,16.05.2024 16:48:41
0,181.13,966,1064,18.09,67.12,0,1.22,16.05.2024 16:48:43
0,183.56,979,1065,18.05,67.13,0,1.43,16.05.2024 16:48:45
0,180.00,960,1064,18.02,67.12,0,1.16,16.05.2024 16:48:47
0,181.31,967,1064,18.07,67.12,0,1.25,16.05.2024 16:48:49
0,180.56,963,1065,18.05,67.12,0,1.19,16.05.2024 16:48:52
0,182.25,972,1065,18.04,67.11,0,1.33,16.05.2024 16:48:54
0,181.31,967,1064,18.04,67.14,0,1.26,16.05.2024 16:48:56
0,187.88,1002,1064,18.04,67.11,0,1.81,16.05.2024 16:48:58
0,185.44,989,1065,18.04,67.13,0,1.60,16.05.2024 16:49:00
0,184.88,986,1065,18.05,67.10,0,1.55,16.05.2024 16:49:02
0,185.44,989,1065,18.02,67.11,0,1.60,16.05.2024 16:49:04
0,183.38,978,1065,18.02,67.11,0,1.43,16.05.2024 16:49:06
0,185.44,989,1064,18.04,67.11,0,1.60,16.05.2024 16:49:08
0,182.25,972,1063,18.01,67.12,0,1.34,16.05.2024 16:49:11
0,186.19,993,1064,18.02,67.11,0,1.67,16.05.2024 16:49:13
0,186.56,995,1065,18.04,67.12,0,1.69,16.05.2024 16:49:15
0,184.50,984,1065,18.02,67.10,0,1.52,16.05.2024 16:49:17
0,183.38,978,1065,18.01,67.08,0,1.43,16.05.2024 16:49:19
0,181.50,968,1065,18.01,67.12,0,1.28,16.05.2024 16:49:21
0,185.25,988,1065,18.04,67.11,0,1.58,16.05.2024 16:49:23
0,182.81,975,1065,18.02,67.11,0,1.38,16.05.2024 16:49:25
0,183.94,981,1065,18.04,67.10,0,1.47,16.05.2024 16:49:28
0,184.50,984,1065,18.02,67.11,0,1.52,16.05.2024 16:49:30
0,186.56,995,1065,18.04,67.12,0,1.69,16.05.2024 16:49:32
0,184.88,986,1064,18.02,67.10,0,1.55,16.05.2024 16:49:34
0,185.44,989,1064,18.01,67.07,0,1.61,16.05.2024 16:49:36
0,187.50,1000,1064,18.00,67.12,0,1.79,16.05.2024 16:49:38
0,182.63,974,1065,18.02,67.09,0,1.37,16.05.2024 16:49:40
0,184.31,983,1065,18.01,67.11,0,1.51,16.05.2024 16:49:42
0,187.88,1002,1064,18.00,67.10,0,1.82,16.05.2024 16:49:45
0,183.19,977,1064,18.02,67.11,0,1.41,16.05.2024 16:49:47
0,187.31,999,1063,18.01,67.09,0,1.77,16.05.2024 16:49:49
0,186.56,995,1063,17.98,67.11,0,1.71,16.05.2024 16:49:51
0,185.25,988,1063,18.00,67.11,0,1.59,16.05.2024 16:49:53
0,184.13,982,1063,18.00,67.11,0,1.50,16.05.2024 16:49:55
0,183.00,976,1062,18.01,67.11,0,1.40,16.05.2024 16:49:57
0,184.13,982,1062,18.02,67.10,0,1.49,16.05.2024 16:49:59
0,182.81,975,1062,18.00,67.11,0,1.39,16.05.2024 16:50:01
0,185.06,987,1062,18.01,67.09,0,1.58,16.05.2024 16:50:04
0,186.00,992,1062,18.02,67.11,0,1.65,16.05.2024 16:50:06
0,183.94,981,1062,18.00,67.12,0,1.48,16.05.2024 16:50:08
0,187.88,1002,1062,18.01,67.09,0,1.82,16.05.2024 16:50:10
0,184.69,985,1062,18.01,67.09,0,1.54,16.05.2024 16:50:12
0,184.13,982,1063,18.01,67.12,0,1.49,16.05.2024 16:50:14
0,182.81,975,1062,18.01,67.08,0,1.39,16.05.2024 16:50:16
0,181.88,970,1062,18.00,67.10,0,1.31,16.05.2024 16:50:18
0,183.75,980,1062,17.97,67.10,0,1.48,16.05.2024 16:50:21
0,186.19,993,1062,17.98,67.09,0,1.68,16.05.2024 16:50:23
0,181.88,970,1062,17.98,67.08,0,1.32,16.05.2024 16:50:25
0,184.50,984,1062,18.00,67.10,0,1.53,16.05.2024 16:50:27
0,186.94,997,1061,18.02,67.10,0,1.73,16.05.2024 16:50:29
0,184.13,982,1061,17.98,67.09,0,1.51,16.05.2024 16:50:31
0,183.75,980,1061,18.00,67.09,0,1.47,16.05.2024 16:50:33
0,182.63,974,1061,18.00,67.13,0,1.37,16.05.2024 16:50:35
0,181.31,967,1061,18.01,67.08,0,1.27,16.05.2024 16:50:38
0,183.38,978,1061,18.00,67.11,0,1.44,16.05.2024 16:50:40
0,183.94,981,1061,18.00,67.08,0,1.49,16.05.2024 16:50:42
0,180.75,964,1060,18.01,67.12,0,1.22,16.05.2024 16:50:44
0,185.63,990,1060,18.00,67.10,0,1.63,16.05.2024 16:50:46
0,181.69,969,1060,18.00,67.09,0,1.30,16.05.2024 16:50:48
0,186.19,993,1060,18.00,67.09,0,1.68,16.05.2024 16:50:50
0,184.50,984,1060,17.97,67.11,0,1.54,16.05.2024 16:50:52
0,181.69,969,1060,17.98,67.11,0,1.30,16.05.2024 16:50:54
0,183.75,980,1060,17.97,67.10,0,1.48,16.05.2024 16:50:57
0,185.44,989,1059,17.97,67.08,0,1.62,16.05.2024 16:50:59
0,185.63,990,1060,17.97,67.11,0,1.64,16.05.2024 16:51:01
0,182.25,972,1060,18.00,67.09,0,1.35,16.05.2024 16:51:03
0,182.25,972,1060,18.00,67.12,0,1.34,16.05.2024 16:51:05
0,183.38,978,1060,17.95,67.10,0,1.45,16.05.2024 16:51:07
0,182.81,975,1061,17.98,67.10,0,1.40,16.05.2024 16:51:09
0,178.13,950,1061,17.98,67.10,0,1.02,16.05.2024 16:51:11
0,183.56,979,1061,17.98,67.10,0,1.46,16.05.2024 16:51:16
0,185.81,991,1061,17.98,67.10,0,1.65,16.05.2024 16:51:18
0,182.81,975,1061,17.98,67.09,0,1.40,16.05.2024 16:51:20
0,183.94,981,1061,17.97,67.07,0,1.50,16.05.2024 16:51:22
0,179.25,956,1061,17.98,67.10,0,1.11,16.05.2024 16:51:24
0,180.00,960,1061,17.95,67.08,0,1.18,16.05.2024 16:51:26
0,181.69,969,1061,17.98,67.12,0,1.30,16.05.2024 16:51:28
0,177.56,947,1061,17.97,67.07,0,0.99,16.05.2024 16:51:30
0,182.25,972,1060,17.98,67.11,0,1.35,16.05.2024 16:51:33
0,180.38,962,1060,17.97,67.08,0,1.20,16.05.2024 16:51:35
0,182.25,972,1060,17.95,67.08,0,1.36,16.05.2024 16:51:37
0,182.63,974,1060,17.95,67.09,0,1.39,16.05.2024 16:51:39
0,174.00,928,1060,17.94,67.10,0,0.73,16.05.2024 16:51:41
0,184.31,983,1059,17.95,67.11,0,1.53,16.05.2024 16:51:43
0,180.19,961,1059,17.92,67.10,0,1.20,16.05.2024 16:51:45
0,181.31,967,1060,17.95,67.06,0,1.28,16.05.2024 16:51:47
0,179.25,956,1060,17.97,67.11,0,1.11,16.05.2024 16:51:49
0,183.19,977,1060,17.94,67.09,0,1.44,16.05.2024 16:51:52
0,185.25,988,1060,17.95,67.10,0,1.61,16.05.2024 16:51:54
0,184.13,982,1059,17.95,67.10,0,1.51,16.05.2024 16:51:56
0,184.31,983,1060,17.94,67.11,0,1.53,16.05.2024 16:51:58
0,186.19,993,1061,17.94,67.11,0,1.69,16.05.2024 16:52:00
0,186.75,996,1060,17.95,67.11,0,1.74,16.05.2024 16:52:02
0,182.63,974,1061,17.92,67.11,0,1.40,16.05.2024 16:52:04
0,182.44,973,1061,17.91,67.09,0,1.39,16.05.2024 16:52:06
0,186.19,993,1062,17.92,67.09,0,1.70,16.05.2024 16:52:09
0,184.13,982,1062,17.94,67.08,0,1.52,16.05.2024 16:52:11
0,187.69,1001,1062,17.91,67.11,0,1.83,16.05.2024 16:52:13
0,178.88,954,1062,17.92,67.07,0,1.10,16.05.2024 16:52:15
0,183.38,978,1062,17.94,67.12,0,1.45,16.05.2024 16:52:17
0,182.81,975,1062,17.92,67.10,0,1.41,16.05.2024 16:52:19
0,185.25,988,1062,17.92,67.10,0,1.62,16.05.2024 16:52:21
0,183.38,978,1062,17.90,67.09,0,1.47,16.05.2024 16:52:23
0,184.31,983,1061,17.91,67.09,0,1.54,16.05.2024 16:52:25
0,183.38,978,1061,17.94,67.07,0,1.46,16.05.2024 16:52:28
0,182.06,971,1061,17.92,67.12,0,1.35,16.05.2024 16:52:30
0,183.00,976,1062,17.92,67.12,0,1.43,16.05.2024 16:52:32
0,185.06,987,1062,17.92,67.13,0,1.60,16.05.2024 16:52:34
0,182.06,971,1062,17.95,67.11,0,1.34,16.05.2024 16:52:36
0,186.00,992,1062,17.91,67.10,0,1.69,16.05.2024 16:52:38
0,183.75,980,1061,17.94,67.12,0,1.48,16.05.2024 16:52:40
0,186.38,994,1061,17.92,67.11,0,1.71,16.05.2024 16:52:42
0,188.06,1003,1062,17.91,67.11,0,1.86,16.05.2024 16:52:45
0,183.94,981,1062,17.91,67.11,0,1.51,16.05.2024 16:52:47
0,187.50,1000,1062,17.91,67.10,0,1.82,16.05.2024 16:52:49
0,186.56,995,1061,17.91,67.09,0,1.73,16.05.2024 16:52:51
0,183.94,981,1062,17.90,67.12,0,1.51,16.05.2024 16:52:53
0,181.13,966,1061,17.91,67.11,0,1.28,16.05.2024 16:52:55
0,182.81,975,1062,17.94,67.12,0,1.41,16.05.2024 16:52:57
0,179.81,959,1061,17.91,67.14,0,1.17,16.05.2024 16:52:59
0,185.63,990,1061,17.91,67.09,0,1.65,16.05.2024 16:53:02
0,184.69,985,1062,17.91,67.12,0,1.57,16.05.2024 16:53:04
0,184.69,985,1063,17.91,67.13,0,1.57,16.05.2024 16:53:06
0,185.25,988,1063,17.90,67.10,0,1.63,16.05.2024 16:53:08
0,183.56,979,1063,17.91,67.10,0,1.48,16.05.2024 16:53:10
0,185.81,991,1063,17.91,67.10,0,1.67,16.05.2024 16:53:12
0,184.13,982,1063,17.90,67.12,0,1.53,16.05.2024 16:53:14
0,183.75,980,1062,17.92,67.13,0,1.49,16.05.2024 16:53:16
0,183.00,976,1063,17.92,67.11,0,1.43,16.05.2024 16:53:18
0,182.44,973,1063,17.91,67.13,0,1.38,16.05.2024 16:53:21
0,183.38,978,1063,17.91,67.12,0,1.46,16.05.2024 16:53:23
0,184.88,986,1062,17.87,67.13,0,1.60,16.05.2024 16:53:25
0,185.06,987,1062,17.88,67.10,0,1.61,16.05.2024 16:53:27
0,184.50,984,1063,17.90,67.12,0,1.56,16.05.2024 16:53:29
0,183.19,977,1063,17.90,67.12,0,1.45,16.05.2024 16:53:31
0,184.50,984,1062,17.90,67.10,0,1.56,16.05.2024 16:53:33
0,188.25,1004,1063,17.90,67.11,0,1.89,16.05.2024 16:53:35
0,183.75,980,1063,17.92,67.12,0,1.49,16.05.2024 16:53:38
0,183.19,977,1063,17.90,67.12,0,1.45,16.05.2024 16:53:40
0,184.13,982,1063,17.88,67.11,0,1.53,16.05.2024 16:53:42
0,183.94,981,1063,17.88,67.13,0,1.52,16.05.2024 16:53:44
0,182.25,972,1063,17.90,67.12,0,1.37,16.05.2024 16:53:46
0,186.00,992,1063,17.90,67.11,0,1.69,16.05.2024 16:53:48
0,184.50,984,1064,17.90,67.11,0,1.56,16.05.2024 16:53:50
0,181.50,968,1064,17.87,67.11,0,1.32,16.05.2024 16:53:52
0,183.00,976,1064,17.88,67.12,0,1.44,16.05.2024 16:53:55
0,180.19,961,1064,17.87,67.09,0,1.22,16.05.2024 16:53:57
0,179.44,957,1063,17.91,67.13,0,1.14,16.05.2024 16:53:59
0,183.56,979,1063,17.90,67.13,0,1.48,16.05.2024 16:54:01
0,185.81,991,1063,17.85,67.14,0,1.68,16.05.2024 16:54:03
0,184.88,986,1064,17.87,67.11,0,1.60,16.05.2024 16:54:05
0,187.69,1001,1064,17.88,67.11,0,1.84,16.05.2024 16:54:07
0,179.81,959,1064,17.91,67.13,0,1.17,16.05.2024 16:54:11
0,180.38,962,1063,17.88,67.08,0,1.23,16.05.2024 16:54:13
0,181.69,969,1063,17.88,67.12,0,1.33,16.05.2024 16:54:16
0,182.63,974,1064,17.87,67.12,0,1.41,16.05.2024 16:54:18
0,181.88,970,1063,17.85,67.09,0,1.36,16.05.2024 16:54:20
0,180.94,965,1063,17.88,67.12,0,1.27,16.05.2024 16:54:22
0,180.56,963,1062,17.87,67.13,0,1.24,16.05.2024 16:54:24
0,179.06,955,1062,17.87,67.15,0,1.12,16.05.2024 16:54:26
0,181.69,969,1062,17.85,67.13,0,1.34,16.05.2024 16:54:28
0,173.25,924,1061,17.85,67.09,0,0.69,16.05.2024 16:54:30
0,180.19,961,1062,17.88,67.11,0,1.21,16.05.2024 16:54:33
0,177.00,944,1062,17.87,67.12,0,0.97,16.05.2024 16:54:35
0,180.19,961,1062,17.87,67.11,0,1.22,16.05.2024 16:54:37
0,181.69,969,1063,17.87,67.15,0,1.33,16.05.2024 16:54:39
0,179.63,958,1062,17.84,67.13,0,1.18,16.05.2024 16:54:41
0,182.63,974,1061,17.84,67.13,0,1.42,16.05.2024 16:54:43
0,180.94,965,1061,17.87,67.12,0,1.27,16.05.2024 16:54:45
0,181.88,970,1062,17.85,67.15,0,1.35,16.05.2024 16:54:47
0,181.31,967,1063,17.87,67.15,0,1.30,16.05.2024 16:54:50
0,183.38,978,1062,17.85,67.13,0,1.48,16.05.2024 16:54:52
0,182.44,973,1063,17.85,67.15,0,1.40,16.05.2024 16:54:54
0,183.75,980,1064,17.85,67.15,0,1.51,16.05.2024 16:54:56
0,182.44,973,1064,17.84,67.12,0,1.41,16.05.2024 16:54:58
0,183.00,976,1065,17.84,67.15,0,1.45,16.05.2024 16:55:00
0,182.44,973,1065,17.85,67.17,0,1.40,16.05.2024 16:55:02
0,182.81,975,1065,17.84,67.12,0,1.44,16.05.2024 16:55:04
0,182.25,972,1066,17.85,67.14,0,1.38,16.05.2024 16:55:06
0,185.44,989,1066,17.82,67.15,0,1.66,16.05.2024 16:55:09
0,180.56,963,1066,17.84,67.11,0,1.25,16.05.2024 16:55:11
0,182.81,975,1065,17.82,67.17,0,1.44,16.05.2024 16:55:13
0,182.81,975,1066,17.85,67.14,0,1.43,16.05.2024 16:55:15
0,183.75,980,1066,17.84,67.13,0,1.51,16.05.2024 16:55:17
0,181.88,970,1066,17.85,67.16,0,1.35,16.05.2024 16:55:19
0,180.94,965,1066,17.84,67.15,0,1.28,16.05.2024 16:55:21
0,187.88,1002,1066,17.84,67.14,0,1.87,16.05.2024 16:55:23
0,184.69,985,1066,17.84,67.16,0,1.59,16.05.2024 16:55:26
0,181.50,968,1066,17.82,67.13,0,1.33,16.05.2024 16:55:28
0,183.19,977,1066,17.84,67.12,0,1.47,16.05.2024 16:55:30
0,186.56,995,1066,17.84,67.13,0,1.75,16.05.2024 16:55:32
0,183.38,978,1066,17.82,67.13,0,1.49,16.05.2024 16:55:34
0,183.38,978,1066,17.84,67.14,0,1.48,16.05.2024 16:55:36
0,182.06,971,1066,17.84,67.12,0,1.37,16.05.2024 16:55:38
0,179.63,958,1066,17.82,67.14,0,1.18,16.05.2024 16:55:40
0,185.44,989,1066,17.82,67.13,0,1.66,16.05.2024 16:55:43
0,185.63,990,1066,17.81,67.14,0,1.68,16.05.2024 16:55:45
0,187.13,998,1065,17.81,67.12,0,1.81,16.05.2024 16:55:47
0,185.06,987,1065,17.82,67.18,0,1.63,16.05.2024 16:55:49
0,184.50,984,1065,17.85,67.13,0,1.57,16.05.2024 16:55:51
0,184.31,983,1065,17.82,67.17,0,1.56,16.05.2024 16:55:53
0,182.06,971,1064,17.82,67.16,0,1.38,16.05.2024 16:55:55
0,183.75,980,1064,17.81,67.12,0,1.52,16.05.2024 16:55:57
0,185.81,991,1064,17.82,67.13,0,1.69,16.05.2024 16:55:59
0,182.25,972,1064,17.84,67.15,0,1.39,16.05.2024 16:56:02
0,181.69,969,1063,17.84,67.15,0,1.34,16.05.2024 16:56:04
0,186.19,993,1062,17.84,67.15,0,1.72,16.05.2024 16:56:06
0,183.19,977,1062,17.81,67.12,0,1.48,16.05.2024 16:56:08
0,182.06,971,1062,17.82,67.18,0,1.38,16.05.2024 16:56:10
0,184.69,985,1062,17.82,67.16,0,1.60,16.05.2024 16:56:12
0,183.00,976,1061,17.81,67.16,0,1.46,16.05.2024 16:56:14
0,185.06,987,1062,17.81,67.16,0,1.63,16.05.2024 16:56:16
0,182.63,974,1062,17.82,67.15,0,1.42,16.05.2024 16:56:19
0,181.88,970,1062,17.81,67.13,0,1.37,16.05.2024 16:56:21
0,179.63,958,1063,17.81,67.12,0,1.19,16.05.2024 16:56:23
0,184.31,983,1062,17.80,67.15,0,1.57,16.05.2024 16:56:25
0,182.06,971,1061,17.80,67.14,0,1.39,16.05.2024 16:56:27
0,183.00,976,1061,17.81,67.14,0,1.46,16.05.2024 16:56:29
0,181.13,966,1061,17.81,67.16,0,1.30,16.05.2024 16:56:31
0,182.06,971,1062,17.81,67.13,0,1.38,16.05.2024 16:56:33
0,185.63,990,1062,17.78,67.13,0,1.69,16.05.2024 16:56:36
0,182.81,975,1062,17.80,67.13,0,1.45,16.05.2024 16:56:38
0,182.63,974,1063,17.77,67.14,0,1.44,16.05.2024 16:56:40
0,184.88,986,1063,17.81,67.16,0,1.62,16.05.2024 16:56:42
0,184.69,985,1063,17.78,67.16,0,1.61,16.05.2024 16:56:44
0,183.00,976,1062,17.78,67.13,0,1.47,16.05.2024 16:56:46
0,183.75,980,1062,17.81,67.16,0,1.52,16.05.2024 16:56:48
0,177.94,949,1063,17.81,67.16,0,1.05,16.05.2024 16:56:50
0,181.13,966,1063,17.80,67.17,0,1.31,16.05.2024 16:56:52
0,182.63,974,1064,17.80,67.15,0,1.43,16.05.2024 16:56:55
0,183.56,979,1064,17.78,67.15,0,1.51,16.05.2024 16:56:57
0,182.25,972,1064,17.78,67.15,0,1.40,16.05.2024 16:56:59
0,179.25,956,1064,17.80,67.15,0,1.16,16.05.2024 16:57:01
0,179.44,957,1065,17.80,67.13,0,1.17,16.05.2024 16:57:03
0,181.13,966,1065,17.80,67.16,0,1.31,16.05.2024 16:57:05
0,183.94,981,1064,17.77,67.12,0,1.55,16.05.2024 16:57:09
0,180.19,961,1065,17.78,67.17,0,1.24,16.05.2024 16:57:11
0,178.69,953,1065,17.78,67.16,0,1.12,16.05.2024 16:57:14
0,180.75,964,1065,17.78,67.14,0,1.28,16.05.2024 16:57:16
0,184.69,985,1066,17.78,67.15,0,1.61,16.05.2024 16:57:18
0,181.50,968,1066,17.74,67.16,0,1.35,16.05.2024 16:57:20
0,180.38,962,1066,17.78,67.16,0,1.25,16.05.2024 16:57:22
0,179.25,956,1066,17.77,67.14,0,1.17,16.05.2024 16:57:24
0,175.88,938,1067,17.76,67.13,0,0.91,16.05.2024 16:57:26
0,176.06,939,1067,17.77,67.14,0,0.92,16.05.2024 16:57:28
0,175.31,935,1067,17.76,67.12,0,0.87,16.05.2024 16:57:31
0,180.56,963,1067,17.77,67.15,0,1.27,16.05.2024 16:57:33
0,178.31,951,1067,17.76,67.15,0,1.10,16.05.2024 16:57:35
0,178.69,953,1067,17.76,67.13,0,1.13,16.05.2024 16:57:37
0,179.44,957,1067,17.77,67.15,0,1.18,16.05.2024 16:57:39
0,180.56,963,1067,17.78,67.17,0,1.27,16.05.2024 16:57:41
0,181.31,967,1067,17.76,67.15,0,1.34,16.05.2024 16:57:43
0,178.88,954,1068,17.78,67.13,0,1.13,16.05.2024 16:57:45
0,180.38,962,1068,17.77,67.18,0,1.25,16.05.2024 16:57:47
0,180.56,963,1068,17.76,67.16,0,1.27,16.05.2024 16:57:50
0,181.50,968,1068,17.76,67.15,0,1.35,16.05.2024 16:57:52
0,185.06,987,1068,17.74,67.18,0,1.65,16.05.2024 16:57:54
0,181.88,970,1068,17.74,67.16,0,1.39,16.05.2024 16:57:56
0,183.94,981,1068,17.76,67.16,0,1.55,16.05.2024 16:57:58
0,182.25,972,1068,17.76,67.13,0,1.41,16.05.2024 16:58:00
0,183.38,978,1068,17.76,67.15,0,1.51,16.05.2024 16:58:02
0,184.69,985,1068,17.76,67.17,0,1.62,16.05.2024 16:58:04
0,181.13,966,1069,17.76,67.17,0,1.32,16.05.2024 16:58:07
0,181.13,966,1069,17.77,67.18,0,1.31,16.05.2024 16:58:09
0,182.06,971,1068,17.74,67.17,0,1.40,16.05.2024 16:58:11
0,181.69,969,1068,17.76,67.17,0,1.36,16.05.2024 16:58:13
0,186.94,997,1068,17.74,67.16,0,1.82,16.05.2024 16:58:15
0,184.31,983,1068,17.77,67.15,0,1.58,16.05.2024 16:58:17
0,182.81,975,1068,17.76,67.16,0,1.46,16.05.2024 16:58:19
0,183.75,980,1068,17.76,67.16,0,1.54,16.05.2024 16:58:21
0,183.19,977,1068,17.76,67.16,0,1.49,16.05.2024 16:58:24
0,184.50,984,1068,17.74,67.19,0,1.60,16.05.2024 16:58:26
0,185.06,987,1068,17.74,67.14,0,1.65,16.05.2024 16:58:28
0,179.81,959,1067,17.74,67.18,0,1.22,16.05.2024 16:58:30
0,184.13,982,1067,17.71,67.19,0,1.58,16.05.2024 16:58:32
0,182.06,971,1067,17.74,67.18,0,1.40,16.05.2024 16:58:34
0,182.25,972,1067,17.73,67.18,0,1.42,16.05.2024 16:58:36
0,181.31,967,1067,17.76,67.19,0,1.33,16.05.2024 16:58:38
0,181.13,966,1067,17.73,67.18,0,1.33,16.05.2024 16:58:40
0,183.75,980,1067,17.74,67.20,0,1.54,16.05.2024 16:58:43
0,182.63,974,1068,17.73,67.20,0,1.45,16.05.2024 16:58:45
0,183.94,981,1067,17.74,67.16,0,1.56,16.05.2024 16:58:47
0,180.38,962,1068,17.74,67.19,0,1.26,16.05.2024 16:58:49
0,182.63,974,1067,17.71,67.18,0,1.45,16.05.2024 16:58:51
0,187.69,1001,1067,17.71,67.17,0,1.89,16.05.2024 16:58:53
0,184.50,984,1068,17.73,67.15,0,1.61,16.05.2024 16:58:55
0,180.75,964,1068,17.74,67.18,0,1.29,16.05.2024 16:58:57
0,181.50,968,1068,17.73,67.19,0,1.36,16.05.2024 16:59:00
0,183.56,979,1067,17.73,67.19,0,1.53,16.05.2024 16:59:02
0,184.50,984,1067,17.73,67.21,0,1.61,16.05.2024 16:59:04
0,181.69,969,1067,17.71,67.18,0,1.38,16.05.2024 16:59:06
0,181.69,969,1067,17.73,67.19,0,1.37,16.05.2024 16:59:08
0,183.38,978,1068,17.73,67.18,0,1.51,16.05.2024 16:59:10
0,184.13,982,1068,17.74,67.19,0,1.57,16.05.2024 16:59:12
0,181.69,969,1068,17.73,67.18,0,1.37,16.05.2024 16:59:14
0,178.50,952,1069,17.70,67.17,0,1.12,16.05.2024 16:59:17
0,185.06,987,1069,17.70,67.17,0,1.67,16.05.2024 16:59:19
0,184.50,984,1069,17.70,67.16,0,1.62,16.05.2024 16:59:21
0,184.50,984,1069,17.71,67.18,0,1.61,16.05.2024 16:59:23
0,183.19,977,1070,17.73,67.16,0,1.50,16.05.2024 16:59:25
0,179.81,959,1070,17.74,67.19,0,1.22,16.05.2024 16:59:27
0,181.50,968,1070,17.71,67.20,0,1.36,16.05.2024 16:59:29
0,181.88,970,1070,17.71,67.20,0,1.39,16.05.2024 16:59:31
0,183.19,977,1071,17.70,67.20,0,1.50,16.05.2024 16:59:33
0,182.44,973,1071,17.71,67.21,0,1.44,16.05.2024 16:59:36
0,181.69,969,1071,17.73,67.21,0,1.37,16.05.2024 16:59:38
0,178.31,951,1071,17.70,67.16,0,1.11,16.05.2024 16:59:40
0,182.81,975,1071,17.73,67.17,0,1.47,16.05.2024 16:59:42
0,181.88,970,1071,17.70,67.18,0,1.40,16.05.2024 16:59:44
0,181.88,970,1072,17.70,67.20,0,1.39,16.05.2024 16:59:46
0,183.19,977,1073,17.71,67.16,0,1.50,16.05.2024 16:59:48
0,183.56,979,1073,17.71,67.16,0,1.53,16.05.2024 16:59:50
0,179.63,958,1072,17.71,67.18,0,1.21,16.05.2024 16:59:53
0,183.75,980,1072,17.70,67.16,0,1.55,16.05.2024 16:59:55
0,183.19,977,1073,17.68,67.16,0,1.51,16.05.2024 16:59:57
0,184.69,985,1073,17.70,67.17,0,1.63,16.05.2024 16:59:59
