0,253.31,1351,753,10.30,70.43,0,17.59,17.05.2024 10:00:01
0,253.69,1353,753,10.27,70.41,0,17.73,17.05.2024 10:00:03
0,249.75,1332,753,10.27,70.38,0,16.63,17.05.2024 10:00:05
0,254.81,1359,754,10.27,70.41,0,18.06,17.05.2024 10:00:07
0,251.63,1342,754,10.26,70.38,0,17.17,17.05.2024 10:00:09
0,254.44,1357,754,10.27,70.38,0,17.96,17.05.2024 10:00:12
0,254.06,1355,754,10.27,70.43,0,17.84,17.05.2024 10:00:14
0,253.69,1353,754,10.28,70.39,0,17.72,17.05.2024 10:00:16
0,253.69,1353,754,10.27,70.38,0,17.74,17.05.2024 10:00:18
0,255.00,1360,754,10.27,70.43,0,18.11,17.05.2024 10:00:20
0,252.00,1344,754,10.21,70.39,0,17.32,17.05.2024 10:00:22
0,252.75,1348,755,10.28,70.39,0,17.45,17.05.2024 10:00:24
0,252.19,1345,755,10.27,70.41,0,17.31,17.05.2024 10:00:26
0,254.25,1356,756,10.27,70.41,0,17.90,17.05.2024 10:00:29
0,252.38,1346,755,10.27,70.38,0,17.36,17.05.2024 10:00:31
0,252.94,1349,755,10.27,70.41,0,17.52,17.05.2024 10:00:33
0,251.06,1339,755,10.26,70.41,0,17.00,17.05.2024 10:00:35
0,252.56,1347,755,10.26,70.39,0,17.43,17.05.2024 10:00:37
0,254.63,1358,754,10.26,70.40,0,18.02,17.05.2024 10:00:39
0,254.44,1357,754,10.24,70.41,0,17.98,17.05.2024 10:00:41
0,252.56,1347,753,10.27,70.43,0,17.41,17.05.2024 10:00:43
0,252.75,1348,753,10.26,70.42,0,17.48,17.05.2024 10:00:46
0,253.13,1350,754,10.27,70.41,0,17.57,17.05.2024 10:00:48
0,252.94,1349,754,10.26,70.40,0,17.54,17.05.2024 10:00:50
0,252.38,1346,755,10.27,70.40,0,17.36,17.05.2024 10:00:52
0,252.75,1348,755,10.26,70.39,0,17.48,17.05.2024 10:00:54
0,253.50,1352,754,10.26,70.41,0,17.69,17.05.2024 10:00:56
0,255.19,1361,754,10.27,70.38,0,18.17,17.05.2024 10:00:58
0,252.56,1347,755,10.27,70.41,0,17.41,17.05.2024 10:01:00
0,254.25,1356,754,10.27,70.42,0,17.89,17.05.2024 10:01:02
0,254.25,1356,754,10.27,70.39,0,17.90,17.05.2024 10:01:05
0,251.63,1342,753,10.27,70.40,0,17.15,17.05.2024 10:01:07
0,253.13,1350,753,10.28,70.40,0,17.56,17.05.2024 10:01:09
0,251.44,1341,753,10.26,70.38,0,17.11,17.05.2024 10:01:11
0,250.50,1336,753,10.27,70.39,0,16.84,17.05.2024 10:01:13
0,254.06,1355,753,10.27,70.39,0,17.85,17.05.2024 10:01:15
0,253.69,1353,753,10.27,70.39,0,17.74,17.05.2024 10:01:17
0,253.31,1351,753,10.24,70.38,0,17.66,17.05.2024 10:01:19
0,254.63,1358,753,10.26,70.38,0,18.03,17.05.2024 10:01:22
0,254.44,1357,754,10.28,70.38,0,17.94,17.05.2024 10:01:24
0,250.69,1337,753,10.26,70.40,0,16.90,17.05.2024 10:01:26
0,252.38,1346,754,10.27,70.37,0,17.37,17.05.2024 10:01:28
0,251.44,1341,753,10.24,70.40,0,17.13,17.05.2024 10:01:30
0,248.44,1325,753,10.26,70.39,0,16.28,17.05.2024 10:01:32
0,252.56,1347,753,10.24,70.38,0,17.45,17.05.2024 10:01:34
0,255.19,1361,753,10.24,70.38,0,18.21,17.05.2024 10:01:36
0,252.56,1347,753,10.27,70.36,0,17.42,17.05.2024 10:01:39
0,251.25,1340,753,10.26,70.39,0,17.06,17.05.2024 10:01:41
0,253.31,1351,753,10.24,70.36,0,17.67,17.05.2024 10:01:45
0,252.75,1348,752,10.26,70.39,0,17.48,17.05.2024 10:01:47
0,249.75,1332,753,10.27,70.38,0,16.63,17.05.2024 10:01:49
0,251.06,1339,752,10.24,70.38,0,17.03,17.05.2024 10:01:51
0,249.19,1329,753,10.27,70.38,0,16.47,17.05.2024 10:01:53
0,248.44,1325,753,10.26,70.34,0,16.29,17.05.2024 10:01:55
0,251.06,1339,753,10.24,70.38,0,17.03,17.05.2024 10:01:58
0,249.00,1328,753,10.27,70.38,0,16.42,17.05.2024 10:02:00
0,247.50,1320,753,10.26,70.37,0,16.03,17.05.2024 10:02:02
0,249.00,1328,752,10.27,70.39,0,16.42,17.05.2024 10:02:04
0,253.69,1353,752,10.27,70.40,0,17.74,17.05.2024 10:02:06
0,249.94,1333,752,10.26,70.38,0,16.70,17.05.2024 10:02:08
0,249.94,1333,753,10.27,70.41,0,16.68,17.05.2024 10:02:10
0,249.00,1328,753,10.28,70.38,0,16.41,17.05.2024 10:02:12
0,248.81,1327,753,10.26,70.41,0,16.38,17.05.2024 10:02:14
0,253.13,1350,753,10.27,70.41,0,17.57,17.05.2024 10:02:17
0,253.88,1354,753,10.24,70.38,0,17.82,17.05.2024 10:02:19
0,253.69,1353,753,10.26,70.37,0,17.76,17.05.2024 10:02:21
0,255.75,1364,753,10.24,70.38,0,18.37,17.05.2024 10:02:23
0,253.31,1351,754,10.28,70.40,0,17.61,17.05.2024 10:02:25
0,257.63,1374,753,10.27,70.39,0,18.89,17.05.2024 10:02:27
0,253.13,1350,753,10.26,70.36,0,17.60,17.05.2024 10:02:29
0,252.56,1347,753,10.26,70.35,0,17.44,17.05.2024 10:02:31
0,252.94,1349,754,10.26,70.36,0,17.54,17.05.2024 10:02:34
0,257.25,1372,754,10.27,70.36,0,18.79,17.05.2024 10:02:36
0,252.75,1348,754,10.26,70.37,0,17.49,17.05.2024 10:02:38
0,254.06,1355,754,10.23,70.36,0,17.90,17.05.2024 10:02:40
0,253.50,1352,753,10.26,70.40,0,17.70,17.05.2024 10:02:42
0,252.75,1348,754,10.27,70.40,0,17.47,17.05.2024 10:02:44
0,254.81,1359,754,10.27,70.37,0,18.07,17.05.2024 10:02:46
0,258.75,1380,753,10.24,70.38,0,19.27,17.05.2024 10:02:48
0,250.31,1335,754,10.26,70.40,0,16.80,17.05.2024 10:02:51
0,253.13,1350,754,10.26,70.40,0,17.59,17.05.2024 10:02:53
0,251.63,1342,754,10.26,70.40,0,17.16,17.05.2024 10:02:55
0,255.38,1362,754,10.26,70.37,0,18.25,17.05.2024 10:02:57
0,253.88,1354,753,10.26,70.39,0,17.81,17.05.2024 10:02:59
0,255.19,1361,754,10.26,70.38,0,18.19,17.05.2024 10:03:01
0,254.44,1357,754,10.26,70.39,0,17.97,17.05.2024 10:03:03
0,253.13,1350,754,10.24,70.37,0,17.61,17.05.2024 10:03:05
0,252.38,1346,754,10.26,70.36,0,17.38,17.05.2024 10:03:07
0,253.50,1352,754,10.24,70.37,0,17.72,17.05.2024 10:03:10
0,256.13,1366,755,10.24,70.38,0,18.48,17.05.2024 10:03:12
0,253.69,1353,755,10.24,70.35,0,17.78,17.05.2024 10:03:14
0,255.75,1364,755,10.26,70.37,0,18.36,17.05.2024 10:03:16
0,252.75,1348,755,10.26,70.36,0,17.49,17.05.2024 10:03:18
0,252.19,1345,755,10.26,70.39,0,17.32,17.05.2024 10:03:20
0,249.38,1330,755,10.27,70.36,0,16.53,17.05.2024 10:03:22
0,253.31,1351,755,10.26,70.37,0,17.65,17.05.2024 10:03:24
0,255.19,1361,755,10.27,70.38,0,18.17,17.05.2024 10:03:27
0,257.06,1371,755,10.24,70.38,0,18.76,17.05.2024 10:03:29
0,253.13,1350,755,10.26,70.38,0,17.59,17.05.2024 10:03:31
0,252.38,1346,756,10.27,70.36,0,17.37,17.05.2024 10:03:33
0,254.63,1358,756,10.27,70.37,0,18.01,17.05.2024 10:03:35
0,254.25,1356,755,10.23,70.36,0,17.95,17.05.2024 10:03:37
0,253.69,1353,755,10.24,70.36,0,17.78,17.05.2024 10:03:39
0,255.56,1363,755,10.24,70.38,0,18.32,17.05.2024 10:03:41
0,253.88,1354,755,10.24,70.38,0,17.83,17.05.2024 10:03:44
0,252.38,1346,756,10.26,70.36,0,17.38,17.05.2024 10:03:46
0,254.81,1359,755,10.26,70.33,0,18.09,17.05.2024 10:03:48
0,252.00,1344,755,10.27,70.39,0,17.26,17.05.2024 10:03:50
0,250.69,1337,755,10.27,70.36,0,16.89,17.05.2024 10:03:52
0,249.94,1333,755,10.26,70.37,0,16.70,17.05.2024 10:03:54
0,252.94,1349,755,10.26,70.39,0,17.54,17.05.2024 10:03:56
0,253.50,1352,754,10.23,70.38,0,17.73,17.05.2024 10:03:58
0,255.38,1362,755,10.26,70.36,0,18.25,17.05.2024 10:04:01
0,253.69,1353,754,10.28,70.36,0,17.73,17.05.2024 10:04:05
0,252.38,1346,754,10.26,70.35,0,17.39,17.05.2024 10:04:07
0,250.13,1334,755,10.26,70.36,0,16.75,17.05.2024 10:04:09
0,250.50,1336,755,10.27,70.38,0,16.84,17.05.2024 10:04:11
0,249.38,1330,755,10.24,70.36,0,16.56,17.05.2024 10:04:13
0,249.56,1331,756,10.27,70.35,0,16.59,17.05.2024 10:04:15
0,248.81,1327,756,10.26,70.35,0,16.39,17.05.2024 10:04:17
0,249.56,1331,757,10.23,70.38,0,16.62,17.05.2024 10:04:19
0,248.81,1327,757,10.27,70.37,0,16.37,17.05.2024 10:04:22
0,251.44,1341,756,10.24,70.37,0,17.13,17.05.2024 10:04:24
0,250.88,1338,757,10.24,70.33,0,16.98,17.05.2024 10:04:26
0,250.88,1338,756,10.24,70.36,0,16.98,17.05.2024 10:04:28
0,251.06,1339,756,10.24,70.34,0,17.04,17.05.2024 10:04:30
0,251.81,1343,755,10.24,70.35,0,17.24,17.05.2024 10:04:32
0,247.69,1321,755,10.26,70.36,0,16.08,17.05.2024 10:04:34
0,253.13,1350,755,10.26,70.36,0,17.60,17.05.2024 10:04:36
0,256.13,1366,755,10.24,70.36,0,18.49,17.05.2024 10:04:39
0,256.13,1366,755,10.27,70.36,0,18.45,17.05.2024 10:04:41
0,253.50,1352,755,10.26,70.36,0,17.71,17.05.2024 10:04:43
0,254.25,1356,755,10.24,70.38,0,17.93,17.05.2024 10:04:45
0,256.88,1370,754,10.26,70.36,0,18.69,17.05.2024 10:04:47
0,249.94,1333,754,10.27,70.36,0,16.68,17.05.2024 10:04:49
0,252.00,1344,753,10.26,70.38,0,17.27,17.05.2024 10:04:51
0,255.00,1360,753,10.24,70.37,0,18.16,17.05.2024 10:04:53
0,254.25,1356,753,10.24,70.37,0,17.94,17.05.2024 10:04:56
0,254.06,1355,753,10.26,70.36,0,17.87,17.05.2024 10:04:58
0,252.56,1347,754,10.26,70.36,0,17.44,17.05.2024 10:05:00
0,251.81,1343,753,10.27,70.37,0,17.21,17.05.2024 10:05:02
0,252.56,1347,754,10.26,70.39,0,17.43,17.05.2024 10:05:04
0,253.13,1350,755,10.26,70.38,0,17.59,17.05.2024 10:05:06
0,255.19,1361,754,10.24,70.37,0,18.21,17.05.2024 10:05:08
0,250.88,1338,754,10.26,70.38,0,16.96,17.05.2024 10:05:10
0,256.13,1366,754,10.26,70.37,0,18.47,17.05.2024 10:05:12
0,253.13,1350,754,10.24,70.36,0,17.61,17.05.2024 10:05:15
0,253.88,1354,755,10.26,70.39,0,17.81,17.05.2024 10:05:17
0,252.94,1349,754,10.24,70.38,0,17.56,17.05.2024 10:05:19
0,251.63,1342,754,10.23,70.38,0,17.20,17.05.2024 10:05:21
0,253.50,1352,755,10.23,70.38,0,17.73,17.05.2024 10:05:23
0,252.75,1348,755,10.24,70.35,0,17.51,17.05.2024 10:05:25
0,256.13,1366,755,10.24,70.37,0,18.49,17.05.2024 10:05:27
0,253.13,1350,755,10.26,70.35,0,17.60,17.05.2024 10:05:29
0,253.50,1352,756,10.26,70.37,0,17.70,17.05.2024 10:05:32
0,255.19,1361,756,10.24,70.40,0,18.20,17.05.2024 10:05:34
0,254.81,1359,756,10.24,70.38,0,18.10,17.05.2024 10:05:36
0,252.56,1347,757,10.24,70.38,0,17.45,17.05.2024 10:05:38
0,254.63,1358,758,10.26,70.38,0,18.03,17.05.2024 10:05:40
0,251.06,1339,758,10.23,70.36,0,17.04,17.05.2024 10:05:42
0,250.69,1337,758,10.24,70.33,0,16.93,17.05.2024 10:05:44
0,252.19,1345,759,10.27,70.39,0,17.31,17.05.2024 10:05:46
0,252.56,1347,758,10.26,70.36,0,17.44,17.05.2024 10:05:49
0,255.56,1363,759,10.24,70.36,0,18.32,17.05.2024 10:05:51
0,255.00,1360,759,10.26,70.34,0,18.14,17.05.2024 10:05:53
0,254.06,1355,759,10.27,70.37,0,17.85,17.05.2024 10:05:55
0,253.50,1352,759,10.24,70.37,0,17.72,17.05.2024 10:05:57
0,252.56,1347,759,10.26,70.35,0,17.44,17.05.2024 10:05:59
0,256.88,1370,759,10.24,70.37,0,18.71,17.05.2024 10:06:01
0,250.13,1334,759,10.24,70.36,0,16.77,17.05.2024 10:06:03
0,252.00,1344,759,10.26,70.37,0,17.27,17.05.2024 10:06:05
0,256.88,1370,759,10.21,70.37,0,18.74,17.05.2024 10:06:08
0,251.63,1342,759,10.26,70.34,0,17.18,17.05.2024 10:06:10
0,251.63,1342,758,10.23,70.35,0,17.20,17.05.2024 10:06:12
0,256.50,1368,758,10.24,70.36,0,18.60,17.05.2024 10:06:14
0,252.19,1345,758,10.26,70.36,0,17.33,17.05.2024 10:06:16
0,253.69,1353,758,10.27,70.36,0,17.75,17.05.2024 10:06:18
0,251.25,1340,758,10.26,70.34,0,17.07,17.05.2024 10:06:20
0,250.31,1335,758,10.26,70.37,0,16.80,17.05.2024 10:06:24
0,256.88,1370,758,10.24,70.34,0,18.72,17.05.2024 10:06:27
0,252.00,1344,758,10.26,70.37,0,17.27,17.05.2024 10:06:29
0,253.88,1354,758,10.24,70.40,0,17.82,17.05.2024 10:06:31
0,250.69,1337,757,10.24,70.37,0,16.92,17.05.2024 10:06:33
0,251.44,1341,758,10.24,70.35,0,17.14,17.05.2024 10:06:35
0,248.44,1325,757,10.26,70.37,0,16.28,17.05.2024 10:06:37
0,248.81,1327,757,10.27,70.36,0,16.38,17.05.2024 10:06:39
0,249.56,1331,757,10.24,70.38,0,16.61,17.05.2024 10:06:41
0,248.63,1326,757,10.26,70.34,0,16.34,17.05.2024 10:06:44
0,247.13,1318,757,10.23,70.38,0,15.96,17.05.2024 10:06:46
0,249.56,1331,757,10.23,70.34,0,16.63,17.05.2024 10:06:48
0,250.31,1335,757,10.26,70.36,0,16.80,17.05.2024 10:06:50
0,250.13,1334,757,10.24,70.36,0,16.77,17.05.2024 10:06:52
0,251.44,1341,756,10.24,70.38,0,17.13,17.05.2024 10:06:54
0,253.13,1350,756,10.24,70.36,0,17.61,17.05.2024 10:06:56
0,251.06,1339,756,10.24,70.37,0,17.03,17.05.2024 10:06:58
0,252.75,1348,756,10.27,70.36,0,17.48,17.05.2024 10:07:01
0,253.31,1351,756,10.24,70.34,0,17.67,17.05.2024 10:07:03
0,258.38,1378,756,10.24,70.38,0,19.15,17.05.2024 10:07:05
0,253.13,1350,756,10.27,70.36,0,17.58,17.05.2024 10:07:07
0,254.63,1358,756,10.23,70.38,0,18.06,17.05.2024 10:07:09
0,253.13,1350,756,10.24,70.38,0,17.61,17.05.2024 10:07:11
0,256.50,1368,756,10.24,70.34,0,18.60,17.05.2024 10:07:13
0,252.38,1346,756,10.26,70.35,0,17.39,17.05.2024 10:07:15
0,253.31,1351,756,10.23,70.35,0,17.68,17.05.2024 10:07:17
0,253.31,1351,755,10.23,70.34,0,17.69,17.05.2024 10:07:20
0,254.63,1358,755,10.23,70.36,0,18.06,17.05.2024 10:07:22
0,255.94,1365,755,10.26,70.37,0,18.41,17.05.2024 10:07:24
0,252.00,1344,755,10.26,70.34,0,17.28,17.05.2024 10:07:26
0,255.00,1360,756,10.23,70.36,0,18.17,17.05.2024 10:07:28
0,253.31,1351,756,10.24,70.34,0,17.67,17.05.2024 10:07:30
0,254.81,1359,756,10.24,70.33,0,18.11,17.05.2024 10:07:32
0,253.69,1353,756,10.26,70.33,0,17.77,17.05.2024 10:07:34
0,255.94,1365,756,10.23,70.35,0,18.45,17.05.2024 10:07:37
0,255.00,1360,756,10.24,70.33,0,18.16,17.05.2024 10:07:39
0,249.00,1328,756,10.24,70.34,0,16.46,17.05.2024 10:07:41
0,255.75,1364,756,10.26,70.34,0,18.36,17.05.2024 10:07:43
0,257.25,1372,755,10.23,70.36,0,18.83,17.05.2024 10:07:45
0,253.50,1352,755,10.24,70.35,0,17.72,17.05.2024 10:07:47
0,254.63,1358,755,10.24,70.36,0,18.05,17.05.2024 10:07:49
0,252.19,1345,754,10.24,70.34,0,17.35,17.05.2024 10:07:51
0,253.69,1353,754,10.23,70.35,0,17.79,17.05.2024 10:07:54
0,254.25,1356,754,10.23,70.36,0,17.95,17.05.2024 10:07:56
0,253.69,1353,754,10.24,70.35,0,17.78,17.05.2024 10:07:58
0,251.44,1341,755,10.26,70.35,0,17.12,17.05.2024 10:08:00
0,253.50,1352,755,10.24,70.36,0,17.72,17.05.2024 10:08:02
0,256.50,1368,754,10.27,70.38,0,18.56,17.05.2024 10:08:04
0,252.56,1347,754,10.21,70.33,0,17.49,17.05.2024 10:08:06
0,256.31,1367,754,10.24,70.33,0,18.55,17.05.2024 10:08:08
0,256.88,1370,754,10.23,70.36,0,18.73,17.05.2024 10:08:10
0,255.38,1362,754,10.26,70.34,0,18.25,17.05.2024 10:08:13
0,253.88,1354,754,10.23,70.34,0,17.85,17.05.2024 10:08:15
0,256.88,1370,754,10.26,70.35,0,18.69,17.05.2024 10:08:17
0,251.25,1340,753,10.26,70.38,0,17.06,17.05.2024 10:08:19
0,255.75,1364,753,10.26,70.37,0,18.36,17.05.2024 10:08:21
0,253.88,1354,753,10.23,70.35,0,17.85,17.05.2024 10:08:23
0,254.44,1357,753,10.23,70.33,0,18.02,17.05.2024 10:08:25
0,255.00,1360,752,10.24,70.34,0,18.16,17.05.2024 10:08:27
0,258.00,1376,752,10.24,70.36,0,19.05,17.05.2024 10:08:30
0,255.94,1365,752,10.23,70.35,0,18.45,17.05.2024 10:08:32
0,255.00,1360,752,10.21,70.33,0,18.19,17.05.2024 10:08:34
0,254.25,1356,753,10.24,70.33,0,17.94,17.05.2024 10:08:36
0,255.94,1365,753,10.26,70.34,0,18.42,17.05.2024 10:08:38
0,252.38,1346,752,10.21,70.33,0,17.43,17.05.2024 10:08:40
0,248.06,1323,752,10.23,70.33,0,16.22,17.05.2024 10:08:44
0,252.19,1345,752,10.24,70.30,0,17.36,17.05.2024 10:08:46
0,251.44,1341,752,10.23,70.36,0,17.15,17.05.2024 10:08:49
0,242.81,1295,751,10.24,70.36,0,14.81,17.05.2024 10:08:51
0,246.75,1316,751,10.24,70.32,0,15.86,17.05.2024 10:08:53
0,242.63,1294,752,10.26,70.35,0,14.75,17.05.2024 10:08:55
0,246.94,1317,752,10.24,70.35,0,15.90,17.05.2024 10:08:57
0,249.94,1333,753,10.24,70.37,0,16.71,17.05.2024 10:08:59
0,249.00,1328,753,10.23,70.38,0,16.47,17.05.2024 10:09:01
0,250.50,1336,753,10.24,70.34,0,16.88,17.05.2024 10:09:03
0,249.94,1333,753,10.23,70.33,0,16.74,17.05.2024 10:09:06
0,251.25,1340,753,10.21,70.33,0,17.12,17.05.2024 10:09:08
0,252.75,1348,753,10.23,70.32,0,17.53,17.05.2024 10:09:10
0,252.75,1348,754,10.24,70.34,0,17.51,17.05.2024 10:09:12
0,252.00,1344,754,10.23,70.34,0,17.31,17.05.2024 10:09:14
0,255.00,1360,754,10.24,70.31,0,18.17,17.05.2024 10:09:16
0,255.94,1365,754,10.26,70.38,0,18.41,17.05.2024 10:09:18
0,254.63,1358,754,10.23,70.36,0,18.06,17.05.2024 10:09:20
0,261.00,1392,754,10.23,70.35,0,19.98,17.05.2024 10:09:22
0,259.69,1385,754,10.24,70.36,0,19.56,17.05.2024 10:09:25
0,261.19,1393,753,10.23,70.36,0,20.04,17.05.2024 10:09:27
0,264.38,1410,753,10.24,70.35,0,21.03,17.05.2024 10:09:29
0,261.19,1393,753,10.23,70.36,0,20.04,17.05.2024 10:09:31
0,265.88,1418,753,10.23,70.35,0,21.53,17.05.2024 10:09:33
0,265.69,1417,753,10.21,70.36,0,21.48,17.05.2024 10:09:35
0,264.94,1413,753,10.24,70.38,0,21.20,17.05.2024 10:09:37
0,268.13,1430,754,10.26,70.33,0,22.24,17.05.2024 10:09:39
0,265.88,1418,754,10.24,70.35,0,21.51,17.05.2024 10:09:42
0,266.44,1421,754,10.23,70.38,0,21.71,17.05.2024 10:09:44
0,270.75,1444,754,10.26,70.35,0,23.12,17.05.2024 10:09:46
0,272.44,1453,754,10.23,70.35,0,23.74,17.05.2024 10:09:48
0,271.69,1449,754,10.24,70.36,0,23.46,17.05.2024 10:09:50
0,270.00,1440,754,10.24,70.38,0,22.87,17.05.2024 10:09:52
0,270.38,1442,754,10.20,70.35,0,23.06,17.05.2024 10:09:54
0,276.00,1472,754,10.24,70.37,0,24.97,17.05.2024 10:09:56
0,273.38,1458,753,10.21,70.33,0,24.09,17.05.2024 10:09:59
0,279.38,1490,753,10.21,70.37,0,26.24,17.05.2024 10:10:01
0,275.81,1471,754,10.24,70.38,0,24.90,17.05.2024 10:10:03
0,274.69,1465,753,10.23,70.40,0,24.51,17.05.2024 10:10:05
0,279.94,1493,753,10.23,70.36,0,26.43,17.05.2024 10:10:07
0,276.75,1476,753,10.24,70.37,0,25.24,17.05.2024 10:10:09
0,276.00,1472,753,10.24,70.37,0,24.97,17.05.2024 10:10:11
0,282.56,1507,753,10.21,70.39,0,27.43,17.05.2024 10:10:13
0,279.19,1489,753,10.23,70.36,0,26.15,17.05.2024 10:10:15
0,280.31,1495,752,10.23,70.36,0,26.57,17.05.2024 10:10:18
0,280.31,1495,753,10.21,70.36,0,26.59,17.05.2024 10:10:20
0,278.06,1483,753,10.24,70.37,0,25.72,17.05.2024 10:10:22
0,282.00,1504,753,10.26,70.38,0,27.15,17.05.2024 10:10:24
0,281.63,1502,754,10.26,70.36,0,27.02,17.05.2024 10:10:26
0,282.56,1507,754,10.24,70.37,0,27.40,17.05.2024 10:10:28
0,280.31,1495,754,10.23,70.39,0,26.56,17.05.2024 10:10:30
0,286.13,1526,754,10.23,70.39,0,28.79,17.05.2024 10:10:32
0,288.75,1540,754,10.21,70.38,0,29.87,17.05.2024 10:10:35
0,283.69,1513,755,10.24,70.37,0,27.83,17.05.2024 10:10:37
0,285.19,1521,754,10.21,70.35,0,28.46,17.05.2024 10:10:39
0,286.31,1527,755,10.23,70.35,0,28.88,17.05.2024 10:10:41
0,282.75,1508,755,10.23,70.38,0,27.49,17.05.2024 10:10:43
0,285.00,1520,755,10.26,70.39,0,28.30,17.05.2024 10:10:45
0,285.56,1523,754,10.23,70.38,0,28.57,17.05.2024 10:10:47
0,286.50,1528,755,10.24,70.38,0,28.92,17.05.2024 10:10:49
0,283.88,1514,755,10.24,70.37,0,27.90,17.05.2024 10:10:52
0,285.94,1525,754,10.24,70.38,0,28.70,17.05.2024 10:10:54
0,284.44,1517,754,10.23,70.36,0,28.14,17.05.2024 10:10:56
0,286.50,1528,754,10.23,70.38,0,28.95,17.05.2024 10:10:58
0,286.13,1526,754,10.23,70.39,0,28.79,17.05.2024 10:11:00
0,284.81,1519,754,10.21,70.36,0,28.31,17.05.2024 10:11:04
0,285.19,1521,754,10.23,70.38,0,28.43,17.05.2024 10:11:06
0,283.88,1514,754,10.21,70.39,0,27.94,17.05.2024 10:11:08
0,283.69,1513,754,10.24,70.38,0,27.83,17.05.2024 10:11:11
0,282.94,1509,755,10.23,70.38,0,27.56,17.05.2024 10:11:13
0,281.44,1501,755,10.21,70.36,0,27.01,17.05.2024 10:11:15
0,276.38,1474,755,10.24,70.36,0,25.11,17.05.2024 10:11:17
0,284.06,1515,755,10.24,70.38,0,27.97,17.05.2024 10:11:19
0,282.94,1509,755,10.20,70.35,0,27.61,17.05.2024 10:11:21
0,284.25,1516,755,10.21,70.36,0,28.09,17.05.2024 10:11:23
0,281.44,1501,755,10.26,70.36,0,26.95,17.05.2024 10:11:25
0,284.44,1517,756,10.21,70.37,0,28.16,17.05.2024 10:11:27
0,284.63,1518,755,10.21,70.38,0,28.23,17.05.2024 10:11:30
0,283.88,1514,755,10.23,70.36,0,27.93,17.05.2024 10:11:32
0,287.63,1534,755,10.24,70.41,0,29.36,17.05.2024 10:11:34
0,287.81,1535,755,10.21,70.40,0,29.48,17.05.2024 10:11:36
0,287.81,1535,755,10.23,70.38,0,29.47,17.05.2024 10:11:38
0,281.81,1503,756,10.21,70.36,0,27.16,17.05.2024 10:11:40
0,290.25,1548,755,10.23,70.41,0,30.44,17.05.2024 10:11:42
0,288.94,1541,755,10.23,70.38,0,29.92,17.05.2024 10:11:44
0,294.19,1569,755,10.26,70.39,0,32.04,17.05.2024 10:11:47
0,289.31,1543,755,10.23,70.38,0,30.07,17.05.2024 10:11:49
0,289.31,1543,755,10.24,70.41,0,30.04,17.05.2024 10:11:51
0,291.38,1554,754,10.23,70.38,0,30.92,17.05.2024 10:11:53
0,287.25,1532,754,10.23,70.38,0,29.24,17.05.2024 10:11:55
0,286.69,1529,753,10.23,70.38,0,29.02,17.05.2024 10:11:57
0,285.94,1525,752,10.20,70.37,0,28.77,17.05.2024 10:11:59
0,285.38,1522,753,10.23,70.38,0,28.50,17.05.2024 10:12:01
0,286.50,1528,753,10.21,70.39,0,28.96,17.05.2024 10:12:04
0,286.88,1530,753,10.20,70.39,0,29.13,17.05.2024 10:12:06
0,288.56,1539,753,10.23,70.40,0,29.76,17.05.2024 10:12:08
0,287.81,1535,754,10.23,70.38,0,29.47,17.05.2024 10:12:10
0,290.06,1547,755,10.21,70.42,0,30.39,17.05.2024 10:12:12
0,285.38,1522,755,10.21,70.39,0,28.52,17.05.2024 10:12:14
0,284.81,1519,754,10.21,70.38,0,28.30,17.05.2024 10:12:16
0,288.75,1540,754,10.20,70.43,0,29.87,17.05.2024 10:12:18
0,285.00,1520,755,10.23,70.41,0,28.34,17.05.2024 10:12:20
0,284.63,1518,755,10.24,70.43,0,28.17,17.05.2024 10:12:23
0,288.56,1539,754,10.21,70.39,0,29.79,17.05.2024 10:12:25
0,283.13,1510,755,10.24,70.40,0,27.60,17.05.2024 10:12:27
0,284.63,1518,755,10.23,70.38,0,28.21,17.05.2024 10:12:29
0,289.88,1546,755,10.24,70.38,0,30.28,17.05.2024 10:12:31
0,290.81,1551,756,10.26,70.38,0,30.63,17.05.2024 10:12:33
0,286.31,1527,756,10.23,70.40,0,28.86,17.05.2024 10:12:35
0,290.63,1550,756,10.23,70.38,0,30.61,17.05.2024 10:12:37
0,286.69,1529,756,10.21,70.38,0,29.04,17.05.2024 10:12:40
0,287.06,1531,756,10.20,70.38,0,29.21,17.05.2024 10:12:42
0,284.06,1515,756,10.23,70.41,0,27.98,17.05.2024 10:12:44
0,287.81,1535,755,10.21,70.40,0,29.48,17.05.2024 10:12:46
0,285.94,1525,756,10.23,70.40,0,28.72,17.05.2024 10:12:48
0,287.25,1532,755,10.21,70.39,0,29.26,17.05.2024 10:12:50
0,284.44,1517,755,10.20,70.38,0,28.18,17.05.2024 10:12:52
0,291.00,1552,755,10.23,70.38,0,30.76,17.05.2024 10:12:54
0,288.00,1536,755,10.23,70.38,0,29.54,17.05.2024 10:12:57
0,285.19,1521,755,10.24,70.38,0,28.41,17.05.2024 10:12:59
0,287.06,1531,756,10.23,70.38,0,29.17,17.05.2024 10:13:01
0,285.00,1520,756,10.24,70.41,0,28.32,17.05.2024 10:13:03
0,288.38,1538,756,10.23,70.38,0,29.69,17.05.2024 10:13:05
0,285.19,1521,756,10.23,70.38,0,28.43,17.05.2024 10:13:07
0,286.88,1530,756,10.23,70.39,0,29.09,17.05.2024 10:13:09
0,285.00,1520,756,10.24,70.38,0,28.33,17.05.2024 10:13:11
0,286.13,1526,756,10.24,70.40,0,28.77,17.05.2024 10:13:13
0,285.75,1524,756,10.21,70.38,0,28.67,17.05.2024 10:13:16
0,285.75,1524,756,10.21,70.38,0,28.67,17.05.2024 10:13:18
0,284.06,1515,756,10.23,70.38,0,27.99,17.05.2024 10:13:20
0,286.13,1526,756,10.21,70.37,0,28.82,17.05.2024 10:13:22
0,287.44,1533,756,10.23,70.40,0,29.31,17.05.2024 10:13:26
0,286.13,1526,756,10.23,70.38,0,28.80,17.05.2024 10:13:28
0,284.25,1516,756,10.23,70.36,0,28.07,17.05.2024 10:13:30
0,283.69,1513,755,10.21,70.38,0,27.87,17.05.2024 10:13:32
0,282.19,1505,755,10.23,70.39,0,27.27,17.05.2024 10:13:35
0,284.81,1519,756,10.23,70.39,0,28.28,17.05.2024 10:13:37
0,282.19,1505,756,10.21,70.39,0,27.29,17.05.2024 10:13:39
0,283.31,1511,756,10.21,70.39,0,27.72,17.05.2024 10:13:41
0,283.31,1511,756,10.21,70.37,0,27.73,17.05.2024 10:13:43
0,283.31,1511,757,10.24,70.40,0,27.68,17.05.2024 10:13:45
0,283.50,1512,757,10.23,70.40,0,27.77,17.05.2024 10:13:47
0,285.00,1520,757,10.23,70.38,0,28.36,17.05.2024 10:13:49
0,284.81,1519,757,10.21,70.38,0,28.30,17.05.2024 10:13:52
0,283.13,1510,757,10.21,70.39,0,27.65,17.05.2024 10:13:54
0,284.63,1518,757,10.23,70.40,0,28.20,17.05.2024 10:13:56
0,288.94,1541,757,10.23,70.36,0,29.92,17.05.2024 10:13:58
0,286.88,1530,757,10.23,70.39,0,29.09,17.05.2024 10:14:00
0,291.75,1556,758,10.23,70.40,0,31.06,17.05.2024 10:14:02
0,288.00,1536,758,10.20,70.40,0,29.58,17.05.2024 10:14:04
0,289.50,1544,759,10.23,70.38,0,30.15,17.05.2024 10:14:06
0,291.19,1553,758,10.23,70.38,0,30.84,17.05.2024 10:14:09
0,289.31,1543,758,10.21,70.41,0,30.08,17.05.2024 10:14:11
0,285.94,1525,758,10.24,70.42,0,28.68,17.05.2024 10:14:13
0,286.50,1528,759,10.21,70.39,0,28.96,17.05.2024 10:14:15
0,292.13,1558,758,10.21,70.38,0,31.25,17.05.2024 10:14:17
0,287.25,1532,758,10.23,70.36,0,29.25,17.05.2024 10:14:19
0,286.50,1528,759,10.20,70.43,0,28.97,17.05.2024 10:14:21
0,285.38,1522,759,10.20,70.41,0,28.53,17.05.2024 10:14:23
0,288.38,1538,759,10.23,70.41,0,29.68,17.05.2024 10:14:25
0,288.75,1540,758,10.21,70.42,0,29.85,17.05.2024 10:14:28
0,284.25,1516,758,10.24,70.41,0,28.03,17.05.2024 10:14:30
0,288.94,1541,757,10.23,70.38,0,29.92,17.05.2024 10:14:32
0,286.88,1530,757,10.23,70.38,0,29.09,17.05.2024 10:14:34
0,290.06,1547,757,10.24,70.38,0,30.35,17.05.2024 10:14:36
0,290.06,1547,757,10.20,70.41,0,30.41,17.05.2024 10:14:38
0,283.69,1513,756,10.21,70.39,0,27.86,17.05.2024 10:14:40
0,288.75,1540,756,10.21,70.38,0,29.87,17.05.2024 10:14:42
0,289.13,1542,756,10.21,70.43,0,30.00,17.05.2024 10:14:45
0,287.44,1533,756,10.21,70.40,0,29.33,17.05.2024 10:14:47
0,289.13,1542,756,10.21,70.40,0,30.01,17.05.2024 10:14:49
0,287.06,1531,755,10.23,70.38,0,29.17,17.05.2024 10:14:51
0,284.63,1518,756,10.24,70.41,0,28.18,17.05.2024 10:14:53
0,284.25,1516,756,10.21,70.39,0,28.08,17.05.2024 10:14:55
0,286.69,1529,755,10.21,70.39,0,29.04,17.05.2024 10:14:57
0,287.44,1533,755,10.24,70.38,0,29.29,17.05.2024 10:14:59
0,285.56,1523,756,10.21,70.44,0,28.58,17.05.2024 10:15:02
0,285.56,1523,756,10.21,70.40,0,28.59,17.05.2024 10:15:04
0,286.50,1528,756,10.23,70.38,0,28.95,17.05.2024 10:15:06
0,285.00,1520,756,10.23,70.40,0,28.35,17.05.2024 10:15:08
0,284.06,1515,756,10.24,70.41,0,27.96,17.05.2024 10:15:10
0,286.31,1527,756,10.23,70.38,0,28.87,17.05.2024 10:15:12
0,287.25,1532,756,10.21,70.39,0,29.26,17.05.2024 10:15:14
0,285.75,1524,756,10.24,70.38,0,28.63,17.05.2024 10:15:16
0,287.63,1534,756,10.20,70.41,0,29.43,17.05.2024 10:15:18
0,288.94,1541,756,10.24,70.40,0,29.89,17.05.2024 10:15:21
0,287.25,1532,756,10.20,70.41,0,29.28,17.05.2024 10:15:23
0,283.88,1514,756,10.23,70.36,0,27.92,17.05.2024 10:15:25
0,288.00,1536,756,10.23,70.38,0,29.54,17.05.2024 10:15:27
0,285.75,1524,757,10.21,70.36,0,28.68,17.05.2024 10:15:29
0,285.56,1523,757,10.23,70.38,0,28.57,17.05.2024 10:15:31
0,284.06,1515,758,10.23,70.38,0,27.99,17.05.2024 10:15:33
0,286.31,1527,758,10.23,70.35,0,28.88,17.05.2024 10:15:35
0,287.63,1534,758,10.23,70.40,0,29.38,17.05.2024 10:15:38
0,284.44,1517,758,10.23,70.38,0,28.14,17.05.2024 10:15:40
0,286.88,1530,757,10.23,70.39,0,29.09,17.05.2024 10:15:44
0,283.88,1514,757,10.21,70.37,0,27.94,17.05.2024 10:15:46
0,282.56,1507,756,10.21,70.37,0,27.44,17.05.2024 10:15:48
0,281.63,1502,756,10.21,70.39,0,27.08,17.05.2024 10:15:50
0,275.81,1471,756,10.24,70.42,0,24.89,17.05.2024 10:15:52
0,285.75,1524,756,10.21,70.38,0,28.67,17.05.2024 10:15:54
0,283.50,1512,756,10.23,70.40,0,27.77,17.05.2024 10:15:57
0,281.06,1499,755,10.20,70.41,0,26.87,17.05.2024 10:15:59
0,280.88,1498,755,10.23,70.36,0,26.78,17.05.2024 10:16:01
0,283.50,1512,755,10.20,70.39,0,27.81,17.05.2024 10:16:03
0,284.81,1519,755,10.23,70.39,0,28.28,17.05.2024 10:16:05
0,282.19,1505,755,10.21,70.38,0,27.29,17.05.2024 10:16:07
0,284.06,1515,754,10.23,70.42,0,27.98,17.05.2024 10:16:09
0,283.69,1513,754,10.20,70.39,0,27.89,17.05.2024 10:16:11
0,291.00,1552,754,10.23,70.38,0,30.76,17.05.2024 10:16:14
0,284.25,1516,754,10.23,70.40,0,28.06,17.05.2024 10:16:16
0,286.50,1528,754,10.21,70.37,0,28.97,17.05.2024 10:16:18
0,285.56,1523,755,10.21,70.38,0,28.60,17.05.2024 10:16:20
0,286.69,1529,755,10.24,70.37,0,29.00,17.05.2024 10:16:22
0,290.81,1551,755,10.20,70.40,0,30.73,17.05.2024 10:16:24
0,288.00,1536,755,10.21,70.42,0,29.55,17.05.2024 10:16:26
0,285.56,1523,755,10.21,70.39,0,28.59,17.05.2024 10:16:28
0,289.13,1542,755,10.21,70.41,0,30.01,17.05.2024 10:16:30
0,287.25,1532,756,10.21,70.38,0,29.26,17.05.2024 10:16:33
0,288.00,1536,756,10.21,70.40,0,29.56,17.05.2024 10:16:35
0,287.25,1532,756,10.21,70.38,0,29.26,17.05.2024 10:16:37
0,287.81,1535,756,10.21,70.38,0,29.49,17.05.2024 10:16:39
0,290.44,1549,756,10.23,70.36,0,30.54,17.05.2024 10:16:41
0,286.31,1527,756,10.21,70.40,0,28.89,17.05.2024 10:16:43
0,287.25,1532,756,10.23,70.39,0,29.24,17.05.2024 10:16:45
0,286.31,1527,756,10.23,70.40,0,28.86,17.05.2024 10:16:47
0,286.31,1527,756,10.21,70.39,0,28.89,17.05.2024 10:16:50
0,285.75,1524,756,10.21,70.38,0,28.67,17.05.2024 10:16:52
0,287.81,1535,756,10.23,70.41,0,29.45,17.05.2024 10:16:54
0,287.25,1532,757,10.21,70.41,0,29.25,17.05.2024 10:16:56
0,286.69,1529,757,10.19,70.38,0,29.09,17.05.2024 10:16:58
0,285.56,1523,757,10.21,70.40,0,28.59,17.05.2024 10:17:00
0,290.81,1551,757,10.24,70.40,0,30.66,17.05.2024 10:17:02
0,287.44,1533,757,10.23,70.38,0,29.32,17.05.2024 10:17:04
0,285.75,1524,757,10.23,70.40,0,28.64,17.05.2024 10:17:07
0,284.44,1517,757,10.20,70.38,0,28.18,17.05.2024 10:17:09
0,287.44,1533,758,10.20,70.38,0,29.36,17.05.2024 10:17:11
0,289.13,1542,758,10.21,70.41,0,30.01,17.05.2024 10:17:13
0,285.75,1524,758,10.21,70.40,0,28.66,17.05.2024 10:17:15
0,285.19,1521,758,10.20,70.40,0,28.47,17.05.2024 10:17:17
0,287.81,1535,758,10.23,70.40,0,29.46,17.05.2024 10:17:19
0,285.19,1521,758,10.23,70.38,0,28.43,17.05.2024 10:17:21
0,287.06,1531,759,10.23,70.38,0,29.17,17.05.2024 10:17:23
0,288.56,1539,759,10.20,70.38,0,29.81,17.05.2024 10:17:26
0,286.13,1526,759,10.21,70.42,0,28.81,17.05.2024 10:17:28
0,285.38,1522,760,10.23,70.38,0,28.50,17.05.2024 10:17:30
0,288.38,1538,760,10.21,70.40,0,29.71,17.05.2024 10:17:32
0,284.44,1517,760,10.21,70.35,0,28.17,17.05.2024 10:17:34
0,284.25,1516,760,10.23,70.40,0,28.06,17.05.2024 10:17:36
0,285.38,1522,760,10.23,70.40,0,28.50,17.05.2024 10:17:38
0,290.06,1547,760,10.21,70.37,0,30.40,17.05.2024 10:17:40
0,287.06,1531,760,10.23,70.39,0,29.16,17.05.2024 10:17:43
0,286.88,1530,760,10.23,70.42,0,29.08,17.05.2024 10:17:45
0,282.56,1507,760,10.20,70.40,0,27.45,17.05.2024 10:17:47
0,285.00,1520,760,10.23,70.39,0,28.35,17.05.2024 10:17:49
0,284.44,1517,760,10.20,70.38,0,28.18,17.05.2024 10:17:51
0,284.63,1518,760,10.20,70.38,0,28.25,17.05.2024 10:17:53
0,286.13,1526,760,10.23,70.38,0,28.80,17.05.2024 10:17:55
0,287.06,1531,760,10.23,70.38,0,29.17,17.05.2024 10:17:57
0,283.50,1512,760,10.21,70.36,0,27.80,17.05.2024 10:18:00
0,283.69,1513,760,10.23,70.38,0,27.85,17.05.2024 10:18:04
0,284.81,1519,760,10.20,70.36,0,28.33,17.05.2024 10:18:06
0,284.81,1519,760,10.20,70.37,0,28.33,17.05.2024 10:18:08
0,285.56,1523,761,10.23,70.36,0,28.58,17.05.2024 10:18:10
0,283.50,1512,761,10.23,70.38,0,27.77,17.05.2024 10:18:12
0,281.63,1502,761,10.21,70.38,0,27.08,17.05.2024 10:18:14
0,284.63,1518,761,10.21,70.37,0,28.23,17.05.2024 10:18:16
0,280.69,1497,761,10.23,70.38,0,26.70,17.05.2024 10:18:19
0,281.25,1500,761,10.21,70.40,0,26.93,17.05.2024 10:18:21
0,280.88,1498,761,10.23,70.38,0,26.77,17.05.2024 10:18:23
0,274.88,1466,761,10.21,70.37,0,24.61,17.05.2024 10:18:25
0,282.38,1506,761,10.19,70.38,0,27.41,17.05.2024 10:18:27
0,283.31,1511,760,10.20,70.37,0,27.75,17.05.2024 10:18:29
0,285.19,1521,760,10.21,70.37,0,28.45,17.05.2024 10:18:31
0,284.06,1515,761,10.21,70.36,0,28.02,17.05.2024 10:18:33
0,285.75,1524,760,10.20,70.41,0,28.68,17.05.2024 10:18:35
0,287.25,1532,761,10.19,70.37,0,29.32,17.05.2024 10:18:38
0,289.69,1545,761,10.21,70.38,0,30.25,17.05.2024 10:18:40
0,286.50,1528,762,10.21,70.39,0,28.96,17.05.2024 10:18:42
0,286.31,1527,762,10.20,70.37,0,28.92,17.05.2024 10:18:44
0,287.81,1535,762,10.21,70.38,0,29.49,17.05.2024 10:18:46
0,290.06,1547,761,10.23,70.39,0,30.37,17.05.2024 10:18:48
0,289.13,1542,761,10.19,70.36,0,30.08,17.05.2024 10:18:50
0,288.94,1541,761,10.21,70.38,0,29.94,17.05.2024 10:18:52
0,288.56,1539,761,10.19,70.37,0,29.85,17.05.2024 10:18:55
0,288.56,1539,761,10.21,70.37,0,29.79,17.05.2024 10:18:57
0,286.13,1526,761,10.20,70.41,0,28.83,17.05.2024 10:18:59
0,288.75,1540,762,10.21,70.38,0,29.87,17.05.2024 10:19:01
0,286.13,1526,762,10.20,70.39,0,28.84,17.05.2024 10:19:03
0,288.94,1541,762,10.20,70.40,0,29.96,17.05.2024 10:19:05
0,286.13,1526,762,10.23,70.38,0,28.80,17.05.2024 10:19:07
0,287.81,1535,762,10.19,70.39,0,29.53,17.05.2024 10:19:09
0,287.44,1533,762,10.21,70.40,0,29.33,17.05.2024 10:19:12
0,291.00,1552,761,10.20,70.39,0,30.81,17.05.2024 10:19:14
0,287.44,1533,762,10.20,70.39,0,29.36,17.05.2024 10:19:16
0,286.50,1528,762,10.21,70.38,0,28.97,17.05.2024 10:19:18
0,286.50,1528,761,10.23,70.39,0,28.94,17.05.2024 10:19:20
0,286.13,1526,762,10.21,70.40,0,28.81,17.05.2024 10:19:22
0,288.75,1540,762,10.23,70.38,0,29.84,17.05.2024 10:19:24
0,289.31,1543,762,10.20,70.37,0,30.12,17.05.2024 10:19:26
0,288.19,1537,762,10.21,70.37,0,29.64,17.05.2024 10:19:28
0,288.19,1537,762,10.20,70.39,0,29.66,17.05.2024 10:19:31
0,288.75,1540,762,10.21,70.38,0,29.87,17.05.2024 10:19:33
0,290.25,1548,762,10.20,70.39,0,30.50,17.05.2024 10:19:35
0,287.81,1535,762,10.23,70.40,0,29.46,17.05.2024 10:19:37
0,289.13,1542,762,10.20,70.34,0,30.05,17.05.2024 10:19:39
0,288.19,1537,762,10.21,70.39,0,29.64,17.05.2024 10:19:41
0,285.00,1520,762,10.19,70.36,0,28.43,17.05.2024 10:19:43
0,283.88,1514,762,10.23,70.39,0,27.91,17.05.2024 10:19:45
0,283.69,1513,762,10.20,70.35,0,27.90,17.05.2024 10:19:48
0,286.88,1530,762,10.21,70.38,0,29.11,17.05.2024 10:19:50
0,288.38,1538,762,10.21,70.40,0,29.71,17.05.2024 10:19:52
0,288.00,1536,762,10.20,70.38,0,29.59,17.05.2024 10:19:54
0,286.31,1527,762,10.23,70.39,0,28.87,17.05.2024 10:19:56
0,288.19,1537,762,10.20,70.39,0,29.66,17.05.2024 10:19:58
0,285.00,1520,762,10.23,70.36,0,28.36,17.05.2024 10:20:00
0,283.88,1514,762,10.20,70.37,0,27.96,17.05.2024 10:20:02
0,285.19,1521,763,10.20,70.38,0,28.47,17.05.2024 10:20:05
0,283.88,1514,763,10.21,70.35,0,27.95,17.05.2024 10:20:07
0,289.13,1542,763,10.21,70.36,0,30.02,17.05.2024 10:20:09
0,285.56,1523,763,10.21,70.37,0,28.60,17.05.2024 10:20:11
0,283.31,1511,763,10.20,70.34,0,27.76,17.05.2024 10:20:13
0,286.13,1526,763,10.21,70.35,0,28.83,17.05.2024 10:20:15
0,282.75,1508,763,10.21,70.37,0,27.51,17.05.2024 10:20:17
0,285.75,1524,764,10.20,70.34,0,28.70,17.05.2024 10:20:19
0,282.94,1509,765,10.21,70.36,0,27.58,17.05.2024 10:20:22
0,285.00,1520,764,10.19,70.35,0,28.43,17.05.2024 10:20:26
0,284.81,1519,764,10.19,70.38,0,28.35,17.05.2024 10:20:28
0,284.44,1517,765,10.21,70.36,0,28.16,17.05.2024 10:20:30
0,280.50,1496,765,10.20,70.39,0,26.67,17.05.2024 10:20:32
0,281.44,1501,766,10.21,70.36,0,27.01,17.05.2024 10:20:34
0,280.50,1496,766,10.21,70.36,0,26.66,17.05.2024 10:20:36
0,283.88,1514,767,10.23,70.38,0,27.92,17.05.2024 10:20:38
0,281.63,1502,767,10.23,70.40,0,27.05,17.05.2024 10:20:41
0,280.69,1497,767,10.23,70.40,0,26.70,17.05.2024 10:20:43
0,282.94,1509,767,10.19,70.37,0,27.63,17.05.2024 10:20:45
0,282.94,1509,767,10.24,70.38,0,27.54,17.05.2024 10:20:47
0,279.56,1491,766,10.20,70.39,0,26.32,17.05.2024 10:20:49
0,282.75,1508,766,10.21,70.39,0,27.50,17.05.2024 10:20:51
0,283.13,1510,765,10.21,70.36,0,27.66,17.05.2024 10:20:53
0,282.56,1507,766,10.20,70.38,0,27.46,17.05.2024 10:20:55
0,283.50,1512,766,10.21,70.38,0,27.79,17.05.2024 10:20:58
0,285.00,1520,766,10.21,70.37,0,28.38,17.05.2024 10:21:00
0,290.06,1547,766,10.20,70.37,0,30.43,17.05.2024 10:21:02
0,289.69,1545,765,10.20,70.37,0,30.27,17.05.2024 10:21:04
0,288.19,1537,765,10.21,70.37,0,29.64,17.05.2024 10:21:06
0,284.81,1519,765,10.21,70.37,0,28.31,17.05.2024 10:21:08
0,286.69,1529,765,10.20,70.36,0,29.07,17.05.2024 10:21:10
0,284.44,1517,765,10.21,70.36,0,28.16,17.05.2024 10:21:12
0,286.13,1526,765,10.21,70.36,0,28.82,17.05.2024 10:21:14
0,285.38,1522,764,10.21,70.37,0,28.53,17.05.2024 10:21:17
0,289.31,1543,764,10.21,70.38,0,30.09,17.05.2024 10:21:19
0,286.13,1526,763,10.20,70.37,0,28.84,17.05.2024 10:21:21
0,285.94,1525,763,10.21,70.40,0,28.74,17.05.2024 10:21:23
0,288.19,1537,763,10.20,70.36,0,29.67,17.05.2024 10:21:25
0,288.19,1537,763,10.23,70.38,0,29.62,17.05.2024 10:21:27
0,285.94,1525,763,10.21,70.39,0,28.74,17.05.2024 10:21:29
0,290.06,1547,763,10.19,70.38,0,30.45,17.05.2024 10:21:31
0,286.31,1527,764,10.21,70.33,0,28.91,17.05.2024 10:21:34
0,285.94,1525,763,10.21,70.36,0,28.75,17.05.2024 10:21:36
0,287.25,1532,763,10.20,70.40,0,29.28,17.05.2024 10:21:38
0,287.25,1532,763,10.21,70.38,0,29.26,17.05.2024 10:21:40
0,287.25,1532,763,10.23,70.38,0,29.24,17.05.2024 10:21:42
0,288.00,1536,763,10.20,70.38,0,29.59,17.05.2024 10:21:44
0,287.63,1534,763,10.20,70.36,0,29.44,17.05.2024 10:21:46
0,288.75,1540,763,10.20,70.36,0,29.90,17.05.2024 10:21:48
0,286.69,1529,763,10.20,70.36,0,29.07,17.05.2024 10:21:51
0,290.63,1550,763,10.21,70.38,0,30.63,17.05.2024 10:21:53
0,287.44,1533,763,10.21,70.38,0,29.34,17.05.2024 10:21:55
0,287.25,1532,763,10.21,70.40,0,29.26,17.05.2024 10:21:57
0,287.25,1532,764,10.20,70.35,0,29.30,17.05.2024 10:21:59
0,285.00,1520,764,10.21,70.37,0,28.38,17.05.2024 10:22:01
0,288.19,1537,765,10.20,70.39,0,29.66,17.05.2024 10:22:03
0,288.38,1538,765,10.21,70.39,0,29.71,17.05.2024 10:22:05
0,284.63,1518,764,10.20,70.34,0,28.26,17.05.2024 10:22:08
0,282.75,1508,764,10.20,70.38,0,27.53,17.05.2024 10:22:10
0,284.81,1519,764,10.21,70.41,0,28.29,17.05.2024 10:22:12
0,291.38,1554,763,10.21,70.38,0,30.94,17.05.2024 10:22:14
0,285.94,1525,763,10.21,70.39,0,28.74,17.05.2024 10:22:16
0,287.44,1533,762,10.23,70.38,0,29.32,17.05.2024 10:22:18
0,288.38,1538,762,10.21,70.37,0,29.72,17.05.2024 10:22:20
0,284.25,1516,761,10.21,70.36,0,28.09,17.05.2024 10:22:22
0,285.19,1521,762,10.21,70.37,0,28.45,17.05.2024 10:22:25
0,285.56,1523,761,10.21,70.32,0,28.62,17.05.2024 10:22:27
0,287.81,1535,762,10.20,70.36,0,29.52,17.05.2024 10:22:29
0,287.25,1532,762,10.20,70.38,0,29.29,17.05.2024 10:22:31
0,284.81,1519,761,10.20,70.36,0,28.33,17.05.2024 10:22:33
0,288.75,1540,761,10.21,70.39,0,29.86,17.05.2024 10:22:35
0,281.63,1502,761,10.21,70.36,0,27.08,17.05.2024 10:22:37
0,284.44,1517,761,10.23,70.38,0,28.14,17.05.2024 10:22:39
0,286.31,1527,761,10.20,70.36,0,28.92,17.05.2024 10:22:42
0,285.19,1521,761,10.20,70.35,0,28.48,17.05.2024 10:22:44
0,284.44,1517,760,10.20,70.39,0,28.18,17.05.2024 10:22:46
0,287.63,1534,760,10.21,70.33,0,29.43,17.05.2024 10:22:48
0,282.94,1509,760,10.20,70.37,0,27.60,17.05.2024 10:22:50
0,283.69,1513,760,10.21,70.39,0,27.86,17.05.2024 10:22:52
0,284.81,1519,759,10.21,70.37,0,28.31,17.05.2024 10:22:56
0,282.94,1509,759,10.20,70.36,0,27.61,17.05.2024 10:22:58
0,285.56,1523,758,10.21,70.39,0,28.59,17.05.2024 10:23:01
0,287.25,1532,759,10.20,70.38,0,29.29,17.05.2024 10:23:03
0,283.50,1512,759,10.21,70.35,0,27.80,17.05.2024 10:23:05
0,280.31,1495,758,10.20,70.36,0,26.61,17.05.2024 10:23:07
0,281.44,1501,758,10.19,70.38,0,27.05,17.05.2024 10:23:09
0,279.19,1489,758,10.20,70.38,0,26.19,17.05.2024 10:23:11
0,282.56,1507,758,10.19,70.36,0,27.49,17.05.2024 10:23:13
0,282.75,1508,758,10.21,70.37,0,27.51,17.05.2024 10:23:15
0,281.81,1503,758,10.20,70.37,0,27.17,17.05.2024 10:23:17
0,287.06,1531,757,10.20,70.39,0,29.21,17.05.2024 10:23:20
0,284.44,1517,757,10.19,70.36,0,28.21,17.05.2024 10:23:22
0,280.88,1498,758,10.20,70.38,0,26.82,17.05.2024 10:23:24
0,284.63,1518,758,10.21,70.37,0,28.23,17.05.2024 10:23:26
0,283.69,1513,758,10.20,70.36,0,27.89,17.05.2024 10:23:28
0,285.19,1521,757,10.17,70.39,0,28.51,17.05.2024 10:23:30
0,285.38,1522,757,10.21,70.39,0,28.52,17.05.2024 10:23:32
0,289.50,1544,757,10.21,70.37,0,30.17,17.05.2024 10:23:34
0,285.38,1522,757,10.19,70.38,0,28.57,17.05.2024 10:23:37
0,286.31,1527,757,10.20,70.38,0,28.91,17.05.2024 10:23:39
0,286.88,1530,757,10.20,70.41,0,29.13,17.05.2024 10:23:41
0,289.50,1544,756,10.19,70.39,0,30.21,17.05.2024 10:23:43
0,288.75,1540,756,10.19,70.36,0,29.92,17.05.2024 10:23:45
0,290.06,1547,757,10.20,70.39,0,30.42,17.05.2024 10:23:47
0,284.25,1516,757,10.19,70.41,0,28.12,17.05.2024 10:23:49
0,288.00,1536,757,10.21,70.36,0,29.57,17.05.2024 10:23:51
0,288.00,1536,757,10.19,70.39,0,29.61,17.05.2024 10:23:54
0,288.56,1539,757,10.21,70.38,0,29.79,17.05.2024 10:23:56
0,289.13,1542,756,10.21,70.35,0,30.03,17.05.2024 10:23:58
0,292.69,1561,756,10.20,70.37,0,31.51,17.05.2024 10:24:00
0,287.06,1531,757,10.19,70.38,0,29.24,17.05.2024 10:24:02
0,287.44,1533,758,10.19,70.37,0,29.39,17.05.2024 10:24:04
0,287.44,1533,759,10.20,70.40,0,29.36,17.05.2024 10:24:06
0,286.88,1530,758,10.20,70.41,0,29.12,17.05.2024 10:24:08
0,288.19,1537,758,10.19,70.39,0,29.68,17.05.2024 10:24:11
0,284.81,1519,758,10.20,70.39,0,28.32,17.05.2024 10:24:13
0,283.31,1511,758,10.21,70.40,0,27.72,17.05.2024 10:24:15
0,284.63,1518,758,10.17,70.38,0,28.30,17.05.2024 10:24:17
0,287.25,1532,757,10.20,70.37,0,29.29,17.05.2024 10:24:19
0,287.25,1532,758,10.20,70.36,0,29.29,17.05.2024 10:24:21
0,284.63,1518,759,10.20,70.38,0,28.25,17.05.2024 10:24:23
0,285.38,1522,760,10.20,70.40,0,28.54,17.05.2024 10:24:25
0,286.31,1527,759,10.21,70.41,0,28.88,17.05.2024 10:24:28
0,290.06,1547,760,10.21,70.39,0,30.40,17.05.2024 10:24:30
0,283.50,1512,760,10.19,70.37,0,27.85,17.05.2024 10:24:32
0,289.13,1542,761,10.20,70.41,0,30.03,17.05.2024 10:24:34
0,284.44,1517,761,10.19,70.38,0,28.20,17.05.2024 10:24:36
0,287.44,1533,761,10.19,70.38,0,29.38,17.05.2024 10:24:38
0,286.31,1527,761,10.21,70.40,0,28.89,17.05.2024 10:24:40
0,286.69,1529,762,10.21,70.41,0,29.03,17.05.2024 10:24:42
0,287.44,1533,762,10.19,70.39,0,29.38,17.05.2024 10:24:45
0,287.25,1532,762,10.20,70.41,0,29.28,17.05.2024 10:24:47
0,284.81,1519,762,10.19,70.39,0,28.34,17.05.2024 10:24:49
0,286.88,1530,763,10.21,70.42,0,29.10,17.05.2024 10:24:51
0,288.94,1541,762,10.21,70.38,0,29.94,17.05.2024 10:24:53
0,287.44,1533,762,10.19,70.37,0,29.39,17.05.2024 10:24:55
0,290.06,1547,762,10.20,70.39,0,30.42,17.05.2024 10:24:57
0,291.19,1553,762,10.20,70.38,0,30.89,17.05.2024 10:24:59
0,291.00,1552,762,10.20,70.39,0,30.81,17.05.2024 10:25:02
0,291.38,1554,763,10.20,70.40,0,30.96,17.05.2024 10:25:04
0,291.19,1553,763,10.19,70.39,0,30.91,17.05.2024 10:25:06
0,292.31,1559,764,10.21,70.41,0,31.32,17.05.2024 10:25:08
0,289.88,1546,764,10.19,70.40,0,30.36,17.05.2024 10:25:10
0,293.44,1565,764,10.21,70.39,0,31.80,17.05.2024 10:25:12
0,292.69,1561,763,10.21,70.42,0,31.47,17.05.2024 10:25:14
0,292.88,1562,763,10.20,70.40,0,31.58,17.05.2024 10:25:16
0,295.69,1577,763,10.20,70.40,0,32.78,17.05.2024 10:25:18
0,297.94,1589,763,10.17,70.41,0,33.80,17.05.2024 10:25:21
0,298.31,1591,763,10.20,70.38,0,33.93,17.05.2024 10:25:25
0,296.81,1583,764,10.19,70.39,0,33.29,17.05.2024 10:25:27
0,295.31,1575,764,10.20,70.40,0,32.62,17.05.2024 10:25:29
0,298.88,1594,764,10.20,70.40,0,34.17,17.05.2024 10:25:31
0,298.88,1594,763,10.20,70.40,0,34.17,17.05.2024 10:25:33
0,295.69,1577,763,10.20,70.43,0,32.76,17.05.2024 10:25:35
0,292.50,1560,763,10.20,70.41,0,31.42,17.05.2024 10:25:37
0,300.75,1604,763,10.20,70.43,0,34.99,17.05.2024 10:25:40
0,295.88,1578,763,10.20,70.43,0,32.84,17.05.2024 10:25:42
0,295.88,1578,763,10.20,70.43,0,32.85,17.05.2024 10:25:44
0,298.69,1593,764,10.20,70.40,0,34.09,17.05.2024 10:25:46
0,302.81,1615,763,10.21,70.43,0,35.90,17.05.2024 10:25:48
0,303.00,1616,763,10.19,70.40,0,36.05,17.05.2024 10:25:50
0,301.50,1608,763,10.20,70.43,0,35.33,17.05.2024 10:25:52
0,302.81,1615,763,10.20,70.41,0,35.93,17.05.2024 10:25:54
0,300.38,1602,764,10.17,70.39,0,34.89,17.05.2024 10:25:57
0,304.50,1624,764,10.19,70.44,0,36.73,17.05.2024 10:25:59
0,306.94,1637,764,10.23,70.41,0,37.80,17.05.2024 10:26:01
0,309.00,1648,764,10.21,70.45,0,38.80,17.05.2024 10:26:03
0,307.31,1639,764,10.19,70.44,0,38.05,17.05.2024 10:26:05
0,306.19,1633,764,10.20,70.43,0,37.49,17.05.2024 10:26:07
0,308.44,1645,764,10.21,70.43,0,38.54,17.05.2024 10:26:09
0,310.31,1655,764,10.21,70.42,0,39.45,17.05.2024 10:26:11
0,308.81,1647,765,10.20,70.41,0,38.75,17.05.2024 10:26:14
0,309.56,1651,765,10.20,70.43,0,39.11,17.05.2024 10:26:16
0,310.88,1658,765,10.21,70.46,0,39.71,17.05.2024 10:26:18
0,307.88,1642,766,10.19,70.43,0,38.33,17.05.2024 10:26:20
0,308.25,1644,766,10.19,70.45,0,38.50,17.05.2024 10:26:22
0,307.50,1640,766,10.20,70.44,0,38.11,17.05.2024 10:26:24
0,307.69,1641,766,10.19,70.46,0,38.23,17.05.2024 10:26:26
0,311.44,1661,766,10.19,70.43,0,40.06,17.05.2024 10:26:28
0,309.38,1650,766,10.20,70.45,0,39.01,17.05.2024 10:26:31
0,312.19,1665,766,10.21,70.47,0,40.34,17.05.2024 10:26:33
0,309.75,1652,766,10.20,70.43,0,39.20,17.05.2024 10:26:35
0,309.19,1649,766,10.20,70.48,0,38.91,17.05.2024 10:26:37
0,309.19,1649,766,10.21,70.47,0,38.88,17.05.2024 10:26:39
0,306.38,1634,767,10.19,70.45,0,37.61,17.05.2024 10:26:41
0,309.75,1652,767,10.19,70.43,0,39.23,17.05.2024 10:26:43
0,313.13,1670,767,10.17,70.46,0,40.92,17.05.2024 10:26:45
0,309.19,1649,767,10.20,70.44,0,38.92,17.05.2024 10:26:48
0,308.25,1644,767,10.20,70.47,0,38.46,17.05.2024 10:26:50
0,312.75,1668,766,10.17,70.45,0,40.74,17.05.2024 10:26:52
0,311.06,1659,766,10.20,70.44,0,39.84,17.05.2024 10:26:54
0,311.06,1659,765,10.19,70.47,0,39.86,17.05.2024 10:26:56
0,309.19,1649,766,10.19,70.43,0,38.96,17.05.2024 10:26:58
0,309.56,1651,766,10.17,70.46,0,39.16,17.05.2024 10:27:00
0,309.75,1652,766,10.17,70.47,0,39.25,17.05.2024 10:27:02
0,310.13,1654,766,10.19,70.44,0,39.41,17.05.2024 10:27:04
0,313.31,1671,766,10.17,70.46,0,41.01,17.05.2024 10:27:07
0,311.44,1661,765,10.19,70.45,0,40.05,17.05.2024 10:27:09
0,307.31,1639,766,10.19,70.47,0,38.04,17.05.2024 10:27:11
0,307.69,1641,766,10.21,70.47,0,38.16,17.05.2024 10:27:13
0,308.25,1644,765,10.20,70.46,0,38.46,17.05.2024 10:27:15
0,310.69,1657,765,10.20,70.48,0,39.64,17.05.2024 10:27:17
0,310.31,1655,764,10.21,70.47,0,39.42,17.05.2024 10:27:19
0,313.13,1670,764,10.17,70.46,0,40.92,17.05.2024 10:27:21
0,306.94,1637,765,10.19,70.49,0,37.86,17.05.2024 10:27:24
0,306.94,1637,765,10.21,70.49,0,37.79,17.05.2024 10:27:26
0,310.31,1655,765,10.20,70.46,0,39.46,17.05.2024 10:27:28
0,309.75,1652,765,10.19,70.47,0,39.22,17.05.2024 10:27:30
0,308.44,1645,766,10.20,70.44,0,38.56,17.05.2024 10:27:32
0,303.00,1616,766,10.19,70.46,0,36.03,17.05.2024 10:27:34
0,306.56,1635,766,10.20,70.50,0,37.64,17.05.2024 10:27:36
0,310.88,1658,765,10.20,70.47,0,39.73,17.05.2024 10:27:38
0,311.44,1661,765,10.20,70.44,0,40.02,17.05.2024 10:27:41
0,307.50,1640,765,10.20,70.43,0,38.12,17.05.2024 10:27:43
0,308.81,1647,764,10.19,70.46,0,38.77,17.05.2024 10:27:45
0,306.38,1634,765,10.20,70.46,0,37.57,17.05.2024 10:27:47
0,307.13,1638,765,10.20,70.47,0,37.92,17.05.2024 10:27:49
0,309.38,1650,765,10.20,70.48,0,39.00,17.05.2024 10:27:51
0,307.50,1640,765,10.23,70.46,0,38.05,17.05.2024 10:27:53
0,309.75,1652,766,10.19,70.47,0,39.22,17.05.2024 10:27:55
0,306.00,1632,766,10.20,70.47,0,37.39,17.05.2024 10:28:00
0,307.13,1638,766,10.19,70.45,0,37.96,17.05.2024 10:28:02
0,305.25,1628,766,10.20,70.47,0,37.04,17.05.2024 10:28:04
0,305.25,1628,766,10.20,70.47,0,37.04,17.05.2024 10:28:06
0,306.38,1634,766,10.16,70.48,0,37.65,17.05.2024 10:28:08
0,303.94,1621,766,10.19,70.44,0,36.47,17.05.2024 10:28:10
0,301.69,1609,766,10.19,70.45,0,35.44,17.05.2024 10:28:12
0,305.25,1628,765,10.17,70.46,0,37.10,17.05.2024 10:28:14
0,303.94,1621,766,10.20,70.50,0,36.41,17.05.2024 10:28:17
0,303.94,1621,766,10.19,70.49,0,36.45,17.05.2024 10:28:19
0,303.75,1620,767,10.20,70.50,0,36.33,17.05.2024 10:28:21
0,308.25,1644,767,10.19,70.47,0,38.49,17.05.2024 10:28:23
0,303.56,1619,766,10.20,70.46,0,36.26,17.05.2024 10:28:25
0,305.44,1629,767,10.20,70.46,0,37.13,17.05.2024 10:28:27
0,308.81,1647,767,10.20,70.45,0,38.74,17.05.2024 10:28:29
0,309.19,1649,768,10.17,70.47,0,38.97,17.05.2024 10:28:31
0,309.75,1652,768,10.19,70.44,0,39.23,17.05.2024 10:28:34
0,309.00,1648,767,10.20,70.52,0,38.80,17.05.2024 10:28:36
0,308.81,1647,767,10.23,70.47,0,38.67,17.05.2024 10:28:38
0,310.88,1658,766,10.20,70.47,0,39.73,17.05.2024 10:28:40
0,310.31,1655,766,10.21,70.49,0,39.41,17.05.2024 10:28:42
0,315.00,1680,766,10.20,70.49,0,41.78,17.05.2024 10:28:44
0,307.69,1641,766,10.19,70.51,0,38.20,17.05.2024 10:28:46
0,309.94,1653,766,10.20,70.46,0,39.28,17.05.2024 10:28:48
0,309.38,1650,767,10.21,70.47,0,38.97,17.05.2024 10:28:51
0,310.13,1654,767,10.19,70.48,0,39.39,17.05.2024 10:28:53
0,308.25,1644,767,10.20,70.51,0,38.44,17.05.2024 10:28:55
0,309.19,1649,766,10.20,70.48,0,38.91,17.05.2024 10:28:57
0,313.88,1674,767,10.20,70.50,0,41.21,17.05.2024 10:28:59
0,309.56,1651,766,10.20,70.52,0,39.07,17.05.2024 10:29:01
0,309.38,1650,766,10.17,70.47,0,39.06,17.05.2024 10:29:03
0,309.38,1650,767,10.21,70.51,0,38.95,17.05.2024 10:29:05
0,310.13,1654,767,10.21,70.48,0,39.33,17.05.2024 10:29:07
0,311.25,1660,767,10.17,70.50,0,39.97,17.05.2024 10:29:10
0,308.25,1644,767,10.20,70.48,0,38.45,17.05.2024 10:29:12
0,311.44,1661,767,10.21,70.51,0,39.96,17.05.2024 10:29:14
0,311.63,1662,766,10.20,70.48,0,40.10,17.05.2024 10:29:16
0,312.94,1669,766,10.19,70.45,0,40.80,17.05.2024 10:29:18
0,306.94,1637,766,10.19,70.49,0,37.85,17.05.2024 10:29:20
0,311.06,1659,766,10.20,70.50,0,39.81,17.05.2024 10:29:22
0,311.44,1661,766,10.19,70.51,0,40.02,17.05.2024 10:29:24
0,308.25,1644,766,10.19,70.51,0,38.47,17.05.2024 10:29:27
0,308.06,1643,766,10.19,70.49,0,38.39,17.05.2024 10:29:29
0,310.88,1658,767,10.20,70.50,0,39.72,17.05.2024 10:29:31
0,311.06,1659,767,10.20,70.49,0,39.81,17.05.2024 10:29:33
0,311.81,1663,767,10.20,70.53,0,40.17,17.05.2024 10:29:35
0,306.94,1637,767,10.19,70.49,0,37.85,17.05.2024 10:29:37
0,307.50,1640,767,10.20,70.51,0,38.08,17.05.2024 10:29:39
0,310.50,1656,767,10.19,70.49,0,39.57,17.05.2024 10:29:41
0,304.88,1626,767,10.20,70.49,0,36.85,17.05.2024 10:29:44
0,309.75,1652,766,10.21,70.49,0,39.14,17.05.2024 10:29:46
0,309.19,1649,766,10.20,70.50,0,38.89,17.05.2024 10:29:48
0,313.88,1674,766,10.21,70.49,0,41.18,17.05.2024 10:29:50
0,306.94,1637,766,10.19,70.49,0,37.85,17.05.2024 10:29:52
0,311.06,1659,765,10.19,70.49,0,39.85,17.05.2024 10:29:54
0,306.38,1634,765,10.20,70.48,0,37.56,17.05.2024 10:29:56
0,309.00,1648,765,10.19,70.48,0,38.85,17.05.2024 10:29:58
0,307.13,1638,764,10.19,70.49,0,37.94,17.05.2024 10:30:01
0,306.94,1637,764,10.20,70.49,0,37.82,17.05.2024 10:30:03
0,309.94,1653,764,10.19,70.48,0,39.30,17.05.2024 10:30:05
0,309.19,1649,764,10.20,70.51,0,38.89,17.05.2024 10:30:07
0,309.19,1649,762,10.20,70.49,0,38.90,17.05.2024 10:30:09
0,307.50,1640,762,10.20,70.47,0,38.10,17.05.2024 10:30:11
0,310.31,1655,761,10.21,70.47,0,39.42,17.05.2024 10:30:13
0,311.81,1663,761,10.19,70.48,0,40.22,17.05.2024 10:30:15
0,309.19,1649,761,10.20,70.50,0,38.89,17.05.2024 10:30:18
0,307.69,1641,761,10.19,70.48,0,38.22,17.05.2024 10:30:20
0,310.69,1657,760,10.20,70.48,0,39.64,17.05.2024 10:30:22
0,309.19,1649,760,10.20,70.48,0,38.91,17.05.2024 10:30:24
0,307.13,1638,760,10.19,70.46,0,37.96,17.05.2024 10:30:26
0,306.94,1637,760,10.20,70.50,0,37.82,17.05.2024 10:30:30
0,305.81,1631,761,10.19,70.48,0,37.33,17.05.2024 10:30:32
0,307.13,1638,761,10.20,70.50,0,37.91,17.05.2024 10:30:34
0,307.50,1640,761,10.20,70.49,0,38.09,17.05.2024 10:30:37
0,304.13,1622,762,10.21,70.50,0,36.47,17.05.2024 10:30:39
0,304.31,1623,762,10.20,70.50,0,36.59,17.05.2024 10:30:41
0,304.88,1626,763,10.19,70.49,0,36.89,17.05.2024 10:30:43
0,301.31,1607,763,10.20,70.46,0,35.23,17.05.2024 10:30:45
0,303.75,1620,764,10.20,70.49,0,36.33,17.05.2024 10:30:47
0,304.69,1625,764,10.19,70.49,0,36.80,17.05.2024 10:30:49
0,307.50,1640,764,10.19,70.47,0,38.13,17.05.2024 10:30:51
0,304.31,1623,764,10.20,70.48,0,36.60,17.05.2024 10:30:54
0,306.19,1633,764,10.20,70.49,0,37.47,17.05.2024 10:30:56
0,306.00,1632,763,10.21,70.49,0,37.35,17.05.2024 10:30:58
0,305.25,1628,762,10.21,70.49,0,37.00,17.05.2024 10:31:00
0,303.00,1616,761,10.19,70.49,0,36.02,17.05.2024 10:31:02
0,308.44,1645,762,10.20,70.50,0,38.53,17.05.2024 10:31:04
0,310.31,1655,762,10.20,70.51,0,39.44,17.05.2024 10:31:06
0,308.25,1644,762,10.21,70.50,0,38.41,17.05.2024 10:31:08
0,310.88,1658,762,10.19,70.51,0,39.75,17.05.2024 10:31:11
0,312.56,1667,762,10.20,70.45,0,40.57,17.05.2024 10:31:13
0,309.75,1652,762,10.20,70.48,0,39.18,17.05.2024 10:31:15
0,310.31,1655,762,10.20,70.49,0,39.45,17.05.2024 10:31:17
0,309.56,1651,762,10.21,70.48,0,39.06,17.05.2024 10:31:19
0,309.00,1648,762,10.20,70.48,0,38.82,17.05.2024 10:31:21
0,308.81,1647,762,10.20,70.51,0,38.71,17.05.2024 10:31:23
0,310.13,1654,763,10.17,70.49,0,39.42,17.05.2024 10:31:25
0,310.88,1658,764,10.21,70.50,0,39.69,17.05.2024 10:31:28
0,309.00,1648,763,10.17,70.51,0,38.86,17.05.2024 10:31:30
0,308.63,1646,763,10.19,70.51,0,38.65,17.05.2024 10:31:32
0,314.44,1677,762,10.21,70.51,0,41.45,17.05.2024 10:31:34
0,313.69,1673,762,10.19,70.51,0,41.14,17.05.2024 10:31:36
0,311.06,1659,762,10.21,70.49,0,39.78,17.05.2024 10:31:38
0,309.19,1649,761,10.19,70.48,0,38.94,17.05.2024 10:31:40
0,308.06,1643,761,10.21,70.48,0,38.34,17.05.2024 10:31:42
0,310.31,1655,760,10.17,70.47,0,39.52,17.05.2024 10:31:44
0,310.88,1658,760,10.21,70.48,0,39.70,17.05.2024 10:31:47
0,310.31,1655,760,10.23,70.50,0,39.38,17.05.2024 10:31:49
0,310.50,1656,759,10.20,70.51,0,39.53,17.05.2024 10:31:51
0,314.81,1679,759,10.20,70.48,0,41.69,17.05.2024 10:31:53
0,312.00,1664,758,10.20,70.50,0,40.27,17.05.2024 10:31:55
0,313.31,1671,759,10.19,70.51,0,40.96,17.05.2024 10:31:57
0,309.00,1648,759,10.21,70.52,0,38.77,17.05.2024 10:31:59
0,311.25,1660,759,10.20,70.50,0,39.90,17.05.2024 10:32:01
0,308.25,1644,759,10.19,70.49,0,38.48,17.05.2024 10:32:04
0,309.19,1649,759,10.20,70.49,0,38.90,17.05.2024 10:32:06
0,307.31,1639,759,10.19,70.49,0,38.03,17.05.2024 10:32:08
0,309.56,1651,759,10.20,70.49,0,39.08,17.05.2024 10:32:10
0,304.50,1624,759,10.20,70.47,0,36.69,17.05.2024 10:32:12
0,309.19,1649,760,10.20,70.49,0,38.90,17.05.2024 10:32:14
0,311.81,1663,759,10.17,70.47,0,40.25,17.05.2024 10:32:16
0,306.56,1635,759,10.19,70.46,0,37.69,17.05.2024 10:32:18
0,310.50,1656,759,10.20,70.48,0,39.54,17.05.2024 10:32:21
0,308.81,1647,759,10.20,70.47,0,38.73,17.05.2024 10:32:23
0,306.56,1635,760,10.19,70.46,0,37.69,17.05.2024 10:32:25
0,308.81,1647,759,10.21,70.48,0,38.70,17.05.2024 10:32:27
0,308.06,1643,759,10.20,70.49,0,38.36,17.05.2024 10:32:29
0,305.44,1629,758,10.19,70.49,0,37.15,17.05.2024 10:32:31
0,309.00,1648,758,10.17,70.47,0,38.88,17.05.2024 10:32:33
0,313.69,1673,758,10.21,70.49,0,41.08,17.05.2024 10:32:35
0,304.88,1626,759,10.20,70.48,0,36.86,17.05.2024 10:32:38
0,307.50,1640,759,10.20,70.47,0,38.10,17.05.2024 10:32:40
0,309.38,1650,759,10.21,70.54,0,38.94,17.05.2024 10:32:42
0,306.94,1637,759,10.21,70.51,0,37.79,17.05.2024 10:32:44
0,308.81,1647,759,10.21,70.46,0,38.71,17.05.2024 10:32:46
0,306.75,1636,759,10.20,70.51,0,37.73,17.05.2024 10:32:48
0,309.19,1649,759,10.19,70.47,0,38.94,17.05.2024 10:32:50
0,309.75,1652,759,10.19,70.49,0,39.20,17.05.2024 10:32:52
0,305.63,1630,759,10.20,70.50,0,37.20,17.05.2024 10:32:57
0,304.88,1626,760,10.21,70.50,0,36.82,17.05.2024 10:32:59
0,308.06,1643,760,10.20,70.47,0,38.37,17.05.2024 10:33:01
0,306.56,1635,760,10.19,70.48,0,37.68,17.05.2024 10:33:03
0,303.56,1619,760,10.20,70.51,0,36.24,17.05.2024 10:33:05
0,297.56,1587,760,10.20,70.48,0,33.56,17.05.2024 10:33:07
0,307.31,1639,761,10.20,70.44,0,38.02,17.05.2024 10:33:09
0,304.31,1623,761,10.21,70.48,0,36.57,17.05.2024 10:33:11
0,303.19,1617,761,10.19,70.49,0,36.10,17.05.2024 10:33:14
0,303.00,1616,761,10.19,70.47,0,36.03,17.05.2024 10:33:16
0,307.50,1640,761,10.20,70.50,0,38.09,17.05.2024 10:33:18
0,304.88,1626,761,10.19,70.46,0,36.90,17.05.2024 10:33:20
0,305.06,1627,762,10.20,70.50,0,36.94,17.05.2024 10:33:22
0,309.19,1649,762,10.20,70.45,0,38.92,17.05.2024 10:33:24
0,306.00,1632,762,10.21,70.48,0,37.36,17.05.2024 10:33:26
0,305.63,1630,762,10.19,70.49,0,37.24,17.05.2024 10:33:28
0,310.69,1657,763,10.21,70.49,0,39.60,17.05.2024 10:33:31
0,308.06,1643,763,10.23,70.46,0,38.32,17.05.2024 10:33:33
0,313.69,1673,763,10.19,70.46,0,41.17,17.05.2024 10:33:35
0,311.63,1662,763,10.21,70.47,0,40.07,17.05.2024 10:33:37
0,310.88,1658,762,10.19,70.49,0,39.75,17.05.2024 10:33:39
0,308.63,1646,762,10.21,70.47,0,38.61,17.05.2024 10:33:41
0,312.56,1667,762,10.19,70.51,0,40.58,17.05.2024 10:33:43
0,306.56,1635,761,10.20,70.47,0,37.65,17.05.2024 10:33:45
0,312.75,1668,761,10.23,70.49,0,40.59,17.05.2024 10:33:47
0,312.38,1666,761,10.20,70.48,0,40.47,17.05.2024 10:33:50
0,310.69,1657,761,10.20,70.48,0,39.64,17.05.2024 10:33:52
0,308.44,1645,761,10.19,70.48,0,38.58,17.05.2024 10:33:54
0,310.88,1658,760,10.20,70.45,0,39.74,17.05.2024 10:33:56
0,309.94,1653,760,10.21,70.49,0,39.23,17.05.2024 10:33:58
0,312.00,1664,760,10.19,70.51,0,40.30,17.05.2024 10:34:00
0,309.56,1651,760,10.21,70.51,0,39.04,17.05.2024 10:34:02
0,312.00,1664,760,10.19,70.46,0,40.32,17.05.2024 10:34:04
0,309.38,1650,761,10.21,70.47,0,38.97,17.05.2024 10:34:07
0,309.94,1653,761,10.19,70.48,0,39.30,17.05.2024 10:34:09
0,309.38,1650,761,10.19,70.46,0,39.04,17.05.2024 10:34:11
0,308.81,1647,761,10.20,70.48,0,38.72,17.05.2024 10:34:13
0,309.19,1649,762,10.21,70.47,0,38.88,17.05.2024 10:34:15
0,308.25,1644,762,10.21,70.50,0,38.41,17.05.2024 10:34:17
0,308.63,1646,762,10.20,70.50,0,38.62,17.05.2024 10:34:19
0,309.94,1653,762,10.21,70.48,0,39.24,17.05.2024 10:34:21
0,310.13,1654,762,10.20,70.49,0,39.35,17.05.2024 10:34:24
0,309.19,1649,763,10.21,70.47,0,38.88,17.05.2024 10:34:26
0,308.44,1645,763,10.19,70.47,0,38.58,17.05.2024 10:34:28
0,308.06,1643,764,10.21,70.49,0,38.33,17.05.2024 10:34:30
0,306.56,1635,764,10.20,70.49,0,37.64,17.05.2024 10:34:32
0,308.44,1645,765,10.21,70.47,0,38.52,17.05.2024 10:34:34
0,310.69,1657,764,10.20,70.46,0,39.64,17.05.2024 10:34:36
0,307.69,1641,764,10.21,70.50,0,38.15,17.05.2024 10:34:38
0,310.69,1657,764,10.20,70.46,0,39.64,17.05.2024 10:34:41
0,307.69,1641,764,10.19,70.49,0,38.21,17.05.2024 10:34:43
0,309.75,1652,763,10.20,70.47,0,39.18,17.05.2024 10:34:45
0,307.50,1640,764,10.20,70.49,0,38.09,17.05.2024 10:34:47
0,307.50,1640,763,10.21,70.49,0,38.06,17.05.2024 10:34:49
0,307.69,1641,763,10.21,70.48,0,38.16,17.05.2024 10:34:51
0,309.38,1650,764,10.23,70.48,0,38.93,17.05.2024 10:34:53
0,308.81,1647,763,10.21,70.47,0,38.70,17.05.2024 10:34:55
0,310.31,1655,763,10.20,70.45,0,39.46,17.05.2024 10:34:58
0,306.94,1637,763,10.19,70.48,0,37.86,17.05.2024 10:35:00
0,311.06,1659,763,10.21,70.47,0,39.80,17.05.2024 10:35:02
0,311.25,1660,763,10.20,70.50,0,39.90,17.05.2024 10:35:04
0,308.44,1645,764,10.20,70.47,0,38.55,17.05.2024 10:35:06
0,308.06,1643,764,10.20,70.47,0,38.37,17.05.2024 10:35:08
0,309.94,1653,763,10.17,70.47,0,39.33,17.05.2024 10:35:10
0,311.06,1659,763,10.20,70.47,0,39.82,17.05.2024 10:35:12
0,308.25,1644,763,10.20,70.46,0,38.46,17.05.2024 10:35:15
0,308.63,1646,763,10.20,70.48,0,38.63,17.05.2024 10:35:17
0,306.75,1636,763,10.19,70.49,0,37.77,17.05.2024 10:35:19
0,307.50,1640,764,10.20,70.45,0,38.11,17.05.2024 10:35:21
0,308.81,1647,763,10.19,70.49,0,38.75,17.05.2024 10:35:23
0,310.88,1658,764,10.20,70.46,0,39.74,17.05.2024 10:35:27
0,306.00,1632,764,10.20,70.48,0,37.39,17.05.2024 10:35:29
0,306.38,1634,763,10.19,70.49,0,37.59,17.05.2024 10:35:31
0,307.50,1640,763,10.20,70.45,0,38.11,17.05.2024 10:35:34
0,302.81,1615,764,10.23,70.47,0,35.86,17.05.2024 10:35:36
0,305.25,1628,764,10.19,70.46,0,37.07,17.05.2024 10:35:38
0,300.56,1603,764,10.21,70.46,0,34.87,17.05.2024 10:35:40
0,307.88,1642,764,10.21,70.51,0,38.23,17.05.2024 10:35:42
0,305.25,1628,763,10.21,70.48,0,37.01,17.05.2024 10:35:44
0,304.88,1626,764,10.19,70.45,0,36.91,17.05.2024 10:35:46
0,303.56,1619,764,10.19,70.45,0,36.30,17.05.2024 10:35:48
0,303.00,1616,763,10.21,70.47,0,35.96,17.05.2024 10:35:51
0,303.94,1621,763,10.20,70.47,0,36.43,17.05.2024 10:35:53
0,308.25,1644,763,10.21,70.48,0,38.43,17.05.2024 10:35:55
0,305.25,1628,763,10.19,70.45,0,37.08,17.05.2024 10:35:57
0,303.94,1621,763,10.20,70.48,0,36.42,17.05.2024 10:35:59
0,307.50,1640,763,10.20,70.46,0,38.10,17.05.2024 10:36:01
0,309.56,1651,764,10.20,70.47,0,39.09,17.05.2024 10:36:03
0,312.19,1665,764,10.20,70.49,0,40.37,17.05.2024 10:36:05
0,310.13,1654,764,10.20,70.46,0,39.37,17.05.2024 10:36:07
0,310.13,1654,763,10.19,70.48,0,39.39,17.05.2024 10:36:10
0,311.25,1660,763,10.20,70.46,0,39.92,17.05.2024 10:36:12
0,309.00,1648,763,10.19,70.49,0,38.84,17.05.2024 10:36:14
0,310.31,1655,763,10.20,70.47,0,39.46,17.05.2024 10:36:16
0,311.44,1661,763,10.21,70.48,0,39.97,17.05.2024 10:36:18
0,308.63,1646,762,10.19,70.45,0,38.68,17.05.2024 10:36:20
0,309.38,1650,762,10.19,70.46,0,39.04,17.05.2024 10:36:22
0,309.56,1651,762,10.21,70.47,0,39.06,17.05.2024 10:36:24
0,308.63,1646,762,10.20,70.46,0,38.64,17.05.2024 10:36:27
0,306.94,1637,762,10.19,70.46,0,37.87,17.05.2024 10:36:29
0,309.00,1648,761,10.21,70.47,0,38.79,17.05.2024 10:36:31
0,310.88,1658,761,10.20,70.46,0,39.74,17.05.2024 10:36:33
0,311.25,1660,761,10.21,70.46,0,39.89,17.05.2024 10:36:35
0,309.19,1649,760,10.20,70.46,0,38.91,17.05.2024 10:36:37
0,307.13,1638,761,10.19,70.47,0,37.95,17.05.2024 10:36:39
0,307.69,1641,762,10.21,70.47,0,38.16,17.05.2024 10:36:41
0,313.88,1674,761,10.19,70.47,0,41.26,17.05.2024 10:36:44
0,314.44,1677,761,10.19,70.47,0,41.54,17.05.2024 10:36:46
0,309.00,1648,761,10.19,70.47,0,38.85,17.05.2024 10:36:48
0,309.00,1648,762,10.19,70.46,0,38.86,17.05.2024 10:36:50
0,309.75,1652,762,10.20,70.44,0,39.19,17.05.2024 10:36:52
0,309.00,1648,762,10.21,70.47,0,38.79,17.05.2024 10:36:54
0,308.44,1645,762,10.21,70.45,0,38.53,17.05.2024 10:36:56
0,308.06,1643,762,10.20,70.46,0,38.37,17.05.2024 10:36:58
0,312.38,1666,762,10.21,70.50,0,40.43,17.05.2024 10:37:01
0,312.19,1665,762,10.21,70.47,0,40.35,17.05.2024 10:37:03
0,307.31,1639,762,10.17,70.47,0,38.07,17.05.2024 10:37:05
0,310.50,1656,762,10.19,70.48,0,39.58,17.05.2024 10:37:07
0,311.06,1659,761,10.20,70.46,0,39.83,17.05.2024 10:37:09
0,308.63,1646,761,10.20,70.50,0,38.62,17.05.2024 10:37:11
0,308.81,1647,761,10.20,70.48,0,38.72,17.05.2024 10:37:13
0,309.19,1649,761,10.20,70.48,0,38.91,17.05.2024 10:37:15
0,314.25,1676,760,10.19,70.46,0,41.45,17.05.2024 10:37:18
0,311.25,1660,760,10.17,70.44,0,39.99,17.05.2024 10:37:20
0,314.06,1675,760,10.19,70.49,0,41.34,17.05.2024 10:37:22
0,310.88,1658,760,10.21,70.49,0,39.69,17.05.2024 10:37:24
0,309.94,1653,761,10.20,70.44,0,39.28,17.05.2024 10:37:26
0,306.38,1634,760,10.19,70.45,0,37.61,17.05.2024 10:37:28
0,310.13,1654,761,10.21,70.47,0,39.33,17.05.2024 10:37:30
0,311.44,1661,761,10.19,70.49,0,40.03,17.05.2024 10:37:32
0,309.38,1650,762,10.20,70.46,0,39.00,17.05.2024 10:37:35
0,306.94,1637,761,10.19,70.44,0,37.88,17.05.2024 10:37:37
0,306.94,1637,761,10.20,70.47,0,37.83,17.05.2024 10:37:39
0,307.50,1640,762,10.20,70.46,0,38.10,17.05.2024 10:37:41
0,307.31,1639,762,10.20,70.45,0,38.02,17.05.2024 10:37:43
0,311.06,1659,762,10.20,70.47,0,39.82,17.05.2024 10:37:45
0,308.06,1643,762,10.20,70.43,0,38.38,17.05.2024 10:37:47
0,309.00,1648,762,10.21,70.48,0,38.79,17.05.2024 10:37:49
0,308.44,1645,761,10.19,70.47,0,38.58,17.05.2024 10:37:51
0,309.75,1652,762,10.20,70.46,0,39.19,17.05.2024 10:37:54
0,308.63,1646,761,10.21,70.47,0,38.61,17.05.2024 10:37:56
0,308.63,1646,762,10.19,70.43,0,38.69,17.05.2024 10:37:58
0,306.56,1635,762,10.21,70.44,0,37.64,17.05.2024 10:38:02
0,303.94,1621,762,10.19,70.44,0,36.47,17.05.2024 10:38:04
0,306.75,1636,763,10.21,70.45,0,37.73,17.05.2024 10:38:06
0,310.31,1655,762,10.19,70.45,0,39.50,17.05.2024 10:38:08
0,303.38,1618,763,10.20,70.47,0,36.17,17.05.2024 10:38:10
0,307.13,1638,763,10.21,70.47,0,37.89,17.05.2024 10:38:13
0,303.56,1619,762,10.19,70.48,0,36.28,17.05.2024 10:38:15
0,303.38,1618,762,10.20,70.50,0,36.15,17.05.2024 10:38:17
0,304.13,1622,762,10.19,70.44,0,36.56,17.05.2024 10:38:19
0,307.50,1640,763,10.20,70.44,0,38.11,17.05.2024 10:38:21
0,304.69,1625,763,10.20,70.46,0,36.78,17.05.2024 10:38:23
0,305.06,1627,763,10.20,70.47,0,36.95,17.05.2024 10:38:25
0,305.06,1627,763,10.20,70.47,0,36.95,17.05.2024 10:38:27
0,306.56,1635,763,10.20,70.46,0,37.66,17.05.2024 10:38:30
0,303.19,1617,762,10.20,70.48,0,36.08,17.05.2024 10:38:32
0,306.38,1634,762,10.19,70.46,0,37.60,17.05.2024 10:38:34
0,313.69,1673,762,10.19,70.47,0,41.16,17.05.2024 10:38:36
0,308.63,1646,761,10.17,70.45,0,38.71,17.05.2024 10:38:38
0,309.38,1650,761,10.21,70.47,0,38.97,17.05.2024 10:38:40
0,305.81,1631,761,10.19,70.45,0,37.34,17.05.2024 10:38:42
0,311.44,1661,761,10.20,70.47,0,40.01,17.05.2024 10:38:44
0,308.25,1644,762,10.20,70.45,0,38.47,17.05.2024 10:38:47
0,311.44,1661,761,10.21,70.46,0,39.99,17.05.2024 10:38:49
0,308.25,1644,762,10.21,70.50,0,38.41,17.05.2024 10:38:51
0,308.81,1647,762,10.21,70.47,0,38.70,17.05.2024 10:38:53
0,309.38,1650,761,10.20,70.47,0,39.00,17.05.2024 10:38:55
0,309.94,1653,760,10.20,70.45,0,39.28,17.05.2024 10:38:57
0,309.75,1652,760,10.19,70.44,0,39.23,17.05.2024 10:38:59
0,309.38,1650,760,10.19,70.48,0,39.03,17.05.2024 10:39:01
0,311.44,1661,761,10.21,70.46,0,39.99,17.05.2024 10:39:04
0,307.31,1639,761,10.19,70.45,0,38.05,17.05.2024 10:39:06
0,308.63,1646,761,10.21,70.47,0,38.61,17.05.2024 10:39:08
0,311.63,1662,760,10.21,70.45,0,40.08,17.05.2024 10:39:10
0,310.13,1654,760,10.19,70.49,0,39.39,17.05.2024 10:39:12
0,306.38,1634,760,10.19,70.48,0,37.59,17.05.2024 10:39:14
0,311.25,1660,760,10.20,70.45,0,39.92,17.05.2024 10:39:16
0,312.38,1666,760,10.20,70.45,0,40.48,17.05.2024 10:39:18
0,309.19,1649,761,10.19,70.47,0,38.94,17.05.2024 10:39:21
0,309.75,1652,761,10.21,70.50,0,39.14,17.05.2024 10:39:23
0,306.94,1637,761,10.20,70.48,0,37.83,17.05.2024 10:39:25
0,312.19,1665,761,10.20,70.45,0,40.39,17.05.2024 10:39:27
0,309.75,1652,761,10.20,70.45,0,39.19,17.05.2024 10:39:29
0,310.13,1654,761,10.17,70.45,0,39.44,17.05.2024 10:39:31
0,313.13,1670,761,10.20,70.48,0,40.84,17.05.2024 10:39:33
0,309.56,1651,761,10.19,70.47,0,39.13,17.05.2024 10:39:35
0,311.25,1660,760,10.20,70.46,0,39.92,17.05.2024 10:39:38
0,311.81,1663,760,10.21,70.47,0,40.16,17.05.2024 10:39:40
0,310.13,1654,760,10.20,70.47,0,39.36,17.05.2024 10:39:42
0,308.44,1645,760,10.20,70.44,0,38.56,17.05.2024 10:39:44
0,310.50,1656,760,10.19,70.46,0,39.59,17.05.2024 10:39:46
0,307.69,1641,760,10.21,70.45,0,38.17,17.05.2024 10:39:48
0,308.25,1644,760,10.20,70.48,0,38.45,17.05.2024 10:39:50
0,311.44,1661,760,10.19,70.44,0,40.05,17.05.2024 10:39:52
0,309.38,1650,760,10.21,70.47,0,38.97,17.05.2024 10:39:55
0,309.19,1649,760,10.21,70.45,0,38.89,17.05.2024 10:39:57
0,310.13,1654,761,10.19,70.48,0,39.39,17.05.2024 10:39:59
0,313.50,1672,760,10.17,70.42,0,41.12,17.05.2024 10:40:01
0,308.25,1644,760,10.21,70.42,0,38.45,17.05.2024 10:40:03
0,309.00,1648,760,10.21,70.47,0,38.79,17.05.2024 10:40:05
0,307.88,1642,760,10.17,70.46,0,38.34,17.05.2024 10:40:07
0,307.88,1642,760,10.20,70.46,0,38.28,17.05.2024 10:40:09
0,311.63,1662,760,10.17,70.45,0,40.18,17.05.2024 10:40:11
0,302.81,1615,760,10.23,70.46,0,35.86,17.05.2024 10:40:14
0,310.50,1656,761,10.21,70.44,0,39.53,17.05.2024 10:40:16
0,310.69,1657,761,10.21,70.48,0,39.61,17.05.2024 10:40:18
0,309.56,1651,760,10.20,70.47,0,39.09,17.05.2024 10:40:20
0,307.88,1642,760,10.20,70.44,0,38.29,17.05.2024 10:40:22
0,311.44,1661,759,10.20,70.44,0,40.02,17.05.2024 10:40:24
0,308.44,1645,759,10.19,70.44,0,38.59,17.05.2024 10:40:26
0,306.38,1634,759,10.21,70.43,0,37.56,17.05.2024 10:40:30
0,306.38,1634,760,10.20,70.47,0,37.57,17.05.2024 10:40:33
0,306.38,1634,760,10.19,70.44,0,37.61,17.05.2024 10:40:35
0,306.19,1633,760,10.21,70.47,0,37.45,17.05.2024 10:40:37
0,302.25,1612,760,10.20,70.45,0,35.66,17.05.2024 10:40:39
0,300.56,1603,761,10.20,70.47,0,34.89,17.05.2024 10:40:41
0,304.13,1622,761,10.20,70.44,0,36.52,17.05.2024 10:40:43
0,307.13,1638,761,10.21,70.45,0,37.90,17.05.2024 10:40:45
0,304.31,1623,761,10.21,70.43,0,36.59,17.05.2024 10:40:47
0,303.19,1617,762,10.19,70.44,0,36.12,17.05.2024 10:40:50
0,304.13,1622,762,10.20,70.44,0,36.52,17.05.2024 10:40:52
0,305.25,1628,763,10.20,70.44,0,37.05,17.05.2024 10:40:54
0,307.88,1642,762,10.19,70.46,0,38.32,17.05.2024 10:40:56
0,300.94,1605,762,10.20,70.43,0,35.08,17.05.2024 10:40:58
0,308.44,1645,761,10.17,70.44,0,38.62,17.05.2024 10:41:00
0,310.31,1655,761,10.21,70.44,0,39.44,17.05.2024 10:41:02
0,308.44,1645,761,10.20,70.44,0,38.56,17.05.2024 10:41:04
0,308.25,1644,761,10.20,70.45,0,38.47,17.05.2024 10:41:07
0,312.94,1669,761,10.20,70.45,0,40.76,17.05.2024 10:41:09
0,311.44,1661,761,10.19,70.46,0,40.05,17.05.2024 10:41:11
0,312.94,1669,761,10.17,70.43,0,40.84,17.05.2024 10:41:13
0,307.31,1639,761,10.17,70.45,0,38.08,17.05.2024 10:41:15
0,310.50,1656,761,10.20,70.45,0,39.56,17.05.2024 10:41:17
0,312.94,1669,761,10.20,70.45,0,40.76,17.05.2024 10:41:19
0,310.31,1655,761,10.19,70.44,0,39.50,17.05.2024 10:41:21
0,309.94,1653,761,10.20,70.44,0,39.28,17.05.2024 10:41:24
0,308.06,1643,761,10.20,70.45,0,38.38,17.05.2024 10:41:26
0,310.88,1658,761,10.20,70.45,0,39.74,17.05.2024 10:41:28
0,308.44,1645,761,10.19,70.44,0,38.59,17.05.2024 10:41:30
0,314.25,1676,761,10.19,70.42,0,41.47,17.05.2024 10:41:32
0,309.38,1650,761,10.19,70.47,0,39.03,17.05.2024 10:41:34
0,310.31,1655,762,10.21,70.46,0,39.43,17.05.2024 10:41:36
0,308.25,1644,763,10.19,70.41,0,38.52,17.05.2024 10:41:38
0,308.63,1646,763,10.21,70.43,0,38.63,17.05.2024 10:41:41
0,311.25,1660,763,10.19,70.46,0,39.95,17.05.2024 10:41:43
0,309.00,1648,764,10.20,70.43,0,38.84,17.05.2024 10:41:45
0,309.00,1648,764,10.19,70.46,0,38.86,17.05.2024 10:41:47
0,310.31,1655,764,10.20,70.45,0,39.46,17.05.2024 10:41:49
0,307.88,1642,764,10.19,70.44,0,38.32,17.05.2024 10:41:51
0,310.13,1654,763,10.20,70.43,0,39.38,17.05.2024 10:41:53
0,308.81,1647,763,10.19,70.43,0,38.78,17.05.2024 10:41:55
0,310.31,1655,764,10.20,70.44,0,39.47,17.05.2024 10:41:58
0,312.75,1668,764,10.19,70.44,0,40.71,17.05.2024 10:42:00
0,312.75,1668,764,10.19,70.44,0,40.71,17.05.2024 10:42:02
0,309.56,1651,764,10.20,70.43,0,39.11,17.05.2024 10:42:04
0,310.13,1654,764,10.21,70.45,0,39.35,17.05.2024 10:42:06
0,308.63,1646,764,10.19,70.45,0,38.68,17.05.2024 10:42:08
0,309.75,1652,764,10.20,70.44,0,39.19,17.05.2024 10:42:10
0,306.75,1636,764,10.20,70.46,0,37.75,17.05.2024 10:42:12
0,311.25,1660,764,10.19,70.42,0,39.97,17.05.2024 10:42:14
0,307.50,1640,765,10.23,70.47,0,38.04,17.05.2024 10:42:17
0,308.63,1646,765,10.20,70.43,0,38.66,17.05.2024 10:42:19
0,307.50,1640,765,10.19,70.45,0,38.14,17.05.2024 10:42:21
0,309.00,1648,765,10.23,70.48,0,38.76,17.05.2024 10:42:23
0,306.94,1637,765,10.21,70.43,0,37.82,17.05.2024 10:42:25
0,307.69,1641,765,10.19,70.44,0,38.23,17.05.2024 10:42:27
0,310.88,1658,765,10.20,70.43,0,39.75,17.05.2024 10:42:29
0,306.38,1634,765,10.20,70.44,0,37.58,17.05.2024 10:42:31
0,307.50,1640,765,10.19,70.44,0,38.14,17.05.2024 10:42:34
0,309.00,1648,765,10.19,70.38,0,38.89,17.05.2024 10:42:36
0,307.88,1642,765,10.16,70.43,0,38.39,17.05.2024 10:42:38
0,309.94,1653,765,10.17,70.43,0,39.36,17.05.2024 10:42:40
0,308.63,1646,765,10.21,70.44,0,38.62,17.05.2024 10:42:42
0,306.75,1636,766,10.20,70.40,0,37.78,17.05.2024 10:42:44
0,306.19,1633,766,10.19,70.43,0,37.53,17.05.2024 10:42:48
0,306.38,1634,766,10.20,70.41,0,37.59,17.05.2024 10:42:50
0,309.38,1650,766,10.19,70.42,0,39.06,17.05.2024 10:42:53
0,306.94,1637,766,10.20,70.44,0,37.84,17.05.2024 10:42:55
0,307.31,1639,767,10.19,70.44,0,38.05,17.05.2024 10:42:57
0,302.44,1613,767,10.21,70.44,0,35.73,17.05.2024 10:42:59
0,303.75,1620,768,10.20,70.43,0,36.35,17.05.2024 10:43:01
0,303.56,1619,767,10.20,70.44,0,36.26,17.05.2024 10:43:03
0,306.38,1634,767,10.20,70.44,0,37.58,17.05.2024 10:43:05
0,305.81,1631,767,10.20,70.44,0,37.31,17.05.2024 10:43:07
0,304.50,1624,766,10.19,70.41,0,36.74,17.05.2024 10:43:10
0,302.25,1612,767,10.19,70.42,0,35.70,17.05.2024 10:43:12
0,307.31,1639,767,10.19,70.46,0,38.05,17.05.2024 10:43:14
0,306.56,1635,768,10.19,70.45,0,37.70,17.05.2024 10:43:16
0,311.06,1659,768,10.20,70.43,0,39.84,17.05.2024 10:43:18
0,310.13,1654,768,10.19,70.44,0,39.41,17.05.2024 10:43:20
0,311.81,1663,767,10.17,70.41,0,40.29,17.05.2024 10:43:22
0,314.25,1676,767,10.19,70.42,0,41.47,17.05.2024 10:43:24
0,312.94,1669,766,10.19,70.46,0,40.79,17.05.2024 10:43:27
0,310.13,1654,767,10.21,70.46,0,39.34,17.05.2024 10:43:29
0,309.56,1651,767,10.19,70.45,0,39.14,17.05.2024 10:43:31
0,310.13,1654,766,10.20,70.45,0,39.37,17.05.2024 10:43:33
0,309.75,1652,766,10.19,70.41,0,39.24,17.05.2024 10:43:35
0,312.19,1665,766,10.20,70.43,0,40.39,17.05.2024 10:43:37
0,310.69,1657,767,10.19,70.45,0,39.69,17.05.2024 10:43:39
0,310.31,1655,766,10.19,70.45,0,39.50,17.05.2024 10:43:41
0,308.44,1645,767,10.20,70.45,0,38.56,17.05.2024 10:43:44
0,310.88,1658,767,10.19,70.46,0,39.77,17.05.2024 10:43:46
0,312.94,1669,767,10.20,70.45,0,40.76,17.05.2024 10:43:48
0,306.38,1634,767,10.20,70.44,0,37.58,17.05.2024 10:43:50
0,309.56,1651,767,10.17,70.44,0,39.17,17.05.2024 10:43:52
0,306.56,1635,768,10.20,70.43,0,37.67,17.05.2024 10:43:54
0,307.88,1642,768,10.17,70.44,0,38.35,17.05.2024 10:43:56
0,309.00,1648,768,10.19,70.40,0,38.88,17.05.2024 10:43:58
0,310.31,1655,768,10.20,70.44,0,39.47,17.05.2024 10:44:01
0,309.00,1648,767,10.17,70.43,0,38.90,17.05.2024 10:44:03
0,312.00,1664,768,10.19,70.44,0,40.33,17.05.2024 10:44:05
0,307.69,1641,768,10.19,70.42,0,38.24,17.05.2024 10:44:07
0,308.81,1647,768,10.19,70.44,0,38.77,17.05.2024 10:44:09
0,309.56,1651,768,10.19,70.44,0,39.14,17.05.2024 10:44:11
0,309.75,1652,768,10.17,70.42,0,39.27,17.05.2024 10:44:13
0,306.56,1635,768,10.20,70.41,0,37.68,17.05.2024 10:44:15
0,310.88,1658,768,10.19,70.41,0,39.79,17.05.2024 10:44:17
0,308.44,1645,768,10.17,70.44,0,38.62,17.05.2024 10:44:20
0,311.44,1661,768,10.19,70.45,0,40.05,17.05.2024 10:44:22
0,310.13,1654,768,10.20,70.45,0,39.37,17.05.2024 10:44:24
0,310.31,1655,768,10.19,70.43,0,39.51,17.05.2024 10:44:26
0,309.00,1648,769,10.19,70.47,0,38.85,17.05.2024 10:44:28
0,307.31,1639,769,10.20,70.43,0,38.03,17.05.2024 10:44:30
0,308.44,1645,769,10.17,70.40,0,38.64,17.05.2024 10:44:32
0,312.00,1664,769,10.19,70.41,0,40.35,17.05.2024 10:44:34
0,307.69,1641,770,10.19,70.42,0,38.24,17.05.2024 10:44:37
0,310.31,1655,770,10.19,70.44,0,39.50,17.05.2024 10:44:39
0,309.00,1648,769,10.20,70.41,0,38.84,17.05.2024 10:44:41
0,308.44,1645,769,10.20,70.41,0,38.57,17.05.2024 10:44:43
0,310.69,1657,769,10.19,70.42,0,39.70,17.05.2024 10:44:45
0,309.00,1648,769,10.19,70.45,0,38.86,17.05.2024 10:44:47
0,308.63,1646,769,10.19,70.47,0,38.67,17.05.2024 10:44:49
0,306.19,1633,769,10.19,70.43,0,37.53,17.05.2024 10:44:51
0,308.81,1647,769,10.19,70.44,0,38.77,17.05.2024 10:44:54
0,306.19,1633,770,10.19,70.44,0,37.52,17.05.2024 10:44:56
0,309.56,1651,770,10.19,70.43,0,39.14,17.05.2024 10:44:58
0,306.56,1635,770,10.19,70.42,0,37.71,17.05.2024 10:45:00
0,309.00,1648,769,10.20,70.44,0,38.83,17.05.2024 10:45:04
0,310.88,1658,769,10.19,70.45,0,39.78,17.05.2024 10:45:06
0,306.00,1632,769,10.17,70.46,0,37.45,17.05.2024 10:45:08
0,304.69,1625,769,10.20,70.43,0,36.79,17.05.2024 10:45:10
0,304.69,1625,768,10.21,70.42,0,36.77,17.05.2024 10:45:13
0,305.81,1631,768,10.17,70.43,0,37.38,17.05.2024 10:45:15
0,305.25,1628,769,10.17,70.42,0,37.12,17.05.2024 10:45:17
0,302.44,1613,769,10.17,70.38,0,35.83,17.05.2024 10:45:19
0,300.38,1602,769,10.20,70.43,0,34.82,17.05.2024 10:45:21
0,300.94,1605,768,10.19,70.46,0,35.09,17.05.2024 10:45:23
0,300.56,1603,768,10.19,70.45,0,34.93,17.05.2024 10:45:25
0,304.88,1626,768,10.19,70.43,0,36.91,17.05.2024 10:45:27
0,304.88,1626,768,10.16,70.46,0,36.95,17.05.2024 10:45:30
0,307.31,1639,768,10.17,70.43,0,38.09,17.05.2024 10:45:32
0,308.06,1643,767,10.20,70.40,0,38.40,17.05.2024 10:45:34
0,308.06,1643,767,10.17,70.45,0,38.44,17.05.2024 10:45:36
0,310.50,1656,767,10.21,70.44,0,39.53,17.05.2024 10:45:38
0,309.00,1648,767,10.21,70.43,0,38.81,17.05.2024 10:45:40
0,309.94,1653,767,10.19,70.40,0,39.34,17.05.2024 10:45:42
0,310.88,1658,767,10.19,70.45,0,39.78,17.05.2024 10:45:44
0,311.63,1662,767,10.20,70.44,0,40.11,17.05.2024 10:45:47
0,309.56,1651,767,10.19,70.44,0,39.14,17.05.2024 10:45:49
0,310.31,1655,767,10.19,70.45,0,39.50,17.05.2024 10:45:51
0,312.38,1666,767,10.19,70.41,0,40.53,17.05.2024 10:45:53
0,309.19,1649,768,10.20,70.43,0,38.92,17.05.2024 10:45:55
0,308.63,1646,768,10.19,70.44,0,38.68,17.05.2024 10:45:57
0,309.00,1648,767,10.19,70.44,0,38.86,17.05.2024 10:45:59
0,309.19,1649,767,10.19,70.40,0,38.97,17.05.2024 10:46:01
0,307.13,1638,767,10.19,70.43,0,37.97,17.05.2024 10:46:04
0,310.31,1655,767,10.19,70.44,0,39.50,17.05.2024 10:46:06
0,308.44,1645,768,10.20,70.43,0,38.56,17.05.2024 10:46:08
0,310.69,1657,768,10.19,70.44,0,39.69,17.05.2024 10:46:10
0,309.38,1650,768,10.20,70.46,0,39.00,17.05.2024 10:46:12
0,311.25,1660,768,10.20,70.43,0,39.93,17.05.2024 10:46:14
0,309.56,1651,768,10.19,70.46,0,39.13,17.05.2024 10:46:16
0,308.81,1647,768,10.20,70.44,0,38.74,17.05.2024 10:46:18
0,311.06,1659,767,10.17,70.41,0,39.92,17.05.2024 10:46:20
0,306.75,1636,768,10.19,70.41,0,37.80,17.05.2024 10:46:23
0,308.81,1647,767,10.19,70.45,0,38.77,17.05.2024 10:46:25
0,305.63,1630,767,10.17,70.43,0,37.29,17.05.2024 10:46:27
0,306.75,1636,767,10.16,70.43,0,37.85,17.05.2024 10:46:29
0,308.06,1643,768,10.19,70.45,0,38.41,17.05.2024 10:46:31
0,308.25,1644,768,10.20,70.43,0,38.48,17.05.2024 10:46:33
0,310.88,1658,768,10.19,70.44,0,39.78,17.05.2024 10:46:35
0,312.00,1664,768,10.19,70.45,0,40.33,17.05.2024 10:46:37
0,308.63,1646,768,10.20,70.41,0,38.66,17.05.2024 10:46:40
0,310.13,1654,767,10.19,70.41,0,39.43,17.05.2024 10:46:42
0,309.00,1648,767,10.17,70.44,0,38.89,17.05.2024 10:46:44
0,309.56,1651,767,10.20,70.43,0,39.11,17.05.2024 10:46:46
0,304.88,1626,767,10.17,70.45,0,36.93,17.05.2024 10:46:48
0,305.25,1628,767,10.19,70.44,0,37.08,17.05.2024 10:46:50
0,308.25,1644,766,10.21,70.43,0,38.45,17.05.2024 10:46:52
0,307.69,1641,766,10.20,70.41,0,38.21,17.05.2024 10:46:54
0,309.00,1648,766,10.19,70.42,0,38.87,17.05.2024 10:46:57
0,308.63,1646,766,10.20,70.43,0,38.66,17.05.2024 10:46:59
0,306.94,1637,767,10.19,70.43,0,37.88,17.05.2024 10:47:01
0,310.13,1654,767,10.20,70.44,0,39.38,17.05.2024 10:47:03
0,305.63,1630,767,10.19,70.43,0,37.26,17.05.2024 10:47:05
0,308.81,1647,767,10.19,70.42,0,38.78,17.05.2024 10:47:07
0,309.00,1648,767,10.20,70.43,0,38.83,17.05.2024 10:47:09
0,306.56,1635,768,10.20,70.43,0,37.67,17.05.2024 10:47:11
0,311.44,1661,768,10.19,70.43,0,40.06,17.05.2024 10:47:14
0,304.69,1625,768,10.20,70.43,0,36.79,17.05.2024 10:47:16
0,312.19,1665,768,10.19,70.42,0,40.44,17.05.2024 10:47:18
0,307.88,1642,767,10.16,70.41,0,38.40,17.05.2024 10:47:20
0,307.50,1640,767,10.17,70.43,0,38.18,17.05.2024 10:47:24
0,307.50,1640,767,10.19,70.42,0,38.15,17.05.2024 10:47:26
0,304.69,1625,767,10.19,70.42,0,36.83,17.05.2024 10:47:28
0,304.88,1626,767,10.17,70.42,0,36.94,17.05.2024 10:47:30
0,302.63,1614,768,10.19,70.45,0,35.87,17.05.2024 10:47:33
0,309.56,1651,768,10.17,70.41,0,39.18,17.05.2024 10:47:35
0,303.00,1616,768,10.20,70.43,0,36.01,17.05.2024 10:47:37
0,302.06,1611,768,10.17,70.41,0,35.65,17.05.2024 10:47:39
0,306.00,1632,768,10.19,70.43,0,37.44,17.05.2024 10:47:41
0,304.69,1625,768,10.19,70.44,0,36.82,17.05.2024 10:47:43
0,306.19,1633,768,10.19,70.41,0,37.54,17.05.2024 10:47:45
0,304.88,1626,769,10.17,70.42,0,36.94,17.05.2024 10:47:47
0,306.75,1636,769,10.21,70.42,0,37.74,17.05.2024 10:47:50
0,314.44,1677,769,10.19,70.42,0,41.57,17.05.2024 10:47:52
0,309.56,1651,770,10.17,70.43,0,39.17,17.05.2024 10:47:54
0,309.94,1653,770,10.20,70.43,0,39.29,17.05.2024 10:47:56
0,310.13,1654,770,10.19,70.43,0,39.42,17.05.2024 10:47:58
0,308.25,1644,769,10.19,70.44,0,38.50,17.05.2024 10:48:00
0,309.38,1650,769,10.19,70.42,0,39.06,17.05.2024 10:48:02
0,308.81,1647,769,10.17,70.43,0,38.81,17.05.2024 10:48:04
0,307.69,1641,769,10.17,70.44,0,38.26,17.05.2024 10:48:07
0,307.50,1640,769,10.17,70.40,0,38.19,17.05.2024 10:48:09
0,308.44,1645,769,10.20,70.40,0,38.58,17.05.2024 10:48:11
0,311.25,1660,769,10.20,70.43,0,39.93,17.05.2024 10:48:13
0,310.88,1658,770,10.19,70.44,0,39.78,17.05.2024 10:48:15
0,311.06,1659,770,10.17,70.44,0,39.90,17.05.2024 10:48:17
0,311.06,1659,770,10.20,70.43,0,39.84,17.05.2024 10:48:19
0,311.25,1660,770,10.20,70.41,0,39.94,17.05.2024 10:48:21
0,314.06,1675,770,10.19,70.42,0,41.38,17.05.2024 10:48:23
0,308.25,1644,769,10.20,70.41,0,38.48,17.05.2024 10:48:26
0,309.94,1653,769,10.20,70.45,0,39.28,17.05.2024 10:48:28
0,312.56,1667,769,10.17,70.42,0,40.65,17.05.2024 10:48:30
0,309.75,1652,769,10.16,70.42,0,39.30,17.05.2024 10:48:32
0,307.31,1639,770,10.16,70.43,0,38.12,17.05.2024 10:48:34
0,311.81,1663,770,10.20,70.43,0,40.21,17.05.2024 10:48:36
0,309.94,1653,771,10.17,70.41,0,39.36,17.05.2024 10:48:38
0,312.75,1668,771,10.19,70.43,0,40.71,17.05.2024 10:48:40
0,307.88,1642,771,10.17,70.40,0,38.37,17.05.2024 10:48:43
0,308.25,1644,771,10.19,70.43,0,38.51,17.05.2024 10:48:45
0,307.88,1642,771,10.21,70.43,0,38.27,17.05.2024 10:48:47
0,309.19,1649,771,10.19,70.40,0,38.97,17.05.2024 10:48:49
0,309.38,1650,770,10.17,70.43,0,39.08,17.05.2024 10:48:51
0,308.25,1644,771,10.19,70.44,0,38.50,17.05.2024 10:48:53
0,306.00,1632,771,10.17,70.42,0,37.47,17.05.2024 10:48:55
0,306.19,1633,771,10.19,70.42,0,37.53,17.05.2024 10:48:57
0,310.13,1654,771,10.17,70.43,0,39.45,17.05.2024 10:49:00
0,304.69,1625,771,10.17,70.43,0,36.85,17.05.2024 10:49:02
0,306.75,1636,771,10.19,70.44,0,37.79,17.05.2024 10:49:04
0,308.25,1644,771,10.17,70.42,0,38.54,17.05.2024 10:49:06
0,308.44,1645,771,10.20,70.43,0,38.56,17.05.2024 10:49:08
0,308.81,1647,771,10.20,70.45,0,38.74,17.05.2024 10:49:10
0,308.44,1645,771,10.17,70.41,0,38.64,17.05.2024 10:49:12
0,307.31,1639,772,10.20,70.41,0,38.03,17.05.2024 10:49:14
0,305.44,1629,772,10.19,70.38,0,37.19,17.05.2024 10:49:17
0,309.38,1650,771,10.20,70.43,0,39.02,17.05.2024 10:49:19
0,311.06,1659,771,10.21,70.44,0,39.81,17.05.2024 10:49:21
0,309.75,1652,770,10.19,70.44,0,39.23,17.05.2024 10:49:23
0,304.31,1623,771,10.17,70.42,0,36.68,17.05.2024 10:49:25
0,307.50,1640,771,10.17,70.41,0,38.19,17.05.2024 10:49:27
0,309.56,1651,771,10.17,70.40,0,39.18,17.05.2024 10:49:29
0,307.69,1641,771,10.20,70.41,0,38.21,17.05.2024 10:49:31
0,309.19,1649,771,10.17,70.42,0,39.00,17.05.2024 10:49:34
0,308.06,1643,770,10.19,70.39,0,38.43,17.05.2024 10:49:36
0,308.44,1645,770,10.19,70.41,0,38.61,17.05.2024 10:49:38
0,307.69,1641,770,10.20,70.41,0,38.21,17.05.2024 10:49:42
0,306.56,1635,770,10.19,70.41,0,37.71,17.05.2024 10:49:44
0,307.13,1638,770,10.19,70.42,0,37.98,17.05.2024 10:49:46
0,305.06,1627,769,10.17,70.39,0,37.04,17.05.2024 10:49:48
0,304.50,1624,769,10.19,70.41,0,36.74,17.05.2024 10:49:50
0,305.06,1627,769,10.17,70.40,0,37.04,17.05.2024 10:49:53
0,306.19,1633,769,10.20,70.41,0,37.50,17.05.2024 10:49:55
0,302.25,1612,769,10.19,70.43,0,35.70,17.05.2024 10:49:57
0,306.00,1632,769,10.20,70.41,0,37.41,17.05.2024 10:49:59
0,302.25,1612,769,10.19,70.41,0,35.71,17.05.2024 10:50:01
0,305.06,1627,768,10.17,70.38,0,37.05,17.05.2024 10:50:03
0,304.31,1623,768,10.19,70.41,0,36.66,17.05.2024 10:50:05
0,305.63,1630,768,10.19,70.40,0,37.27,17.05.2024 10:50:07
0,304.50,1624,768,10.19,70.43,0,36.74,17.05.2024 10:50:10
0,309.38,1650,768,10.17,70.40,0,39.09,17.05.2024 10:50:12
0,309.19,1649,768,10.17,70.42,0,39.00,17.05.2024 10:50:14
0,306.19,1633,768,10.19,70.42,0,37.53,17.05.2024 10:50:16
0,310.50,1656,768,10.19,70.38,0,39.62,17.05.2024 10:50:18
0,309.94,1653,768,10.19,70.43,0,39.33,17.05.2024 10:50:20
0,308.63,1646,769,10.17,70.44,0,38.71,17.05.2024 10:50:22
0,309.38,1650,769,10.19,70.42,0,39.06,17.05.2024 10:50:24
0,310.69,1657,768,10.17,70.42,0,39.73,17.05.2024 10:50:27
0,308.44,1645,768,10.17,70.40,0,38.64,17.05.2024 10:50:29
0,309.38,1650,768,10.19,70.43,0,39.05,17.05.2024 10:50:31
0,307.88,1642,767,10.20,70.41,0,38.30,17.05.2024 10:50:33
0,307.13,1638,767,10.19,70.42,0,37.98,17.05.2024 10:50:35
0,307.31,1639,768,10.17,70.43,0,38.09,17.05.2024 10:50:37
0,307.69,1641,767,10.17,70.40,0,38.28,17.05.2024 10:50:39
0,304.13,1622,767,10.14,70.41,0,36.66,17.05.2024 10:50:41
0,309.75,1652,767,10.19,70.40,0,39.25,17.05.2024 10:50:43
0,312.75,1668,768,10.16,70.41,0,40.78,17.05.2024 10:50:46
0,305.81,1631,768,10.19,70.43,0,37.35,17.05.2024 10:50:48
0,310.69,1657,768,10.17,70.45,0,39.72,17.05.2024 10:50:50
0,307.69,1641,768,10.17,70.44,0,38.26,17.05.2024 10:50:52
0,309.94,1653,768,10.17,70.43,0,39.36,17.05.2024 10:50:54
0,310.13,1654,768,10.20,70.43,0,39.38,17.05.2024 10:50:56
0,308.06,1643,768,10.17,70.41,0,38.46,17.05.2024 10:50:58
0,305.06,1627,768,10.17,70.41,0,37.04,17.05.2024 10:51:00
0,310.50,1656,768,10.20,70.43,0,39.57,17.05.2024 10:51:03
0,307.13,1638,769,10.17,70.40,0,38.01,17.05.2024 10:51:05
0,307.88,1642,769,10.20,70.41,0,38.30,17.05.2024 10:51:07
0,306.38,1634,769,10.19,70.42,0,37.62,17.05.2024 10:51:09
0,312.00,1664,769,10.17,70.42,0,40.37,17.05.2024 10:51:11
0,307.31,1639,768,10.20,70.43,0,38.02,17.05.2024 10:51:13
0,307.88,1642,768,10.17,70.41,0,38.37,17.05.2024 10:51:15
0,309.94,1653,767,10.19,70.42,0,39.33,17.05.2024 10:51:17
0,307.31,1639,767,10.16,70.39,0,38.13,17.05.2024 10:51:20
0,309.75,1652,767,10.19,70.38,0,39.25,17.05.2024 10:51:22
0,308.44,1645,767,10.16,70.39,0,38.67,17.05.2024 10:51:24
0,308.81,1647,767,10.19,70.42,0,38.78,17.05.2024 10:51:26
0,310.31,1655,768,10.17,70.40,0,39.55,17.05.2024 10:51:28
0,308.63,1646,768,10.19,70.40,0,38.70,17.05.2024 10:51:30
0,308.06,1643,768,10.17,70.42,0,38.45,17.05.2024 10:51:32
0,306.56,1635,768,10.17,70.41,0,37.74,17.05.2024 10:51:34
0,308.81,1647,768,10.19,70.42,0,38.78,17.05.2024 10:51:37
0,307.69,1641,768,10.19,70.40,0,38.25,17.05.2024 10:51:39
0,308.25,1644,768,10.16,70.43,0,38.57,17.05.2024 10:51:41
0,308.63,1646,768,10.17,70.40,0,38.73,17.05.2024 10:51:43
0,308.81,1647,768,10.17,70.38,0,38.83,17.05.2024 10:51:45
0,307.31,1639,768,10.20,70.41,0,38.03,17.05.2024 10:51:47
0,307.13,1638,768,10.17,70.42,0,38.00,17.05.2024 10:51:49
0,308.63,1646,769,10.17,70.41,0,38.73,17.05.2024 10:51:51
0,307.50,1640,768,10.17,70.41,0,38.19,17.05.2024 10:51:54
0,307.13,1638,768,10.16,70.39,0,38.05,17.05.2024 10:51:56
0,306.19,1633,768,10.19,70.42,0,37.53,17.05.2024 10:52:00
0,305.44,1629,767,10.14,70.41,0,37.27,17.05.2024 10:52:02
0,306.00,1632,767,10.17,70.40,0,37.48,17.05.2024 10:52:04
0,305.63,1630,767,10.19,70.39,0,37.28,17.05.2024 10:52:06
0,301.50,1608,767,10.17,70.39,0,35.40,17.05.2024 10:52:08
0,301.69,1609,767,10.17,70.39,0,35.49,17.05.2024 10:52:10
0,305.81,1631,768,10.17,70.38,0,37.40,17.05.2024 10:52:13
0,304.13,1622,768,10.17,70.38,0,36.61,17.05.2024 10:52:15
0,305.44,1629,768,10.19,70.37,0,37.20,17.05.2024 10:52:17
0,305.81,1631,768,10.17,70.38,0,37.40,17.05.2024 10:52:19
0,303.75,1620,768,10.16,70.39,0,36.46,17.05.2024 10:52:21
0,301.69,1609,768,10.19,70.40,0,35.46,17.05.2024 10:52:23
0,305.63,1630,768,10.17,70.40,0,37.30,17.05.2024 10:52:25
0,306.19,1633,768,10.19,70.39,0,37.54,17.05.2024 10:52:27
0,308.06,1643,768,10.17,70.42,0,38.45,17.05.2024 10:52:30
0,313.88,1674,768,10.19,70.38,0,41.30,17.05.2024 10:52:32
0,310.31,1655,768,10.17,70.43,0,39.54,17.05.2024 10:52:34
0,308.81,1647,768,10.17,70.40,0,38.82,17.05.2024 10:52:36
0,308.63,1646,768,10.17,70.37,0,38.74,17.05.2024 10:52:38
0,308.25,1644,768,10.19,70.40,0,38.52,17.05.2024 10:52:40
0,309.19,1649,768,10.19,70.43,0,38.96,17.05.2024 10:52:42
0,308.63,1646,768,10.16,70.41,0,38.76,17.05.2024 10:52:44
0,309.19,1649,768,10.17,70.42,0,39.00,17.05.2024 10:52:46
0,306.00,1632,768,10.16,70.42,0,37.50,17.05.2024 10:52:49
0,309.94,1653,768,10.20,70.41,0,39.30,17.05.2024 10:52:51
0,309.19,1649,768,10.16,70.40,0,39.03,17.05.2024 10:52:53
0,308.63,1646,768,10.19,70.39,0,38.71,17.05.2024 10:52:55
0,310.31,1655,769,10.19,70.39,0,39.52,17.05.2024 10:52:57
0,308.44,1645,768,10.17,70.39,0,38.64,17.05.2024 10:52:59
0,308.44,1645,768,10.19,70.41,0,38.61,17.05.2024 10:53:01
0,314.81,1679,768,10.16,70.38,0,41.83,17.05.2024 10:53:03
0,304.31,1623,767,10.17,70.40,0,36.69,17.05.2024 10:53:06
0,309.56,1651,767,10.17,70.40,0,39.18,17.05.2024 10:53:08
0,309.00,1648,767,10.16,70.37,0,38.96,17.05.2024 10:53:10
0,310.69,1657,767,10.17,70.40,0,39.73,17.05.2024 10:53:12
0,307.88,1642,767,10.16,70.39,0,38.40,17.05.2024 10:53:14
0,309.94,1653,767,10.16,70.38,0,39.41,17.05.2024 10:53:16
0,308.25,1644,767,10.16,70.39,0,38.58,17.05.2024 10:53:18
0,311.63,1662,767,10.19,70.39,0,40.17,17.05.2024 10:53:20
0,306.19,1633,767,10.20,70.40,0,37.51,17.05.2024 10:53:23
0,314.25,1676,767,10.17,70.42,0,41.50,17.05.2024 10:53:25
0,306.75,1636,767,10.14,70.41,0,37.89,17.05.2024 10:53:27
0,307.50,1640,767,10.17,70.41,0,38.19,17.05.2024 10:53:29
0,309.38,1650,766,10.19,70.42,0,39.06,17.05.2024 10:53:31
0,309.56,1651,766,10.16,70.39,0,39.22,17.05.2024 10:53:33
0,306.94,1637,766,10.16,70.40,0,37.95,17.05.2024 10:53:35
0,311.63,1662,766,10.19,70.38,0,40.17,17.05.2024 10:53:37
0,307.50,1640,767,10.17,70.37,0,38.20,17.05.2024 10:53:40
0,310.69,1657,767,10.17,70.36,0,39.75,17.05.2024 10:53:42
0,306.94,1637,767,10.19,70.38,0,37.90,17.05.2024 10:53:44
0,310.13,1654,766,10.20,70.40,0,39.40,17.05.2024 10:53:46
0,311.44,1661,766,10.17,70.39,0,40.11,17.05.2024 10:53:48
0,311.06,1659,767,10.17,70.37,0,39.93,17.05.2024 10:53:50
0,305.81,1631,767,10.19,70.39,0,37.37,17.05.2024 10:53:52
0,309.00,1648,766,10.16,70.40,0,38.94,17.05.2024 10:53:54
0,309.75,1652,767,10.17,70.39,0,39.28,17.05.2024 10:53:57
0,311.63,1662,767,10.20,70.40,0,40.14,17.05.2024 10:53:59
0,309.00,1648,766,10.17,70.40,0,38.91,17.05.2024 10:54:01
0,309.38,1650,766,10.20,70.38,0,39.04,17.05.2024 10:54:03
0,308.25,1644,766,10.19,70.39,0,38.52,17.05.2024 10:54:05
0,308.06,1643,766,10.20,70.41,0,38.39,17.05.2024 10:54:07
0,309.00,1648,767,10.20,70.37,0,38.86,17.05.2024 10:54:09
0,308.63,1646,766,10.19,70.39,0,38.71,17.05.2024 10:54:11
0,310.50,1656,766,10.17,70.38,0,39.65,17.05.2024 10:54:14
0,309.56,1651,767,10.19,70.38,0,39.16,17.05.2024 10:54:18
0,306.00,1632,767,10.17,70.39,0,37.48,17.05.2024 10:54:20
0,308.44,1645,767,10.19,70.36,0,38.63,17.05.2024 10:54:22
0,309.56,1651,767,10.19,70.36,0,39.18,17.05.2024 10:54:24
0,300.75,1604,767,10.16,70.36,0,35.10,17.05.2024 10:54:26
0,307.31,1639,768,10.17,70.35,0,38.13,17.05.2024 10:54:28
0,303.94,1621,768,10.16,70.36,0,36.56,17.05.2024 10:54:30
0,304.13,1622,768,10.19,70.38,0,36.59,17.05.2024 10:54:33
0,300.56,1603,768,10.16,70.38,0,35.01,17.05.2024 10:54:35
0,306.75,1636,768,10.17,70.36,0,37.85,17.05.2024 10:54:37
0,304.69,1625,769,10.17,70.36,0,36.88,17.05.2024 10:54:39
0,303.56,1619,769,10.14,70.38,0,36.41,17.05.2024 10:54:41
0,306.38,1634,769,10.20,70.37,0,37.61,17.05.2024 10:54:43
0,306.75,1636,769,10.19,70.38,0,37.81,17.05.2024 10:54:45
0,303.00,1616,769,10.17,70.36,0,36.10,17.05.2024 10:54:47
0,309.00,1648,770,10.19,70.38,0,38.90,17.05.2024 10:54:49
0,307.31,1639,770,10.17,70.36,0,38.12,17.05.2024 10:54:52
0,306.38,1634,770,10.17,70.36,0,37.67,17.05.2024 10:54:54
0,310.31,1655,769,10.17,70.37,0,39.56,17.05.2024 10:54:56
0,308.63,1646,769,10.17,70.36,0,38.75,17.05.2024 10:54:58
0,307.69,1641,769,10.17,70.38,0,38.29,17.05.2024 10:55:00
0,307.13,1638,769,10.19,70.38,0,37.99,17.05.2024 10:55:02
0,308.63,1646,769,10.17,70.39,0,38.73,17.05.2024 10:55:04
0,309.94,1653,769,10.17,70.39,0,39.37,17.05.2024 10:55:06
0,309.38,1650,769,10.19,70.38,0,39.08,17.05.2024 10:55:09
0,306.38,1634,768,10.17,70.40,0,37.66,17.05.2024 10:55:11
0,308.81,1647,768,10.16,70.35,0,38.87,17.05.2024 10:55:13
0,309.19,1649,768,10.16,70.38,0,39.04,17.05.2024 10:55:15
0,307.88,1642,769,10.17,70.37,0,38.38,17.05.2024 10:55:17
0,309.19,1649,769,10.17,70.38,0,39.01,17.05.2024 10:55:19
0,307.50,1640,769,10.16,70.35,0,38.24,17.05.2024 10:55:21
0,306.38,1634,769,10.17,70.37,0,37.67,17.05.2024 10:55:23
0,308.81,1647,769,10.16,70.35,0,38.87,17.05.2024 10:55:26
0,309.19,1649,769,10.19,70.40,0,38.97,17.05.2024 10:55:28
0,307.69,1641,768,10.19,70.37,0,38.27,17.05.2024 10:55:30
0,309.94,1653,768,10.17,70.39,0,39.37,17.05.2024 10:55:32
0,306.75,1636,767,10.16,70.34,0,37.89,17.05.2024 10:55:34
0,308.44,1645,767,10.16,70.38,0,38.68,17.05.2024 10:55:36
0,311.06,1659,767,10.16,70.35,0,39.97,17.05.2024 10:55:38
0,306.94,1637,767,10.17,70.36,0,37.94,17.05.2024 10:55:40
0,309.56,1651,767,10.16,70.38,0,39.22,17.05.2024 10:55:43
0,309.38,1650,767,10.14,70.38,0,39.17,17.05.2024 10:55:45
0,308.06,1643,767,10.17,70.35,0,38.49,17.05.2024 10:55:47
0,310.13,1654,768,10.16,70.34,0,39.52,17.05.2024 10:55:49
0,309.38,1650,768,10.14,70.35,0,39.18,17.05.2024 10:55:51
0,310.50,1656,768,10.19,70.38,0,39.63,17.05.2024 10:55:53
0,309.38,1650,767,10.16,70.37,0,39.14,17.05.2024 10:55:55
0,309.38,1650,768,10.17,70.36,0,39.12,17.05.2024 10:55:57
0,307.50,1640,768,10.14,70.35,0,38.28,17.05.2024 10:56:00
0,309.19,1649,768,10.17,70.38,0,39.01,17.05.2024 10:56:02
0,306.00,1632,767,10.17,70.36,0,37.50,17.05.2024 10:56:04
0,306.94,1637,767,10.17,70.38,0,37.93,17.05.2024 10:56:06
0,305.81,1631,767,10.17,70.36,0,37.41,17.05.2024 10:56:08
0,308.06,1643,767,10.14,70.37,0,38.54,17.05.2024 10:56:10
0,311.81,1663,767,10.16,70.38,0,40.33,17.05.2024 10:56:12
0,308.25,1644,767,10.17,70.35,0,38.58,17.05.2024 10:56:14
0,306.94,1637,767,10.17,70.36,0,37.94,17.05.2024 10:56:17
0,308.44,1645,767,10.16,70.38,0,38.68,17.05.2024 10:56:19
0,310.13,1654,767,10.16,70.37,0,39.50,17.05.2024 10:56:21
0,306.94,1637,767,10.17,70.36,0,37.94,17.05.2024 10:56:23
0,310.31,1655,767,10.16,70.35,0,39.60,17.05.2024 10:56:25
0,312.56,1667,767,10.16,70.37,0,40.71,17.05.2024 10:56:27
0,306.94,1637,767,10.17,70.36,0,37.94,17.05.2024 10:56:29
0,304.31,1623,767,10.17,70.36,0,36.71,17.05.2024 10:56:31
0,305.81,1631,766,10.17,70.36,0,37.41,17.05.2024 10:56:36
0,310.31,1655,766,10.17,70.36,0,39.57,17.05.2024 10:56:38
0,306.00,1632,765,10.17,70.36,0,37.50,17.05.2024 10:56:40
0,305.25,1628,766,10.16,70.32,0,37.19,17.05.2024 10:56:42
0,301.69,1609,765,10.17,70.38,0,35.49,17.05.2024 10:56:44
0,300.19,1601,765,10.17,70.36,0,34.83,17.05.2024 10:56:46
0,304.50,1624,765,10.16,70.32,0,36.84,17.05.2024 10:56:48
0,302.44,1613,765,10.17,70.35,0,35.85,17.05.2024 10:56:50
0,304.50,1624,765,10.16,70.34,0,36.83,17.05.2024 10:56:52
0,306.56,1635,765,10.17,70.36,0,37.76,17.05.2024 10:56:55
0,303.94,1621,765,10.16,70.37,0,36.56,17.05.2024 10:56:57
0,304.31,1623,765,10.14,70.33,0,36.78,17.05.2024 10:56:59
0,305.25,1628,764,10.16,70.35,0,37.18,17.05.2024 10:57:01
0,308.63,1646,764,10.14,70.35,0,38.82,17.05.2024 10:57:03
0,308.63,1646,764,10.14,70.35,0,38.82,17.05.2024 10:57:05
0,312.19,1665,764,10.16,70.37,0,40.52,17.05.2024 10:57:07
0,310.50,1656,764,10.14,70.35,0,39.73,17.05.2024 10:57:09
0,307.31,1639,763,10.16,70.32,0,38.16,17.05.2024 10:57:12
0,311.44,1661,764,10.17,70.36,0,40.12,17.05.2024 10:57:14
0,309.56,1651,763,10.16,70.34,0,39.24,17.05.2024 10:57:16
0,307.69,1641,763,10.16,70.33,0,38.34,17.05.2024 10:57:18
0,309.56,1651,763,10.17,70.37,0,39.20,17.05.2024 10:57:20
0,309.38,1650,764,10.16,70.34,0,39.15,17.05.2024 10:57:22
0,309.38,1650,764,10.13,70.36,0,39.20,17.05.2024 10:57:24
0,312.56,1667,765,10.16,70.36,0,40.71,17.05.2024 10:57:26
0,312.56,1667,765,10.16,70.35,0,40.72,17.05.2024 10:57:29
0,310.13,1654,766,10.16,70.35,0,39.51,17.05.2024 10:57:31
0,312.94,1669,766,10.14,70.38,0,40.93,17.05.2024 10:57:33
0,313.69,1673,765,10.16,70.37,0,41.27,17.05.2024 10:57:35
0,312.56,1667,764,10.14,70.36,0,40.75,17.05.2024 10:57:37
0,311.25,1660,764,10.16,70.38,0,40.05,17.05.2024 10:57:39
0,315.75,1684,763,10.16,70.38,0,42.31,17.05.2024 10:57:41
0,315.75,1684,763,10.14,70.34,0,42.37,17.05.2024 10:57:43
0,315.00,1680,763,10.16,70.35,0,41.95,17.05.2024 10:57:46
0,315.00,1680,764,10.16,70.36,0,41.94,17.05.2024 10:57:48
0,313.50,1672,764,10.16,70.38,0,41.17,17.05.2024 10:57:50
0,317.44,1693,765,10.14,70.37,0,43.23,17.05.2024 10:57:52
0,317.63,1694,764,10.16,70.36,0,43.29,17.05.2024 10:57:54
0,313.88,1674,764,10.16,70.36,0,41.37,17.05.2024 10:57:56
0,318.56,1699,765,10.16,70.36,0,43.79,17.05.2024 10:57:58
0,318.38,1698,765,10.14,70.34,0,43.73,17.05.2024 10:58:00
0,315.75,1684,765,10.16,70.39,0,42.31,17.05.2024 10:58:03
0,321.56,1715,764,10.14,70.37,0,45.41,17.05.2024 10:58:05
0,321.19,1713,765,10.19,70.37,0,45.11,17.05.2024 10:58:07
0,320.06,1707,764,10.17,70.35,0,44.55,17.05.2024 10:58:09
0,319.69,1705,765,10.17,70.39,0,44.33,17.05.2024 10:58:11
0,322.50,1720,764,10.14,70.36,0,45.93,17.05.2024 10:58:13
0,324.75,1732,764,10.17,70.40,0,47.06,17.05.2024 10:58:15
0,318.56,1699,764,10.16,70.37,0,43.78,17.05.2024 10:58:17
0,317.81,1695,764,10.16,70.34,0,43.40,17.05.2024 10:58:20
0,322.31,1719,764,10.16,70.37,0,45.78,17.05.2024 10:58:22
0,319.31,1703,764,10.16,70.39,0,44.16,17.05.2024 10:58:24
0,318.38,1698,763,10.13,70.38,0,43.75,17.05.2024 10:58:26
0,319.88,1706,763,10.16,70.38,0,44.47,17.05.2024 10:58:28
0,318.75,1700,763,10.17,70.38,0,43.84,17.05.2024 10:58:30
0,321.00,1712,763,10.17,70.36,0,45.04,17.05.2024 10:58:32
0,324.94,1733,762,10.16,70.35,0,47.23,17.05.2024 10:58:34
0,321.94,1717,762,10.16,70.39,0,45.57,17.05.2024 10:58:37
0,316.69,1689,762,10.14,70.37,0,42.84,17.05.2024 10:58:39
0,319.88,1706,762,10.14,70.38,0,44.51,17.05.2024 10:58:41
0,322.13,1718,762,10.17,70.39,0,45.63,17.05.2024 10:58:43
0,318.75,1700,763,10.17,70.36,0,43.85,17.05.2024 10:58:45
0,325.88,1738,763,10.14,70.37,0,47.78,17.05.2024 10:58:47
0,319.69,1705,763,10.16,70.37,0,44.37,17.05.2024 10:58:51
0,320.25,1708,764,10.16,70.37,0,44.67,17.05.2024 10:58:53
0,317.63,1694,764,10.16,70.38,0,43.28,17.05.2024 10:58:55
0,318.19,1697,764,10.19,70.38,0,43.51,17.05.2024 10:58:58
0,317.25,1692,764,10.17,70.37,0,43.06,17.05.2024 10:59:00
0,316.31,1687,764,10.14,70.35,0,42.66,17.05.2024 10:59:02
0,317.44,1693,763,10.16,70.39,0,43.18,17.05.2024 10:59:04
0,317.25,1692,763,10.16,70.37,0,43.10,17.05.2024 10:59:06
0,313.31,1671,763,10.16,70.38,0,41.08,17.05.2024 10:59:08
0,314.44,1677,763,10.16,70.36,0,41.66,17.05.2024 10:59:10
0,316.13,1686,764,10.17,70.39,0,42.47,17.05.2024 10:59:12
0,317.81,1695,764,10.16,70.38,0,43.38,17.05.2024 10:59:15
0,315.94,1685,764,10.14,70.37,0,42.45,17.05.2024 10:59:17
0,317.63,1694,763,10.16,70.37,0,43.29,17.05.2024 10:59:19
0,318.75,1700,763,10.14,70.37,0,43.92,17.05.2024 10:59:21
0,324.94,1733,763,10.16,70.37,0,47.22,17.05.2024 10:59:23
0,325.50,1736,763,10.16,70.37,0,47.53,17.05.2024 10:59:25
0,320.25,1708,763,10.13,70.38,0,44.74,17.05.2024 10:59:27
0,321.75,1716,763,10.17,70.40,0,45.43,17.05.2024 10:59:29
0,317.25,1692,763,10.16,70.38,0,43.09,17.05.2024 10:59:32
0,323.63,1726,762,10.17,70.40,0,46.44,17.05.2024 10:59:34
0,323.63,1726,763,10.16,70.40,0,46.48,17.05.2024 10:59:36
0,320.63,1710,763,10.17,70.41,0,44.82,17.05.2024 10:59:38
0,320.63,1710,763,10.16,70.37,0,44.87,17.05.2024 10:59:40
0,319.69,1705,764,10.17,70.38,0,44.33,17.05.2024 10:59:42
0,322.88,1722,764,10.14,70.37,0,46.13,17.05.2024 10:59:44
0,321.19,1713,764,10.16,70.41,0,45.15,17.05.2024 10:59:46
0,319.69,1705,764,10.14,70.41,0,44.40,17.05.2024 10:59:49
0,322.69,1721,764,10.16,70.38,0,45.98,17.05.2024 10:59:51
0,323.25,1724,763,10.16,70.40,0,46.27,17.05.2024 10:59:53
0,322.13,1718,763,10.17,70.41,0,45.62,17.05.2024 10:59:55
0,324.56,1731,763,10.16,70.42,0,46.98,17.05.2024 10:59:57
0,323.63,1726,763,10.16,70.42,0,46.47,17.05.2024 10:59:59
