0,162.56,867,904,12.46,70.36,0,0.96,16.05.2024 22:00:01
0,159.38,850,904,12.44,70.35,0,0.70,16.05.2024 22:00:03
0,160.88,858,903,12.45,70.36,0,0.82,16.05.2024 22:00:06
0,162.00,864,903,12.45,70.34,0,0.91,16.05.2024 22:00:08
0,160.13,854,903,12.45,70.39,0,0.76,16.05.2024 22:00:10
0,160.31,855,903,12.45,70.36,0,0.78,16.05.2024 22:00:12
0,158.25,844,903,12.45,70.37,0,0.61,16.05.2024 22:00:14
0,161.25,860,903,12.46,70.36,0,0.85,16.05.2024 22:00:16
0,157.50,840,903,12.45,70.36,0,0.56,16.05.2024 22:00:18
0,157.88,842,903,12.48,70.36,0,0.58,16.05.2024 22:00:20
0,158.44,845,904,12.49,70.37,0,0.62,16.05.2024 22:00:23
0,161.63,862,904,12.45,70.34,0,0.88,16.05.2024 22:00:25
0,158.25,844,904,12.45,70.36,0,0.61,16.05.2024 22:00:27
0,158.81,847,904,12.44,70.33,0,0.66,16.05.2024 22:00:29
0,159.38,850,903,12.46,70.36,0,0.70,16.05.2024 22:00:31
0,160.13,854,903,12.45,70.34,0,0.76,16.05.2024 22:00:33
0,160.50,856,903,12.45,70.34,0,0.79,16.05.2024 22:00:35
0,158.25,844,904,12.48,70.38,0,0.61,16.05.2024 22:00:37
0,160.69,857,903,12.46,70.38,0,0.80,16.05.2024 22:00:40
0,157.50,840,903,12.46,70.34,0,0.55,16.05.2024 22:00:42
0,159.19,849,903,12.45,70.36,0,0.69,16.05.2024 22:00:44
0,159.19,849,903,12.45,70.36,0,0.69,16.05.2024 22:00:46
0,159.56,851,902,12.46,70.35,0,0.71,16.05.2024 22:00:48
0,161.63,862,902,12.45,70.34,0,0.88,16.05.2024 22:00:50
0,156.56,835,902,12.46,70.36,0,0.48,16.05.2024 22:00:52
0,160.69,857,902,12.46,70.33,0,0.80,16.05.2024 22:00:54
0,159.75,852,901,12.44,70.33,0,0.74,16.05.2024 22:00:56
0,162.00,864,901,12.48,70.37,0,0.91,16.05.2024 22:00:59
0,159.75,852,901,12.45,70.34,0,0.73,16.05.2024 22:01:01
0,160.69,857,901,12.48,70.37,0,0.80,16.05.2024 22:01:03
0,162.38,866,901,12.46,70.31,0,0.94,16.05.2024 22:01:05
0,159.00,848,900,12.46,70.34,0,0.67,16.05.2024 22:01:07
0,159.56,851,901,12.45,70.34,0,0.72,16.05.2024 22:01:09
0,159.00,848,901,12.44,70.34,0,0.68,16.05.2024 22:01:11
0,164.25,876,900,12.44,70.31,0,1.10,16.05.2024 22:01:13
0,157.50,840,901,12.48,70.34,0,0.55,16.05.2024 22:01:16
0,161.25,860,902,12.46,70.34,0,0.85,16.05.2024 22:01:18
0,158.25,844,902,12.46,70.34,0,0.61,16.05.2024 22:01:20
0,157.88,842,902,12.42,70.35,0,0.59,16.05.2024 22:01:22
0,160.88,858,903,12.45,70.34,0,0.82,16.05.2024 22:01:24
0,162.38,866,903,12.46,70.35,0,0.94,16.05.2024 22:01:26
0,159.38,850,905,12.45,70.34,0,0.70,16.05.2024 22:01:28
0,159.56,851,905,12.44,70.31,0,0.72,16.05.2024 22:01:32
0,161.44,861,905,12.46,70.33,0,0.87,16.05.2024 22:01:35
0,157.88,842,905,12.45,70.34,0,0.59,16.05.2024 22:01:37
0,158.06,843,905,12.46,70.34,0,0.60,16.05.2024 22:01:39
0,156.19,833,906,12.46,70.34,0,0.46,16.05.2024 22:01:41
0,153.94,821,906,12.46,70.33,0,0.29,16.05.2024 22:01:43
0,157.69,841,906,12.45,70.30,0,0.57,16.05.2024 22:01:45
0,157.69,841,906,12.45,70.32,0,0.57,16.05.2024 22:01:47
0,156.19,833,907,12.46,70.33,0,0.46,16.05.2024 22:01:49
0,156.56,835,907,12.45,70.32,0,0.49,16.05.2024 22:01:52
0,157.31,839,906,12.46,70.32,0,0.54,16.05.2024 22:01:54
0,157.13,838,905,12.44,70.33,0,0.53,16.05.2024 22:01:56
0,156.00,832,906,12.45,70.29,0,0.45,16.05.2024 22:01:58
0,158.44,845,906,12.44,70.34,0,0.63,16.05.2024 22:02:00
0,158.44,845,906,12.44,70.30,0,0.63,16.05.2024 22:02:02
0,160.13,854,906,12.46,70.31,0,0.76,16.05.2024 22:02:04
0,162.00,864,907,12.46,70.30,0,0.91,16.05.2024 22:02:06
0,158.25,844,906,12.46,70.30,0,0.61,16.05.2024 22:02:08
0,161.25,860,906,12.45,70.30,0,0.85,16.05.2024 22:02:11
0,158.81,847,906,12.46,70.31,0,0.66,16.05.2024 22:02:13
0,162.38,866,906,12.45,70.30,0,0.95,16.05.2024 22:02:15
0,157.50,840,906,12.44,70.33,0,0.56,16.05.2024 22:02:17
0,158.25,844,907,12.45,70.34,0,0.62,16.05.2024 22:02:19
0,165.75,884,907,12.44,70.31,0,1.23,16.05.2024 22:02:21
0,159.19,849,908,12.42,70.29,0,0.70,16.05.2024 22:02:23
0,158.81,847,908,12.46,70.31,0,0.66,16.05.2024 22:02:25
0,159.94,853,908,12.45,70.32,0,0.75,16.05.2024 22:02:28
0,158.25,844,908,12.45,70.32,0,0.62,16.05.2024 22:02:30
0,160.69,857,908,12.48,70.30,0,0.80,16.05.2024 22:02:32
0,159.38,850,908,12.44,70.29,0,0.71,16.05.2024 22:02:34
0,162.38,866,908,12.45,70.31,0,0.95,16.05.2024 22:02:36
0,160.69,857,908,12.45,70.29,0,0.81,16.05.2024 22:02:38
0,160.88,858,908,12.44,70.30,0,0.83,16.05.2024 22:02:40
0,158.81,847,907,12.44,70.30,0,0.66,16.05.2024 22:02:42
0,161.44,861,907,12.44,70.28,0,0.87,16.05.2024 22:02:44
0,160.88,858,907,12.44,70.30,0,0.83,16.05.2024 22:02:47
0,159.19,849,907,12.45,70.31,0,0.69,16.05.2024 22:02:49
0,161.63,862,907,12.45,70.31,0,0.88,16.05.2024 22:02:51
0,162.00,864,907,12.46,70.28,0,0.91,16.05.2024 22:02:53
0,159.19,849,907,12.45,70.29,0,0.69,16.05.2024 22:02:55
0,159.75,852,906,12.45,70.31,0,0.73,16.05.2024 22:02:57
0,158.44,845,906,12.42,70.27,0,0.64,16.05.2024 22:02:59
0,157.31,839,906,12.45,70.29,0,0.55,16.05.2024 22:03:01
0,160.69,857,905,12.44,70.30,0,0.81,16.05.2024 22:03:04
0,160.13,854,906,12.44,70.30,0,0.77,16.05.2024 22:03:06
0,161.81,863,906,12.45,70.28,0,0.90,16.05.2024 22:03:08
0,156.94,837,906,12.48,70.28,0,0.51,16.05.2024 22:03:10
0,161.81,863,906,12.44,70.28,0,0.90,16.05.2024 22:03:12
0,157.69,841,905,12.45,70.32,0,0.57,16.05.2024 22:03:14
0,163.50,872,905,12.44,70.28,0,1.04,16.05.2024 22:03:16
0,159.00,848,906,12.45,70.29,0,0.68,16.05.2024 22:03:18
0,157.50,840,906,12.45,70.27,0,0.56,16.05.2024 22:03:21
0,161.63,862,906,12.46,70.27,0,0.88,16.05.2024 22:03:23
0,157.69,841,905,12.44,70.21,0,0.58,16.05.2024 22:03:25
0,157.50,840,906,12.45,70.24,0,0.56,16.05.2024 22:03:27
0,157.69,841,906,12.45,70.28,0,0.57,16.05.2024 22:03:29
0,160.50,856,906,12.45,70.27,0,0.80,16.05.2024 22:03:31
0,156.75,836,907,12.45,70.27,0,0.50,16.05.2024 22:03:33
0,158.81,847,907,12.45,70.27,0,0.66,16.05.2024 22:03:35
0,156.94,837,907,12.45,70.28,0,0.52,16.05.2024 22:03:38
0,159.75,852,907,12.44,70.29,0,0.74,16.05.2024 22:03:40
0,158.25,844,907,12.46,70.27,0,0.62,16.05.2024 22:03:42
0,158.81,847,907,12.45,70.25,0,0.66,16.05.2024 22:03:44
0,156.19,833,907,12.44,70.27,0,0.46,16.05.2024 22:03:46
0,161.44,861,907,12.45,70.29,0,0.87,16.05.2024 22:03:48
0,162.38,866,907,12.44,70.30,0,0.95,16.05.2024 22:03:50
0,157.50,840,907,12.45,70.28,0,0.56,16.05.2024 22:03:52
0,160.88,858,908,12.46,70.28,0,0.82,16.05.2024 22:03:54
0,157.13,838,909,12.45,70.26,0,0.53,16.05.2024 22:03:57
0,158.63,846,909,12.45,70.27,0,0.65,16.05.2024 22:03:59
0,161.06,859,909,12.44,70.26,0,0.84,16.05.2024 22:04:03
0,155.63,830,909,12.44,70.23,0,0.42,16.05.2024 22:04:05
0,157.50,840,909,12.45,70.28,0,0.56,16.05.2024 22:04:07
0,155.44,829,910,12.46,70.25,0,0.40,16.05.2024 22:04:09
0,155.25,828,909,12.45,70.23,0,0.39,16.05.2024 22:04:11
0,159.56,851,909,12.45,70.25,0,0.72,16.05.2024 22:04:13
0,155.81,831,909,12.44,70.25,0,0.44,16.05.2024 22:04:16
0,154.50,824,909,12.45,70.25,0,0.34,16.05.2024 22:04:18
0,159.75,852,909,12.45,70.25,0,0.74,16.05.2024 22:04:20
0,155.25,828,909,12.46,70.26,0,0.39,16.05.2024 22:04:22
0,153.56,819,909,12.45,70.26,0,0.27,16.05.2024 22:04:24
0,155.06,827,910,12.45,70.25,0,0.38,16.05.2024 22:04:26
0,162.19,865,910,12.46,70.25,0,0.93,16.05.2024 22:04:28
0,157.88,842,910,12.44,70.23,0,0.59,16.05.2024 22:04:30
0,160.69,857,910,12.45,70.26,0,0.81,16.05.2024 22:04:33
0,160.31,855,910,12.44,70.25,0,0.78,16.05.2024 22:04:35
0,161.44,861,910,12.42,70.24,0,0.88,16.05.2024 22:04:37
0,157.88,842,910,12.42,70.23,0,0.60,16.05.2024 22:04:39
0,161.44,861,910,12.44,70.24,0,0.87,16.05.2024 22:04:41
0,160.31,855,910,12.45,70.26,0,0.78,16.05.2024 22:04:43
0,160.50,856,910,12.45,70.26,0,0.80,16.05.2024 22:04:45
0,161.25,860,910,12.45,70.24,0,0.86,16.05.2024 22:04:47
0,159.00,848,910,12.45,70.26,0,0.68,16.05.2024 22:04:49
0,162.00,864,909,12.44,70.20,0,0.92,16.05.2024 22:04:52
0,160.13,854,909,12.45,70.23,0,0.77,16.05.2024 22:04:54
0,158.63,846,909,12.45,70.23,0,0.65,16.05.2024 22:04:56
0,160.13,854,909,12.45,70.24,0,0.77,16.05.2024 22:04:58
0,159.38,850,909,12.45,70.25,0,0.71,16.05.2024 22:05:00
0,164.25,876,908,12.44,70.22,0,1.11,16.05.2024 22:05:02
0,158.44,845,908,12.45,70.24,0,0.63,16.05.2024 22:05:04
0,157.31,839,908,12.44,70.26,0,0.55,16.05.2024 22:05:06
0,162.38,866,908,12.44,70.26,0,0.95,16.05.2024 22:05:09
0,159.38,850,907,12.44,70.22,0,0.71,16.05.2024 22:05:11
0,161.44,861,908,12.44,70.26,0,0.87,16.05.2024 22:05:13
0,159.38,850,909,12.45,70.24,0,0.71,16.05.2024 22:05:15
0,162.38,866,908,12.45,70.23,0,0.95,16.05.2024 22:05:17
0,156.75,836,908,12.42,70.23,0,0.51,16.05.2024 22:05:19
0,159.94,853,907,12.45,70.23,0,0.75,16.05.2024 22:05:21
0,159.38,850,908,12.44,70.20,0,0.71,16.05.2024 22:05:23
0,160.13,854,908,12.45,70.23,0,0.77,16.05.2024 22:05:25
0,156.75,836,907,12.45,70.25,0,0.50,16.05.2024 22:05:28
0,159.19,849,907,12.44,70.25,0,0.69,16.05.2024 22:05:30
0,158.81,847,907,12.44,70.27,0,0.66,16.05.2024 22:05:32
0,158.44,845,906,12.44,70.23,0,0.64,16.05.2024 22:05:34
0,159.00,848,907,12.44,70.25,0,0.68,16.05.2024 22:05:36
0,157.13,838,907,12.45,70.23,0,0.53,16.05.2024 22:05:38
0,159.75,852,907,12.44,70.23,0,0.74,16.05.2024 22:05:40
0,165.00,880,908,12.45,70.21,0,1.17,16.05.2024 22:05:42
0,159.00,848,908,12.44,70.22,0,0.68,16.05.2024 22:05:45
0,158.06,843,908,12.44,70.23,0,0.61,16.05.2024 22:05:47
0,158.63,846,908,12.45,70.22,0,0.65,16.05.2024 22:05:49
0,159.38,850,908,12.45,70.24,0,0.71,16.05.2024 22:05:51
0,160.13,854,908,12.44,70.20,0,0.77,16.05.2024 22:05:53
0,162.38,866,907,12.44,70.20,0,0.95,16.05.2024 22:05:55
0,159.75,852,908,12.44,70.23,0,0.74,16.05.2024 22:05:57
0,157.69,841,908,12.44,70.22,0,0.58,16.05.2024 22:05:59
0,159.75,852,908,12.45,70.22,0,0.74,16.05.2024 22:06:02
0,162.00,864,908,12.44,70.20,0,0.92,16.05.2024 22:06:04
0,158.63,846,908,12.44,70.22,0,0.65,16.05.2024 22:06:06
0,158.25,844,908,12.45,70.19,0,0.62,16.05.2024 22:06:08
0,162.75,868,908,12.44,70.23,0,0.98,16.05.2024 22:06:10
0,160.88,858,909,12.46,70.23,0,0.82,16.05.2024 22:06:12
0,161.63,862,908,12.41,70.21,0,0.90,16.05.2024 22:06:14
0,159.94,853,908,12.45,70.20,0,0.75,16.05.2024 22:06:16
0,158.44,845,908,12.45,70.21,0,0.63,16.05.2024 22:06:19
0,155.44,829,908,12.44,70.16,0,0.41,16.05.2024 22:06:21
0,161.44,861,908,12.44,70.20,0,0.88,16.05.2024 22:06:23
0,157.50,840,908,12.44,70.20,0,0.57,16.05.2024 22:06:25
0,159.19,849,908,12.44,70.21,0,0.70,16.05.2024 22:06:27
0,156.38,834,907,12.42,70.20,0,0.48,16.05.2024 22:06:31
0,157.69,841,907,12.44,70.18,0,0.58,16.05.2024 22:06:33
0,155.44,829,906,12.45,70.20,0,0.41,16.05.2024 22:06:35
0,155.81,831,906,12.42,70.14,0,0.44,16.05.2024 22:06:37
0,159.94,853,905,12.44,70.17,0,0.76,16.05.2024 22:06:40
0,157.69,841,906,12.44,70.20,0,0.58,16.05.2024 22:06:42
0,159.75,852,905,12.45,70.20,0,0.74,16.05.2024 22:06:44
0,156.38,834,905,12.45,70.18,0,0.48,16.05.2024 22:06:46
0,157.88,842,904,12.44,70.17,0,0.60,16.05.2024 22:06:48
0,160.50,856,904,12.44,70.18,0,0.80,16.05.2024 22:06:50
0,152.06,811,904,12.42,70.15,0,0.17,16.05.2024 22:06:52
0,156.19,833,904,12.44,70.17,0,0.47,16.05.2024 22:06:54
0,155.81,831,904,12.41,70.20,0,0.44,16.05.2024 22:06:57
0,150.19,801,904,12.44,70.17,0,0.04,16.05.2024 22:06:59
0,157.50,840,904,12.42,70.19,0,0.57,16.05.2024 22:07:01
0,162.94,869,905,12.44,70.18,0,1.00,16.05.2024 22:07:03
0,161.44,861,904,12.42,70.16,0,0.88,16.05.2024 22:07:05
0,158.63,846,904,12.45,70.18,0,0.65,16.05.2024 22:07:07
0,160.88,858,904,12.46,70.17,0,0.83,16.05.2024 22:07:09
0,162.75,868,904,12.42,70.16,0,0.99,16.05.2024 22:07:11
0,161.63,862,904,12.44,70.20,0,0.89,16.05.2024 22:07:13
0,161.25,860,904,12.44,70.14,0,0.86,16.05.2024 22:07:16
0,161.63,862,905,12.42,70.16,0,0.90,16.05.2024 22:07:18
0,159.00,848,904,12.42,70.16,0,0.69,16.05.2024 22:07:20
0,159.94,853,905,12.41,70.18,0,0.76,16.05.2024 22:07:22
0,161.81,863,905,12.44,70.17,0,0.91,16.05.2024 22:07:24
0,158.06,843,904,12.42,70.18,0,0.61,16.05.2024 22:07:26
0,157.31,839,904,12.42,70.16,0,0.56,16.05.2024 22:07:28
0,159.75,852,904,12.46,70.18,0,0.74,16.05.2024 22:07:30
0,159.19,849,903,12.42,70.17,0,0.70,16.05.2024 22:07:33
0,160.31,855,904,12.42,70.17,0,0.79,16.05.2024 22:07:35
0,161.06,859,904,12.42,70.18,0,0.85,16.05.2024 22:07:37
0,157.69,841,904,12.44,70.17,0,0.58,16.05.2024 22:07:39
0,164.44,877,904,12.42,70.19,0,1.13,16.05.2024 22:07:41
0,153.19,817,904,12.44,70.17,0,0.25,16.05.2024 22:07:43
0,160.13,854,904,12.45,70.18,0,0.77,16.05.2024 22:07:45
0,160.69,857,904,12.42,70.16,0,0.82,16.05.2024 22:07:47
0,158.25,844,905,12.42,70.14,0,0.63,16.05.2024 22:07:50
0,159.75,852,906,12.42,70.17,0,0.75,16.05.2024 22:07:52
0,164.25,876,905,12.42,70.18,0,1.11,16.05.2024 22:07:54
0,159.38,850,905,12.42,70.14,0,0.72,16.05.2024 22:07:56
0,159.94,853,906,12.42,70.17,0,0.76,16.05.2024 22:07:58
0,159.38,850,906,12.44,70.18,0,0.71,16.05.2024 22:08:00
0,159.75,852,905,12.42,70.14,0,0.75,16.05.2024 22:08:02
0,160.69,857,905,12.44,70.14,0,0.82,16.05.2024 22:08:04
0,159.94,853,905,12.45,70.16,0,0.75,16.05.2024 22:08:07
0,162.38,866,904,12.42,70.16,0,0.96,16.05.2024 22:08:09
0,160.50,856,905,12.44,70.15,0,0.80,16.05.2024 22:08:11
0,156.75,836,905,12.41,70.17,0,0.52,16.05.2024 22:08:13
0,160.50,856,905,12.44,70.17,0,0.80,16.05.2024 22:08:15
0,162.19,865,904,12.42,70.15,0,0.94,16.05.2024 22:08:17
0,157.31,839,904,12.44,70.15,0,0.55,16.05.2024 22:08:19
0,159.00,848,904,12.44,70.17,0,0.68,16.05.2024 22:08:21
0,161.81,863,904,12.42,70.16,0,0.91,16.05.2024 22:08:23
0,157.69,841,904,12.42,70.14,0,0.59,16.05.2024 22:08:26
0,159.00,848,904,12.41,70.15,0,0.69,16.05.2024 22:08:28
0,161.81,863,904,12.44,70.16,0,0.91,16.05.2024 22:08:30
0,162.56,867,904,12.42,70.15,0,0.97,16.05.2024 22:08:32
0,159.38,850,904,12.41,70.13,0,0.72,16.05.2024 22:08:34
0,160.31,855,904,12.44,70.13,0,0.79,16.05.2024 22:08:36
0,159.19,849,903,12.39,70.17,0,0.71,16.05.2024 22:08:38
0,158.63,846,903,12.42,70.13,0,0.66,16.05.2024 22:08:40
0,158.25,844,904,12.42,70.15,0,0.63,16.05.2024 22:08:43
0,157.88,842,903,12.44,70.14,0,0.60,16.05.2024 22:08:45
0,157.69,841,903,12.42,70.14,0,0.59,16.05.2024 22:08:47
0,160.88,858,904,12.42,70.13,0,0.84,16.05.2024 22:08:49
0,155.81,831,904,12.41,70.13,0,0.45,16.05.2024 22:08:51
0,158.44,845,903,12.45,70.17,0,0.64,16.05.2024 22:08:53
0,158.06,843,904,12.42,70.14,0,0.62,16.05.2024 22:08:55
0,161.63,862,903,12.38,70.13,0,0.91,16.05.2024 22:08:59
0,158.06,843,904,12.41,70.13,0,0.62,16.05.2024 22:09:02
0,157.13,838,904,12.41,70.10,0,0.55,16.05.2024 22:09:04
0,160.31,855,904,12.44,70.13,0,0.79,16.05.2024 22:09:06
0,160.50,856,904,12.39,70.12,0,0.81,16.05.2024 22:09:08
0,156.38,834,904,12.44,70.13,0,0.48,16.05.2024 22:09:10
0,155.81,831,905,12.42,70.12,0,0.45,16.05.2024 22:09:12
0,155.63,830,904,12.41,70.11,0,0.43,16.05.2024 22:09:14
0,156.38,834,904,12.39,70.13,0,0.49,16.05.2024 22:09:16
0,157.69,841,905,12.42,70.11,0,0.59,16.05.2024 22:09:18
0,156.75,836,905,12.39,70.12,0,0.52,16.05.2024 22:09:21
0,156.94,837,905,12.41,70.11,0,0.53,16.05.2024 22:09:23
0,160.13,854,905,12.41,70.10,0,0.78,16.05.2024 22:09:25
0,161.44,861,905,12.41,70.11,0,0.89,16.05.2024 22:09:27
0,159.00,848,904,12.39,70.10,0,0.70,16.05.2024 22:09:29
0,159.38,850,904,12.41,70.12,0,0.72,16.05.2024 22:09:31
0,158.63,846,905,12.41,70.12,0,0.66,16.05.2024 22:09:33
0,160.88,858,905,12.41,70.14,0,0.84,16.05.2024 22:09:35
0,159.38,850,905,12.42,70.12,0,0.72,16.05.2024 22:09:38
0,159.56,851,905,12.39,70.09,0,0.74,16.05.2024 22:09:40
0,159.75,852,904,12.39,70.11,0,0.75,16.05.2024 22:09:42
0,158.81,847,904,12.39,70.11,0,0.68,16.05.2024 22:09:44
0,159.56,851,903,12.41,70.12,0,0.74,16.05.2024 22:09:46
0,159.19,849,903,12.42,70.11,0,0.70,16.05.2024 22:09:48
0,159.00,848,903,12.41,70.09,0,0.69,16.05.2024 22:09:50
0,161.06,859,902,12.42,70.10,0,0.85,16.05.2024 22:09:52
0,156.75,836,902,12.39,70.10,0,0.52,16.05.2024 22:09:54
0,157.69,841,901,12.42,70.09,0,0.59,16.05.2024 22:09:57
0,159.38,850,902,12.39,70.09,0,0.73,16.05.2024 22:09:59
0,162.56,867,902,12.42,70.14,0,0.98,16.05.2024 22:10:01
0,160.69,857,902,12.41,70.09,0,0.83,16.05.2024 22:10:03
0,157.69,841,903,12.41,70.10,0,0.59,16.05.2024 22:10:05
0,158.06,843,903,12.39,70.11,0,0.62,16.05.2024 22:10:07
0,159.38,850,903,12.38,70.12,0,0.73,16.05.2024 22:10:09
0,161.06,859,902,12.41,70.10,0,0.86,16.05.2024 22:10:11
0,159.56,851,902,12.39,70.10,0,0.74,16.05.2024 22:10:14
0,156.19,833,903,12.39,70.10,0,0.48,16.05.2024 22:10:16
0,157.69,841,902,12.38,70.11,0,0.60,16.05.2024 22:10:18
0,161.06,859,902,12.39,70.09,0,0.86,16.05.2024 22:10:20
0,157.31,839,902,12.41,70.09,0,0.56,16.05.2024 22:10:22
0,162.00,864,902,12.41,70.11,0,0.93,16.05.2024 22:10:24
0,158.81,847,902,12.39,70.09,0,0.68,16.05.2024 22:10:26
0,159.00,848,901,12.41,70.10,0,0.69,16.05.2024 22:10:28
0,159.56,851,902,12.41,70.09,0,0.74,16.05.2024 22:10:31
0,157.69,841,901,12.38,70.10,0,0.60,16.05.2024 22:10:33
0,160.88,858,901,12.39,70.09,0,0.85,16.05.2024 22:10:35
0,158.81,847,901,12.41,70.09,0,0.68,16.05.2024 22:10:37
0,156.94,837,901,12.41,70.06,0,0.53,16.05.2024 22:10:39
0,160.31,855,901,12.41,70.10,0,0.80,16.05.2024 22:10:41
0,159.94,853,901,12.41,70.07,0,0.77,16.05.2024 22:10:43
0,161.44,861,901,12.41,70.10,0,0.89,16.05.2024 22:10:45
0,158.63,846,901,12.41,70.09,0,0.66,16.05.2024 22:10:47
0,159.94,853,901,12.39,70.06,0,0.77,16.05.2024 22:10:50
0,158.25,844,901,12.39,70.07,0,0.64,16.05.2024 22:10:52
0,158.81,847,901,12.39,70.10,0,0.68,16.05.2024 22:10:54
0,157.88,842,901,12.39,70.05,0,0.61,16.05.2024 22:10:56
0,157.50,840,901,12.38,70.08,0,0.58,16.05.2024 22:10:58
0,159.38,850,901,12.39,70.10,0,0.72,16.05.2024 22:11:00
0,159.38,850,900,12.39,70.06,0,0.73,16.05.2024 22:11:02
0,156.75,836,899,12.42,70.05,0,0.52,16.05.2024 22:11:04
0,161.44,861,899,12.39,70.06,0,0.89,16.05.2024 22:11:07
0,158.63,846,899,12.39,70.05,0,0.67,16.05.2024 22:11:09
0,159.56,851,899,12.41,70.06,0,0.74,16.05.2024 22:11:11
0,159.94,853,899,12.39,70.07,0,0.77,16.05.2024 22:11:13
0,158.25,844,898,12.42,70.06,0,0.63,16.05.2024 22:11:15
0,156.75,836,899,12.41,70.09,0,0.52,16.05.2024 22:11:17
0,157.13,838,899,12.39,70.06,0,0.55,16.05.2024 22:11:19
0,156.75,836,899,12.39,70.06,0,0.52,16.05.2024 22:11:23
0,156.00,832,898,12.41,70.04,0,0.46,16.05.2024 22:11:26
0,158.63,846,898,12.41,70.07,0,0.66,16.05.2024 22:11:28
0,158.44,845,898,12.41,70.07,0,0.65,16.05.2024 22:11:30
0,157.88,842,899,12.38,70.04,0,0.61,16.05.2024 22:11:32
0,156.75,836,899,12.38,70.03,0,0.53,16.05.2024 22:11:34
0,154.88,826,898,12.39,70.06,0,0.38,16.05.2024 22:11:36
0,157.31,839,898,12.39,70.06,0,0.57,16.05.2024 22:11:38
0,154.69,825,899,12.41,70.08,0,0.37,16.05.2024 22:11:40
0,159.56,851,899,12.41,70.06,0,0.74,16.05.2024 22:11:43
0,155.44,829,899,12.38,70.05,0,0.43,16.05.2024 22:11:45
0,157.88,842,898,12.39,70.07,0,0.61,16.05.2024 22:11:47
0,155.63,830,897,12.41,70.06,0,0.44,16.05.2024 22:11:49
0,154.88,826,897,12.39,70.06,0,0.38,16.05.2024 22:11:51
0,155.81,831,897,12.39,70.05,0,0.45,16.05.2024 22:11:53
0,156.38,834,897,12.39,70.06,0,0.49,16.05.2024 22:11:55
0,159.38,850,897,12.38,70.04,0,0.73,16.05.2024 22:11:57
0,158.44,845,898,12.38,70.02,0,0.66,16.05.2024 22:11:59
0,156.38,834,898,12.39,70.05,0,0.50,16.05.2024 22:12:02
0,160.13,854,898,12.39,70.06,0,0.79,16.05.2024 22:12:04
0,159.94,853,898,12.39,70.05,0,0.77,16.05.2024 22:12:06
0,159.19,849,898,12.38,70.03,0,0.72,16.05.2024 22:12:08
0,159.94,853,898,12.39,70.04,0,0.77,16.05.2024 22:12:10
0,155.44,829,898,12.39,70.07,0,0.42,16.05.2024 22:12:12
0,159.56,851,898,12.39,70.06,0,0.74,16.05.2024 22:12:14
0,161.44,861,897,12.41,70.06,0,0.89,16.05.2024 22:12:16
0,160.50,856,897,12.38,70.03,0,0.82,16.05.2024 22:12:19
0,162.75,868,897,12.38,70.06,0,1.00,16.05.2024 22:12:21
0,157.69,841,896,12.39,70.06,0,0.60,16.05.2024 22:12:23
0,161.06,859,896,12.36,70.06,0,0.87,16.05.2024 22:12:25
0,159.75,852,895,12.38,70.06,0,0.76,16.05.2024 22:12:27
0,161.44,861,895,12.38,70.04,0,0.90,16.05.2024 22:12:29
0,160.69,857,895,12.38,70.06,0,0.83,16.05.2024 22:12:31
0,159.56,851,895,12.38,70.04,0,0.74,16.05.2024 22:12:33
0,158.25,844,895,12.36,70.05,0,0.64,16.05.2024 22:12:35
0,158.81,847,895,12.39,70.06,0,0.68,16.05.2024 22:12:38
0,159.94,853,895,12.36,70.06,0,0.78,16.05.2024 22:12:40
0,159.94,853,895,12.39,70.04,0,0.77,16.05.2024 22:12:42
0,159.56,851,895,12.36,70.06,0,0.75,16.05.2024 22:12:44
0,159.94,853,895,12.36,70.03,0,0.78,16.05.2024 22:12:46
0,155.63,830,895,12.38,70.03,0,0.44,16.05.2024 22:12:48
0,164.25,876,895,12.38,70.04,0,1.13,16.05.2024 22:12:50
0,159.75,852,894,12.36,70.04,0,0.76,16.05.2024 22:12:52
0,160.31,855,894,12.39,70.06,0,0.80,16.05.2024 22:12:55
0,159.56,851,894,12.39,70.03,0,0.74,16.05.2024 22:12:57
0,156.00,832,893,12.36,70.00,0,0.47,16.05.2024 22:12:59
0,159.56,851,894,12.38,70.03,0,0.75,16.05.2024 22:13:01
0,160.50,856,894,12.36,70.04,0,0.82,16.05.2024 22:13:03
0,159.56,851,894,12.36,70.02,0,0.75,16.05.2024 22:13:05
0,164.25,876,894,12.36,70.03,0,1.14,16.05.2024 22:13:07
0,160.88,858,894,12.38,70.04,0,0.85,16.05.2024 22:13:09
0,158.81,847,894,12.38,70.04,0,0.69,16.05.2024 22:13:12
0,157.13,838,894,12.38,70.02,0,0.56,16.05.2024 22:13:14
0,158.81,847,894,12.38,70.02,0,0.69,16.05.2024 22:13:16
0,159.19,849,893,12.36,70.01,0,0.72,16.05.2024 22:13:18
0,155.44,829,894,12.39,70.01,0,0.43,16.05.2024 22:13:20
0,159.75,852,894,12.35,70.05,0,0.77,16.05.2024 22:13:22
0,162.38,866,894,12.36,70.03,0,0.98,16.05.2024 22:13:24
0,160.31,855,894,12.38,70.01,0,0.81,16.05.2024 22:13:26
0,157.13,838,894,12.36,70.03,0,0.56,16.05.2024 22:13:28
0,158.06,843,895,12.38,70.02,0,0.63,16.05.2024 22:13:31
0,157.88,842,895,12.39,70.00,0,0.61,16.05.2024 22:13:33
0,162.19,865,895,12.36,70.01,0,0.96,16.05.2024 22:13:35
0,159.94,853,894,12.38,70.01,0,0.78,16.05.2024 22:13:37
0,158.81,847,894,12.38,70.04,0,0.69,16.05.2024 22:13:39
0,158.44,845,894,12.36,70.02,0,0.66,16.05.2024 22:13:41
0,159.19,849,894,12.36,70.00,0,0.72,16.05.2024 22:13:43
0,155.81,831,894,12.39,70.04,0,0.45,16.05.2024 22:13:45
0,157.13,838,894,12.38,70.03,0,0.56,16.05.2024 22:13:50
0,156.38,834,893,12.39,70.03,0,0.50,16.05.2024 22:13:52
0,155.44,829,893,12.38,70.01,0,0.43,16.05.2024 22:13:54
0,161.06,859,893,12.38,70.02,0,0.87,16.05.2024 22:13:56
0,154.69,825,893,12.38,70.03,0,0.37,16.05.2024 22:13:58
0,161.44,861,893,12.36,70.01,0,0.90,16.05.2024 22:14:00
0,155.81,831,893,12.36,70.03,0,0.46,16.05.2024 22:14:02
0,152.25,812,893,12.36,70.00,0,0.20,16.05.2024 22:14:04
0,152.44,813,893,12.36,70.01,0,0.21,16.05.2024 22:14:07
0,157.69,841,893,12.38,70.02,0,0.60,16.05.2024 22:14:09
0,155.63,830,893,12.35,70.03,0,0.45,16.05.2024 22:14:11
0,154.31,823,894,12.38,70.04,0,0.34,16.05.2024 22:14:13
0,156.75,836,894,12.35,70.01,0,0.53,16.05.2024 22:14:15
0,156.75,836,893,12.35,70.01,0,0.53,16.05.2024 22:14:17
0,155.63,830,894,12.35,70.02,0,0.45,16.05.2024 22:14:19
0,156.94,837,893,12.36,70.00,0,0.55,16.05.2024 22:14:21
0,157.88,842,894,12.34,70.00,0,0.62,16.05.2024 22:14:23
0,161.63,862,894,12.38,70.06,0,0.91,16.05.2024 22:14:26
0,160.13,854,893,12.35,70.03,0,0.80,16.05.2024 22:14:28
0,158.25,844,893,12.36,70.00,0,0.65,16.05.2024 22:14:30
0,160.88,858,892,12.38,70.03,0,0.85,16.05.2024 22:14:32
0,159.00,848,892,12.35,70.02,0,0.71,16.05.2024 22:14:34
0,157.69,841,893,12.36,70.02,0,0.60,16.05.2024 22:14:36
0,156.38,834,893,12.35,70.00,0,0.51,16.05.2024 22:14:38
0,158.63,846,892,12.38,70.06,0,0.67,16.05.2024 22:14:40
0,154.31,823,892,12.36,70.04,0,0.35,16.05.2024 22:14:43
0,156.75,836,892,12.35,70.04,0,0.53,16.05.2024 22:14:45
0,160.88,858,891,12.36,70.04,0,0.85,16.05.2024 22:14:47
0,159.94,853,892,12.35,70.04,0,0.78,16.05.2024 22:14:49
0,157.50,840,891,12.35,70.01,0,0.59,16.05.2024 22:14:51
0,160.50,856,891,12.35,70.04,0,0.83,16.05.2024 22:14:53
0,158.25,844,892,12.36,70.02,0,0.65,16.05.2024 22:14:55
0,156.94,837,892,12.35,70.03,0,0.55,16.05.2024 22:14:57
0,159.75,852,891,12.36,70.02,0,0.76,16.05.2024 22:15:00
0,159.38,850,891,12.35,70.02,0,0.74,16.05.2024 22:15:02
0,159.19,849,892,12.36,70.00,0,0.72,16.05.2024 22:15:04
0,162.19,865,891,12.34,70.00,0,0.97,16.05.2024 22:15:06
0,157.88,842,891,12.35,70.03,0,0.62,16.05.2024 22:15:08
0,159.75,852,891,12.32,70.03,0,0.77,16.05.2024 22:15:10
0,160.50,856,891,12.34,70.01,0,0.83,16.05.2024 22:15:12
0,156.56,835,891,12.35,70.02,0,0.52,16.05.2024 22:15:14
0,157.50,840,891,12.38,70.03,0,0.58,16.05.2024 22:15:16
0,160.31,855,891,12.35,70.02,0,0.81,16.05.2024 22:15:19
0,158.25,844,892,12.34,70.00,0,0.65,16.05.2024 22:15:21
0,156.75,836,892,12.35,70.05,0,0.53,16.05.2024 22:15:23
0,155.81,831,891,12.34,70.01,0,0.47,16.05.2024 22:15:25
0,159.56,851,892,12.35,70.01,0,0.75,16.05.2024 22:15:27
0,155.81,831,891,12.34,70.01,0,0.47,16.05.2024 22:15:29
0,157.88,842,891,12.35,70.03,0,0.62,16.05.2024 22:15:31
0,158.63,846,891,12.35,70.01,0,0.68,16.05.2024 22:15:33
0,158.81,847,891,12.34,70.01,0,0.70,16.05.2024 22:15:36
0,157.13,838,891,12.36,70.02,0,0.56,16.05.2024 22:15:38
0,159.75,852,891,12.34,70.00,0,0.77,16.05.2024 22:15:40
0,158.44,845,891,12.34,70.02,0,0.67,16.05.2024 22:15:42
0,159.38,850,891,12.35,69.98,0,0.74,16.05.2024 22:15:44
0,159.94,853,891,12.35,70.01,0,0.78,16.05.2024 22:15:46
0,158.25,844,892,12.35,70.01,0,0.65,16.05.2024 22:15:48
0,159.38,850,891,12.35,69.99,0,0.74,16.05.2024 22:15:50
0,157.88,842,892,12.35,70.00,0,0.62,16.05.2024 22:15:53
0,156.75,836,891,12.35,70.01,0,0.53,16.05.2024 22:15:55
0,154.50,824,892,12.35,70.00,0,0.37,16.05.2024 22:15:57
0,155.81,831,892,12.36,69.98,0,0.46,16.05.2024 22:15:59
0,159.56,851,892,12.35,69.98,0,0.75,16.05.2024 22:16:01
0,156.00,832,892,12.34,69.97,0,0.48,16.05.2024 22:16:03
0,159.00,848,891,12.32,69.99,0,0.72,16.05.2024 22:16:05
0,159.19,849,891,12.34,70.02,0,0.73,16.05.2024 22:16:07
0,155.81,831,891,12.35,69.99,0,0.46,16.05.2024 22:16:09
0,157.13,838,890,12.35,70.02,0,0.56,16.05.2024 22:16:12
0,156.56,835,891,12.34,69.98,0,0.52,16.05.2024 22:16:14
0,156.19,833,891,12.34,70.01,0,0.49,16.05.2024 22:16:18
0,155.81,831,891,12.34,69.98,0,0.47,16.05.2024 22:16:20
0,155.44,829,891,12.35,69.99,0,0.44,16.05.2024 22:16:22
0,155.25,828,890,12.34,69.98,0,0.42,16.05.2024 22:16:24
0,157.50,840,890,12.34,69.98,0,0.59,16.05.2024 22:16:26
0,155.63,830,890,12.35,69.98,0,0.45,16.05.2024 22:16:28
0,155.81,831,890,12.35,70.02,0,0.46,16.05.2024 22:16:31
0,154.31,823,890,12.34,69.99,0,0.35,16.05.2024 22:16:33
0,153.38,818,890,12.35,69.98,0,0.28,16.05.2024 22:16:35
0,161.81,863,890,12.35,70.02,0,0.93,16.05.2024 22:16:37
0,155.25,828,890,12.32,70.00,0,0.43,16.05.2024 22:16:39
0,155.81,831,890,12.35,69.98,0,0.46,16.05.2024 22:16:41
0,158.06,843,890,12.32,69.99,0,0.64,16.05.2024 22:16:43
0,159.38,850,890,12.34,70.00,0,0.74,16.05.2024 22:16:45
0,158.25,844,890,12.31,69.97,0,0.66,16.05.2024 22:16:48
0,158.81,847,891,12.32,69.99,0,0.70,16.05.2024 22:16:50
0,157.50,840,891,12.34,69.98,0,0.59,16.05.2024 22:16:52
0,161.25,860,890,12.34,70.01,0,0.89,16.05.2024 22:16:54
0,161.81,863,890,12.34,69.96,0,0.94,16.05.2024 22:16:56
0,161.25,860,891,12.32,69.99,0,0.90,16.05.2024 22:16:58
0,157.31,839,890,12.35,69.98,0,0.58,16.05.2024 22:17:00
0,157.88,842,890,12.34,69.99,0,0.62,16.05.2024 22:17:02
0,159.19,849,889,12.35,69.98,0,0.72,16.05.2024 22:17:04
0,158.63,846,889,12.31,69.99,0,0.69,16.05.2024 22:17:07
0,158.63,846,889,12.35,69.98,0,0.68,16.05.2024 22:17:09
0,161.81,863,889,12.35,70.00,0,0.93,16.05.2024 22:17:11
0,158.81,847,889,12.32,70.01,0,0.70,16.05.2024 22:17:13
0,159.75,852,890,12.34,69.98,0,0.77,16.05.2024 22:17:15
0,158.25,844,891,12.32,70.00,0,0.66,16.05.2024 22:17:17
0,157.31,839,891,12.34,70.02,0,0.58,16.05.2024 22:17:19
0,162.94,869,891,12.31,69.99,0,1.04,16.05.2024 22:17:21
0,157.31,839,891,12.31,69.99,0,0.59,16.05.2024 22:17:24
0,158.63,846,891,12.31,69.97,0,0.69,16.05.2024 22:17:26
0,157.31,839,892,12.34,70.03,0,0.58,16.05.2024 22:17:28
0,157.50,840,893,12.31,69.99,0,0.60,16.05.2024 22:17:30
0,157.50,840,893,12.32,69.97,0,0.60,16.05.2024 22:17:32
0,159.00,848,893,12.32,70.00,0,0.71,16.05.2024 22:17:34
0,160.88,858,894,12.31,69.97,0,0.87,16.05.2024 22:17:36
0,159.56,851,893,12.34,70.01,0,0.76,16.05.2024 22:17:38
0,156.94,837,893,12.34,69.99,0,0.55,16.05.2024 22:17:41
0,156.94,837,893,12.32,69.98,0,0.55,16.05.2024 22:17:43
0,157.69,841,893,12.32,70.01,0,0.61,16.05.2024 22:17:45
0,161.06,859,892,12.32,70.00,0,0.88,16.05.2024 22:17:47
0,159.19,849,892,12.32,70.01,0,0.73,16.05.2024 22:17:49
0,158.81,847,892,12.34,70.02,0,0.70,16.05.2024 22:17:51
0,156.19,833,892,12.32,70.01,0,0.50,16.05.2024 22:17:53
0,156.94,837,893,12.32,70.03,0,0.55,16.05.2024 22:17:55
0,159.56,851,893,12.31,69.99,0,0.76,16.05.2024 22:17:57
0,159.75,852,893,12.31,69.98,0,0.78,16.05.2024 22:18:00
0,157.13,838,893,12.32,70.00,0,0.57,16.05.2024 22:18:02
0,160.88,858,894,12.32,70.00,0,0.86,16.05.2024 22:18:04
0,158.25,844,894,12.32,70.00,0,0.66,16.05.2024 22:18:06
0,156.00,832,893,12.34,70.02,0,0.48,16.05.2024 22:18:08
0,158.25,844,893,12.34,69.97,0,0.65,16.05.2024 22:18:10
0,156.38,834,893,12.34,70.01,0,0.51,16.05.2024 22:18:12
0,156.19,833,893,12.32,69.98,0,0.50,16.05.2024 22:18:14
0,159.56,851,893,12.32,70.01,0,0.76,16.05.2024 22:18:17
0,159.19,849,893,12.31,69.96,0,0.73,16.05.2024 22:18:19
0,158.44,845,893,12.32,69.96,0,0.67,16.05.2024 22:18:21
0,157.88,842,893,12.34,69.99,0,0.62,16.05.2024 22:18:23
0,163.69,873,893,12.31,69.97,0,1.10,16.05.2024 22:18:25
0,159.19,849,893,12.31,69.98,0,0.73,16.05.2024 22:18:27
0,156.56,835,893,12.35,69.98,0,0.52,16.05.2024 22:18:29
0,158.63,846,893,12.31,69.98,0,0.69,16.05.2024 22:18:31
0,157.50,840,893,12.29,69.99,0,0.60,16.05.2024 22:18:34
0,156.38,834,893,12.31,69.96,0,0.52,16.05.2024 22:18:38
0,155.81,831,893,12.32,69.96,0,0.47,16.05.2024 22:18:40
0,156.75,836,892,12.28,69.97,0,0.55,16.05.2024 22:18:42
0,152.63,814,892,12.34,69.98,0,0.23,16.05.2024 22:18:44
0,154.88,826,892,12.32,69.97,0,0.40,16.05.2024 22:18:46
0,153.56,819,891,12.29,69.94,0,0.31,16.05.2024 22:18:48
0,158.25,844,890,12.32,69.97,0,0.66,16.05.2024 22:18:50
0,156.75,836,891,12.31,69.99,0,0.54,16.05.2024 22:18:52
0,156.00,832,891,12.29,69.97,0,0.49,16.05.2024 22:18:55
0,154.88,826,890,12.28,69.95,0,0.41,16.05.2024 22:18:57
0,155.63,830,890,12.31,69.98,0,0.46,16.05.2024 22:18:59
0,149.81,799,890,12.31,69.97,0,0.04,16.05.2024 22:19:01
0,155.63,830,890,12.32,69.92,0,0.46,16.05.2024 22:19:03
0,155.25,828,889,12.29,69.98,0,0.43,16.05.2024 22:19:05
0,159.56,851,889,12.31,69.98,0,0.76,16.05.2024 22:19:07
0,158.63,846,889,12.29,69.94,0,0.69,16.05.2024 22:19:09
0,157.50,840,888,12.29,69.97,0,0.60,16.05.2024 22:19:12
0,159.00,848,889,12.29,69.94,0,0.72,16.05.2024 22:19:14
0,160.50,856,888,12.31,69.98,0,0.84,16.05.2024 22:19:16
0,161.44,861,888,12.28,69.96,0,0.92,16.05.2024 22:19:18
0,157.50,840,888,12.31,69.97,0,0.60,16.05.2024 22:19:20
0,157.50,840,888,12.31,69.96,0,0.60,16.05.2024 22:19:22
0,158.63,846,888,12.29,69.95,0,0.69,16.05.2024 22:19:24
0,157.50,840,888,12.31,69.97,0,0.60,16.05.2024 22:19:26
0,159.75,852,888,12.31,69.98,0,0.78,16.05.2024 22:19:29
0,159.94,853,888,12.29,69.96,0,0.80,16.05.2024 22:19:31
0,159.19,849,888,12.28,70.01,0,0.74,16.05.2024 22:19:33
0,157.88,842,887,12.32,70.01,0,0.63,16.05.2024 22:19:35
0,156.94,837,887,12.31,69.95,0,0.56,16.05.2024 22:19:37
0,157.88,842,887,12.29,69.95,0,0.63,16.05.2024 22:19:39
0,160.88,858,887,12.31,69.98,0,0.87,16.05.2024 22:19:41
0,160.13,854,888,12.31,69.98,0,0.81,16.05.2024 22:19:43
0,162.56,867,887,12.29,69.99,0,1.01,16.05.2024 22:19:46
0,158.63,846,887,12.28,69.98,0,0.69,16.05.2024 22:19:48
0,158.44,845,887,12.29,69.97,0,0.68,16.05.2024 22:19:50
0,157.69,841,888,12.29,69.99,0,0.62,16.05.2024 22:19:52
0,156.75,836,888,12.28,69.96,0,0.55,16.05.2024 22:19:54
0,157.13,838,887,12.29,69.97,0,0.57,16.05.2024 22:19:56
0,160.31,855,888,12.29,69.98,0,0.83,16.05.2024 22:19:58
0,159.38,850,888,12.29,69.96,0,0.75,16.05.2024 22:20:00
0,155.63,830,888,12.29,69.98,0,0.46,16.05.2024 22:20:02
0,161.06,859,887,12.31,69.96,0,0.89,16.05.2024 22:20:05
0,157.13,838,888,12.29,69.93,0,0.58,16.05.2024 22:20:07
0,161.63,862,887,12.32,69.97,0,0.93,16.05.2024 22:20:09
0,160.69,857,887,12.29,70.00,0,0.86,16.05.2024 22:20:11
0,156.19,833,887,12.32,69.95,0,0.50,16.05.2024 22:20:13
0,154.31,823,887,12.31,69.97,0,0.36,16.05.2024 22:20:15
0,161.25,860,887,12.29,69.98,0,0.90,16.05.2024 22:20:17
0,160.13,854,886,12.29,69.94,0,0.81,16.05.2024 22:20:19
0,159.38,850,886,12.28,69.97,0,0.75,16.05.2024 22:20:22
0,157.69,841,887,12.28,69.94,0,0.62,16.05.2024 22:20:24
0,158.44,845,887,12.28,69.97,0,0.68,16.05.2024 22:20:26
0,159.75,852,887,12.28,69.94,0,0.78,16.05.2024 22:20:28
0,159.94,853,887,12.29,69.96,0,0.80,16.05.2024 22:20:30
0,156.56,835,887,12.28,69.95,0,0.54,16.05.2024 22:20:32
0,160.50,856,887,12.29,69.96,0,0.84,16.05.2024 22:20:34
0,158.06,843,888,12.28,69.98,0,0.65,16.05.2024 22:20:36
0,157.13,838,887,12.28,69.94,0,0.58,16.05.2024 22:20:39
0,157.13,838,887,12.28,69.96,0,0.58,16.05.2024 22:20:41
0,156.94,837,887,12.31,69.96,0,0.56,16.05.2024 22:20:43
0,160.13,854,887,12.28,69.92,0,0.82,16.05.2024 22:20:45
0,160.50,856,887,12.29,69.95,0,0.84,16.05.2024 22:20:47
0,155.81,831,886,12.29,69.97,0,0.47,16.05.2024 22:20:49
0,158.44,845,887,12.29,69.96,0,0.68,16.05.2024 22:20:51
0,156.00,832,887,12.28,69.99,0,0.49,16.05.2024 22:20:53
0,158.81,847,888,12.28,69.93,0,0.71,16.05.2024 22:20:58
0,156.38,834,888,12.29,69.94,0,0.52,16.05.2024 22:21:00
0,158.44,845,888,12.28,69.94,0,0.68,16.05.2024 22:21:02
0,156.56,835,888,12.27,69.94,0,0.54,16.05.2024 22:21:04
0,153.75,820,889,12.28,69.92,0,0.33,16.05.2024 22:21:06
0,154.69,825,889,12.28,69.97,0,0.39,16.05.2024 22:21:08
0,150.56,803,889,12.28,69.97,0,0.10,16.05.2024 22:21:10
0,153.75,820,889,12.29,69.95,0,0.32,16.05.2024 22:21:12
0,158.06,843,889,12.31,69.94,0,0.65,16.05.2024 22:21:14
0,152.81,815,890,12.27,69.98,0,0.26,16.05.2024 22:21:17
0,156.00,832,890,12.27,69.94,0,0.50,16.05.2024 22:21:19
0,156.75,836,890,12.28,69.95,0,0.55,16.05.2024 22:21:21
0,151.50,808,891,12.25,69.94,0,0.17,16.05.2024 22:21:23
0,162.94,869,890,12.28,69.96,0,1.05,16.05.2024 22:21:25
0,159.19,849,890,12.27,69.95,0,0.74,16.05.2024 22:21:27
0,161.63,862,890,12.28,69.94,0,0.94,16.05.2024 22:21:29
0,159.19,849,890,12.28,69.96,0,0.74,16.05.2024 22:21:31
0,161.25,860,891,12.28,69.96,0,0.91,16.05.2024 22:21:34
0,158.81,847,891,12.28,69.95,0,0.71,16.05.2024 22:21:36
0,158.25,844,891,12.28,69.95,0,0.67,16.05.2024 22:21:38
0,159.56,851,891,12.29,69.98,0,0.77,16.05.2024 22:21:40
0,157.88,842,891,12.28,69.94,0,0.64,16.05.2024 22:21:42
0,160.13,854,892,12.29,69.98,0,0.81,16.05.2024 22:21:44
0,156.75,836,892,12.27,69.93,0,0.55,16.05.2024 22:21:46
0,160.50,856,892,12.28,69.96,0,0.84,16.05.2024 22:21:48
0,160.50,856,892,12.27,69.93,0,0.85,16.05.2024 22:21:51
0,157.50,840,891,12.28,69.96,0,0.61,16.05.2024 22:21:53
0,157.88,842,891,12.28,69.94,0,0.64,16.05.2024 22:21:55
0,157.88,842,892,12.25,69.94,0,0.64,16.05.2024 22:21:57
0,158.06,843,891,12.31,69.95,0,0.65,16.05.2024 22:21:59
0,161.63,862,891,12.27,69.94,0,0.94,16.05.2024 22:22:01
0,159.38,850,891,12.27,69.94,0,0.76,16.05.2024 22:22:03
0,159.56,851,891,12.28,69.94,0,0.77,16.05.2024 22:22:05
0,155.44,829,891,12.25,69.97,0,0.46,16.05.2024 22:22:08
0,162.00,864,891,12.27,69.94,0,0.97,16.05.2024 22:22:10
0,155.25,828,890,12.24,69.95,0,0.44,16.05.2024 22:22:12
0,155.81,831,890,12.27,69.93,0,0.48,16.05.2024 22:22:14
0,160.69,857,890,12.27,69.95,0,0.86,16.05.2024 22:22:16
0,157.50,840,890,12.27,69.95,0,0.61,16.05.2024 22:22:18
0,155.81,831,890,12.28,69.96,0,0.48,16.05.2024 22:22:20
0,160.69,857,889,12.27,69.97,0,0.86,16.05.2024 22:22:22
0,159.94,853,890,12.28,69.97,0,0.80,16.05.2024 22:22:25
0,156.38,834,889,12.25,69.96,0,0.53,16.05.2024 22:22:27
0,156.56,835,889,12.28,69.96,0,0.53,16.05.2024 22:22:29
0,158.63,846,889,12.28,69.93,0,0.70,16.05.2024 22:22:31
0,157.69,841,889,12.27,69.97,0,0.62,16.05.2024 22:22:33
0,158.44,845,890,12.29,69.95,0,0.68,16.05.2024 22:22:35
0,156.38,834,890,12.25,69.94,0,0.53,16.05.2024 22:22:37
0,159.75,852,890,12.25,69.93,0,0.79,16.05.2024 22:22:39
0,159.75,852,889,12.28,69.96,0,0.78,16.05.2024 22:22:41
0,155.44,829,889,12.25,69.94,0,0.46,16.05.2024 22:22:44
0,159.00,848,889,12.27,69.96,0,0.73,16.05.2024 22:22:46
0,158.06,843,889,12.28,69.97,0,0.65,16.05.2024 22:22:48
0,158.63,846,888,12.24,69.98,0,0.70,16.05.2024 22:22:50
0,157.69,841,888,12.24,69.94,0,0.63,16.05.2024 22:22:52
0,157.50,840,888,12.27,69.94,0,0.61,16.05.2024 22:22:54
0,157.31,839,889,12.27,69.97,0,0.60,16.05.2024 22:22:56
0,157.50,840,889,12.25,69.96,0,0.61,16.05.2024 22:22:58
0,159.19,849,889,12.25,69.94,0,0.75,16.05.2024 22:23:01
0,156.19,833,889,12.27,69.93,0,0.51,16.05.2024 22:23:03
0,159.75,852,889,12.24,69.94,0,0.79,16.05.2024 22:23:05
0,152.06,811,890,12.25,69.94,0,0.21,16.05.2024 22:23:07
0,159.56,851,889,12.25,69.93,0,0.78,16.05.2024 22:23:09
0,158.81,847,888,12.25,69.94,0,0.72,16.05.2024 22:23:11
0,160.13,854,889,12.27,69.94,0,0.82,16.05.2024 22:23:13
0,156.56,835,889,12.25,69.91,0,0.54,16.05.2024 22:23:15
0,157.50,840,889,12.24,69.92,0,0.62,16.05.2024 22:23:18
0,159.75,852,889,12.25,69.96,0,0.79,16.05.2024 22:23:20
0,158.44,845,889,12.25,69.96,0,0.69,16.05.2024 22:23:24
0,156.75,836,889,12.27,69.94,0,0.55,16.05.2024 22:23:26
0,156.00,832,889,12.27,69.96,0,0.50,16.05.2024 22:23:28
0,153.38,818,888,12.25,69.96,0,0.30,16.05.2024 22:23:30
0,155.63,830,889,12.24,69.92,0,0.47,16.05.2024 22:23:32
0,155.44,829,889,12.25,69.96,0,0.46,16.05.2024 22:23:34
0,155.44,829,889,12.25,69.96,0,0.46,16.05.2024 22:23:37
0,153.75,820,890,12.25,69.94,0,0.33,16.05.2024 22:23:39
0,153.00,816,889,12.27,69.94,0,0.27,16.05.2024 22:23:41
0,159.00,848,889,12.24,69.94,0,0.73,16.05.2024 22:23:43
0,155.44,829,889,12.27,69.97,0,0.45,16.05.2024 22:23:45
0,153.56,819,889,12.25,69.92,0,0.32,16.05.2024 22:23:47
0,153.56,819,889,12.25,69.94,0,0.32,16.05.2024 22:23:49
0,158.06,843,889,12.28,69.95,0,0.65,16.05.2024 22:23:51
0,157.50,840,889,12.25,69.96,0,0.61,16.05.2024 22:23:54
0,153.56,819,889,12.24,69.98,0,0.32,16.05.2024 22:23:56
0,159.56,851,889,12.24,69.95,0,0.78,16.05.2024 22:23:58
0,156.19,833,888,12.22,69.94,0,0.52,16.05.2024 22:24:00
0,159.38,850,888,12.25,69.96,0,0.76,16.05.2024 22:24:02
0,161.81,863,888,12.24,69.96,0,0.96,16.05.2024 22:24:04
0,159.00,848,888,12.25,69.96,0,0.73,16.05.2024 22:24:06
0,157.69,841,888,12.25,69.96,0,0.63,16.05.2024 22:24:08
0,155.81,831,889,12.25,69.94,0,0.48,16.05.2024 22:24:10
0,157.31,839,889,12.25,69.93,0,0.60,16.05.2024 22:24:13
0,159.19,849,889,12.25,69.97,0,0.75,16.05.2024 22:24:15
0,160.50,856,889,12.25,69.96,0,0.85,16.05.2024 22:24:17
0,159.19,849,889,12.24,69.95,0,0.75,16.05.2024 22:24:19
0,156.38,834,889,12.22,69.94,0,0.53,16.05.2024 22:24:21
0,156.56,835,889,12.24,69.95,0,0.54,16.05.2024 22:24:23
0,157.31,839,890,12.24,69.96,0,0.60,16.05.2024 22:24:25
0,162.94,869,890,12.25,69.94,0,1.05,16.05.2024 22:24:27
0,156.00,832,890,12.25,69.96,0,0.50,16.05.2024 22:24:30
0,160.69,857,890,12.25,69.96,0,0.87,16.05.2024 22:24:32
0,159.38,850,890,12.22,69.95,0,0.77,16.05.2024 22:24:34
0,157.31,839,890,12.25,69.97,0,0.60,16.05.2024 22:24:36
0,160.88,858,891,12.24,69.92,0,0.89,16.05.2024 22:24:38
0,158.81,847,891,12.24,69.99,0,0.72,16.05.2024 22:24:40
0,158.63,846,891,12.27,69.98,0,0.70,16.05.2024 22:24:42
0,161.44,861,891,12.24,69.95,0,0.93,16.05.2024 22:24:44
0,158.44,845,891,12.22,69.95,0,0.69,16.05.2024 22:24:47
0,156.56,835,891,12.22,69.98,0,0.55,16.05.2024 22:24:49
0,158.25,844,891,12.24,69.95,0,0.67,16.05.2024 22:24:51
0,158.06,843,891,12.24,69.95,0,0.66,16.05.2024 22:24:53
0,157.88,842,890,12.24,69.96,0,0.64,16.05.2024 22:24:55
0,160.69,857,890,12.24,69.97,0,0.87,16.05.2024 22:24:57
0,161.25,860,890,12.22,69.95,0,0.92,16.05.2024 22:24:59
0,160.31,855,890,12.21,69.93,0,0.85,16.05.2024 22:25:01
0,158.06,843,890,12.22,69.93,0,0.66,16.05.2024 22:25:04
0,158.81,847,890,12.24,69.96,0,0.72,16.05.2024 22:25:06
0,157.69,841,890,12.25,69.94,0,0.63,16.05.2024 22:25:08
0,157.88,842,890,12.25,69.97,0,0.64,16.05.2024 22:25:10
0,156.00,832,890,12.24,69.94,0,0.50,16.05.2024 22:25:12
0,160.50,856,889,12.24,69.95,0,0.85,16.05.2024 22:25:14
0,157.69,841,889,12.24,69.94,0,0.63,16.05.2024 22:25:16
0,156.75,836,890,12.21,69.96,0,0.56,16.05.2024 22:25:18
0,158.81,847,889,12.22,69.94,0,0.72,16.05.2024 22:25:21
0,156.75,836,889,12.22,69.93,0,0.56,16.05.2024 22:25:23
0,158.25,844,890,12.24,69.94,0,0.68,16.05.2024 22:25:25
0,159.00,848,889,12.22,69.93,0,0.74,16.05.2024 22:25:27
0,156.56,835,890,12.24,69.94,0,0.54,16.05.2024 22:25:29
0,158.06,843,890,12.24,69.94,0,0.66,16.05.2024 22:25:31
0,157.50,840,891,12.22,69.95,0,0.62,16.05.2024 22:25:33
0,156.56,835,891,12.24,69.96,0,0.54,16.05.2024 22:25:35
0,153.38,818,892,12.22,69.91,0,0.31,16.05.2024 22:25:38
0,151.50,808,893,12.25,69.91,0,0.17,16.05.2024 22:25:40
0,155.81,831,893,12.22,69.95,0,0.49,16.05.2024 22:25:42
0,156.56,835,893,12.21,69.96,0,0.55,16.05.2024 22:25:44
0,157.88,842,893,12.24,69.94,0,0.65,16.05.2024 22:25:48
0,154.88,826,893,12.24,69.95,0,0.42,16.05.2024 22:25:50
0,158.81,847,893,12.25,69.94,0,0.72,16.05.2024 22:25:52
0,159.75,852,894,12.24,69.95,0,0.79,16.05.2024 22:25:54
0,152.44,813,893,12.22,69.93,0,0.24,16.05.2024 22:25:56
0,155.44,829,893,12.21,69.96,0,0.46,16.05.2024 22:25:59
0,155.44,829,893,12.22,69.93,0,0.46,16.05.2024 22:26:01
0,157.88,842,893,12.22,69.95,0,0.65,16.05.2024 22:26:03
0,157.50,840,892,12.21,69.93,0,0.62,16.05.2024 22:26:05
0,156.38,834,892,12.21,69.93,0,0.54,16.05.2024 22:26:07
0,158.63,846,892,12.22,69.93,0,0.71,16.05.2024 22:26:09
0,152.81,815,891,12.21,69.95,0,0.27,16.05.2024 22:26:11
0,156.75,836,891,12.21,69.94,0,0.56,16.05.2024 22:26:13
0,157.13,838,892,12.22,69.94,0,0.59,16.05.2024 22:26:16
0,158.06,843,891,12.24,69.94,0,0.66,16.05.2024 22:26:18
0,160.31,855,891,12.21,69.96,0,0.84,16.05.2024 22:26:20
0,156.75,836,891,12.21,69.91,0,0.57,16.05.2024 22:26:22
0,157.69,841,891,12.21,69.95,0,0.64,16.05.2024 22:26:24
0,156.94,837,891,12.24,69.98,0,0.57,16.05.2024 22:26:26
0,158.63,846,892,12.22,69.95,0,0.71,16.05.2024 22:26:28
0,159.00,848,892,12.22,69.95,0,0.74,16.05.2024 22:26:30
0,157.50,840,892,12.24,69.98,0,0.61,16.05.2024 22:26:33
0,158.63,846,892,12.22,69.95,0,0.71,16.05.2024 22:26:35
0,155.81,831,892,12.21,69.95,0,0.49,16.05.2024 22:26:37
0,158.63,846,892,12.22,69.97,0,0.71,16.05.2024 22:26:39
0,156.00,832,892,12.21,69.96,0,0.51,16.05.2024 22:26:41
0,158.06,843,891,12.22,69.97,0,0.66,16.05.2024 22:26:43
0,156.00,832,892,12.21,69.93,0,0.51,16.05.2024 22:26:45
0,158.25,844,891,12.22,69.99,0,0.68,16.05.2024 22:26:47
0,159.00,848,892,12.20,69.94,0,0.74,16.05.2024 22:26:50
0,156.75,836,891,12.20,69.94,0,0.57,16.05.2024 22:26:52
0,154.88,826,891,12.20,69.97,0,0.42,16.05.2024 22:26:54
0,156.19,833,891,12.21,69.95,0,0.52,16.05.2024 22:26:56
0,159.94,853,891,12.20,69.97,0,0.82,16.05.2024 22:26:58
0,156.00,832,891,12.21,69.96,0,0.51,16.05.2024 22:27:00
0,159.00,848,891,12.20,69.97,0,0.74,16.05.2024 22:27:02
0,158.25,844,891,12.22,69.95,0,0.68,16.05.2024 22:27:04
0,158.06,843,890,12.21,69.95,0,0.67,16.05.2024 22:27:07
0,157.88,842,891,12.22,69.94,0,0.65,16.05.2024 22:27:09
0,155.63,830,891,12.20,69.97,0,0.48,16.05.2024 22:27:11
0,157.88,842,891,12.20,69.93,0,0.65,16.05.2024 22:27:13
0,159.56,851,891,12.20,69.94,0,0.79,16.05.2024 22:27:15
0,156.94,837,890,12.21,69.96,0,0.58,16.05.2024 22:27:17
0,155.63,830,890,12.21,69.95,0,0.48,16.05.2024 22:27:19
0,155.25,828,889,12.20,69.97,0,0.45,16.05.2024 22:27:21
0,157.88,842,889,12.21,69.93,0,0.65,16.05.2024 22:27:23
0,157.69,841,889,12.20,69.94,0,0.64,16.05.2024 22:27:26
0,159.19,849,888,12.21,69.95,0,0.75,16.05.2024 22:27:28
0,157.69,841,888,12.20,69.97,0,0.64,16.05.2024 22:27:30
0,156.94,837,888,12.20,69.97,0,0.58,16.05.2024 22:27:32
0,163.31,871,888,12.22,69.95,0,1.09,16.05.2024 22:27:34
0,156.75,836,890,12.21,69.96,0,0.56,16.05.2024 22:27:36
0,158.44,845,889,12.22,69.98,0,0.69,16.05.2024 22:27:38
0,157.88,842,889,12.18,69.93,0,0.66,16.05.2024 22:27:40
0,158.63,846,889,12.22,69.96,0,0.71,16.05.2024 22:27:43
0,156.94,837,889,12.20,69.94,0,0.58,16.05.2024 22:27:45
0,156.56,835,889,12.18,69.96,0,0.55,16.05.2024 22:27:47
0,158.25,844,889,12.20,69.97,0,0.68,16.05.2024 22:27:49
0,159.19,849,889,12.18,69.95,0,0.76,16.05.2024 22:27:51
0,154.50,824,889,12.21,69.93,0,0.39,16.05.2024 22:27:53
0,158.81,847,889,12.21,69.98,0,0.72,16.05.2024 22:27:55
0,157.88,842,889,12.21,69.97,0,0.65,16.05.2024 22:27:57
0,152.25,812,889,12.20,69.97,0,0.23,16.05.2024 22:28:00
0,159.75,852,889,12.20,69.93,0,0.80,16.05.2024 22:28:02
0,157.69,841,889,12.20,69.94,0,0.64,16.05.2024 22:28:04
0,153.38,818,888,12.20,69.94,0,0.31,16.05.2024 22:28:06
0,156.56,835,889,12.20,69.97,0,0.55,16.05.2024 22:28:08
0,153.56,819,889,12.17,69.94,0,0.33,16.05.2024 22:28:10
0,158.81,847,890,12.20,69.94,0,0.73,16.05.2024 22:28:14
0,157.13,838,889,12.21,69.93,0,0.59,16.05.2024 22:28:16
0,157.88,842,889,12.21,69.94,0,0.65,16.05.2024 22:28:19
0,157.50,840,889,12.22,69.97,0,0.62,16.05.2024 22:28:21
0,155.81,831,889,12.20,69.95,0,0.49,16.05.2024 22:28:23
0,152.06,811,889,12.18,69.96,0,0.22,16.05.2024 22:28:25
0,153.94,821,889,12.20,69.97,0,0.35,16.05.2024 22:28:27
0,154.88,826,889,12.18,69.95,0,0.43,16.05.2024 22:28:29
0,151.13,806,889,12.20,69.97,0,0.15,16.05.2024 22:28:31
0,154.13,822,889,12.22,69.97,0,0.36,16.05.2024 22:28:33
0,153.56,819,889,12.17,69.95,0,0.33,16.05.2024 22:28:36
0,153.56,819,888,12.20,69.91,0,0.33,16.05.2024 22:28:38
0,154.13,822,888,12.18,69.96,0,0.37,16.05.2024 22:28:40
0,152.25,812,888,12.20,69.97,0,0.23,16.05.2024 22:28:42
0,158.25,844,889,12.18,69.97,0,0.68,16.05.2024 22:28:44
0,155.63,830,889,12.21,69.97,0,0.48,16.05.2024 22:28:46
0,157.88,842,889,12.20,69.97,0,0.65,16.05.2024 22:28:48
0,159.38,850,888,12.20,69.97,0,0.77,16.05.2024 22:28:50
0,159.00,848,888,12.20,69.94,0,0.74,16.05.2024 22:28:52
0,156.75,836,887,12.20,69.94,0,0.57,16.05.2024 22:28:55
0,158.25,844,888,12.17,69.94,0,0.69,16.05.2024 22:28:57
0,155.81,831,888,12.20,69.95,0,0.49,16.05.2024 22:28:59
0,156.38,834,888,12.21,69.98,0,0.53,16.05.2024 22:29:01
0,155.81,831,887,12.18,69.94,0,0.50,16.05.2024 22:29:03
0,159.00,848,888,12.18,69.94,0,0.75,16.05.2024 22:29:05
0,156.38,834,887,12.20,69.97,0,0.54,16.05.2024 22:29:07
0,157.31,839,887,12.18,69.95,0,0.61,16.05.2024 22:29:09
0,157.31,839,887,12.21,69.95,0,0.61,16.05.2024 22:29:12
0,157.31,839,887,12.18,69.98,0,0.61,16.05.2024 22:29:14
0,156.56,835,887,12.17,69.95,0,0.56,16.05.2024 22:29:16
0,160.31,855,887,12.18,69.95,0,0.85,16.05.2024 22:29:18
0,157.50,840,888,12.18,69.98,0,0.63,16.05.2024 22:29:20
0,160.69,857,888,12.18,69.97,0,0.88,16.05.2024 22:29:22
0,157.13,838,888,12.17,69.99,0,0.60,16.05.2024 22:29:24
0,156.00,832,888,12.18,69.97,0,0.51,16.05.2024 22:29:26
0,156.75,836,888,12.20,69.94,0,0.57,16.05.2024 22:29:29
0,159.38,850,888,12.20,69.94,0,0.77,16.05.2024 22:29:31
0,162.00,864,888,12.17,69.95,0,0.99,16.05.2024 22:29:33
0,162.56,867,889,12.15,69.94,0,1.04,16.05.2024 22:29:35
0,158.44,845,889,12.20,69.94,0,0.70,16.05.2024 22:29:37
0,159.56,851,889,12.20,70.00,0,0.78,16.05.2024 22:29:39
0,159.38,850,889,12.18,69.94,0,0.78,16.05.2024 22:29:41
0,159.00,848,889,12.17,69.94,0,0.75,16.05.2024 22:29:43
0,156.56,835,889,12.17,69.95,0,0.56,16.05.2024 22:29:46
0,157.88,842,889,12.17,69.95,0,0.66,16.05.2024 22:29:48
0,158.25,844,888,12.17,69.95,0,0.69,16.05.2024 22:29:50
0,158.06,843,888,12.18,69.94,0,0.67,16.05.2024 22:29:52
0,162.00,864,888,12.17,69.96,0,0.99,16.05.2024 22:29:54
0,158.81,847,888,12.17,69.97,0,0.73,16.05.2024 22:29:56
0,157.88,842,887,12.17,69.92,0,0.66,16.05.2024 22:29:58
0,155.63,830,887,12.17,69.98,0,0.48,16.05.2024 22:30:00
0,157.69,841,888,12.18,69.94,0,0.64,16.05.2024 22:30:03
0,156.38,834,888,12.18,69.96,0,0.54,16.05.2024 22:30:05
0,155.25,828,888,12.18,69.96,0,0.45,16.05.2024 22:30:07
0,157.31,839,889,12.15,69.97,0,0.62,16.05.2024 22:30:09
0,157.31,839,888,12.17,69.98,0,0.61,16.05.2024 22:30:11
0,158.25,844,888,12.17,69.99,0,0.69,16.05.2024 22:30:13
0,156.75,836,888,12.20,69.95,0,0.57,16.05.2024 22:30:15
0,155.06,827,887,12.17,69.98,0,0.44,16.05.2024 22:30:17
0,159.94,853,888,12.17,69.93,0,0.82,16.05.2024 22:30:20
0,159.94,853,888,12.17,69.96,0,0.82,16.05.2024 22:30:22
0,157.88,842,888,12.18,69.95,0,0.66,16.05.2024 22:30:24
0,158.63,846,888,12.17,69.97,0,0.72,16.05.2024 22:30:26
0,154.69,825,888,12.18,69.94,0,0.41,16.05.2024 22:30:28
0,155.25,828,889,12.18,69.94,0,0.46,16.05.2024 22:30:30
0,154.31,823,889,12.15,69.96,0,0.39,16.05.2024 22:30:32
0,156.94,837,889,12.17,69.95,0,0.59,16.05.2024 22:30:34
0,158.81,847,889,12.17,69.93,0,0.73,16.05.2024 22:30:38
0,158.63,846,888,12.17,69.96,0,0.72,16.05.2024 22:30:41
0,153.75,820,888,12.15,69.94,0,0.35,16.05.2024 22:30:43
0,155.25,828,889,12.15,69.96,0,0.46,16.05.2024 22:30:45
0,149.25,796,889,12.18,69.95,0,0.03,16.05.2024 22:30:47
0,154.69,825,889,12.17,69.95,0,0.42,16.05.2024 22:30:49
0,157.50,840,890,12.15,69.94,0,0.63,16.05.2024 22:30:51
0,154.88,826,890,12.17,69.97,0,0.43,16.05.2024 22:30:53
0,155.25,828,890,12.17,69.95,0,0.46,16.05.2024 22:30:55
0,155.81,831,890,12.17,69.93,0,0.50,16.05.2024 22:30:58
0,158.25,844,890,12.15,69.96,0,0.69,16.05.2024 22:31:00
0,154.69,825,891,12.15,69.95,0,0.42,16.05.2024 22:31:02
0,154.13,822,890,12.17,69.98,0,0.37,16.05.2024 22:31:04
0,155.25,828,890,12.17,69.94,0,0.46,16.05.2024 22:31:06
0,155.44,829,891,12.17,69.96,0,0.47,16.05.2024 22:31:08
0,157.69,841,891,12.15,69.97,0,0.65,16.05.2024 22:31:10
0,159.19,849,890,12.15,69.95,0,0.77,16.05.2024 22:31:12
0,160.50,856,891,12.17,69.95,0,0.87,16.05.2024 22:31:15
0,158.63,846,891,12.17,69.95,0,0.72,16.05.2024 22:31:17
0,156.56,835,891,12.15,69.98,0,0.56,16.05.2024 22:31:19
0,160.69,857,891,12.17,69.98,0,0.88,16.05.2024 22:31:21
0,158.63,846,892,12.17,69.97,0,0.72,16.05.2024 22:31:23
0,157.31,839,891,12.17,69.98,0,0.61,16.05.2024 22:31:25
0,158.81,847,891,12.13,69.97,0,0.74,16.05.2024 22:31:27
0,156.94,837,891,12.14,69.95,0,0.59,16.05.2024 22:31:29
0,153.19,817,891,12.15,69.96,0,0.31,16.05.2024 22:31:32
0,159.19,849,891,12.15,69.98,0,0.76,16.05.2024 22:31:34
0,159.38,850,891,12.15,69.96,0,0.78,16.05.2024 22:31:36
0,154.88,826,892,12.15,69.95,0,0.43,16.05.2024 22:31:38
0,157.69,841,891,12.15,69.98,0,0.65,16.05.2024 22:31:40
0,157.88,842,892,12.15,69.96,0,0.66,16.05.2024 22:31:42
0,156.00,832,892,12.17,69.96,0,0.51,16.05.2024 22:31:44
0,158.44,845,891,12.15,69.96,0,0.71,16.05.2024 22:31:46
0,158.06,843,891,12.14,69.97,0,0.68,16.05.2024 22:31:49
0,156.56,835,892,12.15,69.95,0,0.56,16.05.2024 22:31:51
0,157.31,839,892,12.14,69.97,0,0.62,16.05.2024 22:31:53
0,159.94,853,892,12.15,69.96,0,0.83,16.05.2024 22:31:55
0,157.13,838,892,12.15,69.98,0,0.60,16.05.2024 22:31:57
0,156.38,834,892,12.17,69.98,0,0.54,16.05.2024 22:31:59
0,158.25,844,893,12.14,69.97,0,0.69,16.05.2024 22:32:01
0,157.31,839,893,12.14,69.99,0,0.62,16.05.2024 22:32:03
0,157.31,839,893,12.14,69.97,0,0.62,16.05.2024 22:32:05
0,155.63,830,893,12.14,69.97,0,0.49,16.05.2024 22:32:08
0,157.13,838,892,12.14,69.94,0,0.61,16.05.2024 22:32:10
0,158.44,845,892,12.15,69.96,0,0.71,16.05.2024 22:32:12
0,158.81,847,891,12.15,69.96,0,0.74,16.05.2024 22:32:14
0,154.69,825,891,12.15,69.99,0,0.42,16.05.2024 22:32:16
0,156.00,832,890,12.15,69.98,0,0.52,16.05.2024 22:32:18
0,159.00,848,891,12.13,69.99,0,0.75,16.05.2024 22:32:20
0,157.50,840,891,12.14,69.97,0,0.63,16.05.2024 22:32:22
0,159.00,848,891,12.15,69.96,0,0.75,16.05.2024 22:32:25
0,154.88,826,891,12.15,69.98,0,0.43,16.05.2024 22:32:27
0,156.38,834,891,12.14,69.94,0,0.55,16.05.2024 22:32:29
0,158.06,843,890,12.15,70.00,0,0.67,16.05.2024 22:32:31
0,156.94,837,890,12.13,69.97,0,0.59,16.05.2024 22:32:33
0,158.63,846,890,12.14,69.97,0,0.72,16.05.2024 22:32:35
0,154.50,824,890,12.14,69.98,0,0.41,16.05.2024 22:32:37
0,155.81,831,890,12.13,69.98,0,0.51,16.05.2024 22:32:39
0,153.00,816,890,12.14,70.00,0,0.29,16.05.2024 22:32:42
0,154.88,826,890,12.14,69.99,0,0.43,16.05.2024 22:32:44
0,156.94,837,891,12.14,69.95,0,0.59,16.05.2024 22:32:46
0,156.75,836,890,12.15,69.97,0,0.57,16.05.2024 22:32:48
0,156.94,837,890,12.14,69.96,0,0.59,16.05.2024 22:32:50
0,156.38,834,890,12.15,69.93,0,0.55,16.05.2024 22:32:52
0,153.19,817,890,12.14,69.95,0,0.31,16.05.2024 22:32:56
0,156.19,833,891,12.15,69.98,0,0.53,16.05.2024 22:32:58
0,155.25,828,891,12.15,69.98,0,0.46,16.05.2024 22:33:01
0,153.56,819,891,12.15,69.95,0,0.34,16.05.2024 22:33:03
0,154.88,826,891,12.15,69.98,0,0.43,16.05.2024 22:33:05
0,151.50,808,891,12.15,69.99,0,0.19,16.05.2024 22:33:07
0,158.06,843,891,12.14,69.96,0,0.68,16.05.2024 22:33:09
0,153.56,819,891,12.14,69.94,0,0.34,16.05.2024 22:33:11
0,153.38,818,891,12.14,69.99,0,0.32,16.05.2024 22:33:13
0,156.75,836,891,12.14,69.99,0,0.58,16.05.2024 22:33:15
0,156.19,833,891,12.15,69.99,0,0.53,16.05.2024 22:33:18
0,153.19,817,891,12.17,69.97,0,0.30,16.05.2024 22:33:20
0,156.94,837,891,12.13,69.98,0,0.59,16.05.2024 22:33:22
0,155.25,828,891,12.14,69.97,0,0.46,16.05.2024 22:33:24
0,159.19,849,891,12.15,70.01,0,0.76,16.05.2024 22:33:26
0,162.00,864,890,12.13,69.97,0,1.00,16.05.2024 22:33:28
0,158.44,845,890,12.14,69.97,0,0.71,16.05.2024 22:33:30
0,158.63,846,890,12.14,69.98,0,0.72,16.05.2024 22:33:32
0,157.88,842,890,12.15,69.98,0,0.66,16.05.2024 22:33:35
0,156.56,835,890,12.13,69.96,0,0.56,16.05.2024 22:33:37
0,156.75,836,891,12.11,69.95,0,0.58,16.05.2024 22:33:39
0,159.00,848,890,12.11,69.98,0,0.76,16.05.2024 22:33:41
0,156.56,835,890,12.13,69.98,0,0.56,16.05.2024 22:33:43
0,157.50,840,890,12.15,69.98,0,0.63,16.05.2024 22:33:45
0,157.88,842,890,12.14,69.99,0,0.66,16.05.2024 22:33:47
0,159.38,850,890,12.11,69.99,0,0.79,16.05.2024 22:33:49
0,155.63,830,889,12.14,69.98,0,0.49,16.05.2024 22:33:51
0,158.63,846,890,12.13,70.00,0,0.72,16.05.2024 22:33:54
0,160.31,855,890,12.14,69.98,0,0.86,16.05.2024 22:33:56
0,153.56,819,890,12.14,69.97,0,0.34,16.05.2024 22:33:58
0,157.31,839,890,12.13,69.96,0,0.62,16.05.2024 22:34:00
0,160.13,854,889,12.13,69.98,0,0.85,16.05.2024 22:34:02
0,159.56,851,889,12.11,70.00,0,0.80,16.05.2024 22:34:04
0,156.38,834,889,12.13,69.99,0,0.55,16.05.2024 22:34:06
0,156.94,837,889,12.13,69.97,0,0.59,16.05.2024 22:34:08
0,160.69,857,889,12.14,70.00,0,0.89,16.05.2024 22:34:11
0,159.00,848,889,12.14,70.00,0,0.75,16.05.2024 22:34:13
0,159.94,853,889,12.11,69.98,0,0.83,16.05.2024 22:34:15
0,159.75,852,888,12.13,69.99,0,0.81,16.05.2024 22:34:17
0,158.81,847,888,12.13,70.00,0,0.74,16.05.2024 22:34:19
0,158.63,846,888,12.13,69.96,0,0.73,16.05.2024 22:34:21
0,157.88,842,888,12.13,70.00,0,0.67,16.05.2024 22:34:23
0,155.63,830,887,12.14,69.97,0,0.49,16.05.2024 22:34:25
0,159.00,848,887,12.11,69.99,0,0.76,16.05.2024 22:34:28
0,156.00,832,887,12.13,69.98,0,0.52,16.05.2024 22:34:30
0,158.06,843,887,12.14,69.99,0,0.68,16.05.2024 22:34:32
0,159.00,848,887,12.13,69.99,0,0.75,16.05.2024 22:34:34
0,159.56,851,887,12.09,70.02,0,0.81,16.05.2024 22:34:36
0,155.63,830,887,12.13,69.98,0,0.49,16.05.2024 22:34:38
0,158.81,847,887,12.13,69.97,0,0.74,16.05.2024 22:34:40
0,159.00,848,887,12.11,69.97,0,0.76,16.05.2024 22:34:42
0,154.69,825,887,12.13,70.00,0,0.42,16.05.2024 22:34:45
0,155.81,831,888,12.13,69.96,0,0.51,16.05.2024 22:34:47
0,159.00,848,888,12.11,69.98,0,0.76,16.05.2024 22:34:49
0,159.00,848,888,12.13,69.98,0,0.76,16.05.2024 22:34:51
0,157.88,842,888,12.13,70.01,0,0.66,16.05.2024 22:34:53
0,157.88,842,888,12.14,69.95,0,0.66,16.05.2024 22:34:55
0,161.44,861,887,12.13,69.97,0,0.95,16.05.2024 22:34:57
0,161.25,860,887,12.11,69.98,0,0.94,16.05.2024 22:34:59
0,160.13,854,888,12.13,69.97,0,0.85,16.05.2024 22:35:02
0,156.75,836,888,12.13,69.99,0,0.58,16.05.2024 22:35:04
0,157.88,842,887,12.13,69.97,0,0.67,16.05.2024 22:35:06
0,156.00,832,887,12.11,69.97,0,0.52,16.05.2024 22:35:08
0,159.56,851,887,12.09,69.97,0,0.81,16.05.2024 22:35:12
0,156.56,835,887,12.11,70.00,0,0.57,16.05.2024 22:35:14
0,156.19,833,887,12.09,69.99,0,0.54,16.05.2024 22:35:16
0,157.31,839,887,12.11,69.97,0,0.63,16.05.2024 22:35:18
0,154.69,825,887,12.09,69.98,0,0.43,16.05.2024 22:35:20
0,155.63,830,887,12.11,69.97,0,0.50,16.05.2024 22:35:23
0,152.81,815,886,12.11,69.95,0,0.29,16.05.2024 22:35:25
0,156.38,834,886,12.13,69.97,0,0.55,16.05.2024 22:35:27
0,157.13,838,885,12.14,69.99,0,0.60,16.05.2024 22:35:29
0,155.25,828,886,12.09,69.98,0,0.47,16.05.2024 22:35:31
0,150.94,805,886,12.13,69.96,0,0.15,16.05.2024 22:35:33
0,156.38,834,885,12.08,69.98,0,0.56,16.05.2024 22:35:35
0,158.63,846,885,12.13,69.97,0,0.73,16.05.2024 22:35:37
0,157.50,840,885,12.11,70.00,0,0.64,16.05.2024 22:35:40
0,158.25,844,886,12.08,69.94,0,0.71,16.05.2024 22:35:42
0,162.38,866,885,12.09,69.97,0,1.04,16.05.2024 22:35:44
0,153.00,816,885,12.11,69.98,0,0.30,16.05.2024 22:35:46
0,157.88,842,886,12.13,69.97,0,0.67,16.05.2024 22:35:48
0,158.81,847,886,12.09,69.99,0,0.75,16.05.2024 22:35:50
0,160.88,858,885,12.11,69.97,0,0.91,16.05.2024 22:35:52
0,156.75,836,885,12.11,69.96,0,0.58,16.05.2024 22:35:54
0,155.63,830,885,12.11,69.97,0,0.50,16.05.2024 22:35:57
0,153.94,821,885,12.09,69.98,0,0.37,16.05.2024 22:35:59
0,157.50,840,885,12.11,69.96,0,0.64,16.05.2024 22:36:01
0,157.88,842,885,12.11,69.99,0,0.67,16.05.2024 22:36:03
0,153.94,821,884,12.09,69.98,0,0.37,16.05.2024 22:36:05
0,160.13,854,885,12.11,69.95,0,0.85,16.05.2024 22:36:07
0,154.88,826,885,12.06,69.96,0,0.45,16.05.2024 22:36:09
0,158.63,846,885,12.13,69.99,0,0.72,16.05.2024 22:36:11
0,160.31,855,886,12.09,69.98,0,0.87,16.05.2024 22:36:14
0,159.94,853,885,12.11,69.98,0,0.83,16.05.2024 22:36:16
0,157.88,842,885,12.11,69.96,0,0.67,16.05.2024 22:36:18
0,154.69,825,885,12.11,69.97,0,0.43,16.05.2024 22:36:20
0,156.19,833,885,12.13,69.97,0,0.54,16.05.2024 22:36:22
0,156.75,836,886,12.09,69.98,0,0.58,16.05.2024 22:36:24
0,155.81,831,886,12.11,69.97,0,0.51,16.05.2024 22:36:26
0,160.69,857,886,12.09,70.00,0,0.90,16.05.2024 22:36:28
0,159.38,850,886,12.11,69.94,0,0.79,16.05.2024 22:36:31
0,156.19,833,886,12.08,69.97,0,0.54,16.05.2024 22:36:33
0,155.06,827,885,12.11,69.94,0,0.45,16.05.2024 22:36:35
0,158.44,845,886,12.11,70.00,0,0.71,16.05.2024 22:36:37
0,156.38,834,886,12.09,69.95,0,0.56,16.05.2024 22:36:39
0,157.31,839,886,12.08,70.00,0,0.63,16.05.2024 22:36:41
0,158.25,844,886,12.09,69.99,0,0.70,16.05.2024 22:36:43
0,158.81,847,887,12.11,69.97,0,0.74,16.05.2024 22:36:45
0,156.94,837,887,12.09,69.99,0,0.60,16.05.2024 22:36:47
0,159.38,850,887,12.09,69.98,0,0.79,16.05.2024 22:36:50
0,159.19,849,887,12.11,69.96,0,0.77,16.05.2024 22:36:52
0,153.94,821,887,12.08,70.01,0,0.37,16.05.2024 22:36:54
0,159.38,850,886,12.06,69.95,0,0.80,16.05.2024 22:36:56
0,155.44,829,886,12.08,69.97,0,0.49,16.05.2024 22:36:58
0,154.13,822,886,12.08,69.98,0,0.39,16.05.2024 22:37:00
0,158.44,845,886,12.09,69.98,0,0.72,16.05.2024 22:37:02
0,156.75,836,886,12.09,69.98,0,0.58,16.05.2024 22:37:04
0,159.56,851,886,12.09,69.97,0,0.81,16.05.2024 22:37:07
0,158.81,847,884,12.09,69.99,0,0.75,16.05.2024 22:37:09
0,156.00,832,885,12.11,69.97,0,0.52,16.05.2024 22:37:11
0,154.13,822,885,12.09,69.98,0,0.39,16.05.2024 22:37:13
0,160.13,854,885,12.09,69.98,0,0.85,16.05.2024 22:37:15
0,156.38,834,885,12.09,69.99,0,0.56,16.05.2024 22:37:17
0,162.56,867,885,12.06,69.96,0,1.06,16.05.2024 22:37:19
0,155.25,828,885,12.11,69.96,0,0.47,16.05.2024 22:37:21
0,158.63,846,885,12.08,69.98,0,0.73,16.05.2024 22:37:24
0,151.50,808,885,12.09,70.01,0,0.19,16.05.2024 22:37:26
0,156.75,836,884,12.08,69.99,0,0.59,16.05.2024 22:37:28
0,156.19,833,884,12.09,69.98,0,0.54,16.05.2024 22:37:32
0,156.94,837,884,12.08,69.97,0,0.60,16.05.2024 22:37:34
0,154.31,823,883,12.06,69.96,0,0.41,16.05.2024 22:37:36
0,154.13,822,882,12.09,69.95,0,0.39,16.05.2024 22:37:38
0,154.31,823,883,12.08,69.97,0,0.40,16.05.2024 22:37:40
0,153.56,819,883,12.08,69.94,0,0.35,16.05.2024 22:37:43
0,154.69,825,882,12.08,69.96,0,0.43,16.05.2024 22:37:45
0,152.81,815,883,12.08,70.00,0,0.29,16.05.2024 22:37:47
0,156.00,832,884,12.11,69.98,0,0.52,16.05.2024 22:37:49
0,155.44,829,884,12.08,69.98,0,0.49,16.05.2024 22:37:51
0,154.13,822,884,12.05,69.96,0,0.39,16.05.2024 22:37:53
0,157.50,840,883,12.09,69.98,0,0.64,16.05.2024 22:37:55
0,155.81,831,883,12.09,69.98,0,0.51,16.05.2024 22:37:57
0,155.44,829,883,12.08,69.96,0,0.49,16.05.2024 22:38:00
0,159.00,848,883,12.09,69.99,0,0.76,16.05.2024 22:38:02
0,155.25,828,883,12.06,69.96,0,0.48,16.05.2024 22:38:04
0,156.38,834,883,12.06,69.98,0,0.56,16.05.2024 22:38:06
0,160.88,858,883,12.11,69.98,0,0.91,16.05.2024 22:38:08
0,158.63,846,882,12.11,69.99,0,0.73,16.05.2024 22:38:10
0,157.69,841,882,12.08,69.96,0,0.66,16.05.2024 22:38:12
0,157.31,839,881,12.09,69.97,0,0.63,16.05.2024 22:38:14
0,156.94,837,881,12.05,69.98,0,0.61,16.05.2024 22:38:17
0,159.75,852,881,12.08,69.97,0,0.83,16.05.2024 22:38:19
0,160.13,854,881,12.08,69.99,0,0.85,16.05.2024 22:38:21
0,157.31,839,881,12.09,69.98,0,0.63,16.05.2024 22:38:23
0,160.50,856,881,12.06,69.95,0,0.89,16.05.2024 22:38:25
0,160.88,858,880,12.08,69.94,0,0.92,16.05.2024 22:38:27
0,156.00,832,880,12.06,69.96,0,0.53,16.05.2024 22:38:29
0,156.38,834,880,12.08,69.98,0,0.56,16.05.2024 22:38:31
0,159.00,848,880,12.08,69.95,0,0.77,16.05.2024 22:38:33
0,160.31,855,879,12.06,69.95,0,0.88,16.05.2024 22:38:36
0,161.44,861,879,12.08,69.95,0,0.96,16.05.2024 22:38:38
0,156.00,832,878,12.06,69.95,0,0.53,16.05.2024 22:38:40
0,155.63,830,879,12.08,69.95,0,0.50,16.05.2024 22:38:42
0,153.75,820,878,12.06,69.99,0,0.36,16.05.2024 22:38:44
0,158.06,843,878,12.08,69.98,0,0.69,16.05.2024 22:38:46
0,156.19,833,878,12.09,69.98,0,0.54,16.05.2024 22:38:48
0,157.31,839,878,12.06,69.97,0,0.63,16.05.2024 22:38:50
0,156.19,833,878,12.06,69.99,0,0.55,16.05.2024 22:38:53
0,159.00,848,878,12.06,69.96,0,0.77,16.05.2024 22:38:55
0,159.56,851,878,12.08,69.99,0,0.81,16.05.2024 22:38:57
0,154.31,823,878,12.06,70.01,0,0.40,16.05.2024 22:38:59
0,161.63,862,878,12.06,69.97,0,0.98,16.05.2024 22:39:01
0,159.19,849,878,12.06,69.99,0,0.78,16.05.2024 22:39:03
0,157.88,842,878,12.06,69.99,0,0.68,16.05.2024 22:39:05
0,156.75,836,878,12.06,69.98,0,0.59,16.05.2024 22:39:07
0,154.69,825,878,12.08,69.98,0,0.43,16.05.2024 22:39:10
0,157.88,842,878,12.06,69.95,0,0.68,16.05.2024 22:39:12
0,153.94,821,878,12.06,69.99,0,0.38,16.05.2024 22:39:14
0,155.81,831,878,12.06,69.99,0,0.52,16.05.2024 22:39:16
0,158.63,846,878,12.05,69.97,0,0.74,16.05.2024 22:39:18
0,156.94,837,878,12.06,69.96,0,0.61,16.05.2024 22:39:20
0,157.88,842,878,12.06,69.99,0,0.68,16.05.2024 22:39:22
0,157.13,838,877,12.06,69.96,0,0.62,16.05.2024 22:39:24
0,155.25,828,877,12.09,69.98,0,0.47,16.05.2024 22:39:27
0,159.19,849,878,12.05,69.96,0,0.79,16.05.2024 22:39:29
0,157.50,840,878,12.08,69.98,0,0.65,16.05.2024 22:39:31
0,156.00,832,878,12.06,69.98,0,0.53,16.05.2024 22:39:33
0,159.94,853,878,12.06,69.98,0,0.84,16.05.2024 22:39:35
0,152.44,813,878,12.04,69.95,0,0.27,16.05.2024 22:39:37
0,158.44,845,878,12.08,69.98,0,0.72,16.05.2024 22:39:39
0,159.94,853,878,12.06,70.00,0,0.84,16.05.2024 22:39:41
0,157.13,838,878,12.06,69.97,0,0.62,16.05.2024 22:39:44
0,159.56,851,878,12.05,69.98,0,0.82,16.05.2024 22:39:46
0,155.44,829,878,12.05,69.98,0,0.49,16.05.2024 22:39:50
0,155.25,828,879,12.08,69.98,0,0.47,16.05.2024 22:39:52
0,155.25,828,878,12.06,69.96,0,0.48,16.05.2024 22:39:54
0,155.25,828,879,12.09,69.98,0,0.47,16.05.2024 22:39:56
0,153.00,816,879,12.05,69.97,0,0.31,16.05.2024 22:39:58
0,157.69,841,879,12.06,69.99,0,0.66,16.05.2024 22:40:00
0,153.56,819,879,12.05,69.98,0,0.35,16.05.2024 22:40:03
0,152.63,814,879,12.08,69.96,0,0.28,16.05.2024 22:40:05
0,152.25,812,879,12.05,69.96,0,0.26,16.05.2024 22:40:07
0,155.63,830,879,12.06,69.97,0,0.50,16.05.2024 22:40:09
0,149.63,798,879,12.05,69.98,0,0.07,16.05.2024 22:40:11
0,154.31,823,879,12.06,69.95,0,0.41,16.05.2024 22:40:13
0,155.25,828,879,12.06,69.96,0,0.48,16.05.2024 22:40:15
0,154.69,825,879,12.05,69.98,0,0.44,16.05.2024 22:40:17
0,156.56,835,880,12.06,70.00,0,0.58,16.05.2024 22:40:19
0,159.00,848,880,12.06,69.98,0,0.77,16.05.2024 22:40:22
0,158.63,846,880,12.06,69.99,0,0.74,16.05.2024 22:40:24
0,158.06,843,880,12.05,69.98,0,0.70,16.05.2024 22:40:26
0,159.75,852,880,12.04,69.98,0,0.83,16.05.2024 22:40:28
0,159.38,850,881,12.05,69.97,0,0.80,16.05.2024 22:40:30
0,155.25,828,880,12.05,70.00,0,0.48,16.05.2024 22:40:32
0,158.06,843,880,12.06,69.99,0,0.69,16.05.2024 22:40:34
0,159.00,848,879,12.04,69.99,0,0.77,16.05.2024 22:40:36
0,157.88,842,879,12.05,69.97,0,0.68,16.05.2024 22:40:39
0,156.56,835,879,12.06,69.98,0,0.58,16.05.2024 22:40:41
0,156.75,836,878,12.05,69.98,0,0.59,16.05.2024 22:40:43
0,155.81,831,878,12.06,69.96,0,0.52,16.05.2024 22:40:45
0,158.81,847,878,12.04,69.96,0,0.76,16.05.2024 22:40:47
0,159.19,849,878,12.06,69.97,0,0.78,16.05.2024 22:40:49
0,160.31,855,878,12.04,70.02,0,0.88,16.05.2024 22:40:51
0,155.63,830,878,12.06,69.96,0,0.51,16.05.2024 22:40:53
0,160.31,855,878,12.04,70.00,0,0.88,16.05.2024 22:40:56
0,157.13,838,877,12.04,69.96,0,0.63,16.05.2024 22:40:58
0,157.69,841,877,12.02,69.94,0,0.67,16.05.2024 22:41:00
0,156.75,836,877,12.04,69.95,0,0.60,16.05.2024 22:41:02
0,157.13,838,877,12.05,69.96,0,0.62,16.05.2024 22:41:04
0,156.38,834,877,12.05,69.98,0,0.56,16.05.2024 22:41:06
0,158.25,844,877,12.05,70.00,0,0.71,16.05.2024 22:41:08
0,161.06,859,876,12.05,69.98,0,0.94,16.05.2024 22:41:10
0,156.00,832,876,12.02,69.99,0,0.54,16.05.2024 22:41:13
0,160.31,855,876,12.08,69.99,0,0.87,16.05.2024 22:41:15
0,157.31,839,877,12.05,70.00,0,0.64,16.05.2024 22:41:17
0,159.19,849,877,12.05,69.94,0,0.79,16.05.2024 22:41:19
0,156.56,835,877,12.05,69.98,0,0.58,16.05.2024 22:41:21
0,158.44,845,877,12.05,69.97,0,0.73,16.05.2024 22:41:23
0,157.88,842,877,12.05,70.00,0,0.68,16.05.2024 22:41:25
0,157.31,839,877,12.04,69.98,0,0.64,16.05.2024 22:41:27
0,157.50,840,877,12.04,69.95,0,0.66,16.05.2024 22:41:30
0,162.00,864,877,12.04,69.98,0,1.02,16.05.2024 22:41:32
0,156.56,835,878,12.02,69.99,0,0.58,16.05.2024 22:41:34
0,158.25,844,877,12.05,69.96,0,0.71,16.05.2024 22:41:36
0,157.50,840,877,12.06,69.99,0,0.65,16.05.2024 22:41:38
0,156.94,837,878,12.04,69.98,0,0.61,16.05.2024 22:41:40
0,158.63,846,878,12.05,69.97,0,0.74,16.05.2024 22:41:42
0,153.56,819,878,12.02,69.97,0,0.36,16.05.2024 22:41:44
0,157.31,839,878,12.04,69.94,0,0.64,16.05.2024 22:41:46
0,157.31,839,878,12.05,69.98,0,0.64,16.05.2024 22:41:49
0,155.06,827,878,12.06,70.01,0,0.46,16.05.2024 22:41:51
0,158.63,846,878,12.04,69.95,0,0.74,16.05.2024 22:41:53
0,158.44,845,878,12.04,69.94,0,0.73,16.05.2024 22:41:55
0,156.56,835,878,12.04,69.95,0,0.58,16.05.2024 22:41:57
0,154.31,823,878,12.04,69.94,0,0.41,16.05.2024 22:41:59
0,156.00,832,878,12.04,69.94,0,0.54,16.05.2024 22:42:01
0,156.94,837,878,12.04,69.96,0,0.61,16.05.2024 22:42:03
0,157.31,839,878,12.04,69.94,0,0.64,16.05.2024 22:42:08
0,153.38,818,878,12.04,69.94,0,0.34,16.05.2024 22:42:10
0,151.50,808,878,12.05,69.98,0,0.20,16.05.2024 22:42:12
0,154.50,824,878,12.04,69.96,0,0.43,16.05.2024 22:42:14
0,156.19,833,878,12.05,69.97,0,0.55,16.05.2024 22:42:16
0,152.44,813,878,12.02,69.96,0,0.28,16.05.2024 22:42:18
0,154.69,825,878,12.02,69.98,0,0.44,16.05.2024 22:42:20
0,155.44,829,878,12.04,69.94,0,0.50,16.05.2024 22:42:22
0,153.94,821,878,12.02,69.96,0,0.39,16.05.2024 22:42:25
0,154.69,825,877,12.04,69.98,0,0.44,16.05.2024 22:42:27
0,156.38,834,878,12.05,69.95,0,0.57,16.05.2024 22:42:29
0,154.50,824,878,12.04,69.96,0,0.43,16.05.2024 22:42:31
0,154.13,822,878,12.01,69.95,0,0.40,16.05.2024 22:42:33
0,156.94,837,878,12.01,69.97,0,0.62,16.05.2024 22:42:35
0,155.63,830,878,12.02,69.96,0,0.51,16.05.2024 22:42:37
0,157.69,841,878,12.04,69.95,0,0.67,16.05.2024 22:42:39
0,158.25,844,879,12.02,69.96,0,0.72,16.05.2024 22:42:42
0,157.50,840,879,12.02,69.98,0,0.66,16.05.2024 22:42:44
0,156.38,834,879,12.04,69.95,0,0.57,16.05.2024 22:42:46
0,154.13,822,879,12.01,69.95,0,0.40,16.05.2024 22:42:48
0,159.94,853,879,12.05,69.98,0,0.85,16.05.2024 22:42:50
0,157.31,839,879,12.04,69.98,0,0.64,16.05.2024 22:42:52
0,158.81,847,879,12.02,69.99,0,0.76,16.05.2024 22:42:54
0,157.13,838,878,12.02,69.96,0,0.63,16.05.2024 22:42:56
0,159.19,849,879,12.04,69.96,0,0.79,16.05.2024 22:42:59
0,155.81,831,879,12.04,69.98,0,0.52,16.05.2024 22:43:01
0,161.06,859,879,12.01,69.97,0,0.95,16.05.2024 22:43:03
0,155.63,830,879,12.02,69.95,0,0.51,16.05.2024 22:43:05
0,155.81,831,879,12.01,69.97,0,0.53,16.05.2024 22:43:07
0,159.75,852,879,12.04,70.00,0,0.83,16.05.2024 22:43:09
0,156.56,835,880,12.02,69.98,0,0.58,16.05.2024 22:43:11
0,157.50,840,880,12.01,70.00,0,0.66,16.05.2024 22:43:13
0,157.69,841,880,12.00,69.96,0,0.68,16.05.2024 22:43:16
0,159.00,848,880,12.01,69.96,0,0.78,16.05.2024 22:43:18
0,161.81,863,880,12.01,69.96,0,1.01,16.05.2024 22:43:20
0,158.44,845,880,12.02,69.98,0,0.73,16.05.2024 22:43:22
0,161.81,863,880,12.02,69.95,0,1.01,16.05.2024 22:43:24
0,160.69,857,880,12.02,69.96,0,0.91,16.05.2024 22:43:26
0,156.75,836,880,12.02,69.93,0,0.60,16.05.2024 22:43:28
0,160.13,854,880,12.04,69.94,0,0.87,16.05.2024 22:43:30
0,154.69,825,880,12.01,69.98,0,0.44,16.05.2024 22:43:32
0,154.13,822,881,12.01,69.94,0,0.40,16.05.2024 22:43:35
0,159.38,850,880,12.01,69.96,0,0.81,16.05.2024 22:43:37
0,159.00,848,880,12.01,69.98,0,0.78,16.05.2024 22:43:39
0,158.06,843,880,12.01,69.99,0,0.70,16.05.2024 22:43:41
0,159.19,849,880,12.02,69.98,0,0.79,16.05.2024 22:43:43
0,157.50,840,880,12.02,69.99,0,0.66,16.05.2024 22:43:45
0,155.06,827,881,12.02,69.97,0,0.47,16.05.2024 22:43:47
0,157.31,839,881,12.02,69.95,0,0.64,16.05.2024 22:43:49
0,159.19,849,881,12.02,69.98,0,0.79,16.05.2024 22:43:52
0,155.81,831,882,12.02,69.95,0,0.53,16.05.2024 22:43:54
0,154.69,825,881,12.04,69.98,0,0.44,16.05.2024 22:43:56
0,158.25,844,881,12.00,69.96,0,0.72,16.05.2024 22:43:58
0,155.63,830,881,12.05,69.98,0,0.51,16.05.2024 22:44:00
0,156.75,836,881,12.00,69.97,0,0.60,16.05.2024 22:44:02
0,156.38,834,881,12.01,69.95,0,0.57,16.05.2024 22:44:04
0,156.38,834,882,12.01,69.96,0,0.57,16.05.2024 22:44:06
0,154.50,824,882,12.04,69.98,0,0.42,16.05.2024 22:44:09
0,155.25,828,882,12.02,69.92,0,0.49,16.05.2024 22:44:11
0,158.44,845,882,12.01,69.97,0,0.73,16.05.2024 22:44:13
0,156.94,837,882,12.01,69.94,0,0.62,16.05.2024 22:44:15
0,154.69,825,882,12.00,69.95,0,0.45,16.05.2024 22:44:17
0,159.00,848,882,12.02,69.98,0,0.78,16.05.2024 22:44:19
0,154.50,824,882,12.01,69.97,0,0.43,16.05.2024 22:44:21
0,155.44,829,883,12.01,69.97,0,0.50,16.05.2024 22:44:25
0,158.63,846,882,12.02,69.99,0,0.75,16.05.2024 22:44:28
0,157.69,841,882,12.02,69.98,0,0.67,16.05.2024 22:44:30
0,153.38,818,882,12.01,69.95,0,0.35,16.05.2024 22:44:32
0,157.88,842,882,12.01,69.93,0,0.69,16.05.2024 22:44:34
0,153.19,817,882,11.98,69.93,0,0.34,16.05.2024 22:44:36
0,156.00,832,882,12.01,69.96,0,0.54,16.05.2024 22:44:38
0,153.38,818,883,12.02,69.96,0,0.34,16.05.2024 22:44:40
0,154.13,822,882,12.02,69.94,0,0.40,16.05.2024 22:44:42
0,153.38,818,883,12.02,69.96,0,0.34,16.05.2024 22:44:45
0,156.94,837,883,12.02,69.96,0,0.61,16.05.2024 22:44:47
0,154.50,824,883,12.00,69.96,0,0.43,16.05.2024 22:44:49
0,153.75,820,883,12.01,69.95,0,0.38,16.05.2024 22:44:51
0,155.25,828,883,12.01,69.97,0,0.49,16.05.2024 22:44:53
0,160.13,854,884,12.00,69.94,0,0.88,16.05.2024 22:44:55
0,155.44,829,883,12.00,69.95,0,0.50,16.05.2024 22:44:57
0,157.50,840,883,12.00,69.95,0,0.66,16.05.2024 22:44:59
0,157.50,840,884,12.01,69.94,0,0.66,16.05.2024 22:45:01
0,160.13,854,884,12.04,69.98,0,0.86,16.05.2024 22:45:04
0,155.44,829,884,12.01,69.97,0,0.50,16.05.2024 22:45:06
0,160.13,854,884,12.01,69.99,0,0.87,16.05.2024 22:45:08
0,156.38,834,884,12.01,69.98,0,0.57,16.05.2024 22:45:10
0,158.81,847,884,12.00,69.98,0,0.77,16.05.2024 22:45:12
0,155.06,827,884,12.01,69.98,0,0.47,16.05.2024 22:45:14
0,158.25,844,885,11.98,69.94,0,0.73,16.05.2024 22:45:16
0,156.38,834,885,12.00,69.95,0,0.58,16.05.2024 22:45:18
0,159.00,848,885,12.01,69.99,0,0.78,16.05.2024 22:45:21
0,157.13,838,885,12.00,69.98,0,0.63,16.05.2024 22:45:23
0,156.94,837,885,12.01,69.96,0,0.62,16.05.2024 22:45:25
0,159.38,850,885,12.02,69.96,0,0.81,16.05.2024 22:45:27
0,155.81,831,885,12.01,69.97,0,0.53,16.05.2024 22:45:29
0,158.25,844,885,12.01,69.95,0,0.72,16.05.2024 22:45:31
0,158.44,845,885,12.00,69.95,0,0.74,16.05.2024 22:45:33
0,158.63,846,885,12.00,69.93,0,0.75,16.05.2024 22:45:35
0,156.19,833,885,12.00,69.99,0,0.56,16.05.2024 22:45:38
0,158.44,845,885,11.98,69.97,0,0.74,16.05.2024 22:45:40
0,156.38,834,885,12.00,69.97,0,0.58,16.05.2024 22:45:42
0,157.13,838,886,12.00,69.96,0,0.63,16.05.2024 22:45:44
0,159.19,849,885,11.98,69.95,0,0.80,16.05.2024 22:45:46
0,156.56,835,886,12.01,69.96,0,0.59,16.05.2024 22:45:48
0,156.00,832,886,12.02,69.97,0,0.54,16.05.2024 22:45:50
0,158.25,844,886,12.00,69.96,0,0.72,16.05.2024 22:45:52
0,159.56,851,886,11.98,69.95,0,0.83,16.05.2024 22:45:55
0,158.81,847,886,12.00,69.97,0,0.77,16.05.2024 22:45:57
0,155.63,830,886,12.00,69.94,0,0.52,16.05.2024 22:45:59
0,157.13,838,886,12.02,69.97,0,0.63,16.05.2024 22:46:01
0,155.06,827,886,12.01,69.97,0,0.47,16.05.2024 22:46:03
0,159.94,853,885,12.00,69.97,0,0.86,16.05.2024 22:46:05
0,158.44,845,885,11.98,69.95,0,0.74,16.05.2024 22:46:07
0,157.69,841,885,11.98,69.96,0,0.68,16.05.2024 22:46:09
0,155.06,827,885,12.02,69.94,0,0.47,16.05.2024 22:46:12
0,156.75,836,885,11.98,69.95,0,0.61,16.05.2024 22:46:14
0,155.25,828,885,12.01,69.95,0,0.49,16.05.2024 22:46:16
0,159.56,851,885,12.00,69.94,0,0.83,16.05.2024 22:46:18
0,154.69,825,885,11.98,69.95,0,0.45,16.05.2024 22:46:20
0,155.44,829,884,11.97,69.93,0,0.51,16.05.2024 22:46:22
0,156.75,836,885,12.00,69.94,0,0.61,16.05.2024 22:46:24
0,154.69,825,885,11.98,69.96,0,0.45,16.05.2024 22:46:26
0,158.25,844,885,12.02,69.95,0,0.72,16.05.2024 22:46:29
0,157.69,841,885,11.98,69.95,0,0.68,16.05.2024 22:46:31
0,154.50,824,885,11.98,69.94,0,0.44,16.05.2024 22:46:33
0,154.69,825,885,12.00,69.96,0,0.45,16.05.2024 22:46:35
0,158.81,847,885,12.00,69.94,0,0.77,16.05.2024 22:46:37
0,156.75,836,885,12.01,69.99,0,0.60,16.05.2024 22:46:39
0,152.81,815,885,11.98,69.93,0,0.31,16.05.2024 22:46:41
0,158.44,845,884,12.02,69.92,0,0.73,16.05.2024 22:46:43
0,154.50,824,884,11.98,69.96,0,0.44,16.05.2024 22:46:45
0,155.25,828,885,11.97,69.93,0,0.50,16.05.2024 22:46:50
0,157.69,841,884,12.00,69.96,0,0.68,16.05.2024 22:46:52
0,158.06,843,884,12.00,69.97,0,0.71,16.05.2024 22:46:54
0,152.06,811,885,12.02,69.97,0,0.25,16.05.2024 22:46:56
0,152.44,813,885,12.00,69.95,0,0.28,16.05.2024 22:46:58
0,154.50,824,885,11.98,69.97,0,0.44,16.05.2024 22:47:00
0,155.25,828,886,11.98,69.96,0,0.49,16.05.2024 22:47:02
0,153.19,817,886,12.00,69.98,0,0.34,16.05.2024 22:47:04
0,155.25,828,885,12.00,69.96,0,0.49,16.05.2024 22:47:07
0,155.25,828,884,12.00,69.96,0,0.49,16.05.2024 22:47:09
0,160.31,855,884,12.00,69.96,0,0.89,16.05.2024 22:47:11
0,154.69,825,884,11.98,69.94,0,0.45,16.05.2024 22:47:13
0,152.44,813,884,11.98,69.99,0,0.28,16.05.2024 22:47:15
0,155.06,827,884,12.00,69.96,0,0.48,16.05.2024 22:47:17
0,153.00,816,883,11.97,69.96,0,0.33,16.05.2024 22:47:19
0,157.88,842,884,11.98,69.99,0,0.69,16.05.2024 22:47:21
0,157.31,839,883,11.97,69.97,0,0.65,16.05.2024 22:47:24
0,159.19,849,883,11.98,69.99,0,0.80,16.05.2024 22:47:26
0,153.19,817,883,12.00,69.98,0,0.34,16.05.2024 22:47:28
0,156.00,832,883,12.00,69.97,0,0.55,16.05.2024 22:47:30
0,156.75,836,883,11.97,69.95,0,0.61,16.05.2024 22:47:32
0,156.38,834,884,12.01,69.96,0,0.57,16.05.2024 22:47:34
0,156.00,832,883,12.01,69.96,0,0.54,16.05.2024 22:47:36
0,155.81,831,882,12.00,69.96,0,0.53,16.05.2024 22:47:38
0,158.44,845,882,11.97,69.95,0,0.74,16.05.2024 22:47:41
0,156.56,835,882,12.00,69.94,0,0.59,16.05.2024 22:47:43
0,158.25,844,881,11.98,69.95,0,0.73,16.05.2024 22:47:45
0,160.50,856,881,11.97,69.98,0,0.91,16.05.2024 22:47:47
0,155.81,831,881,11.97,69.96,0,0.54,16.05.2024 22:47:49
0,156.94,837,880,11.97,69.99,0,0.62,16.05.2024 22:47:51
0,157.31,839,880,11.97,69.98,0,0.65,16.05.2024 22:47:53
0,157.50,840,880,11.98,69.99,0,0.66,16.05.2024 22:47:55
0,156.56,835,880,11.97,69.97,0,0.60,16.05.2024 22:47:58
0,157.50,840,880,11.97,69.99,0,0.67,16.05.2024 22:48:00
0,156.94,837,880,11.97,69.98,0,0.62,16.05.2024 22:48:02
0,158.06,843,880,11.95,69.97,0,0.72,16.05.2024 22:48:04
0,157.13,838,880,12.00,69.97,0,0.63,16.05.2024 22:48:06
0,157.69,841,880,11.95,69.99,0,0.69,16.05.2024 22:48:08
0,159.94,853,880,11.98,69.99,0,0.86,16.05.2024 22:48:10
0,157.69,841,880,11.98,69.98,0,0.68,16.05.2024 22:48:12
0,159.94,853,881,11.98,69.97,0,0.86,16.05.2024 22:48:14
0,156.38,834,881,11.95,69.99,0,0.58,16.05.2024 22:48:17
0,155.25,828,881,11.98,69.94,0,0.49,16.05.2024 22:48:19
0,156.38,834,880,11.98,69.99,0,0.58,16.05.2024 22:48:21
0,156.38,834,880,11.97,69.94,0,0.58,16.05.2024 22:48:23
0,157.88,842,880,11.97,69.95,0,0.70,16.05.2024 22:48:25
0,156.94,837,880,11.98,69.97,0,0.62,16.05.2024 22:48:27
0,157.50,840,881,11.97,69.97,0,0.67,16.05.2024 22:48:29
0,154.50,824,880,11.97,69.96,0,0.44,16.05.2024 22:48:31
0,155.44,829,881,11.97,69.97,0,0.51,16.05.2024 22:48:34
0,156.94,837,880,11.98,69.94,0,0.62,16.05.2024 22:48:36
0,156.38,834,880,12.00,69.96,0,0.58,16.05.2024 22:48:38
0,153.56,819,880,11.98,69.98,0,0.36,16.05.2024 22:48:40
0,156.38,834,880,12.00,69.94,0,0.58,16.05.2024 22:48:42
0,156.75,836,880,11.97,69.98,0,0.61,16.05.2024 22:48:44
0,154.50,824,881,11.97,69.98,0,0.44,16.05.2024 22:48:46
0,161.06,859,881,11.98,69.98,0,0.95,16.05.2024 22:48:48
0,154.88,826,881,11.98,69.98,0,0.46,16.05.2024 22:48:51
0,158.25,844,881,11.98,69.94,0,0.73,16.05.2024 22:48:53
0,154.88,826,881,11.97,69.94,0,0.47,16.05.2024 22:48:55
0,157.69,841,881,11.97,69.96,0,0.68,16.05.2024 22:48:57
0,157.31,839,881,11.97,69.96,0,0.65,16.05.2024 22:48:59
0,155.63,830,881,11.97,69.96,0,0.52,16.05.2024 22:49:01
0,156.00,832,881,11.98,69.98,0,0.55,16.05.2024 22:49:03
0,158.63,846,882,12.00,69.97,0,0.75,16.05.2024 22:49:05
0,155.44,829,881,11.95,69.93,0,0.51,16.05.2024 22:49:08
0,155.25,828,881,11.97,69.97,0,0.49,16.05.2024 22:49:10
0,154.69,825,880,11.97,69.97,0,0.45,16.05.2024 22:49:12
0,156.75,836,881,12.00,69.96,0,0.61,16.05.2024 22:49:14
0,156.00,832,881,11.98,69.98,0,0.55,16.05.2024 22:49:18
0,158.06,843,880,11.95,69.98,0,0.72,16.05.2024 22:49:20
0,155.81,831,880,11.97,69.94,0,0.54,16.05.2024 22:49:22
0,155.25,828,880,11.97,69.95,0,0.50,16.05.2024 22:49:24
0,153.38,818,880,11.98,69.95,0,0.35,16.05.2024 22:49:27
0,150.19,801,879,11.95,69.97,0,0.13,16.05.2024 22:49:29
0,153.19,817,879,11.95,69.96,0,0.34,16.05.2024 22:49:31
0,157.13,838,879,11.97,69.96,0,0.64,16.05.2024 22:49:33
0,153.75,820,879,11.97,69.95,0,0.38,16.05.2024 22:49:35
0,157.31,839,878,11.98,69.98,0,0.65,16.05.2024 22:49:37
0,157.13,838,879,11.98,69.95,0,0.64,16.05.2024 22:49:39
0,155.06,827,879,11.97,69.97,0,0.48,16.05.2024 22:49:41
0,153.56,819,878,11.97,69.95,0,0.37,16.05.2024 22:49:43
0,154.13,822,879,11.97,70.00,0,0.41,16.05.2024 22:49:46
0,156.75,836,878,11.95,69.95,0,0.61,16.05.2024 22:49:48
0,156.38,834,877,11.95,69.99,0,0.58,16.05.2024 22:49:50
0,158.25,844,876,11.95,69.97,0,0.73,16.05.2024 22:49:52
0,157.50,840,877,12.00,69.98,0,0.66,16.05.2024 22:49:54
0,156.56,835,876,11.94,69.94,0,0.60,16.05.2024 22:49:56
0,157.31,839,876,11.95,69.99,0,0.66,16.05.2024 22:49:58
0,159.56,851,876,11.95,69.96,0,0.84,16.05.2024 22:50:00
0,154.31,823,875,11.94,69.97,0,0.43,16.05.2024 22:50:03
0,157.88,842,876,11.95,69.99,0,0.70,16.05.2024 22:50:05
0,156.56,835,876,11.98,69.98,0,0.59,16.05.2024 22:50:07
0,153.75,820,876,11.97,69.96,0,0.38,16.05.2024 22:50:09
0,153.75,820,876,11.94,69.98,0,0.39,16.05.2024 22:50:11
0,154.31,823,876,11.95,69.99,0,0.43,16.05.2024 22:50:14
0,156.19,833,876,11.94,69.97,0,0.57,16.05.2024 22:50:16
0,157.50,840,876,11.95,69.99,0,0.67,16.05.2024 22:50:19
0,157.88,842,876,11.94,69.98,0,0.70,16.05.2024 22:50:21
0,156.00,832,875,11.95,69.99,0,0.55,16.05.2024 22:50:23
0,156.38,834,875,11.94,69.99,0,0.59,16.05.2024 22:50:25
0,155.63,830,875,11.93,69.95,0,0.53,16.05.2024 22:50:27
0,159.56,851,875,11.94,69.97,0,0.84,16.05.2024 22:50:29
0,158.25,844,875,11.97,69.99,0,0.73,16.05.2024 22:50:33
0,155.44,829,876,11.97,69.99,0,0.51,16.05.2024 22:50:35
0,156.94,837,877,11.95,69.96,0,0.63,16.05.2024 22:50:38
0,153.19,817,876,11.95,70.01,0,0.34,16.05.2024 22:50:40
0,153.56,819,876,11.95,69.97,0,0.37,16.05.2024 22:50:42
0,153.75,820,876,11.94,70.00,0,0.39,16.05.2024 22:50:44
0,153.94,821,876,11.94,69.98,0,0.40,16.05.2024 22:50:46
0,156.75,836,875,11.95,69.98,0,0.61,16.05.2024 22:50:48
0,152.25,812,875,11.95,69.99,0,0.27,16.05.2024 22:50:50
0,156.19,833,875,11.95,69.99,0,0.57,16.05.2024 22:50:52
0,154.88,826,875,11.94,70.01,0,0.47,16.05.2024 22:50:55
0,156.75,836,875,11.94,70.01,0,0.61,16.05.2024 22:50:57
0,155.06,827,874,11.97,69.98,0,0.48,16.05.2024 22:50:59
0,149.44,797,875,11.97,69.98,0,0.07,16.05.2024 22:51:01
0,154.13,822,875,11.94,69.98,0,0.41,16.05.2024 22:51:03
0,158.63,846,875,11.95,69.99,0,0.76,16.05.2024 22:51:05
0,158.63,846,875,11.94,70.00,0,0.76,16.05.2024 22:51:07
0,159.38,850,876,11.94,69.98,0,0.82,16.05.2024 22:51:09
0,159.19,849,876,11.95,69.99,0,0.81,16.05.2024 22:51:12
0,158.06,843,876,11.94,69.99,0,0.72,16.05.2024 22:51:14
0,151.69,809,875,11.95,69.99,0,0.23,16.05.2024 22:51:16
0,158.81,847,876,11.94,70.00,0,0.78,16.05.2024 22:51:18
0,157.50,840,876,11.95,70.00,0,0.67,16.05.2024 22:51:20
0,157.13,838,875,11.97,70.02,0,0.64,16.05.2024 22:51:22
0,159.38,850,876,11.95,69.99,0,0.82,16.05.2024 22:51:24
0,154.88,826,876,11.95,70.02,0,0.47,16.05.2024 22:51:26
0,156.00,832,876,11.94,69.98,0,0.56,16.05.2024 22:51:29
0,158.25,844,876,11.93,70.00,0,0.74,16.05.2024 22:51:31
0,156.94,837,876,11.94,69.99,0,0.63,16.05.2024 22:51:33
0,157.31,839,876,11.95,69.99,0,0.66,16.05.2024 22:51:35
0,157.31,839,876,11.94,69.98,0,0.66,16.05.2024 22:51:37
0,155.81,831,876,11.94,70.00,0,0.54,16.05.2024 22:51:39
0,157.13,838,877,11.95,69.99,0,0.64,16.05.2024 22:51:41
0,155.63,830,877,11.93,70.00,0,0.53,16.05.2024 22:51:43
0,161.44,861,878,11.94,70.02,0,0.99,16.05.2024 22:51:45
0,154.50,824,878,11.93,69.99,0,0.44,16.05.2024 22:51:48
0,157.31,839,878,11.94,69.99,0,0.66,16.05.2024 22:51:50
0,154.88,826,878,11.93,70.00,0,0.47,16.05.2024 22:51:52
0,154.13,822,878,11.94,69.99,0,0.41,16.05.2024 22:51:54
0,156.38,834,879,11.94,70.01,0,0.58,16.05.2024 22:51:56
0,154.50,824,878,11.94,69.99,0,0.44,16.05.2024 22:51:58
0,156.38,834,879,11.94,70.00,0,0.58,16.05.2024 22:52:00
0,155.63,830,879,11.91,70.00,0,0.53,16.05.2024 22:52:02
0,158.25,844,879,11.90,69.98,0,0.74,16.05.2024 22:52:05
0,154.69,825,880,11.95,70.00,0,0.45,16.05.2024 22:52:07
0,157.13,838,880,11.94,70.03,0,0.64,16.05.2024 22:52:09
0,151.88,810,880,11.93,70.02,0,0.25,16.05.2024 22:52:11
0,158.44,845,881,11.95,70.01,0,0.74,16.05.2024 22:52:13
0,158.06,843,880,11.90,69.99,0,0.73,16.05.2024 22:52:15
0,154.50,824,881,11.95,70.00,0,0.44,16.05.2024 22:52:17
0,154.88,826,881,11.94,70.01,0,0.47,16.05.2024 22:52:19
0,156.75,836,881,11.95,70.03,0,0.61,16.05.2024 22:52:22
0,156.00,832,881,11.93,70.01,0,0.56,16.05.2024 22:52:24
0,157.50,840,881,11.91,70.00,0,0.68,16.05.2024 22:52:26
0,157.50,840,880,11.94,70.02,0,0.67,16.05.2024 22:52:28
0,159.38,850,881,11.94,69.98,0,0.82,16.05.2024 22:52:30
0,157.13,838,881,11.94,69.99,0,0.64,16.05.2024 22:52:32
0,153.56,819,881,11.94,69.99,0,0.37,16.05.2024 22:52:34
0,155.63,830,881,11.95,69.99,0,0.52,16.05.2024 22:52:36
0,154.88,826,881,11.94,70.04,0,0.47,16.05.2024 22:52:39
0,158.25,844,881,11.94,69.99,0,0.73,16.05.2024 22:52:43
0,155.44,829,881,11.93,70.00,0,0.52,16.05.2024 22:52:45
0,156.19,833,881,11.93,70.02,0,0.57,16.05.2024 22:52:47
0,154.88,826,880,11.93,70.00,0,0.47,16.05.2024 22:52:49
0,153.19,817,880,11.94,70.02,0,0.34,16.05.2024 22:52:51
0,157.13,838,880,11.94,70.03,0,0.64,16.05.2024 22:52:53
0,155.06,827,880,11.93,70.02,0,0.49,16.05.2024 22:52:55
0,154.69,825,880,11.94,70.01,0,0.46,16.05.2024 22:52:57
0,149.81,799,879,11.93,70.01,0,0.10,16.05.2024 22:53:00
0,153.94,821,879,11.94,70.02,0,0.40,16.05.2024 22:53:02
0,157.88,842,879,11.95,70.00,0,0.70,16.05.2024 22:53:04
0,154.88,826,879,11.93,70.02,0,0.47,16.05.2024 22:53:06
0,156.00,832,879,11.94,70.03,0,0.55,16.05.2024 22:53:08
0,154.13,822,879,11.93,70.02,0,0.42,16.05.2024 22:53:10
0,156.94,837,878,11.94,70.03,0,0.63,16.05.2024 22:53:12
0,155.44,829,878,11.93,70.03,0,0.51,16.05.2024 22:53:14
0,157.69,841,878,11.94,70.04,0,0.69,16.05.2024 22:53:17
0,156.38,834,878,11.95,70.03,0,0.58,16.05.2024 22:53:19
0,160.50,856,879,11.93,70.01,0,0.92,16.05.2024 22:53:21
0,155.63,830,879,11.90,70.01,0,0.53,16.05.2024 22:53:23
0,159.56,851,879,11.91,70.00,0,0.84,16.05.2024 22:53:25
0,156.75,836,879,11.94,69.99,0,0.61,16.05.2024 22:53:27
0,158.25,844,878,11.93,70.02,0,0.73,16.05.2024 22:53:29
0,160.69,857,878,11.93,70.05,0,0.93,16.05.2024 22:53:31
0,157.31,839,878,11.91,70.04,0,0.66,16.05.2024 22:53:34
0,157.13,838,878,11.93,70.04,0,0.64,16.05.2024 22:53:36
0,158.63,846,878,11.93,70.05,0,0.76,16.05.2024 22:53:38
0,153.00,816,878,11.93,70.05,0,0.33,16.05.2024 22:53:40
0,154.69,825,877,11.93,70.04,0,0.46,16.05.2024 22:53:42
0,158.06,843,877,11.88,70.03,0,0.73,16.05.2024 22:53:44
0,156.38,834,877,11.93,70.02,0,0.59,16.05.2024 22:53:46
0,157.50,840,877,11.94,70.05,0,0.67,16.05.2024 22:53:48
0,153.94,821,878,11.94,70.07,0,0.40,16.05.2024 22:53:51
0,156.00,832,877,11.93,70.03,0,0.56,16.05.2024 22:53:53
0,156.00,832,877,11.93,70.06,0,0.56,16.05.2024 22:53:55
0,156.75,836,876,11.91,70.05,0,0.62,16.05.2024 22:53:57
0,155.25,828,876,11.94,70.05,0,0.50,16.05.2024 22:53:59
0,155.63,830,876,11.91,70.04,0,0.53,16.05.2024 22:54:01
0,156.00,832,876,11.93,70.05,0,0.56,16.05.2024 22:54:03
0,154.88,826,876,11.93,70.05,0,0.47,16.05.2024 22:54:05
0,155.25,828,876,11.94,70.05,0,0.50,16.05.2024 22:54:07
0,156.00,832,875,11.91,70.06,0,0.56,16.05.2024 22:54:10
0,157.50,840,875,11.94,70.03,0,0.67,16.05.2024 22:54:12
0,157.31,839,875,11.91,70.05,0,0.66,16.05.2024 22:54:14
0,159.19,849,874,11.93,70.05,0,0.81,16.05.2024 22:54:16
0,155.81,831,874,11.91,70.06,0,0.54,16.05.2024 22:54:18
0,158.44,845,874,11.93,70.02,0,0.75,16.05.2024 22:54:20
0,156.38,834,874,11.93,70.06,0,0.58,16.05.2024 22:54:22
0,157.69,841,874,11.91,70.07,0,0.69,16.05.2024 22:54:24
0,155.63,830,874,11.94,70.08,0,0.52,16.05.2024 22:54:27
0,158.81,847,874,11.93,70.04,0,0.78,16.05.2024 22:54:29
0,156.94,837,874,11.93,70.05,0,0.63,16.05.2024 22:54:31
0,154.50,824,875,11.91,70.05,0,0.45,16.05.2024 22:54:33
0,151.88,810,875,11.93,70.06,0,0.25,16.05.2024 22:54:35
0,158.63,846,874,11.90,70.07,0,0.77,16.05.2024 22:54:37
0,155.25,828,874,11.91,70.07,0,0.50,16.05.2024 22:54:39
0,153.94,821,875,11.91,70.07,0,0.40,16.05.2024 22:54:41
0,154.69,825,875,11.91,70.08,0,0.46,16.05.2024 22:54:44
0,155.44,829,875,11.93,70.07,0,0.51,16.05.2024 22:54:46
0,152.81,815,875,11.90,70.07,0,0.32,16.05.2024 22:54:48
0,157.69,841,875,11.93,70.05,0,0.69,16.05.2024 22:54:50
0,158.06,843,875,11.91,70.05,0,0.72,16.05.2024 22:54:54
0,158.06,843,874,11.93,70.05,0,0.72,16.05.2024 22:54:56
0,155.44,829,874,11.90,70.09,0,0.52,16.05.2024 22:54:58
0,154.88,826,875,11.93,70.06,0,0.47,16.05.2024 22:55:00
0,152.25,812,875,11.93,70.04,0,0.28,16.05.2024 22:55:03
0,153.94,821,875,11.91,70.07,0,0.40,16.05.2024 22:55:05
0,152.63,814,874,11.90,70.05,0,0.31,16.05.2024 22:55:07
0,150.19,801,874,11.93,70.09,0,0.13,16.05.2024 22:55:09
0,153.75,820,874,11.91,70.05,0,0.39,16.05.2024 22:55:11
0,154.13,822,873,11.91,70.11,0,0.41,16.05.2024 22:55:13
0,153.56,819,873,11.93,70.09,0,0.37,16.05.2024 22:55:15
0,145.13,774,873,11.91,70.09,0,-0.21,16.05.2024 22:55:17
0,153.56,819,873,11.93,70.09,0,0.37,16.05.2024 22:55:19
0,156.38,834,873,11.90,70.09,0,0.59,16.05.2024 22:55:22
0,156.00,832,873,11.91,70.08,0,0.56,16.05.2024 22:55:24
0,154.88,826,873,11.93,70.06,0,0.47,16.05.2024 22:55:26
0,158.06,843,874,11.90,70.08,0,0.72,16.05.2024 22:55:28
0,158.06,843,873,11.88,70.08,0,0.73,16.05.2024 22:55:30
0,157.31,839,873,11.91,70.10,0,0.66,16.05.2024 22:55:32
0,154.69,825,873,11.93,70.10,0,0.45,16.05.2024 22:55:34
0,157.88,842,874,11.88,70.09,0,0.71,16.05.2024 22:55:36
0,155.44,829,873,11.90,70.10,0,0.52,16.05.2024 22:55:39
0,156.00,832,874,11.91,70.13,0,0.56,16.05.2024 22:55:41
0,159.00,848,874,11.90,70.09,0,0.80,16.05.2024 22:55:43
0,155.25,828,873,11.91,70.12,0,0.50,16.05.2024 22:55:45
0,156.56,835,873,11.91,70.11,0,0.60,16.05.2024 22:55:47
0,156.38,834,874,11.91,70.11,0,0.59,16.05.2024 22:55:49
0,154.69,825,874,11.91,70.09,0,0.46,16.05.2024 22:55:51
0,157.88,842,874,11.90,70.10,0,0.71,16.05.2024 22:55:53
0,158.25,844,874,11.90,70.10,0,0.74,16.05.2024 22:55:56
0,157.13,838,874,11.90,70.08,0,0.65,16.05.2024 22:55:58
0,160.69,857,874,11.91,70.12,0,0.93,16.05.2024 22:56:00
0,157.13,838,874,11.90,70.13,0,0.65,16.05.2024 22:56:02
0,158.63,846,874,11.91,70.14,0,0.76,16.05.2024 22:56:04
0,158.44,845,875,11.90,70.10,0,0.75,16.05.2024 22:56:06
0,155.25,828,875,11.91,70.10,0,0.50,16.05.2024 22:56:08
0,156.38,834,874,11.90,70.10,0,0.59,16.05.2024 22:56:10
0,156.19,833,874,11.91,70.09,0,0.57,16.05.2024 22:56:13
0,156.56,835,874,11.90,70.15,0,0.60,16.05.2024 22:56:15
0,157.69,841,874,11.90,70.13,0,0.69,16.05.2024 22:56:17
0,155.44,829,874,11.90,70.13,0,0.52,16.05.2024 22:56:19
0,153.94,821,874,11.93,70.13,0,0.40,16.05.2024 22:56:21
0,157.88,842,874,11.91,70.12,0,0.70,16.05.2024 22:56:23
0,157.88,842,874,11.91,70.14,0,0.70,16.05.2024 22:56:25
0,157.69,841,874,11.90,70.12,0,0.69,16.05.2024 22:56:27
0,155.06,827,874,11.91,70.13,0,0.48,16.05.2024 22:56:29
0,154.69,825,874,11.91,70.14,0,0.46,16.05.2024 22:56:32
0,157.69,841,874,11.91,70.15,0,0.69,16.05.2024 22:56:34
0,158.81,847,875,11.91,70.14,0,0.78,16.05.2024 22:56:36
0,155.25,828,874,11.91,70.12,0,0.50,16.05.2024 22:56:38
0,156.75,836,874,11.90,70.12,0,0.62,16.05.2024 22:56:40
0,155.81,831,874,11.91,70.13,0,0.54,16.05.2024 22:56:42
0,155.81,831,874,11.90,70.16,0,0.54,16.05.2024 22:56:44
0,156.56,835,874,11.91,70.14,0,0.60,16.05.2024 22:56:46
0,158.06,843,875,11.91,70.13,0,0.72,16.05.2024 22:56:49
0,155.25,828,875,11.90,70.14,0,0.50,16.05.2024 22:56:51
0,158.06,843,874,11.91,70.14,0,0.72,16.05.2024 22:56:53
0,152.44,813,874,11.91,70.13,0,0.29,16.05.2024 22:56:55
0,152.44,813,874,11.93,70.16,0,0.29,16.05.2024 22:56:57
0,154.31,823,874,11.91,70.15,0,0.43,16.05.2024 22:56:59
0,156.56,835,874,11.90,70.13,0,0.60,16.05.2024 22:57:01
0,156.38,834,874,11.91,70.15,0,0.58,16.05.2024 22:57:05
0,162.00,864,875,11.91,70.14,0,1.04,16.05.2024 22:57:08
0,157.13,838,875,11.90,70.14,0,0.65,16.05.2024 22:57:10
0,155.81,831,875,11.88,70.12,0,0.55,16.05.2024 22:57:12
0,152.06,811,875,11.91,70.15,0,0.26,16.05.2024 22:57:14
0,152.06,811,875,11.91,70.13,0,0.26,16.05.2024 22:57:16
0,155.44,829,875,11.90,70.16,0,0.51,16.05.2024 22:57:18
0,155.44,829,876,11.91,70.17,0,0.51,16.05.2024 22:57:20
0,153.75,820,876,11.91,70.14,0,0.39,16.05.2024 22:57:22
0,153.19,817,876,11.91,70.18,0,0.34,16.05.2024 22:57:25
0,156.19,833,876,11.93,70.16,0,0.57,16.05.2024 22:57:27
0,158.44,845,876,11.91,70.14,0,0.75,16.05.2024 22:57:29
0,153.56,819,876,11.90,70.16,0,0.37,16.05.2024 22:57:31
0,156.94,837,876,11.91,70.14,0,0.63,16.05.2024 22:57:33
0,153.00,816,877,11.91,70.13,0,0.33,16.05.2024 22:57:35
0,159.56,851,877,11.91,70.15,0,0.84,16.05.2024 22:57:37
0,157.31,839,877,11.88,70.16,0,0.66,16.05.2024 22:57:39
0,160.69,857,877,11.88,70.16,0,0.94,16.05.2024 22:57:41
0,156.75,836,877,11.88,70.16,0,0.62,16.05.2024 22:57:44
0,157.50,840,876,11.88,70.16,0,0.68,16.05.2024 22:57:46
0,156.00,832,877,11.93,70.14,0,0.55,16.05.2024 22:57:48
0,156.38,834,877,11.93,70.19,0,0.58,16.05.2024 22:57:50
0,157.31,839,877,11.91,70.16,0,0.66,16.05.2024 22:57:52
0,157.50,840,877,11.90,70.16,0,0.67,16.05.2024 22:57:54
0,157.31,839,877,11.90,70.16,0,0.66,16.05.2024 22:57:56
0,158.81,847,877,11.90,70.16,0,0.78,16.05.2024 22:57:58
0,156.75,836,878,11.87,70.16,0,0.62,16.05.2024 22:58:01
0,151.69,809,878,11.88,70.19,0,0.24,16.05.2024 22:58:03
0,158.63,846,878,11.90,70.17,0,0.76,16.05.2024 22:58:05
0,160.31,855,878,11.93,70.19,0,0.89,16.05.2024 22:58:07
0,159.75,852,877,11.88,70.18,0,0.86,16.05.2024 22:58:09
0,157.13,838,877,11.90,70.17,0,0.64,16.05.2024 22:58:11
0,155.44,829,877,11.91,70.21,0,0.51,16.05.2024 22:58:13
0,155.44,829,877,11.88,70.16,0,0.52,16.05.2024 22:58:15
0,158.44,845,877,11.90,70.17,0,0.75,16.05.2024 22:58:18
0,158.06,843,877,11.91,70.19,0,0.72,16.05.2024 22:58:20
0,158.06,843,877,11.93,70.20,0,0.71,16.05.2024 22:58:22
0,159.38,850,877,11.90,70.20,0,0.82,16.05.2024 22:58:24
0,158.06,843,878,11.90,70.18,0,0.72,16.05.2024 22:58:26
0,156.56,835,878,11.90,70.19,0,0.60,16.05.2024 22:58:28
0,157.69,841,878,11.91,70.19,0,0.69,16.05.2024 22:58:30
0,158.06,843,878,11.91,70.17,0,0.72,16.05.2024 22:58:32
0,157.88,842,879,11.90,70.19,0,0.70,16.05.2024 22:58:35
0,155.63,830,879,11.88,70.19,0,0.53,16.05.2024 22:58:37
0,154.50,824,879,11.90,70.20,0,0.44,16.05.2024 22:58:39
0,156.19,833,879,11.91,70.19,0,0.57,16.05.2024 22:58:41
0,152.44,813,879,11.90,70.19,0,0.29,16.05.2024 22:58:43
0,158.06,843,879,11.90,70.15,0,0.72,16.05.2024 22:58:45
0,156.19,833,879,11.90,70.18,0,0.57,16.05.2024 22:58:47
0,158.06,843,879,11.88,70.20,0,0.72,16.05.2024 22:58:49
0,156.19,833,879,11.90,70.21,0,0.57,16.05.2024 22:58:51
0,157.31,839,879,11.91,70.20,0,0.66,16.05.2024 22:58:54
0,155.06,827,879,11.91,70.19,0,0.48,16.05.2024 22:58:56
0,156.19,833,879,11.91,70.20,0,0.57,16.05.2024 22:58:58
0,157.31,839,879,11.90,70.21,0,0.66,16.05.2024 22:59:00
0,155.06,827,879,11.90,70.21,0,0.48,16.05.2024 22:59:02
0,156.75,836,879,11.90,70.18,0,0.61,16.05.2024 22:59:04
0,154.13,822,879,11.88,70.20,0,0.42,16.05.2024 22:59:06
0,158.25,844,878,11.91,70.22,0,0.73,16.05.2024 22:59:08
0,155.44,829,879,11.91,70.18,0,0.51,16.05.2024 22:59:11
0,155.81,831,878,11.90,70.22,0,0.54,16.05.2024 22:59:13
0,156.56,835,878,11.90,70.22,0,0.60,16.05.2024 22:59:17
0,155.44,829,878,11.93,70.21,0,0.51,16.05.2024 22:59:19
0,157.69,841,878,11.91,70.18,0,0.69,16.05.2024 22:59:21
0,155.25,828,878,11.90,70.21,0,0.50,16.05.2024 22:59:23
0,145.69,777,878,11.88,70.20,0,-0.17,16.05.2024 22:59:25
0,151.88,810,878,11.90,70.21,0,0.25,16.05.2024 22:59:27
0,157.50,840,877,11.91,70.21,0,0.67,16.05.2024 22:59:30
0,153.38,818,877,11.88,70.22,0,0.36,16.05.2024 22:59:32
0,153.94,821,877,11.91,70.20,0,0.40,16.05.2024 22:59:34
0,156.75,836,877,11.88,70.21,0,0.62,16.05.2024 22:59:36
0,154.88,826,877,11.90,70.21,0,0.47,16.05.2024 22:59:38
0,153.56,819,877,11.88,70.22,0,0.37,16.05.2024 22:59:40
0,156.00,832,876,11.91,70.21,0,0.55,16.05.2024 22:59:42
0,155.81,831,876,11.90,70.24,0,0.54,16.05.2024 22:59:44
0,155.81,831,875,11.91,70.21,0,0.54,16.05.2024 22:59:47
0,154.13,822,875,11.93,70.24,0,0.41,16.05.2024 22:59:49
0,153.94,821,875,11.88,70.21,0,0.40,16.05.2024 22:59:51
0,155.44,829,875,11.90,70.21,0,0.51,16.05.2024 22:59:53
0,156.94,837,875,11.90,70.21,0,0.63,16.05.2024 22:59:55
0,156.56,835,875,11.90,70.24,0,0.60,16.05.2024 22:59:57
0,157.31,839,875,11.88,70.21,0,0.66,16.05.2024 22:59:59
