0,159.56,851,875,11.90,70.24,0,0.84,16.05.2024 23:00:01
0,156.94,837,875,11.88,70.22,0,0.63,16.05.2024 23:00:04
0,159.00,848,874,11.90,70.24,0,0.79,16.05.2024 23:00:06
0,158.06,843,875,11.88,70.24,0,0.72,16.05.2024 23:00:08
0,159.56,851,874,11.88,70.22,0,0.84,16.05.2024 23:00:10
0,159.38,850,875,11.88,70.27,0,0.82,16.05.2024 23:00:12
0,156.00,832,874,11.90,70.24,0,0.55,16.05.2024 23:00:14
0,154.69,825,874,11.88,70.23,0,0.46,16.05.2024 23:00:16
0,158.44,845,874,11.88,70.24,0,0.75,16.05.2024 23:00:18
0,157.31,839,873,11.88,70.26,0,0.66,16.05.2024 23:00:20
0,154.13,822,873,11.91,70.25,0,0.41,16.05.2024 23:00:23
0,158.25,844,872,11.90,70.28,0,0.73,16.05.2024 23:00:25
0,154.69,825,872,11.90,70.25,0,0.45,16.05.2024 23:00:27
0,155.81,831,872,11.88,70.24,0,0.54,16.05.2024 23:00:29
0,156.00,832,871,11.90,70.25,0,0.55,16.05.2024 23:00:31
0,159.75,852,871,11.91,70.27,0,0.85,16.05.2024 23:00:33
0,158.44,845,870,11.91,70.31,0,0.74,16.05.2024 23:00:35
0,156.38,834,870,11.90,70.25,0,0.58,16.05.2024 23:00:37
0,154.88,826,870,11.90,70.25,0,0.47,16.05.2024 23:00:40
0,153.56,819,870,11.88,70.24,0,0.37,16.05.2024 23:00:42
0,155.44,829,871,11.90,70.25,0,0.51,16.05.2024 23:00:44
0,156.38,834,871,11.90,70.26,0,0.58,16.05.2024 23:00:46
0,160.31,855,870,11.90,70.24,0,0.90,16.05.2024 23:00:48
0,156.94,837,870,11.88,70.26,0,0.63,16.05.2024 23:00:50
0,156.56,835,870,11.90,70.26,0,0.60,16.05.2024 23:00:52
0,158.63,846,870,11.88,70.25,0,0.76,16.05.2024 23:00:54
0,157.50,840,870,11.90,70.26,0,0.67,16.05.2024 23:00:56
0,155.63,830,869,11.90,70.27,0,0.52,16.05.2024 23:00:59
0,158.44,845,869,11.90,70.27,0,0.74,16.05.2024 23:01:01
0,157.13,838,869,11.90,70.26,0,0.64,16.05.2024 23:01:03
0,157.88,842,869,11.88,70.29,0,0.70,16.05.2024 23:01:05
0,157.50,840,869,11.90,70.28,0,0.67,16.05.2024 23:01:07
0,157.69,841,870,11.90,70.29,0,0.68,16.05.2024 23:01:09
0,155.25,828,869,11.90,70.30,0,0.49,16.05.2024 23:01:11
0,155.63,830,869,11.91,70.26,0,0.52,16.05.2024 23:01:13
0,159.75,852,870,11.91,70.29,0,0.85,16.05.2024 23:01:16
0,155.63,830,869,11.88,70.28,0,0.53,16.05.2024 23:01:18
0,158.06,843,870,11.85,70.27,0,0.72,16.05.2024 23:01:20
0,154.50,824,870,11.91,70.27,0,0.44,16.05.2024 23:01:22
0,156.94,837,869,11.88,70.30,0,0.63,16.05.2024 23:01:26
0,151.69,809,870,11.93,70.29,0,0.23,16.05.2024 23:01:28
0,156.75,836,870,11.90,70.29,0,0.61,16.05.2024 23:01:30
0,147.00,784,869,11.90,70.29,0,-0.09,16.05.2024 23:01:32
0,156.38,834,869,11.90,70.26,0,0.58,16.05.2024 23:01:35
0,150.00,800,869,11.91,70.27,0,0.11,16.05.2024 23:01:37
0,151.31,807,870,11.88,70.27,0,0.21,16.05.2024 23:01:39
0,154.13,822,869,11.90,70.26,0,0.41,16.05.2024 23:01:41
0,154.88,826,869,11.90,70.31,0,0.47,16.05.2024 23:01:43
0,157.13,838,869,11.90,70.30,0,0.64,16.05.2024 23:01:45
0,154.13,822,869,11.88,70.28,0,0.41,16.05.2024 23:01:47
0,157.31,839,869,11.91,70.30,0,0.65,16.05.2024 23:01:49
0,158.63,846,869,11.90,70.30,0,0.76,16.05.2024 23:01:51
0,160.31,855,869,11.90,70.28,0,0.90,16.05.2024 23:01:54
0,157.88,842,869,11.90,70.29,0,0.70,16.05.2024 23:01:56
0,159.75,852,869,11.90,70.27,0,0.85,16.05.2024 23:01:58
0,157.88,842,868,11.87,70.29,0,0.70,16.05.2024 23:02:00
0,159.56,851,868,11.90,70.31,0,0.83,16.05.2024 23:02:02
0,159.94,853,868,11.88,70.31,0,0.87,16.05.2024 23:02:04
0,157.13,838,868,11.88,70.29,0,0.64,16.05.2024 23:02:06
0,153.19,817,868,11.88,70.30,0,0.34,16.05.2024 23:02:08
0,157.50,840,869,11.90,70.30,0,0.67,16.05.2024 23:02:11
0,156.56,835,869,11.90,70.31,0,0.59,16.05.2024 23:02:13
0,159.00,848,869,11.90,70.30,0,0.79,16.05.2024 23:02:15
0,156.00,832,869,11.88,70.31,0,0.55,16.05.2024 23:02:17
0,159.00,848,869,11.88,70.32,0,0.79,16.05.2024 23:02:19
0,156.00,832,868,11.87,70.30,0,0.56,16.05.2024 23:02:21
0,158.81,847,868,11.90,70.28,0,0.77,16.05.2024 23:02:23
0,156.94,837,868,11.90,70.33,0,0.62,16.05.2024 23:02:25
0,158.25,844,868,11.90,70.31,0,0.73,16.05.2024 23:02:27
0,157.13,838,868,11.91,70.31,0,0.64,16.05.2024 23:02:30
0,151.69,809,868,11.90,70.32,0,0.23,16.05.2024 23:02:32
0,156.94,837,868,11.87,70.32,0,0.63,16.05.2024 23:02:34
0,156.19,833,868,11.88,70.32,0,0.57,16.05.2024 23:02:36
0,159.38,850,868,11.90,70.35,0,0.82,16.05.2024 23:02:38
0,158.25,844,868,11.90,70.33,0,0.73,16.05.2024 23:02:40
0,158.44,845,868,11.88,70.30,0,0.75,16.05.2024 23:02:42
0,156.94,837,868,11.91,70.30,0,0.62,16.05.2024 23:02:44
0,156.94,837,867,11.91,70.29,0,0.62,16.05.2024 23:02:47
0,156.94,837,867,11.90,70.29,0,0.62,16.05.2024 23:02:49
0,155.63,830,866,11.90,70.32,0,0.52,16.05.2024 23:02:51
0,157.31,839,866,11.91,70.34,0,0.65,16.05.2024 23:02:53
0,160.13,854,866,11.88,70.33,0,0.88,16.05.2024 23:02:55
0,158.81,847,866,11.88,70.33,0,0.77,16.05.2024 23:02:57
0,159.00,848,866,11.91,70.34,0,0.78,16.05.2024 23:02:59
0,158.25,844,866,11.88,70.30,0,0.73,16.05.2024 23:03:01
0,153.94,821,867,11.90,70.34,0,0.39,16.05.2024 23:03:04
0,158.06,843,867,11.90,70.34,0,0.71,16.05.2024 23:03:06
0,154.31,823,867,11.91,70.32,0,0.42,16.05.2024 23:03:08
0,156.56,835,867,11.90,70.35,0,0.59,16.05.2024 23:03:10
0,156.19,833,866,11.90,70.32,0,0.57,16.05.2024 23:03:12
0,158.63,846,867,11.90,70.31,0,0.76,16.05.2024 23:03:14
0,160.13,854,866,11.88,70.31,0,0.88,16.05.2024 23:03:16
0,151.69,809,866,11.88,70.31,0,0.23,16.05.2024 23:03:18
0,156.00,832,866,11.88,70.31,0,0.55,16.05.2024 23:03:20
0,156.75,836,866,11.90,70.33,0,0.61,16.05.2024 23:03:25
0,157.88,842,866,11.91,70.32,0,0.69,16.05.2024 23:03:27
0,155.25,828,866,11.90,70.35,0,0.49,16.05.2024 23:03:29
0,153.94,821,866,11.90,70.32,0,0.40,16.05.2024 23:03:31
0,153.00,816,867,11.90,70.34,0,0.33,16.05.2024 23:03:33
0,154.50,824,866,11.90,70.34,0,0.44,16.05.2024 23:03:35
0,154.31,823,866,11.91,70.33,0,0.42,16.05.2024 23:03:37
0,156.00,832,866,11.90,70.33,0,0.55,16.05.2024 23:03:39
0,154.69,825,866,11.88,70.34,0,0.45,16.05.2024 23:03:42
0,156.00,832,865,11.90,70.34,0,0.55,16.05.2024 23:03:44
0,154.88,826,865,11.90,70.34,0,0.46,16.05.2024 23:03:46
0,155.44,829,865,11.91,70.34,0,0.50,16.05.2024 23:03:48
0,162.38,866,866,11.88,70.33,0,1.07,16.05.2024 23:03:50
0,150.56,803,865,11.90,70.29,0,0.15,16.05.2024 23:03:52
0,156.00,832,866,11.90,70.34,0,0.55,16.05.2024 23:03:54
0,158.06,843,866,11.88,70.37,0,0.71,16.05.2024 23:03:56
0,158.06,843,866,11.90,70.31,0,0.71,16.05.2024 23:03:58
0,157.31,839,866,11.88,70.32,0,0.66,16.05.2024 23:04:01
0,157.50,840,866,11.90,70.35,0,0.67,16.05.2024 23:04:03
0,159.19,849,866,11.90,70.36,0,0.80,16.05.2024 23:04:05
0,158.25,844,866,11.90,70.36,0,0.72,16.05.2024 23:04:07
0,157.31,839,866,11.85,70.33,0,0.66,16.05.2024 23:04:09
0,159.38,850,865,11.88,70.34,0,0.82,16.05.2024 23:04:11
0,159.19,849,865,11.90,70.36,0,0.80,16.05.2024 23:04:13
0,161.25,860,865,11.90,70.36,0,0.97,16.05.2024 23:04:15
0,160.31,855,865,11.90,70.31,0,0.89,16.05.2024 23:04:18
0,155.25,828,865,11.91,70.34,0,0.49,16.05.2024 23:04:20
0,159.94,853,866,11.88,70.34,0,0.87,16.05.2024 23:04:22
0,156.38,834,865,11.88,70.34,0,0.58,16.05.2024 23:04:24
0,157.69,841,865,11.90,70.35,0,0.68,16.05.2024 23:04:26
0,159.38,850,865,11.88,70.37,0,0.82,16.05.2024 23:04:28
0,156.75,836,865,11.90,70.36,0,0.61,16.05.2024 23:04:30
0,159.19,849,865,11.91,70.37,0,0.80,16.05.2024 23:04:32
0,156.19,833,866,11.90,70.36,0,0.56,16.05.2024 23:04:34
0,158.81,847,865,11.90,70.36,0,0.77,16.05.2024 23:04:37
0,157.50,840,865,11.90,70.38,0,0.66,16.05.2024 23:04:39
0,154.50,824,865,11.88,70.35,0,0.44,16.05.2024 23:04:41
0,155.81,831,865,11.90,70.36,0,0.54,16.05.2024 23:04:43
0,156.56,835,865,11.88,70.34,0,0.60,16.05.2024 23:04:45
0,156.75,836,864,11.90,70.36,0,0.61,16.05.2024 23:04:47
0,157.13,838,864,11.87,70.37,0,0.64,16.05.2024 23:04:49
0,155.25,828,864,11.90,70.35,0,0.49,16.05.2024 23:04:51
0,156.00,832,864,11.88,70.32,0,0.55,16.05.2024 23:04:54
0,156.19,833,863,11.88,70.35,0,0.57,16.05.2024 23:04:56
0,156.75,836,864,11.93,70.35,0,0.60,16.05.2024 23:04:58
0,155.63,830,864,11.88,70.35,0,0.52,16.05.2024 23:05:00
0,154.88,826,863,11.90,70.34,0,0.46,16.05.2024 23:05:02
0,158.44,845,863,11.90,70.35,0,0.74,16.05.2024 23:05:04
0,154.69,825,863,11.88,70.36,0,0.45,16.05.2024 23:05:06
0,159.38,850,862,11.88,70.35,0,0.82,16.05.2024 23:05:08
0,156.19,833,862,11.91,70.35,0,0.56,16.05.2024 23:05:11
0,157.13,838,862,11.90,70.38,0,0.64,16.05.2024 23:05:13
0,155.25,828,863,11.90,70.36,0,0.49,16.05.2024 23:05:15
0,156.19,833,863,11.90,70.35,0,0.56,16.05.2024 23:05:17
0,157.13,838,863,11.90,70.36,0,0.64,16.05.2024 23:05:19
0,155.25,828,863,11.91,70.35,0,0.49,16.05.2024 23:05:21
0,159.75,852,863,11.90,70.36,0,0.85,16.05.2024 23:05:23
0,157.88,842,864,11.90,70.36,0,0.70,16.05.2024 23:05:25
0,155.63,830,864,11.90,70.35,0,0.52,16.05.2024 23:05:29
0,157.31,839,864,11.91,70.38,0,0.65,16.05.2024 23:05:32
0,156.38,834,864,11.90,70.35,0,0.58,16.05.2024 23:05:34
0,153.56,819,864,11.88,70.37,0,0.37,16.05.2024 23:05:36
0,154.69,825,864,11.90,70.36,0,0.45,16.05.2024 23:05:38
0,153.75,820,865,11.88,70.37,0,0.38,16.05.2024 23:05:40
0,154.13,822,865,11.88,70.38,0,0.41,16.05.2024 23:05:42
0,146.06,779,865,11.91,70.37,0,-0.16,16.05.2024 23:05:44
0,153.75,820,865,11.91,70.38,0,0.38,16.05.2024 23:05:46
0,155.44,829,866,11.87,70.38,0,0.51,16.05.2024 23:05:49
0,154.88,826,865,11.90,70.36,0,0.46,16.05.2024 23:05:51
0,153.75,820,866,11.91,70.36,0,0.38,16.05.2024 23:05:53
0,155.44,829,866,11.88,70.41,0,0.51,16.05.2024 23:05:55
0,156.38,834,865,11.90,70.34,0,0.58,16.05.2024 23:05:57
0,156.38,834,865,11.90,70.36,0,0.58,16.05.2024 23:05:59
0,155.25,828,865,11.91,70.41,0,0.49,16.05.2024 23:06:01
0,155.25,828,865,11.91,70.38,0,0.49,16.05.2024 23:06:03
0,157.50,840,865,11.90,70.38,0,0.67,16.05.2024 23:06:05
0,156.38,834,865,11.93,70.41,0,0.57,16.05.2024 23:06:08
0,156.00,832,866,11.90,70.38,0,0.55,16.05.2024 23:06:10
0,158.44,845,865,11.90,70.38,0,0.74,16.05.2024 23:06:12
0,154.31,823,865,11.90,70.36,0,0.42,16.05.2024 23:06:14
0,156.38,834,866,11.91,70.41,0,0.57,16.05.2024 23:06:16
0,156.00,832,867,11.90,70.40,0,0.55,16.05.2024 23:06:18
0,156.56,835,867,11.90,70.36,0,0.59,16.05.2024 23:06:20
0,156.56,835,867,11.91,70.38,0,0.59,16.05.2024 23:06:22
0,156.75,836,868,11.93,70.39,0,0.60,16.05.2024 23:06:25
0,156.75,836,868,11.91,70.41,0,0.60,16.05.2024 23:06:27
0,156.56,835,868,11.90,70.36,0,0.59,16.05.2024 23:06:29
0,156.19,833,868,11.90,70.41,0,0.56,16.05.2024 23:06:31
0,159.75,852,868,11.90,70.40,0,0.84,16.05.2024 23:06:33
0,159.38,850,868,11.90,70.38,0,0.81,16.05.2024 23:06:35
0,159.38,850,868,11.90,70.36,0,0.82,16.05.2024 23:06:37
0,159.19,849,868,11.91,70.38,0,0.80,16.05.2024 23:06:39
0,159.38,850,868,11.90,70.38,0,0.81,16.05.2024 23:06:42
0,157.50,840,868,11.90,70.39,0,0.66,16.05.2024 23:06:44
0,156.56,835,869,11.90,70.39,0,0.59,16.05.2024 23:06:46
0,158.44,845,869,11.91,70.38,0,0.74,16.05.2024 23:06:48
0,156.38,834,869,11.87,70.38,0,0.58,16.05.2024 23:06:50
0,159.38,850,869,11.88,70.35,0,0.82,16.05.2024 23:06:52
0,159.75,852,868,11.90,70.39,0,0.84,16.05.2024 23:06:54
0,157.13,838,868,11.90,70.38,0,0.64,16.05.2024 23:06:56
0,158.44,845,868,11.91,70.36,0,0.74,16.05.2024 23:06:58
0,158.25,844,869,11.93,70.40,0,0.72,16.05.2024 23:07:01
0,157.13,838,870,11.91,70.40,0,0.63,16.05.2024 23:07:03
0,156.00,832,869,11.88,70.38,0,0.55,16.05.2024 23:07:05
0,159.00,848,868,11.90,70.41,0,0.78,16.05.2024 23:07:07
0,161.63,862,868,11.90,70.40,0,1.00,16.05.2024 23:07:09
0,159.56,851,868,11.91,70.38,0,0.83,16.05.2024 23:07:11
0,154.50,824,868,11.88,70.36,0,0.44,16.05.2024 23:07:13
0,156.19,833,868,11.91,70.38,0,0.56,16.05.2024 23:07:15
0,157.13,838,868,11.91,70.38,0,0.63,16.05.2024 23:07:18
0,160.69,857,868,11.90,70.39,0,0.92,16.05.2024 23:07:20
0,154.69,825,867,11.90,70.39,0,0.45,16.05.2024 23:07:22
0,156.00,832,868,11.90,70.38,0,0.55,16.05.2024 23:07:24
0,157.50,840,868,11.90,70.38,0,0.66,16.05.2024 23:07:26
0,155.63,830,868,11.90,70.38,0,0.52,16.05.2024 23:07:28
0,156.00,832,868,11.91,70.38,0,0.55,16.05.2024 23:07:30
0,153.38,818,868,11.91,70.40,0,0.35,16.05.2024 23:07:34
0,156.00,832,868,11.90,70.38,0,0.55,16.05.2024 23:07:36
0,156.38,834,868,11.90,70.36,0,0.58,16.05.2024 23:07:39
0,153.19,817,868,11.90,70.38,0,0.34,16.05.2024 23:07:41
0,153.00,816,868,11.91,70.41,0,0.32,16.05.2024 23:07:43
0,155.44,829,868,11.88,70.38,0,0.51,16.05.2024 23:07:45
0,154.31,823,868,11.93,70.37,0,0.42,16.05.2024 23:07:47
0,151.69,809,869,11.91,70.41,0,0.23,16.05.2024 23:07:49
0,153.75,820,868,11.88,70.38,0,0.38,16.05.2024 23:07:51
0,154.69,825,867,11.91,70.38,0,0.45,16.05.2024 23:07:53
0,156.00,832,867,11.90,70.38,0,0.55,16.05.2024 23:07:56
0,153.00,816,867,11.93,70.41,0,0.32,16.05.2024 23:07:58
0,152.44,813,867,11.91,70.41,0,0.28,16.05.2024 23:08:00
0,158.44,845,866,11.90,70.39,0,0.74,16.05.2024 23:08:02
0,158.81,847,867,11.90,70.38,0,0.77,16.05.2024 23:08:04
0,155.25,828,867,11.90,70.40,0,0.49,16.05.2024 23:08:06
0,156.38,834,866,11.87,70.38,0,0.58,16.05.2024 23:08:08
0,158.06,843,866,11.91,70.37,0,0.71,16.05.2024 23:08:10
0,154.88,826,866,11.91,70.41,0,0.46,16.05.2024 23:08:13
0,161.25,860,866,11.91,70.40,0,0.97,16.05.2024 23:08:15
0,160.13,854,866,11.90,70.42,0,0.87,16.05.2024 23:08:17
0,156.00,832,866,11.90,70.38,0,0.55,16.05.2024 23:08:19
0,161.44,861,866,11.88,70.37,0,0.99,16.05.2024 23:08:21
0,158.06,843,866,11.88,70.38,0,0.71,16.05.2024 23:08:23
0,156.19,833,866,11.91,70.38,0,0.56,16.05.2024 23:08:25
0,158.25,844,866,11.91,70.40,0,0.72,16.05.2024 23:08:27
0,153.38,818,865,11.88,70.39,0,0.35,16.05.2024 23:08:29
0,158.06,843,865,11.90,70.39,0,0.71,16.05.2024 23:08:32
0,155.44,829,865,11.90,70.39,0,0.51,16.05.2024 23:08:34
0,154.31,823,865,11.90,70.39,0,0.42,16.05.2024 23:08:36
0,153.94,821,866,11.91,70.41,0,0.39,16.05.2024 23:08:38
0,160.13,854,866,11.91,70.41,0,0.87,16.05.2024 23:08:40
0,157.13,838,866,11.88,70.37,0,0.64,16.05.2024 23:08:42
0,157.50,840,866,11.91,70.41,0,0.66,16.05.2024 23:08:44
0,154.69,825,866,11.88,70.37,0,0.45,16.05.2024 23:08:46
0,157.69,841,866,11.90,70.39,0,0.68,16.05.2024 23:08:49
0,159.19,849,867,11.90,70.39,0,0.80,16.05.2024 23:08:51
0,155.25,828,867,11.90,70.42,0,0.49,16.05.2024 23:08:53
0,156.38,834,868,11.88,70.36,0,0.58,16.05.2024 23:08:55
0,157.69,841,868,11.90,70.39,0,0.68,16.05.2024 23:08:57
0,155.63,830,868,11.90,70.41,0,0.52,16.05.2024 23:08:59
0,156.75,836,868,11.90,70.40,0,0.61,16.05.2024 23:09:01
0,158.63,846,868,11.93,70.41,0,0.75,16.05.2024 23:09:03
0,160.31,855,868,11.88,70.39,0,0.89,16.05.2024 23:09:05
0,159.00,848,868,11.88,70.40,0,0.79,16.05.2024 23:09:08
0,156.00,832,868,11.90,70.41,0,0.55,16.05.2024 23:09:10
0,158.81,847,868,11.90,70.36,0,0.77,16.05.2024 23:09:12
0,159.94,853,868,11.90,70.40,0,0.86,16.05.2024 23:09:14
0,157.13,838,868,11.91,70.40,0,0.63,16.05.2024 23:09:16
0,158.63,846,868,11.91,70.38,0,0.75,16.05.2024 23:09:18
0,158.81,847,868,11.90,70.38,0,0.77,16.05.2024 23:09:20
0,156.56,835,869,11.90,70.40,0,0.59,16.05.2024 23:09:22
0,157.88,842,870,11.90,70.41,0,0.69,16.05.2024 23:09:25
0,156.38,834,870,11.88,70.41,0,0.58,16.05.2024 23:09:27
0,160.13,854,870,11.91,70.41,0,0.87,16.05.2024 23:09:29
0,156.00,832,870,11.91,70.38,0,0.55,16.05.2024 23:09:31
0,160.69,857,870,11.91,70.40,0,0.92,16.05.2024 23:09:33
0,157.69,841,871,11.91,70.40,0,0.68,16.05.2024 23:09:35
0,158.06,843,871,11.90,70.39,0,0.71,16.05.2024 23:09:37
0,155.06,827,871,11.91,70.38,0,0.47,16.05.2024 23:09:41
0,159.00,848,870,11.88,70.39,0,0.79,16.05.2024 23:09:44
0,154.88,826,870,11.88,70.37,0,0.47,16.05.2024 23:09:46
0,157.13,838,870,11.91,70.37,0,0.63,16.05.2024 23:09:48
0,155.44,829,870,11.91,70.38,0,0.50,16.05.2024 23:09:50
0,157.31,839,871,11.90,70.36,0,0.65,16.05.2024 23:09:52
0,152.81,815,871,11.91,70.38,0,0.31,16.05.2024 23:09:54
0,155.81,831,871,11.93,70.37,0,0.53,16.05.2024 23:09:56
0,155.81,831,872,11.90,70.36,0,0.53,16.05.2024 23:09:58
0,154.69,825,872,11.90,70.39,0,0.45,16.05.2024 23:10:00
0,155.44,829,872,11.93,70.40,0,0.50,16.05.2024 23:10:03
0,155.06,827,871,11.91,70.41,0,0.47,16.05.2024 23:10:05
0,156.00,832,871,11.93,70.38,0,0.54,16.05.2024 23:10:07
0,156.38,834,871,11.90,70.38,0,0.58,16.05.2024 23:10:09
0,156.19,833,871,11.90,70.38,0,0.56,16.05.2024 23:10:11
0,157.50,840,871,11.88,70.38,0,0.67,16.05.2024 23:10:13
0,155.44,829,870,11.90,70.38,0,0.51,16.05.2024 23:10:15
0,157.31,839,870,11.91,70.41,0,0.65,16.05.2024 23:10:17
0,157.50,840,870,11.91,70.41,0,0.66,16.05.2024 23:10:20
0,157.13,838,871,11.91,70.36,0,0.63,16.05.2024 23:10:22
0,158.06,843,870,11.91,70.38,0,0.71,16.05.2024 23:10:24
0,157.88,842,871,11.88,70.38,0,0.70,16.05.2024 23:10:26
0,158.25,844,871,11.91,70.38,0,0.72,16.05.2024 23:10:28
0,157.31,839,871,11.90,70.38,0,0.65,16.05.2024 23:10:30
0,157.31,839,871,11.91,70.40,0,0.65,16.05.2024 23:10:32
0,158.25,844,871,11.88,70.35,0,0.73,16.05.2024 23:10:34
0,160.50,856,871,11.91,70.41,0,0.90,16.05.2024 23:10:36
0,156.56,835,871,11.91,70.35,0,0.59,16.05.2024 23:10:39
0,157.13,838,871,11.90,70.38,0,0.64,16.05.2024 23:10:41
0,156.94,837,871,11.90,70.39,0,0.62,16.05.2024 23:10:43
0,158.25,844,870,11.93,70.37,0,0.72,16.05.2024 23:10:45
0,156.75,836,870,11.88,70.36,0,0.61,16.05.2024 23:10:47
0,155.25,828,869,11.90,70.38,0,0.49,16.05.2024 23:10:49
0,157.31,839,869,11.87,70.35,0,0.66,16.05.2024 23:10:51
0,156.56,835,869,11.90,70.36,0,0.59,16.05.2024 23:10:53
0,157.88,842,870,11.90,70.35,0,0.70,16.05.2024 23:10:56
0,156.94,837,870,11.91,70.37,0,0.62,16.05.2024 23:10:58
0,160.69,857,870,11.93,70.39,0,0.92,16.05.2024 23:11:00
0,161.25,860,871,11.93,70.39,0,0.96,16.05.2024 23:11:02
0,159.38,850,871,11.90,70.36,0,0.82,16.05.2024 23:11:04
0,159.56,851,871,11.91,70.34,0,0.83,16.05.2024 23:11:06
0,158.44,845,871,11.93,70.36,0,0.73,16.05.2024 23:11:08
0,155.44,829,871,11.91,70.35,0,0.50,16.05.2024 23:11:10
0,155.81,831,871,11.93,70.35,0,0.53,16.05.2024 23:11:13
0,156.56,835,871,11.91,70.37,0,0.59,16.05.2024 23:11:15
0,157.13,838,871,11.90,70.36,0,0.64,16.05.2024 23:11:17
0,157.31,839,872,11.93,70.36,0,0.65,16.05.2024 23:11:19
0,152.81,815,872,11.90,70.36,0,0.31,16.05.2024 23:11:21
0,156.75,836,871,11.87,70.38,0,0.61,16.05.2024 23:11:23
0,153.38,818,871,11.90,70.38,0,0.35,16.05.2024 23:11:25
0,157.88,842,871,11.91,70.34,0,0.69,16.05.2024 23:11:27
0,157.13,838,871,11.90,70.36,0,0.64,16.05.2024 23:11:29
0,153.38,818,871,11.90,70.38,0,0.35,16.05.2024 23:11:32
0,156.75,836,871,11.90,70.33,0,0.61,16.05.2024 23:11:34
0,158.63,846,870,11.90,70.36,0,0.75,16.05.2024 23:11:36
0,153.56,819,870,11.91,70.37,0,0.36,16.05.2024 23:11:38
0,159.19,849,870,11.90,70.35,0,0.80,16.05.2024 23:11:42
0,155.81,831,870,11.93,70.37,0,0.53,16.05.2024 23:11:44
0,158.25,844,870,11.90,70.34,0,0.73,16.05.2024 23:11:46
0,154.31,823,869,11.91,70.36,0,0.42,16.05.2024 23:11:48
0,152.06,811,869,11.91,70.37,0,0.25,16.05.2024 23:11:51
0,155.06,827,869,11.90,70.36,0,0.48,16.05.2024 23:11:53
0,151.13,806,869,11.90,70.38,0,0.19,16.05.2024 23:11:55
0,154.88,826,869,11.90,70.36,0,0.46,16.05.2024 23:11:57
0,152.81,815,869,11.90,70.36,0,0.31,16.05.2024 23:11:59
0,150.75,804,870,11.91,70.38,0,0.16,16.05.2024 23:12:01
0,158.81,847,869,11.90,70.36,0,0.77,16.05.2024 23:12:03
0,155.81,831,869,11.90,70.36,0,0.54,16.05.2024 23:12:05
0,154.50,824,869,11.88,70.36,0,0.44,16.05.2024 23:12:07
0,155.25,828,868,11.91,70.35,0,0.49,16.05.2024 23:12:10
0,159.38,850,869,11.88,70.35,0,0.82,16.05.2024 23:12:12
0,159.38,850,869,11.90,70.36,0,0.82,16.05.2024 23:12:14
0,157.13,838,869,11.90,70.34,0,0.64,16.05.2024 23:12:16
0,158.25,844,870,11.91,70.33,0,0.72,16.05.2024 23:12:18
0,158.81,847,870,11.91,70.34,0,0.77,16.05.2024 23:12:20
0,157.88,842,870,11.88,70.33,0,0.70,16.05.2024 23:12:22
0,157.88,842,870,11.94,70.38,0,0.69,16.05.2024 23:12:24
0,157.31,839,871,11.93,70.34,0,0.65,16.05.2024 23:12:27
0,155.06,827,870,11.90,70.33,0,0.48,16.05.2024 23:12:29
0,159.56,851,870,11.91,70.32,0,0.83,16.05.2024 23:12:31
0,159.56,851,870,11.90,70.38,0,0.83,16.05.2024 23:12:33
0,158.81,847,869,11.91,70.33,0,0.77,16.05.2024 23:12:35
0,159.75,852,869,11.93,70.35,0,0.84,16.05.2024 23:12:37
0,160.13,854,868,11.93,70.34,0,0.87,16.05.2024 23:12:39
0,156.75,836,868,11.88,70.30,0,0.61,16.05.2024 23:12:41
0,159.38,850,869,11.90,70.35,0,0.82,16.05.2024 23:12:44
0,153.94,821,869,11.90,70.34,0,0.39,16.05.2024 23:12:46
0,159.75,852,868,11.90,70.35,0,0.85,16.05.2024 23:12:48
0,154.88,826,868,11.91,70.36,0,0.46,16.05.2024 23:12:50
0,154.31,823,868,11.90,70.36,0,0.42,16.05.2024 23:12:52
0,159.00,848,867,11.90,70.31,0,0.79,16.05.2024 23:12:54
0,153.56,819,868,11.90,70.35,0,0.37,16.05.2024 23:12:56
0,156.38,834,866,11.91,70.36,0,0.58,16.05.2024 23:12:58
0,158.81,847,866,11.90,70.33,0,0.77,16.05.2024 23:13:00
0,161.06,859,865,11.93,70.33,0,0.95,16.05.2024 23:13:03
0,155.44,829,865,11.90,70.32,0,0.51,16.05.2024 23:13:05
0,154.31,823,865,11.93,70.33,0,0.42,16.05.2024 23:13:07
0,154.13,822,866,11.90,70.33,0,0.41,16.05.2024 23:13:09
0,156.38,834,865,11.91,70.34,0,0.58,16.05.2024 23:13:11
0,157.69,841,865,11.90,70.36,0,0.68,16.05.2024 23:13:13
0,161.25,860,865,11.94,70.36,0,0.96,16.05.2024 23:13:15
0,155.81,831,865,11.91,70.31,0,0.53,16.05.2024 23:13:17
0,157.88,842,865,11.90,70.32,0,0.70,16.05.2024 23:13:20
0,156.56,835,865,11.88,70.32,0,0.60,16.05.2024 23:13:22
0,153.38,818,865,11.91,70.32,0,0.35,16.05.2024 23:13:24
0,159.19,849,865,11.90,70.34,0,0.80,16.05.2024 23:13:26
0,153.75,820,864,11.91,70.31,0,0.38,16.05.2024 23:13:28
0,158.44,845,865,11.88,70.31,0,0.75,16.05.2024 23:13:30
0,155.44,829,865,11.91,70.34,0,0.50,16.05.2024 23:13:32
0,159.56,851,864,11.88,70.32,0,0.84,16.05.2024 23:13:34
0,158.06,843,864,11.91,70.30,0,0.71,16.05.2024 23:13:36
0,156.94,837,864,11.88,70.34,0,0.63,16.05.2024 23:13:39
0,157.88,842,864,11.90,70.31,0,0.70,16.05.2024 23:13:41
0,155.63,830,864,11.88,70.32,0,0.52,16.05.2024 23:13:43
0,157.50,840,864,11.90,70.29,0,0.67,16.05.2024 23:13:47
0,153.75,820,864,11.90,70.32,0,0.38,16.05.2024 23:13:49
0,157.13,838,864,11.93,70.32,0,0.63,16.05.2024 23:13:51
0,154.69,825,863,11.90,70.31,0,0.45,16.05.2024 23:13:53
0,154.69,825,863,11.90,70.31,0,0.45,16.05.2024 23:13:55
0,154.88,826,864,11.91,70.29,0,0.46,16.05.2024 23:13:58
0,153.75,820,864,11.88,70.32,0,0.38,16.05.2024 23:14:00
0,153.75,820,863,11.90,70.30,0,0.38,16.05.2024 23:14:02
0,151.88,810,863,11.90,70.31,0,0.24,16.05.2024 23:14:04
0,151.13,806,862,11.90,70.28,0,0.19,16.05.2024 23:14:06
0,152.25,812,862,11.90,70.31,0,0.27,16.05.2024 23:14:08
0,156.19,833,862,11.91,70.30,0,0.56,16.05.2024 23:14:10
0,156.00,832,862,11.90,70.31,0,0.55,16.05.2024 23:14:12
0,154.13,822,862,11.93,70.30,0,0.40,16.05.2024 23:14:14
0,159.75,852,862,11.90,70.31,0,0.85,16.05.2024 23:14:17
0,157.69,841,862,11.87,70.30,0,0.69,16.05.2024 23:14:19
0,155.81,831,862,11.87,70.31,0,0.54,16.05.2024 23:14:21
0,158.25,844,862,11.90,70.31,0,0.73,16.05.2024 23:14:23
0,155.06,827,862,11.91,70.33,0,0.48,16.05.2024 23:14:25
0,153.75,820,861,11.91,70.29,0,0.38,16.05.2024 23:14:27
0,156.94,837,861,11.88,70.29,0,0.63,16.05.2024 23:14:29
0,156.94,837,860,11.91,70.31,0,0.62,16.05.2024 23:14:31
0,155.44,829,860,11.90,70.30,0,0.51,16.05.2024 23:14:34
0,159.75,852,860,11.87,70.29,0,0.85,16.05.2024 23:14:36
0,156.94,837,861,11.91,70.27,0,0.62,16.05.2024 23:14:38
0,158.25,844,861,11.90,70.30,0,0.73,16.05.2024 23:14:40
0,156.19,833,861,11.90,70.30,0,0.57,16.05.2024 23:14:42
0,158.63,846,860,11.88,70.28,0,0.76,16.05.2024 23:14:44
0,157.50,840,861,11.90,70.31,0,0.67,16.05.2024 23:14:46
0,159.94,853,861,11.90,70.29,0,0.86,16.05.2024 23:14:48
0,159.38,850,861,11.88,70.29,0,0.82,16.05.2024 23:14:51
0,157.50,840,861,11.90,70.31,0,0.67,16.05.2024 23:14:53
0,157.31,839,861,11.90,70.30,0,0.65,16.05.2024 23:14:55
0,157.31,839,861,11.90,70.29,0,0.65,16.05.2024 23:14:57
0,158.81,847,861,11.91,70.29,0,0.77,16.05.2024 23:14:59
0,160.31,855,861,11.88,70.27,0,0.90,16.05.2024 23:15:01
0,157.69,841,861,11.91,70.29,0,0.68,16.05.2024 23:15:03
0,155.06,827,861,11.88,70.29,0,0.48,16.05.2024 23:15:05
0,159.38,850,862,11.91,70.26,0,0.82,16.05.2024 23:15:07
0,159.19,849,862,11.87,70.27,0,0.81,16.05.2024 23:15:10
0,151.31,807,862,11.87,70.26,0,0.21,16.05.2024 23:15:12
0,157.88,842,862,11.90,70.28,0,0.70,16.05.2024 23:15:14
0,158.63,846,862,11.88,70.27,0,0.76,16.05.2024 23:15:16
0,157.13,838,862,11.90,70.28,0,0.64,16.05.2024 23:15:18
0,158.81,847,863,11.88,70.31,0,0.78,16.05.2024 23:15:20
0,156.75,836,862,11.88,70.31,0,0.61,16.05.2024 23:15:22
0,156.56,835,863,11.88,70.27,0,0.60,16.05.2024 23:15:24
0,155.25,828,863,11.90,70.28,0,0.50,16.05.2024 23:15:27
0,156.94,837,864,11.87,70.27,0,0.63,16.05.2024 23:15:29
0,155.44,829,864,11.88,70.24,0,0.51,16.05.2024 23:15:31
0,154.31,823,864,11.90,70.25,0,0.43,16.05.2024 23:15:33
0,156.19,833,864,11.90,70.27,0,0.57,16.05.2024 23:15:35
0,155.44,829,864,11.91,70.25,0,0.51,16.05.2024 23:15:37
0,158.44,845,864,11.90,70.26,0,0.74,16.05.2024 23:15:39
0,156.19,833,865,11.90,70.24,0,0.57,16.05.2024 23:15:41
0,157.13,838,865,11.90,70.27,0,0.64,16.05.2024 23:15:43
0,157.50,840,865,11.90,70.28,0,0.67,16.05.2024 23:15:46
0,153.94,821,865,11.88,70.28,0,0.40,16.05.2024 23:15:48
0,158.25,844,865,11.88,70.25,0,0.73,16.05.2024 23:15:52
0,153.19,817,865,11.88,70.24,0,0.35,16.05.2024 23:15:54
0,157.88,842,865,11.91,70.27,0,0.70,16.05.2024 23:15:56
0,154.13,822,866,11.90,70.26,0,0.41,16.05.2024 23:15:58
0,152.81,815,865,11.91,70.28,0,0.31,16.05.2024 23:16:00
0,152.63,814,865,11.93,70.28,0,0.29,16.05.2024 23:16:02
0,150.94,805,865,11.90,70.25,0,0.18,16.05.2024 23:16:05
0,152.81,815,865,11.90,70.29,0,0.31,16.05.2024 23:16:07
0,151.50,808,865,11.91,70.27,0,0.22,16.05.2024 23:16:09
0,154.88,826,865,11.90,70.27,0,0.47,16.05.2024 23:16:11
0,158.81,847,864,11.88,70.25,0,0.78,16.05.2024 23:16:13
0,153.56,819,865,11.90,70.24,0,0.37,16.05.2024 23:16:15
0,154.31,823,865,11.88,70.28,0,0.43,16.05.2024 23:16:17
0,158.06,843,865,11.90,70.26,0,0.71,16.05.2024 23:16:19
0,157.50,840,865,11.88,70.26,0,0.67,16.05.2024 23:16:22
0,159.56,851,865,11.88,70.26,0,0.84,16.05.2024 23:16:24
0,157.13,838,865,11.87,70.23,0,0.65,16.05.2024 23:16:26
0,158.81,847,865,11.90,70.28,0,0.77,16.05.2024 23:16:28
0,157.69,841,865,11.87,70.25,0,0.69,16.05.2024 23:16:30
0,156.75,836,865,11.88,70.25,0,0.61,16.05.2024 23:16:32
0,155.25,828,864,11.88,70.23,0,0.50,16.05.2024 23:16:34
0,156.00,832,864,11.88,70.23,0,0.56,16.05.2024 23:16:36
0,159.19,849,864,11.88,70.23,0,0.81,16.05.2024 23:16:38
0,161.06,859,864,11.87,70.26,0,0.96,16.05.2024 23:16:41
0,158.44,845,864,11.88,70.24,0,0.75,16.05.2024 23:16:43
0,159.00,848,865,11.88,70.28,0,0.79,16.05.2024 23:16:45
0,155.63,830,864,11.91,70.24,0,0.52,16.05.2024 23:16:47
0,157.31,839,865,11.91,70.23,0,0.65,16.05.2024 23:16:49
0,155.81,831,865,11.88,70.24,0,0.54,16.05.2024 23:16:51
0,155.44,829,864,11.90,70.24,0,0.51,16.05.2024 23:16:53
0,157.88,842,865,11.90,70.25,0,0.70,16.05.2024 23:16:55
0,155.25,828,865,11.88,70.24,0,0.50,16.05.2024 23:16:58
0,158.44,845,864,11.90,70.25,0,0.74,16.05.2024 23:17:00
0,156.19,833,864,11.87,70.22,0,0.57,16.05.2024 23:17:02
0,156.94,837,864,11.90,70.22,0,0.63,16.05.2024 23:17:04
0,158.63,846,865,11.88,70.24,0,0.76,16.05.2024 23:17:06
0,158.06,843,864,11.88,70.25,0,0.72,16.05.2024 23:17:08
0,160.31,855,864,11.88,70.27,0,0.90,16.05.2024 23:17:10
0,158.44,845,865,11.87,70.22,0,0.75,16.05.2024 23:17:12
0,153.56,819,864,11.88,70.23,0,0.37,16.05.2024 23:17:14
0,156.38,834,865,11.90,70.22,0,0.58,16.05.2024 23:17:17
0,153.56,819,865,11.87,70.23,0,0.38,16.05.2024 23:17:19
0,160.50,856,865,11.88,70.24,0,0.92,16.05.2024 23:17:21
0,157.69,841,865,11.88,70.24,0,0.69,16.05.2024 23:17:23
0,159.19,849,865,11.88,70.23,0,0.81,16.05.2024 23:17:25
0,160.50,856,864,11.87,70.22,0,0.92,16.05.2024 23:17:27
0,158.81,847,864,11.88,70.23,0,0.78,16.05.2024 23:17:29
0,158.06,843,864,11.87,70.22,0,0.72,16.05.2024 23:17:31
0,156.38,834,863,11.88,70.23,0,0.59,16.05.2024 23:17:34
0,156.38,834,863,11.88,70.24,0,0.59,16.05.2024 23:17:36
0,153.38,818,863,11.88,70.21,0,0.36,16.05.2024 23:17:38
0,156.19,833,863,11.90,70.22,0,0.57,16.05.2024 23:17:40
0,156.00,832,863,11.88,70.22,0,0.56,16.05.2024 23:17:42
0,154.31,823,864,11.90,70.25,0,0.43,16.05.2024 23:17:44
0,154.88,826,863,11.90,70.24,0,0.47,16.05.2024 23:17:46
0,156.56,835,863,11.90,70.22,0,0.60,16.05.2024 23:17:48
0,152.06,811,863,11.88,70.25,0,0.26,16.05.2024 23:17:51
0,156.19,833,862,11.88,70.20,0,0.57,16.05.2024 23:17:53
0,155.81,831,863,11.87,70.21,0,0.55,16.05.2024 23:17:55
0,154.13,822,863,11.88,70.22,0,0.42,16.05.2024 23:17:57
0,156.75,836,862,11.87,70.19,0,0.62,16.05.2024 23:18:01
0,157.69,841,862,11.90,70.24,0,0.69,16.05.2024 23:18:03
0,156.00,832,862,11.87,70.19,0,0.56,16.05.2024 23:18:05
0,153.19,817,861,11.90,70.21,0,0.34,16.05.2024 23:18:07
0,154.31,823,861,11.87,70.23,0,0.43,16.05.2024 23:18:09
0,153.00,816,860,11.91,70.23,0,0.33,16.05.2024 23:18:12
0,155.06,827,860,11.87,70.21,0,0.49,16.05.2024 23:18:14
0,154.31,823,860,11.88,70.20,0,0.43,16.05.2024 23:18:16
0,150.19,801,860,11.88,70.20,0,0.13,16.05.2024 23:18:18
0,152.25,812,860,11.88,70.20,0,0.28,16.05.2024 23:18:20
0,156.19,833,861,11.87,70.21,0,0.58,16.05.2024 23:18:22
0,156.56,835,861,11.87,70.24,0,0.60,16.05.2024 23:18:24
0,154.31,823,860,11.90,70.22,0,0.43,16.05.2024 23:18:26
0,151.13,806,860,11.87,70.22,0,0.20,16.05.2024 23:18:29
0,155.06,827,860,11.87,70.19,0,0.49,16.05.2024 23:18:31
0,159.56,851,860,11.87,70.22,0,0.84,16.05.2024 23:18:33
0,160.13,854,860,11.88,70.21,0,0.89,16.05.2024 23:18:35
0,157.13,838,860,11.88,70.21,0,0.65,16.05.2024 23:18:37
0,156.94,837,860,11.88,70.21,0,0.63,16.05.2024 23:18:39
0,156.19,833,860,11.91,70.22,0,0.57,16.05.2024 23:18:41
0,154.69,825,860,11.87,70.20,0,0.46,16.05.2024 23:18:43
0,156.56,835,860,11.88,70.19,0,0.60,16.05.2024 23:18:45
0,160.31,855,860,11.88,70.21,0,0.90,16.05.2024 23:18:48
0,157.50,840,860,11.87,70.21,0,0.68,16.05.2024 23:18:50
0,154.88,826,861,11.90,70.19,0,0.47,16.05.2024 23:18:52
0,158.06,843,861,11.85,70.21,0,0.73,16.05.2024 23:18:54
0,160.88,858,860,11.87,70.21,0,0.95,16.05.2024 23:18:56
0,157.69,841,860,11.90,70.22,0,0.69,16.05.2024 23:18:58
0,157.31,839,859,11.87,70.20,0,0.66,16.05.2024 23:19:00
0,155.81,831,859,11.88,70.18,0,0.55,16.05.2024 23:19:02
0,157.31,839,859,11.90,70.20,0,0.66,16.05.2024 23:19:05
0,156.38,834,859,11.90,70.17,0,0.59,16.05.2024 23:19:07
0,156.56,835,859,11.87,70.22,0,0.60,16.05.2024 23:19:09
0,154.13,822,859,11.90,70.21,0,0.41,16.05.2024 23:19:11
0,155.44,829,859,11.88,70.21,0,0.51,16.05.2024 23:19:13
0,155.63,830,859,11.88,70.19,0,0.53,16.05.2024 23:19:15
0,153.38,818,859,11.90,70.22,0,0.36,16.05.2024 23:19:17
0,160.69,857,860,11.88,70.22,0,0.93,16.05.2024 23:19:19
0,156.94,837,859,11.87,70.19,0,0.63,16.05.2024 23:19:22
0,158.44,845,859,11.87,70.21,0,0.75,16.05.2024 23:19:24
0,159.00,848,860,11.87,70.19,0,0.80,16.05.2024 23:19:26
0,151.69,809,860,11.88,70.21,0,0.24,16.05.2024 23:19:28
0,157.13,838,861,11.87,70.21,0,0.65,16.05.2024 23:19:30
0,157.13,838,861,11.87,70.20,0,0.65,16.05.2024 23:19:32
0,154.13,822,861,11.85,70.18,0,0.42,16.05.2024 23:19:34
0,154.31,823,861,11.88,70.19,0,0.43,16.05.2024 23:19:36
0,157.13,838,861,11.88,70.18,0,0.65,16.05.2024 23:19:38
0,156.00,832,862,11.87,70.20,0,0.56,16.05.2024 23:19:41
0,156.19,833,863,11.88,70.18,0,0.57,16.05.2024 23:19:43
0,154.88,826,862,11.87,70.19,0,0.48,16.05.2024 23:19:45
0,154.50,824,863,11.85,70.20,0,0.45,16.05.2024 23:19:47
0,154.88,826,863,11.87,70.20,0,0.48,16.05.2024 23:19:49
0,157.88,842,863,11.87,70.20,0,0.71,16.05.2024 23:19:51
0,157.13,838,863,11.87,70.17,0,0.65,16.05.2024 23:19:53
0,153.00,816,863,11.87,70.19,0,0.34,16.05.2024 23:19:55
0,154.69,825,863,11.88,70.23,0,0.46,16.05.2024 23:19:58
0,155.63,830,862,11.90,70.18,0,0.53,16.05.2024 23:20:00
0,156.56,835,862,11.90,70.19,0,0.60,16.05.2024 23:20:02
0,153.00,816,862,11.87,70.19,0,0.34,16.05.2024 23:20:04
0,155.06,827,862,11.85,70.18,0,0.49,16.05.2024 23:20:06
0,154.31,823,862,11.88,70.20,0,0.43,16.05.2024 23:20:08
0,154.50,824,862,11.88,70.18,0,0.45,16.05.2024 23:20:12
0,155.81,831,862,11.87,70.19,0,0.55,16.05.2024 23:20:14
0,156.38,834,861,11.88,70.19,0,0.59,16.05.2024 23:20:16
0,155.44,829,861,11.87,70.17,0,0.52,16.05.2024 23:20:19
0,151.31,807,862,11.87,70.17,0,0.21,16.05.2024 23:20:21
0,156.00,832,862,11.88,70.20,0,0.56,16.05.2024 23:20:23
0,153.19,817,862,11.85,70.18,0,0.35,16.05.2024 23:20:25
0,153.56,819,862,11.87,70.19,0,0.38,16.05.2024 23:20:27
0,151.13,806,863,11.87,70.17,0,0.20,16.05.2024 23:20:29
0,154.88,826,862,11.88,70.18,0,0.47,16.05.2024 23:20:31
0,159.38,850,862,11.88,70.20,0,0.83,16.05.2024 23:20:33
0,157.13,838,862,11.85,70.17,0,0.65,16.05.2024 23:20:36
0,154.31,823,863,11.88,70.18,0,0.43,16.05.2024 23:20:38
0,154.69,825,862,11.87,70.19,0,0.46,16.05.2024 23:20:40
0,161.81,863,862,11.85,70.17,0,1.04,16.05.2024 23:20:42
0,153.75,820,862,11.85,70.15,0,0.40,16.05.2024 23:20:44
0,154.50,824,862,11.87,70.14,0,0.45,16.05.2024 23:20:46
0,158.44,845,862,11.85,70.18,0,0.76,16.05.2024 23:20:48
0,154.31,823,862,11.88,70.16,0,0.43,16.05.2024 23:20:50
0,155.25,828,862,11.87,70.16,0,0.51,16.05.2024 23:20:53
0,156.19,833,862,11.85,70.18,0,0.58,16.05.2024 23:20:55
0,157.69,841,862,11.88,70.20,0,0.69,16.05.2024 23:20:57
0,157.31,839,862,11.85,70.18,0,0.67,16.05.2024 23:20:59
0,155.44,829,862,11.90,70.18,0,0.51,16.05.2024 23:21:01
0,156.56,835,862,11.84,70.18,0,0.61,16.05.2024 23:21:03
0,155.25,828,862,11.87,70.19,0,0.50,16.05.2024 23:21:05
0,157.31,839,862,11.90,70.18,0,0.66,16.05.2024 23:21:07
0,159.75,852,862,11.85,70.18,0,0.86,16.05.2024 23:21:10
0,155.81,831,862,11.85,70.17,0,0.55,16.05.2024 23:21:12
0,159.56,851,862,11.87,70.19,0,0.84,16.05.2024 23:21:14
0,159.56,851,862,11.84,70.21,0,0.85,16.05.2024 23:21:16
0,156.94,837,861,11.87,70.19,0,0.63,16.05.2024 23:21:18
0,155.25,828,862,11.87,70.16,0,0.51,16.05.2024 23:21:20
0,155.06,827,863,11.87,70.16,0,0.49,16.05.2024 23:21:22
0,154.31,823,863,11.88,70.18,0,0.43,16.05.2024 23:21:24
0,153.19,817,863,11.87,70.19,0,0.35,16.05.2024 23:21:26
0,156.19,833,863,11.87,70.16,0,0.58,16.05.2024 23:21:29
0,159.38,850,864,11.85,70.18,0,0.83,16.05.2024 23:21:31
0,156.94,837,864,11.85,70.18,0,0.64,16.05.2024 23:21:33
0,157.50,840,864,11.87,70.16,0,0.68,16.05.2024 23:21:35
0,156.75,836,864,11.85,70.16,0,0.62,16.05.2024 23:21:37
0,159.00,848,864,11.87,70.16,0,0.80,16.05.2024 23:21:39
0,155.81,831,864,11.85,70.18,0,0.55,16.05.2024 23:21:41
0,157.69,841,864,11.85,70.14,0,0.70,16.05.2024 23:21:43
0,159.38,850,864,11.85,70.15,0,0.83,16.05.2024 23:21:46
0,153.56,819,864,11.87,70.15,0,0.38,16.05.2024 23:21:48
0,158.81,847,864,11.85,70.18,0,0.79,16.05.2024 23:21:50
0,156.75,836,864,11.88,70.13,0,0.62,16.05.2024 23:21:52
0,154.50,824,864,11.85,70.15,0,0.45,16.05.2024 23:21:54
0,155.44,829,864,11.87,70.16,0,0.52,16.05.2024 23:21:56
0,158.44,845,864,11.87,70.16,0,0.75,16.05.2024 23:21:58
0,153.75,820,864,11.85,70.15,0,0.40,16.05.2024 23:22:00
0,156.00,832,864,11.85,70.18,0,0.56,16.05.2024 23:22:03
0,153.38,818,864,11.87,70.17,0,0.36,16.05.2024 23:22:05
0,157.31,839,864,11.88,70.20,0,0.66,16.05.2024 23:22:07
0,157.31,839,865,11.85,70.15,0,0.67,16.05.2024 23:22:09
0,155.81,831,864,11.85,70.15,0,0.55,16.05.2024 23:22:11
0,158.44,845,865,11.87,70.16,0,0.75,16.05.2024 23:22:13
0,156.38,834,865,11.85,70.15,0,0.60,16.05.2024 23:22:15
0,154.50,824,865,11.84,70.14,0,0.45,16.05.2024 23:22:17
0,155.81,831,866,11.85,70.14,0,0.55,16.05.2024 23:22:20
0,156.94,837,866,11.84,70.15,0,0.64,16.05.2024 23:22:22
0,156.19,833,866,11.87,70.13,0,0.58,16.05.2024 23:22:24
0,154.50,824,866,11.87,70.16,0,0.45,16.05.2024 23:22:28
0,160.88,858,866,11.87,70.13,0,0.96,16.05.2024 23:22:30
0,154.31,823,867,11.85,70.17,0,0.44,16.05.2024 23:22:32
0,155.06,827,867,11.85,70.14,0,0.49,16.05.2024 23:22:34
0,154.50,824,867,11.84,70.15,0,0.45,16.05.2024 23:22:36
0,152.25,812,867,11.85,70.11,0,0.29,16.05.2024 23:22:38
0,156.75,836,866,11.85,70.14,0,0.62,16.05.2024 23:22:41
0,154.69,825,866,11.85,70.14,0,0.47,16.05.2024 23:22:43
0,155.06,827,865,11.84,70.15,0,0.50,16.05.2024 23:22:45
0,153.75,820,865,11.85,70.14,0,0.40,16.05.2024 23:22:47
0,155.81,831,865,11.85,70.13,0,0.55,16.05.2024 23:22:49
0,153.75,820,865,11.84,70.14,0,0.40,16.05.2024 23:22:51
0,155.06,827,865,11.84,70.12,0,0.50,16.05.2024 23:22:53
0,155.81,831,865,11.88,70.16,0,0.55,16.05.2024 23:22:55
0,155.25,828,865,11.84,70.12,0,0.51,16.05.2024 23:22:58
0,158.06,843,865,11.83,70.14,0,0.73,16.05.2024 23:23:00
0,157.50,840,865,11.83,70.15,0,0.69,16.05.2024 23:23:02
0,156.94,837,865,11.85,70.13,0,0.64,16.05.2024 23:23:04
0,157.13,838,864,11.87,70.13,0,0.65,16.05.2024 23:23:06
0,153.00,816,865,11.84,70.15,0,0.34,16.05.2024 23:23:08
0,156.94,837,864,11.85,70.11,0,0.64,16.05.2024 23:23:10
0,154.50,824,865,11.84,70.13,0,0.45,16.05.2024 23:23:12
0,154.88,826,865,11.87,70.14,0,0.48,16.05.2024 23:23:15
0,157.69,841,864,11.85,70.14,0,0.70,16.05.2024 23:23:17
0,156.75,836,864,11.84,70.13,0,0.63,16.05.2024 23:23:19
0,155.06,827,864,11.84,70.13,0,0.50,16.05.2024 23:23:21
0,156.94,837,864,11.84,70.17,0,0.64,16.05.2024 23:23:23
0,154.88,826,864,11.85,70.14,0,0.48,16.05.2024 23:23:25
0,153.19,817,864,11.85,70.14,0,0.35,16.05.2024 23:23:27
0,155.06,827,864,11.84,70.16,0,0.50,16.05.2024 23:23:29
0,159.56,851,863,11.85,70.14,0,0.85,16.05.2024 23:23:32
0,157.50,840,863,11.83,70.13,0,0.69,16.05.2024 23:23:34
0,155.63,830,862,11.85,70.13,0,0.54,16.05.2024 23:23:36
0,155.25,828,862,11.83,70.12,0,0.51,16.05.2024 23:23:38
0,159.19,849,862,11.84,70.11,0,0.82,16.05.2024 23:23:40
0,154.31,823,862,11.84,70.13,0,0.44,16.05.2024 23:23:42
0,152.25,812,862,11.85,70.14,0,0.29,16.05.2024 23:23:44
0,157.13,838,863,11.85,70.14,0,0.65,16.05.2024 23:23:46
0,158.44,845,862,11.83,70.14,0,0.76,16.05.2024 23:23:48
0,156.38,834,862,11.84,70.14,0,0.60,16.05.2024 23:23:51
0,156.00,832,862,11.84,70.11,0,0.57,16.05.2024 23:23:53
0,154.69,825,862,11.85,70.15,0,0.47,16.05.2024 23:23:55
0,156.56,835,862,11.85,70.13,0,0.61,16.05.2024 23:23:57
0,156.19,833,862,11.84,70.13,0,0.58,16.05.2024 23:23:59
0,156.00,832,862,11.84,70.12,0,0.57,16.05.2024 23:24:01
0,153.75,820,862,11.85,70.17,0,0.39,16.05.2024 23:24:03
0,155.81,831,862,11.85,70.10,0,0.55,16.05.2024 23:24:05
0,160.88,858,862,11.87,70.10,0,0.96,16.05.2024 23:24:08
0,156.19,833,862,11.83,70.10,0,0.59,16.05.2024 23:24:10
0,156.19,833,861,11.84,70.14,0,0.58,16.05.2024 23:24:12
0,154.88,826,862,11.85,70.13,0,0.48,16.05.2024 23:24:14
0,156.00,832,863,11.85,70.11,0,0.57,16.05.2024 23:24:16
0,158.44,845,862,11.85,70.11,0,0.76,16.05.2024 23:24:18
0,155.63,830,862,11.84,70.13,0,0.54,16.05.2024 23:24:20
0,159.19,849,863,11.83,70.10,0,0.83,16.05.2024 23:24:22
0,154.13,822,862,11.84,70.10,0,0.43,16.05.2024 23:24:25
0,153.75,820,862,11.85,70.11,0,0.40,16.05.2024 23:24:27
0,158.63,846,861,11.85,70.13,0,0.77,16.05.2024 23:24:29
0,153.94,821,861,11.85,70.13,0,0.41,16.05.2024 23:24:31
0,154.69,825,861,11.85,70.11,0,0.47,16.05.2024 23:24:33
0,153.94,821,861,11.84,70.09,0,0.41,16.05.2024 23:24:35
0,154.88,826,860,11.84,70.09,0,0.48,16.05.2024 23:24:37
0,155.63,830,860,11.87,70.11,0,0.54,16.05.2024 23:24:39
0,157.69,841,860,11.84,70.10,0,0.70,16.05.2024 23:24:42
0,154.13,822,860,11.84,70.11,0,0.43,16.05.2024 23:24:46
0,158.06,843,860,11.84,70.09,0,0.73,16.05.2024 23:24:48
0,154.31,823,860,11.81,70.08,0,0.45,16.05.2024 23:24:50
0,151.31,807,860,11.85,70.11,0,0.22,16.05.2024 23:24:52
0,154.88,826,860,11.83,70.09,0,0.49,16.05.2024 23:24:54
0,154.88,826,859,11.84,70.07,0,0.49,16.05.2024 23:24:56
0,151.31,807,859,11.84,70.09,0,0.22,16.05.2024 23:24:58
0,153.56,819,859,11.81,70.09,0,0.39,16.05.2024 23:25:00
0,153.38,818,859,11.83,70.09,0,0.37,16.05.2024 23:25:03
0,155.81,831,858,11.84,70.11,0,0.56,16.05.2024 23:25:05
0,151.88,810,859,11.85,70.11,0,0.26,16.05.2024 23:25:07
0,149.81,799,858,11.84,70.10,0,0.12,16.05.2024 23:25:09
0,156.94,837,858,11.84,70.13,0,0.64,16.05.2024 23:25:11
0,155.81,831,858,11.84,70.09,0,0.56,16.05.2024 23:25:13
0,155.44,829,857,11.85,70.09,0,0.53,16.05.2024 23:25:15
0,153.56,819,858,11.84,70.09,0,0.39,16.05.2024 23:25:17
0,154.50,824,857,11.84,70.09,0,0.46,16.05.2024 23:25:20
0,157.88,842,858,11.83,70.08,0,0.72,16.05.2024 23:25:22
0,156.94,837,858,11.84,70.10,0,0.64,16.05.2024 23:25:24
0,156.38,834,858,11.83,70.11,0,0.60,16.05.2024 23:25:26
0,156.56,835,857,11.81,70.11,0,0.62,16.05.2024 23:25:28
0,156.38,834,857,11.83,70.12,0,0.60,16.05.2024 23:25:30
0,156.00,832,857,11.84,70.09,0,0.57,16.05.2024 23:25:32
0,156.75,836,856,11.85,70.10,0,0.63,16.05.2024 23:25:34
0,156.00,832,856,11.84,70.10,0,0.57,16.05.2024 23:25:37
0,158.25,844,857,11.81,70.10,0,0.75,16.05.2024 23:25:39
0,156.19,833,857,11.83,70.07,0,0.59,16.05.2024 23:25:41
0,154.13,822,857,11.84,70.12,0,0.43,16.05.2024 23:25:43
0,155.63,830,857,11.83,70.09,0,0.54,16.05.2024 23:25:45
0,153.94,821,858,11.81,70.09,0,0.42,16.05.2024 23:25:47
0,159.19,849,857,11.84,70.10,0,0.82,16.05.2024 23:25:49
0,157.50,840,857,11.83,70.12,0,0.69,16.05.2024 23:25:51
0,155.81,831,857,11.83,70.09,0,0.56,16.05.2024 23:25:54
0,157.88,842,857,11.84,70.07,0,0.72,16.05.2024 23:25:56
0,154.31,823,858,11.83,70.10,0,0.44,16.05.2024 23:25:58
0,155.81,831,858,11.83,70.10,0,0.56,16.05.2024 23:26:00
0,156.19,833,858,11.83,70.08,0,0.59,16.05.2024 23:26:02
0,154.13,822,857,11.83,70.11,0,0.43,16.05.2024 23:26:04
0,156.19,833,857,11.83,70.09,0,0.59,16.05.2024 23:26:06
0,156.75,836,857,11.80,70.14,0,0.64,16.05.2024 23:26:08
0,156.19,833,856,11.83,70.09,0,0.59,16.05.2024 23:26:10
0,155.06,827,856,11.84,70.11,0,0.50,16.05.2024 23:26:13
0,157.88,842,856,11.81,70.09,0,0.72,16.05.2024 23:26:15
0,155.25,828,855,11.81,70.09,0,0.52,16.05.2024 23:26:17
0,155.44,829,856,11.83,70.14,0,0.53,16.05.2024 23:26:19
0,156.00,832,855,11.84,70.08,0,0.57,16.05.2024 23:26:21
0,159.75,852,855,11.83,70.12,0,0.87,16.05.2024 23:26:23
0,155.44,829,855,11.83,70.09,0,0.53,16.05.2024 23:26:25
0,157.69,841,855,11.83,70.06,0,0.71,16.05.2024 23:26:27
0,156.19,833,855,11.81,70.09,0,0.59,16.05.2024 23:26:30
0,152.44,813,856,11.81,70.08,0,0.31,16.05.2024 23:26:32
0,155.06,827,855,11.84,70.10,0,0.50,16.05.2024 23:26:34
0,155.44,829,855,11.84,70.09,0,0.53,16.05.2024 23:26:36
0,156.56,835,855,11.83,70.07,0,0.62,16.05.2024 23:26:38
0,158.63,846,855,11.81,70.09,0,0.78,16.05.2024 23:26:40
0,158.44,845,855,11.84,70.08,0,0.76,16.05.2024 23:26:42
0,155.44,829,855,11.84,70.08,0,0.53,16.05.2024 23:26:44
0,155.44,829,855,11.83,70.09,0,0.53,16.05.2024 23:26:47
0,155.63,830,854,11.81,70.08,0,0.55,16.05.2024 23:26:49
0,155.44,829,854,11.84,70.09,0,0.53,16.05.2024 23:26:51
0,160.69,857,854,11.83,70.07,0,0.95,16.05.2024 23:26:53
0,158.06,843,854,11.83,70.08,0,0.74,16.05.2024 23:26:55
0,157.13,838,854,11.80,70.09,0,0.67,16.05.2024 23:26:57
0,156.75,836,854,11.81,70.07,0,0.64,16.05.2024 23:26:59
0,156.38,834,853,11.84,70.08,0,0.60,16.05.2024 23:27:01
0,154.88,826,853,11.81,70.08,0,0.49,16.05.2024 23:27:04
0,155.06,827,853,11.83,70.09,0,0.50,16.05.2024 23:27:06
0,157.88,842,852,11.83,70.09,0,0.72,16.05.2024 23:27:08
0,153.75,820,852,11.83,70.10,0,0.40,16.05.2024 23:27:10
0,157.50,840,853,11.83,70.06,0,0.69,16.05.2024 23:27:12
0,155.81,831,853,11.81,70.07,0,0.56,16.05.2024 23:27:16
0,156.75,836,853,11.83,70.07,0,0.63,16.05.2024 23:27:18
0,153.38,818,853,11.83,70.09,0,0.37,16.05.2024 23:27:20
0,150.00,800,852,11.81,70.08,0,0.13,16.05.2024 23:27:22
0,155.81,831,853,11.81,70.07,0,0.56,16.05.2024 23:27:25
0,153.56,819,853,11.81,70.08,0,0.39,16.05.2024 23:27:27
0,153.00,816,853,11.81,70.10,0,0.35,16.05.2024 23:27:29
0,152.06,811,853,11.83,70.07,0,0.28,16.05.2024 23:27:31
0,152.44,813,853,11.81,70.08,0,0.31,16.05.2024 23:27:33
0,153.38,818,853,11.83,70.07,0,0.38,16.05.2024 23:27:35
0,151.69,809,853,11.80,70.09,0,0.26,16.05.2024 23:27:37
0,153.00,816,854,11.81,70.08,0,0.35,16.05.2024 23:27:39
0,156.19,833,853,11.81,70.10,0,0.59,16.05.2024 23:27:42
0,153.75,820,853,11.83,70.08,0,0.40,16.05.2024 23:27:44
0,152.25,812,852,11.80,70.06,0,0.30,16.05.2024 23:27:46
0,160.69,857,852,11.80,70.10,0,0.96,16.05.2024 23:27:48
0,154.31,823,852,11.80,70.09,0,0.45,16.05.2024 23:27:50
0,153.38,818,852,11.83,70.08,0,0.38,16.05.2024 23:27:52
0,155.06,827,852,11.81,70.10,0,0.50,16.05.2024 23:27:54
0,155.25,828,851,11.81,70.09,0,0.52,16.05.2024 23:27:56
0,158.25,844,852,11.81,70.08,0,0.75,16.05.2024 23:27:59
0,153.56,819,851,11.83,70.07,0,0.39,16.05.2024 23:28:01
0,158.06,843,851,11.80,70.09,0,0.74,16.05.2024 23:28:03
0,156.56,835,851,11.81,70.08,0,0.62,16.05.2024 23:28:05
0,156.56,835,850,11.78,70.09,0,0.63,16.05.2024 23:28:07
0,157.31,839,850,11.80,70.08,0,0.68,16.05.2024 23:28:09
0,156.38,834,850,11.81,70.06,0,0.61,16.05.2024 23:28:11
0,156.38,834,850,11.83,70.07,0,0.60,16.05.2024 23:28:13
0,155.81,831,850,11.81,70.09,0,0.56,16.05.2024 23:28:15
0,155.25,828,849,11.80,70.08,0,0.52,16.05.2024 23:28:18
0,160.50,856,849,11.80,70.08,0,0.94,16.05.2024 23:28:20
0,158.63,846,849,11.81,70.05,0,0.79,16.05.2024 23:28:22
0,157.13,838,849,11.81,70.08,0,0.67,16.05.2024 23:28:24
0,153.75,820,849,11.81,70.08,0,0.41,16.05.2024 23:28:26
0,155.81,831,850,11.80,70.10,0,0.56,16.05.2024 23:28:28
0,158.81,847,850,11.80,70.07,0,0.80,16.05.2024 23:28:30
0,156.19,833,850,11.83,70.07,0,0.59,16.05.2024 23:28:32
0,156.38,834,850,11.81,70.07,0,0.61,16.05.2024 23:28:35
0,156.38,834,850,11.84,70.09,0,0.60,16.05.2024 23:28:37
0,156.19,833,850,11.78,70.10,0,0.60,16.05.2024 23:28:39
0,156.75,836,850,11.83,70.09,0,0.63,16.05.2024 23:28:41
0,153.56,819,849,11.80,70.10,0,0.39,16.05.2024 23:28:43
0,155.63,830,849,11.81,70.06,0,0.55,16.05.2024 23:28:45
0,156.00,832,849,11.80,70.10,0,0.58,16.05.2024 23:28:47
0,155.06,827,848,11.81,70.10,0,0.50,16.05.2024 23:28:49
0,157.50,840,848,11.83,70.08,0,0.69,16.05.2024 23:28:52
0,157.31,839,847,11.80,70.10,0,0.68,16.05.2024 23:28:54
0,156.19,833,847,11.80,70.09,0,0.59,16.05.2024 23:28:56
0,153.56,819,847,11.81,70.08,0,0.39,16.05.2024 23:28:58
0,160.13,854,847,11.81,70.08,0,0.91,16.05.2024 23:29:00
0,153.75,820,847,11.80,70.06,0,0.41,16.05.2024 23:29:02
0,155.06,827,847,11.80,70.08,0,0.51,16.05.2024 23:29:04
0,155.63,830,847,11.78,70.08,0,0.55,16.05.2024 23:29:06
0,155.25,828,847,11.81,70.08,0,0.52,16.05.2024 23:29:09
0,154.13,822,846,11.84,70.09,0,0.43,16.05.2024 23:29:11
0,158.44,845,846,11.81,70.05,0,0.77,16.05.2024 23:29:13
0,152.44,813,846,11.81,70.07,0,0.31,16.05.2024 23:29:15
0,152.44,813,846,11.80,70.10,0,0.31,16.05.2024 23:29:17
0,156.38,834,846,11.81,70.06,0,0.61,16.05.2024 23:29:19
0,153.56,819,847,11.78,70.07,0,0.40,16.05.2024 23:29:21
0,154.13,822,847,11.80,70.06,0,0.44,16.05.2024 23:29:23
0,156.38,834,847,11.83,70.06,0,0.60,16.05.2024 23:29:25
0,155.25,828,847,11.80,70.02,0,0.52,16.05.2024 23:29:28
0,157.50,840,847,11.78,70.06,0,0.70,16.05.2024 23:29:30
0,156.56,835,847,11.81,70.09,0,0.62,16.05.2024 23:29:32
0,150.94,805,847,11.83,70.07,0,0.20,16.05.2024 23:29:34
0,157.31,839,847,11.78,70.07,0,0.69,16.05.2024 23:29:36
0,156.19,833,847,11.81,70.08,0,0.59,16.05.2024 23:29:38
0,158.25,844,847,11.81,70.08,0,0.75,16.05.2024 23:29:40
0,155.25,828,848,11.80,70.04,0,0.52,16.05.2024 23:29:44
0,155.06,827,848,11.80,70.07,0,0.51,16.05.2024 23:29:47
0,154.31,823,848,11.80,70.07,0,0.45,16.05.2024 23:29:49
0,156.38,834,848,11.78,70.07,0,0.61,16.05.2024 23:29:51
0,154.69,825,847,11.80,70.07,0,0.48,16.05.2024 23:29:53
0,156.19,833,848,11.81,70.02,0,0.59,16.05.2024 23:29:55
0,150.56,803,848,11.80,70.08,0,0.18,16.05.2024 23:29:57
0,156.94,837,848,11.81,70.06,0,0.65,16.05.2024 23:29:59
0,150.94,805,848,11.80,70.09,0,0.20,16.05.2024 23:30:01
0,153.75,820,848,11.81,70.08,0,0.41,16.05.2024 23:30:04
0,156.56,835,848,11.80,70.08,0,0.62,16.05.2024 23:30:06
0,154.13,822,848,11.83,70.06,0,0.43,16.05.2024 23:30:08
0,154.13,822,848,11.81,70.07,0,0.43,16.05.2024 23:30:10
0,154.31,823,848,11.78,70.05,0,0.45,16.05.2024 23:30:12
0,152.25,812,847,11.78,70.09,0,0.30,16.05.2024 23:30:14
0,154.13,822,847,11.77,70.05,0,0.44,16.05.2024 23:30:16
0,153.75,820,847,11.80,70.08,0,0.41,16.05.2024 23:30:18
0,158.81,847,848,11.78,70.04,0,0.81,16.05.2024 23:30:21
0,157.50,840,849,11.80,70.08,0,0.70,16.05.2024 23:30:23
0,157.88,842,848,11.78,70.06,0,0.73,16.05.2024 23:30:25
0,158.44,845,848,11.83,70.06,0,0.77,16.05.2024 23:30:27
0,156.38,834,848,11.80,70.08,0,0.61,16.05.2024 23:30:29
0,155.81,831,848,11.81,70.06,0,0.56,16.05.2024 23:30:31
0,157.88,842,848,11.78,70.09,0,0.73,16.05.2024 23:30:33
0,156.19,833,848,11.78,70.08,0,0.60,16.05.2024 23:30:35
0,154.88,826,848,11.80,70.06,0,0.49,16.05.2024 23:30:37
0,156.38,834,848,11.78,70.07,0,0.61,16.05.2024 23:30:40
0,155.25,828,849,11.80,70.07,0,0.52,16.05.2024 23:30:42
0,155.25,828,849,11.80,70.07,0,0.52,16.05.2024 23:30:44
0,158.06,843,849,11.80,70.08,0,0.74,16.05.2024 23:30:46
0,154.88,826,850,11.80,70.07,0,0.49,16.05.2024 23:30:48
0,155.25,828,849,11.78,70.09,0,0.52,16.05.2024 23:30:50
0,155.63,830,850,11.78,70.05,0,0.55,16.05.2024 23:30:52
0,154.13,822,850,11.77,70.07,0,0.44,16.05.2024 23:30:54
0,154.13,822,850,11.77,70.07,0,0.44,16.05.2024 23:30:57
0,156.38,834,850,11.80,70.06,0,0.61,16.05.2024 23:30:59
0,155.81,831,850,11.78,70.06,0,0.57,16.05.2024 23:31:01
0,159.75,852,850,11.76,70.07,0,0.89,16.05.2024 23:31:03
0,154.50,824,850,11.77,70.07,0,0.47,16.05.2024 23:31:05
0,155.06,827,850,11.77,70.08,0,0.51,16.05.2024 23:31:07
0,154.88,826,850,11.80,70.06,0,0.49,16.05.2024 23:31:09
0,159.56,851,851,11.77,70.04,0,0.87,16.05.2024 23:31:11
0,155.81,831,851,11.78,70.05,0,0.57,16.05.2024 23:31:14
0,158.06,843,851,11.78,70.09,0,0.74,16.05.2024 23:31:16
0,157.88,842,851,11.78,70.07,0,0.73,16.05.2024 23:31:18
0,154.31,823,852,11.80,70.10,0,0.45,16.05.2024 23:31:20
0,156.94,837,852,11.78,70.07,0,0.66,16.05.2024 23:31:22
0,155.44,829,852,11.80,70.08,0,0.54,16.05.2024 23:31:24
0,154.31,823,853,11.78,70.08,0,0.45,16.05.2024 23:31:26
0,156.56,835,853,11.76,70.08,0,0.63,16.05.2024 23:31:28
0,156.56,835,853,11.77,70.07,0,0.63,16.05.2024 23:31:31
0,157.31,839,853,11.77,70.05,0,0.69,16.05.2024 23:31:33
0,156.00,832,853,11.80,70.09,0,0.58,16.05.2024 23:31:35
0,156.56,835,853,11.78,70.09,0,0.63,16.05.2024 23:31:37
0,156.19,833,853,11.80,70.07,0,0.60,16.05.2024 23:31:39
0,157.13,838,853,11.80,70.09,0,0.67,16.05.2024 23:31:41
0,153.94,821,853,11.78,70.09,0,0.42,16.05.2024 23:31:43
0,156.19,833,853,11.78,70.08,0,0.60,16.05.2024 23:31:45
0,158.06,843,853,11.80,70.07,0,0.74,16.05.2024 23:31:47
0,156.56,835,854,11.76,70.08,0,0.63,16.05.2024 23:31:50
0,154.69,825,854,11.77,70.05,0,0.49,16.05.2024 23:31:52
0,156.19,833,854,11.78,70.06,0,0.60,16.05.2024 23:31:54
0,156.19,833,854,11.78,70.08,0,0.60,16.05.2024 23:31:56
0,153.56,819,854,11.80,70.06,0,0.40,16.05.2024 23:31:58
0,154.31,823,854,11.80,70.04,0,0.45,16.05.2024 23:32:00
0,153.75,820,855,11.77,70.06,0,0.41,16.05.2024 23:32:02
0,156.75,836,855,11.80,70.07,0,0.64,16.05.2024 23:32:04
0,156.94,837,855,11.78,70.08,0,0.66,16.05.2024 23:32:07
0,153.75,820,854,11.77,70.04,0,0.42,16.05.2024 23:32:09
0,154.88,826,855,11.78,70.07,0,0.50,16.05.2024 23:32:13
0,152.81,815,855,11.78,70.06,0,0.34,16.05.2024 23:32:15
0,155.06,827,855,11.80,70.04,0,0.51,16.05.2024 23:32:17
0,154.69,825,854,11.77,70.05,0,0.49,16.05.2024 23:32:19
0,153.56,819,854,11.78,70.06,0,0.40,16.05.2024 23:32:21
0,154.69,825,854,11.77,70.05,0,0.49,16.05.2024 23:32:23
0,153.00,816,854,11.77,70.04,0,0.36,16.05.2024 23:32:26
0,153.56,819,854,11.78,70.05,0,0.40,16.05.2024 23:32:28
0,153.75,820,854,11.77,70.07,0,0.41,16.05.2024 23:32:30
0,151.31,807,854,11.77,70.04,0,0.24,16.05.2024 23:32:32
0,154.13,822,854,11.78,70.04,0,0.44,16.05.2024 23:32:34
0,152.81,815,854,11.78,70.04,0,0.34,16.05.2024 23:32:36
0,147.00,784,855,11.77,70.05,0,-0.06,16.05.2024 23:32:38
0,154.31,823,854,11.77,70.05,0,0.46,16.05.2024 23:32:40
0,151.88,810,854,11.77,70.05,0,0.28,16.05.2024 23:32:43
0,152.25,812,854,11.77,70.05,0,0.30,16.05.2024 23:32:45
0,156.56,835,854,11.78,70.09,0,0.63,16.05.2024 23:32:47
0,155.81,831,854,11.77,70.04,0,0.57,16.05.2024 23:32:49
0,157.31,839,854,11.78,70.07,0,0.69,16.05.2024 23:32:51
0,159.00,848,854,11.78,70.06,0,0.82,16.05.2024 23:32:53
0,158.25,844,854,11.77,70.08,0,0.76,16.05.2024 23:32:55
0,156.75,836,854,11.77,70.06,0,0.64,16.05.2024 23:32:57
0,154.50,824,854,11.76,70.06,0,0.47,16.05.2024 23:32:59
0,155.06,827,854,11.77,70.06,0,0.51,16.05.2024 23:33:02
0,153.56,819,854,11.80,70.07,0,0.40,16.05.2024 23:33:04
0,155.63,830,854,11.77,70.05,0,0.56,16.05.2024 23:33:06
0,156.19,833,855,11.78,70.09,0,0.60,16.05.2024 23:33:08
0,157.88,842,854,11.77,70.08,0,0.73,16.05.2024 23:33:10
0,156.19,833,855,11.78,70.09,0,0.60,16.05.2024 23:33:12
0,155.44,829,855,11.76,70.04,0,0.55,16.05.2024 23:33:14
0,156.19,833,854,11.78,70.08,0,0.60,16.05.2024 23:33:16
0,152.81,815,854,11.80,70.09,0,0.34,16.05.2024 23:33:19
0,155.25,828,854,11.76,70.09,0,0.53,16.05.2024 23:33:21
0,155.63,830,854,11.77,70.05,0,0.56,16.05.2024 23:33:23
0,153.75,820,854,11.76,70.09,0,0.42,16.05.2024 23:33:25
0,155.81,831,854,11.77,70.06,0,0.57,16.05.2024 23:33:27
0,157.13,838,854,11.77,70.06,0,0.67,16.05.2024 23:33:29
0,154.88,826,854,11.78,70.09,0,0.50,16.05.2024 23:33:31
0,154.88,826,854,11.78,70.07,0,0.50,16.05.2024 23:33:33
0,156.00,832,853,11.77,70.04,0,0.59,16.05.2024 23:33:36
0,157.50,840,853,11.78,70.07,0,0.70,16.05.2024 23:33:38
0,161.81,863,854,11.78,70.09,0,1.05,16.05.2024 23:33:40
0,158.81,847,853,11.76,70.06,0,0.81,16.05.2024 23:33:42
0,156.19,833,852,11.77,70.09,0,0.60,16.05.2024 23:33:44
0,158.25,844,852,11.77,70.06,0,0.76,16.05.2024 23:33:46
0,153.19,817,852,11.78,70.09,0,0.37,16.05.2024 23:33:48
0,155.06,827,852,11.77,70.07,0,0.51,16.05.2024 23:33:50
0,153.38,818,851,11.77,70.06,0,0.39,16.05.2024 23:33:53
0,153.56,819,852,11.77,70.06,0,0.40,16.05.2024 23:33:55
0,156.38,834,852,11.77,70.08,0,0.61,16.05.2024 23:33:57
0,153.38,818,852,11.76,70.06,0,0.39,16.05.2024 23:33:59
0,156.56,835,852,11.77,70.07,0,0.63,16.05.2024 23:34:01
0,157.69,841,851,11.77,70.08,0,0.72,16.05.2024 23:34:03
0,153.00,816,852,11.76,70.08,0,0.36,16.05.2024 23:34:05
0,155.44,829,852,11.76,70.08,0,0.54,16.05.2024 23:34:07
0,156.00,832,852,11.78,70.10,0,0.58,16.05.2024 23:34:09
0,152.25,812,852,11.76,70.07,0,0.31,16.05.2024 23:34:12
0,156.00,832,853,11.77,70.07,0,0.59,16.05.2024 23:34:14
0,155.25,828,852,11.77,70.07,0,0.53,16.05.2024 23:34:16
0,153.00,816,852,11.76,70.04,0,0.36,16.05.2024 23:34:18
0,157.13,838,852,11.74,70.07,0,0.68,16.05.2024 23:34:20
0,152.63,814,852,11.77,70.05,0,0.33,16.05.2024 23:34:22
0,156.19,833,852,11.76,70.07,0,0.60,16.05.2024 23:34:24
0,156.56,835,852,11.78,70.09,0,0.63,16.05.2024 23:34:26
0,155.25,828,851,11.76,70.06,0,0.53,16.05.2024 23:34:29
0,157.50,840,851,11.76,70.08,0,0.71,16.05.2024 23:34:31
0,156.00,832,851,11.74,70.07,0,0.59,16.05.2024 23:34:35
0,158.63,846,850,11.77,70.08,0,0.79,16.05.2024 23:34:37
0,155.06,827,851,11.76,70.04,0,0.52,16.05.2024 23:34:39
0,155.63,830,851,11.78,70.09,0,0.55,16.05.2024 23:34:41
0,153.38,818,851,11.77,70.08,0,0.39,16.05.2024 23:34:43
0,152.44,813,851,11.78,70.04,0,0.32,16.05.2024 23:34:45
0,153.00,816,851,11.76,70.05,0,0.36,16.05.2024 23:34:48
0,153.94,821,852,11.76,70.10,0,0.43,16.05.2024 23:34:50
0,153.38,818,851,11.77,70.07,0,0.39,16.05.2024 23:34:52
0,154.13,822,851,11.73,70.07,0,0.45,16.05.2024 23:34:54
0,155.25,828,850,11.76,70.05,0,0.53,16.05.2024 23:34:56
0,158.06,843,851,11.74,70.10,0,0.75,16.05.2024 23:34:58
0,153.38,818,851,11.74,70.05,0,0.39,16.05.2024 23:35:00
0,156.00,832,851,11.74,70.07,0,0.59,16.05.2024 23:35:02
0,155.81,831,850,11.76,70.05,0,0.57,16.05.2024 23:35:05
0,156.00,832,851,11.76,70.07,0,0.59,16.05.2024 23:35:07
0,155.44,829,850,11.74,70.06,0,0.55,16.05.2024 23:35:09
0,155.81,831,850,11.76,70.04,0,0.58,16.05.2024 23:35:11
0,157.31,839,850,11.76,70.07,0,0.69,16.05.2024 23:35:13
0,155.25,828,850,11.74,70.06,0,0.53,16.05.2024 23:35:15
0,157.50,840,850,11.77,70.06,0,0.70,16.05.2024 23:35:17
0,155.44,829,849,11.74,70.08,0,0.55,16.05.2024 23:35:19
0,157.31,839,848,11.77,70.05,0,0.69,16.05.2024 23:35:21
0,154.13,822,849,11.74,70.07,0,0.45,16.05.2024 23:35:24
0,152.81,815,849,11.77,70.05,0,0.34,16.05.2024 23:35:26
0,155.63,830,849,11.74,70.07,0,0.56,16.05.2024 23:35:28
0,155.06,827,848,11.76,70.08,0,0.52,16.05.2024 23:35:30
0,155.81,831,849,11.76,70.09,0,0.57,16.05.2024 23:35:32
0,155.44,829,849,11.76,70.08,0,0.54,16.05.2024 23:35:34
0,155.63,830,849,11.76,70.10,0,0.56,16.05.2024 23:35:36
0,155.44,829,849,11.74,70.08,0,0.55,16.05.2024 23:35:38
0,154.69,825,848,11.73,70.09,0,0.49,16.05.2024 23:35:41
0,159.00,848,848,11.73,70.05,0,0.83,16.05.2024 23:35:43
0,154.88,826,848,11.74,70.06,0,0.51,16.05.2024 23:35:45
0,152.25,812,848,11.77,70.09,0,0.30,16.05.2024 23:35:47
0,156.00,832,848,11.76,70.10,0,0.59,16.05.2024 23:35:49
0,155.25,828,848,11.74,70.07,0,0.53,16.05.2024 23:35:51
0,156.38,834,848,11.74,70.05,0,0.62,16.05.2024 23:35:53
0,157.31,839,848,11.76,70.09,0,0.69,16.05.2024 23:35:55
0,156.00,832,848,11.74,70.07,0,0.59,16.05.2024 23:35:58
0,155.25,828,848,11.76,70.07,0,0.53,16.05.2024 23:36:00
0,161.81,863,848,11.74,70.07,0,1.06,16.05.2024 23:36:02
0,153.94,821,849,11.74,70.07,0,0.43,16.05.2024 23:36:04
0,154.31,823,849,11.74,70.08,0,0.46,16.05.2024 23:36:06
0,158.63,846,849,11.76,70.06,0,0.80,16.05.2024 23:36:08
0,157.13,838,849,11.74,70.08,0,0.68,16.05.2024 23:36:10
0,153.75,820,849,11.76,70.09,0,0.42,16.05.2024 23:36:12
0,156.00,832,848,11.76,70.08,0,0.59,16.05.2024 23:36:15
0,155.63,830,849,11.73,70.07,0,0.56,16.05.2024 23:36:17
0,155.44,829,849,11.76,70.10,0,0.54,16.05.2024 23:36:19
0,157.31,839,849,11.74,70.08,0,0.69,16.05.2024 23:36:21
0,153.75,820,849,11.74,70.08,0,0.42,16.05.2024 23:36:23
0,157.13,838,849,11.76,70.07,0,0.68,16.05.2024 23:36:25
0,156.19,833,849,11.74,70.08,0,0.61,16.05.2024 23:36:27
0,153.38,818,849,11.76,70.09,0,0.39,16.05.2024 23:36:29
0,154.50,824,849,11.74,70.09,0,0.48,16.05.2024 23:36:31
0,154.88,826,849,11.73,70.07,0,0.51,16.05.2024 23:36:34
0,155.81,831,849,11.76,70.09,0,0.57,16.05.2024 23:36:36
0,157.69,841,849,11.73,70.09,0,0.73,16.05.2024 23:36:38
0,157.50,840,849,11.77,70.05,0,0.70,16.05.2024 23:36:40
0,153.94,821,849,11.76,70.06,0,0.43,16.05.2024 23:36:42
0,155.06,827,848,11.76,70.09,0,0.52,16.05.2024 23:36:44
0,155.44,829,848,11.76,70.06,0,0.55,16.05.2024 23:36:46
0,156.38,834,847,11.74,70.07,0,0.62,16.05.2024 23:36:48
0,154.31,823,847,11.76,70.07,0,0.46,16.05.2024 23:36:51
0,155.44,829,847,11.74,70.06,0,0.55,16.05.2024 23:36:53
0,153.38,818,846,11.74,70.06,0,0.39,16.05.2024 23:36:55
0,155.44,829,846,11.74,70.08,0,0.55,16.05.2024 23:36:59
0,153.75,820,846,11.73,70.04,0,0.42,16.05.2024 23:37:01
0,154.69,825,846,11.76,70.07,0,0.49,16.05.2024 23:37:03
0,157.31,839,846,11.76,70.06,0,0.69,16.05.2024 23:37:05
0,152.06,811,846,11.73,70.05,0,0.30,16.05.2024 23:37:07
0,152.81,815,846,11.74,70.06,0,0.35,16.05.2024 23:37:10
0,151.50,808,845,11.74,70.08,0,0.25,16.05.2024 23:37:12
0,156.19,833,845,11.73,70.09,0,0.61,16.05.2024 23:37:14
0,153.75,820,845,11.74,70.07,0,0.42,16.05.2024 23:37:16
0,154.88,826,845,11.76,70.10,0,0.50,16.05.2024 23:37:18
0,154.13,822,845,11.73,70.05,0,0.45,16.05.2024 23:37:20
0,154.50,824,846,11.74,70.06,0,0.48,16.05.2024 23:37:22
0,151.69,809,846,11.74,70.09,0,0.27,16.05.2024 23:37:24
0,151.50,808,846,11.74,70.04,0,0.25,16.05.2024 23:37:27
0,152.44,813,846,11.73,70.07,0,0.32,16.05.2024 23:37:29
0,148.88,794,846,11.73,70.04,0,0.07,16.05.2024 23:37:31
0,151.88,810,846,11.71,70.04,0,0.29,16.05.2024 23:37:33
0,155.63,830,845,11.71,70.03,0,0.57,16.05.2024 23:37:35
0,156.38,834,846,11.73,70.05,0,0.62,16.05.2024 23:37:37
0,155.63,830,846,11.73,70.07,0,0.56,16.05.2024 23:37:39
0,153.75,820,846,11.73,70.05,0,0.42,16.05.2024 23:37:41
0,160.50,856,846,11.74,70.04,0,0.96,16.05.2024 23:37:44
0,155.63,830,846,11.76,70.06,0,0.56,16.05.2024 23:37:46
0,158.25,844,847,11.73,70.04,0,0.77,16.05.2024 23:37:48
0,158.06,843,846,11.71,70.04,0,0.76,16.05.2024 23:37:50
0,155.81,831,846,11.74,70.03,0,0.58,16.05.2024 23:37:52
0,157.31,839,846,11.73,70.07,0,0.70,16.05.2024 23:37:54
0,157.13,838,846,11.74,70.09,0,0.68,16.05.2024 23:37:56
0,157.50,840,847,11.73,70.03,0,0.71,16.05.2024 23:37:58
0,155.25,828,847,11.71,70.06,0,0.54,16.05.2024 23:38:01
0,156.38,834,847,11.73,70.07,0,0.62,16.05.2024 23:38:03
0,157.69,841,847,11.73,70.07,0,0.73,16.05.2024 23:38:05
0,153.56,819,847,11.73,70.05,0,0.41,16.05.2024 23:38:07
0,159.19,849,846,11.73,70.05,0,0.85,16.05.2024 23:38:09
0,156.75,836,847,11.73,70.07,0,0.65,16.05.2024 23:38:11
0,157.31,839,847,11.74,70.07,0,0.69,16.05.2024 23:38:13
0,153.94,821,847,11.73,70.09,0,0.43,16.05.2024 23:38:15
0,157.88,842,847,11.71,70.03,0,0.75,16.05.2024 23:38:17
0,151.50,808,847,11.71,70.06,0,0.26,16.05.2024 23:38:20
0,158.25,844,846,11.71,70.07,0,0.78,16.05.2024 23:38:22
0,153.19,817,846,11.71,70.06,0,0.38,16.05.2024 23:38:24
0,157.13,838,846,11.73,70.04,0,0.68,16.05.2024 23:38:26
0,155.25,828,847,11.73,70.07,0,0.54,16.05.2024 23:38:28
0,157.50,840,846,11.73,70.05,0,0.71,16.05.2024 23:38:30
0,153.00,816,846,11.74,70.06,0,0.36,16.05.2024 23:38:32
0,156.94,837,846,11.73,70.05,0,0.67,16.05.2024 23:38:34
0,156.75,836,846,11.74,70.07,0,0.65,16.05.2024 23:38:37
0,157.13,838,845,11.74,70.06,0,0.68,16.05.2024 23:38:39
0,155.63,830,846,11.71,70.07,0,0.57,16.05.2024 23:38:41
0,153.00,816,846,11.73,70.05,0,0.37,16.05.2024 23:38:43
0,156.38,834,846,11.73,70.07,0,0.62,16.05.2024 23:38:45
0,156.38,834,845,11.73,70.05,0,0.62,16.05.2024 23:38:47
0,155.06,827,846,11.71,70.04,0,0.53,16.05.2024 23:38:49
0,153.94,821,846,11.71,70.05,0,0.44,16.05.2024 23:38:51
0,157.88,842,846,11.73,70.04,0,0.74,16.05.2024 23:38:54
0,155.06,827,845,11.74,70.04,0,0.52,16.05.2024 23:38:56
0,155.63,830,846,11.74,70.06,0,0.56,16.05.2024 23:38:58
0,154.50,824,845,11.70,70.02,0,0.49,16.05.2024 23:39:00
0,156.38,834,845,11.71,70.04,0,0.63,16.05.2024 23:39:02
0,153.75,820,846,11.70,70.05,0,0.43,16.05.2024 23:39:04
0,157.88,842,846,11.71,70.02,0,0.75,16.05.2024 23:39:06
0,160.88,858,846,11.73,70.05,0,0.99,16.05.2024 23:39:08
0,155.44,829,846,11.71,70.04,0,0.55,16.05.2024 23:39:11
0,154.50,824,847,11.73,70.05,0,0.48,16.05.2024 23:39:13
0,154.50,824,847,11.73,70.04,0,0.48,16.05.2024 23:39:15
0,156.56,835,846,11.73,70.05,0,0.64,16.05.2024 23:39:17
0,159.56,851,846,11.71,70.03,0,0.88,16.05.2024 23:39:19
0,154.13,822,847,11.69,70.07,0,0.46,16.05.2024 23:39:23
0,157.88,842,847,11.73,70.07,0,0.74,16.05.2024 23:39:25
0,151.88,810,847,11.73,70.04,0,0.28,16.05.2024 23:39:27
0,154.50,824,847,11.74,70.07,0,0.48,16.05.2024 23:39:30
0,151.88,810,847,11.71,70.02,0,0.29,16.05.2024 23:39:32
0,152.81,815,847,11.71,70.08,0,0.35,16.05.2024 23:39:34
0,152.81,815,847,11.71,70.07,0,0.35,16.05.2024 23:39:36
0,154.88,826,847,11.73,70.05,0,0.51,16.05.2024 23:39:38
0,156.38,834,848,11.73,70.05,0,0.62,16.05.2024 23:39:40
0,151.88,810,847,11.73,70.05,0,0.28,16.05.2024 23:39:42
0,151.88,810,846,11.73,70.05,0,0.28,16.05.2024 23:39:44
0,155.06,827,847,11.70,70.04,0,0.53,16.05.2024 23:39:47
0,144.75,772,847,11.71,70.05,0,-0.20,16.05.2024 23:39:49
0,152.63,814,847,11.71,70.03,0,0.34,16.05.2024 23:39:51
0,148.88,794,848,11.71,70.04,0,0.07,16.05.2024 23:39:53
0,157.88,842,847,11.71,70.07,0,0.74,16.05.2024 23:39:55
0,155.63,830,848,11.71,70.04,0,0.57,16.05.2024 23:39:57
0,154.88,826,848,11.67,70.05,0,0.52,16.05.2024 23:39:59
0,157.13,838,848,11.71,70.04,0,0.69,16.05.2024 23:40:01
0,160.13,854,849,11.73,70.05,0,0.93,16.05.2024 23:40:03
0,158.25,844,848,11.71,70.05,0,0.78,16.05.2024 23:40:06
0,157.31,839,849,11.70,70.03,0,0.70,16.05.2024 23:40:08
0,157.13,838,849,11.71,70.03,0,0.69,16.05.2024 23:40:10
0,155.25,828,849,11.70,70.06,0,0.54,16.05.2024 23:40:12
0,159.94,853,849,11.71,70.01,0,0.92,16.05.2024 23:40:14
0,157.88,842,848,11.73,70.07,0,0.74,16.05.2024 23:40:16
0,155.81,831,848,11.70,70.06,0,0.59,16.05.2024 23:40:18
0,156.94,837,848,11.71,70.04,0,0.67,16.05.2024 23:40:20
0,156.00,832,848,11.71,70.06,0,0.60,16.05.2024 23:40:23
0,156.75,836,849,11.71,70.04,0,0.66,16.05.2024 23:40:25
0,157.50,840,849,11.71,70.04,0,0.72,16.05.2024 23:40:27
0,155.06,827,850,11.73,70.05,0,0.52,16.05.2024 23:40:29
0,156.19,833,849,11.70,70.05,0,0.61,16.05.2024 23:40:31
0,159.56,851,849,11.71,70.08,0,0.88,16.05.2024 23:40:33
0,154.69,825,849,11.71,70.04,0,0.50,16.05.2024 23:40:35
0,156.00,832,849,11.70,70.04,0,0.60,16.05.2024 23:40:37
0,153.75,820,849,11.69,70.06,0,0.43,16.05.2024 23:40:40
0,158.44,845,849,11.71,70.05,0,0.79,16.05.2024 23:40:42
0,154.50,824,849,11.70,70.01,0,0.49,16.05.2024 23:40:44
0,156.75,836,849,11.73,70.07,0,0.65,16.05.2024 23:40:46
0,156.00,832,850,11.70,70.06,0,0.60,16.05.2024 23:40:48
0,151.31,807,850,11.70,70.03,0,0.25,16.05.2024 23:40:50
0,156.56,835,850,11.71,70.03,0,0.64,16.05.2024 23:40:52
0,157.13,838,850,11.70,70.04,0,0.69,16.05.2024 23:40:54
0,153.94,821,849,11.73,70.05,0,0.44,16.05.2024 23:40:57
0,153.00,816,849,11.71,70.03,0,0.37,16.05.2024 23:40:59
0,156.19,833,849,11.70,70.05,0,0.61,16.05.2024 23:41:01
0,156.56,835,849,11.71,70.05,0,0.64,16.05.2024 23:41:03
0,156.00,832,849,11.71,70.03,0,0.60,16.05.2024 23:41:05
0,156.19,833,850,11.73,70.05,0,0.61,16.05.2024 23:41:07
0,156.38,834,849,11.70,70.04,0,0.63,16.05.2024 23:41:09
0,156.75,836,850,11.70,70.05,0,0.66,16.05.2024 23:41:11
0,157.69,841,850,11.71,70.05,0,0.73,16.05.2024 23:41:14
0,155.81,831,851,11.70,70.07,0,0.58,16.05.2024 23:41:16
0,153.56,819,851,11.70,70.05,0,0.41,16.05.2024 23:41:18
0,152.25,812,851,11.70,70.04,0,0.32,16.05.2024 23:41:20
0,155.06,827,852,11.70,70.05,0,0.53,16.05.2024 23:41:22
0,153.75,820,852,11.71,70.03,0,0.43,16.05.2024 23:41:24
0,156.19,833,852,11.69,70.00,0,0.62,16.05.2024 23:41:26
0,154.88,826,852,11.70,70.05,0,0.51,16.05.2024 23:41:28
0,154.88,826,852,11.70,70.00,0,0.52,16.05.2024 23:41:31
0,153.19,817,852,11.73,70.07,0,0.38,16.05.2024 23:41:33
0,157.31,839,852,11.70,70.03,0,0.70,16.05.2024 23:41:35
0,154.69,825,852,11.71,70.04,0,0.50,16.05.2024 23:41:37
0,153.56,819,852,11.71,70.06,0,0.41,16.05.2024 23:41:39
0,154.50,824,853,11.70,70.04,0,0.49,16.05.2024 23:41:41
0,157.50,840,852,11.71,70.03,0,0.72,16.05.2024 23:41:45
0,150.94,805,852,11.71,70.03,0,0.22,16.05.2024 23:41:47
0,154.50,824,852,11.70,70.03,0,0.49,16.05.2024 23:41:49
0,155.25,828,852,11.71,70.02,0,0.54,16.05.2024 23:41:52
0,155.06,827,852,11.70,70.04,0,0.53,16.05.2024 23:41:54
0,152.63,814,853,11.70,70.05,0,0.34,16.05.2024 23:41:56
0,153.56,819,853,11.70,70.04,0,0.41,16.05.2024 23:41:58
0,154.88,826,852,11.69,70.03,0,0.52,16.05.2024 23:42:00
0,153.00,816,853,11.70,70.04,0,0.37,16.05.2024 23:42:02
0,152.25,812,853,11.70,70.00,0,0.32,16.05.2024 23:42:04
0,151.31,807,852,11.71,70.04,0,0.25,16.05.2024 23:42:06
0,151.13,806,852,11.70,70.03,0,0.24,16.05.2024 23:42:09
0,153.38,818,852,11.69,70.02,0,0.40,16.05.2024 23:42:11
0,152.06,811,852,11.69,70.04,0,0.31,16.05.2024 23:42:13
0,149.44,797,852,11.71,70.02,0,0.11,16.05.2024 23:42:15
0,148.50,792,853,11.69,70.04,0,0.05,16.05.2024 23:42:17
0,156.38,834,852,11.69,70.03,0,0.63,16.05.2024 23:42:19
0,159.56,851,852,11.71,70.03,0,0.88,16.05.2024 23:42:21
0,155.44,829,853,11.69,70.04,0,0.56,16.05.2024 23:42:23
0,156.56,835,852,11.70,70.05,0,0.64,16.05.2024 23:42:26
0,156.00,832,852,11.69,70.03,0,0.60,16.05.2024 23:42:28
0,155.44,829,852,11.69,70.06,0,0.56,16.05.2024 23:42:30
0,157.13,838,851,11.71,70.07,0,0.69,16.05.2024 23:42:32
0,156.94,837,851,11.70,70.06,0,0.67,16.05.2024 23:42:34
0,154.13,822,851,11.70,70.04,0,0.46,16.05.2024 23:42:36
0,155.81,831,851,11.70,70.05,0,0.59,16.05.2024 23:42:38
0,157.50,840,851,11.69,70.05,0,0.72,16.05.2024 23:42:40
0,157.50,840,851,11.67,70.07,0,0.72,16.05.2024 23:42:43
0,155.06,827,851,11.69,70.03,0,0.53,16.05.2024 23:42:45
0,156.38,834,851,11.70,70.05,0,0.63,16.05.2024 23:42:47
0,155.06,827,851,11.70,70.03,0,0.53,16.05.2024 23:42:49
0,158.63,846,851,11.69,70.06,0,0.81,16.05.2024 23:42:51
0,154.50,824,850,11.69,70.04,0,0.49,16.05.2024 23:42:53
0,160.88,858,850,11.71,70.04,0,0.99,16.05.2024 23:42:55
0,153.94,821,850,11.70,70.04,0,0.44,16.05.2024 23:42:57
0,158.06,843,851,11.67,70.04,0,0.77,16.05.2024 23:43:00
0,155.25,828,852,11.69,70.03,0,0.55,16.05.2024 23:43:02
0,155.81,831,851,11.70,70.04,0,0.59,16.05.2024 23:43:04
0,155.63,830,852,11.67,70.08,0,0.57,16.05.2024 23:43:06
0,158.06,843,852,11.70,70.07,0,0.76,16.05.2024 23:43:08
0,156.38,834,852,11.70,70.03,0,0.63,16.05.2024 23:43:10
0,155.25,828,851,11.69,70.07,0,0.54,16.05.2024 23:43:12
0,154.31,823,851,11.69,70.07,0,0.47,16.05.2024 23:43:14
0,159.94,853,852,11.70,70.06,0,0.92,16.05.2024 23:43:17
0,156.19,833,852,11.70,70.04,0,0.62,16.05.2024 23:43:19
0,156.00,832,852,11.70,70.04,0,0.60,16.05.2024 23:43:21
0,157.31,839,852,11.69,70.06,0,0.71,16.05.2024 23:43:23
0,155.44,829,852,11.69,70.07,0,0.56,16.05.2024 23:43:25
0,156.00,832,853,11.70,70.05,0,0.60,16.05.2024 23:43:27
0,158.25,844,852,11.69,70.08,0,0.78,16.05.2024 23:43:29
0,154.50,824,853,11.70,70.02,0,0.49,16.05.2024 23:43:31
0,157.69,841,853,11.69,70.05,0,0.74,16.05.2024 23:43:33
0,156.38,834,853,11.70,70.06,0,0.63,16.05.2024 23:43:36
0,154.50,824,853,11.69,70.03,0,0.49,16.05.2024 23:43:38
0,154.88,826,853,11.69,70.07,0,0.52,16.05.2024 23:43:40
0,156.38,834,853,11.70,70.03,0,0.63,16.05.2024 23:43:42
0,158.44,845,853,11.69,70.06,0,0.80,16.05.2024 23:43:44
0,155.06,827,853,11.70,70.03,0,0.53,16.05.2024 23:43:46
0,155.44,829,852,11.69,70.07,0,0.56,16.05.2024 23:43:48
0,157.13,838,852,11.70,70.05,0,0.69,16.05.2024 23:43:50
0,155.06,827,852,11.69,70.07,0,0.53,16.05.2024 23:43:53
0,154.88,826,852,11.67,70.05,0,0.52,16.05.2024 23:43:55
0,156.19,833,852,11.70,70.07,0,0.61,16.05.2024 23:43:57
0,153.38,818,852,11.67,70.04,0,0.41,16.05.2024 23:43:59
0,154.50,824,852,11.69,70.04,0,0.49,16.05.2024 23:44:01
2,155.81,831,851,11.69,70.04,0,0.59,16.05.2024 23:44:03
2,153.94,821,852,11.69,70.04,0,0.44,16.05.2024 23:44:05
2,153.19,817,852,11.67,70.03,0,0.39,16.05.2024 23:44:09
2,156.00,832,853,11.67,70.04,0,0.61,16.05.2024 23:44:12
2,155.25,828,851,11.67,70.05,0,0.55,16.05.2024 23:44:14
2,152.44,813,851,11.69,70.05,0,0.33,16.05.2024 23:44:16
2,151.50,808,851,11.69,70.05,0,0.26,16.05.2024 23:44:18
2,153.94,821,851,11.69,70.05,0,0.44,16.05.2024 23:44:20
2,150.94,805,851,11.70,70.06,0,0.22,16.05.2024 23:44:22
2,154.31,823,852,11.64,70.03,0,0.48,16.05.2024 23:44:24
2,154.50,824,851,11.67,70.05,0,0.49,16.05.2024 23:44:26
2,155.25,828,851,11.69,70.04,0,0.54,16.05.2024 23:44:29
2,152.06,811,851,11.69,70.05,0,0.31,16.05.2024 23:44:31
2,152.06,811,849,11.67,70.03,0,0.31,16.05.2024 23:44:33
2,153.38,818,850,11.67,70.04,0,0.41,16.05.2024 23:44:35
2,153.38,818,850,11.67,70.05,0,0.40,16.05.2024 23:44:37
2,155.63,830,850,11.67,70.06,0,0.58,16.05.2024 23:44:39
2,153.75,820,850,11.69,70.04,0,0.43,16.05.2024 23:44:41
2,156.38,834,849,11.67,70.05,0,0.63,16.05.2024 23:44:43
2,158.81,847,850,11.67,70.05,0,0.83,16.05.2024 23:44:46
2,156.75,836,850,11.69,70.06,0,0.66,16.05.2024 23:44:48
2,153.94,821,849,11.67,70.06,0,0.45,16.05.2024 23:44:50
2,155.63,830,849,11.69,70.03,0,0.57,16.05.2024 23:44:52
2,152.06,811,849,11.67,70.04,0,0.31,16.05.2024 23:44:54
2,156.38,834,849,11.67,70.05,0,0.63,16.05.2024 23:44:56
2,155.25,828,848,11.67,70.05,0,0.55,16.05.2024 23:44:58
2,152.81,815,848,11.67,70.06,0,0.36,16.05.2024 23:45:00
2,159.56,851,848,11.69,70.05,0,0.89,16.05.2024 23:45:02
2,155.44,829,848,11.67,70.05,0,0.56,16.05.2024 23:45:05
2,156.56,835,848,11.67,70.05,0,0.65,16.05.2024 23:45:07
2,153.75,820,848,11.69,70.04,0,0.43,16.05.2024 23:45:09
2,157.69,841,848,11.67,70.05,0,0.74,16.05.2024 23:45:11
2,157.88,842,848,11.66,70.04,0,0.76,16.05.2024 23:45:13
2,153.94,821,847,11.66,70.06,0,0.45,16.05.2024 23:45:15
2,154.50,824,847,11.69,70.07,0,0.49,16.05.2024 23:45:17
2,156.00,832,847,11.69,70.06,0,0.60,16.05.2024 23:45:19
2,155.81,831,847,11.67,70.04,0,0.59,16.05.2024 23:45:22
2,156.00,832,847,11.67,70.02,0,0.61,16.05.2024 23:45:24
2,155.06,827,847,11.66,70.06,0,0.54,16.05.2024 23:45:26
2,156.38,834,847,11.64,70.03,0,0.64,16.05.2024 23:45:28
2,156.94,837,847,11.67,70.05,0,0.68,16.05.2024 23:45:30
2,153.94,821,848,11.67,70.09,0,0.45,16.05.2024 23:45:32
2,155.63,830,848,11.69,70.06,0,0.57,16.05.2024 23:45:34
2,156.00,832,848,11.66,70.06,0,0.61,16.05.2024 23:45:36
2,155.81,831,848,11.64,70.06,0,0.60,16.05.2024 23:45:39
2,154.31,823,849,11.66,70.04,0,0.48,16.05.2024 23:45:41
2,161.25,860,848,11.67,70.04,0,1.03,16.05.2024 23:45:43
2,156.00,832,849,11.67,70.05,0,0.61,16.05.2024 23:45:45
2,154.69,825,849,11.67,70.05,0,0.50,16.05.2024 23:45:47
2,156.94,837,849,11.69,70.07,0,0.68,16.05.2024 23:45:49
2,153.00,816,849,11.69,70.06,0,0.37,16.05.2024 23:45:51
2,154.69,825,849,11.66,70.04,0,0.51,16.05.2024 23:45:53
2,156.94,837,849,11.66,70.03,0,0.68,16.05.2024 23:45:56
2,153.75,820,849,11.67,70.05,0,0.43,16.05.2024 23:45:58
2,153.19,817,848,11.69,70.04,0,0.39,16.05.2024 23:46:00
2,153.19,817,848,11.67,70.05,0,0.39,16.05.2024 23:46:02
2,157.50,840,848,11.67,70.04,0,0.72,16.05.2024 23:46:04
2,152.63,814,848,11.69,70.06,0,0.35,16.05.2024 23:46:06
2,155.25,828,848,11.64,70.04,0,0.55,16.05.2024 23:46:08
2,156.19,833,848,11.69,70.06,0,0.62,16.05.2024 23:46:10
2,152.25,812,848,11.69,70.07,0,0.32,16.05.2024 23:46:13
2,157.31,839,848,11.66,70.05,0,0.71,16.05.2024 23:46:15
2,157.13,838,848,11.67,70.04,0,0.69,16.05.2024 23:46:17
2,155.81,831,847,11.67,70.05,0,0.59,16.05.2024 23:46:19
2,155.63,830,847,11.66,70.06,0,0.58,16.05.2024 23:46:21
2,154.50,824,848,11.66,70.03,0,0.49,16.05.2024 23:46:23
2,156.00,832,847,11.66,70.03,0,0.61,16.05.2024 23:46:25
2,153.00,816,847,11.67,70.07,0,0.38,16.05.2024 23:46:29
2,153.38,818,847,11.66,70.03,0,0.41,16.05.2024 23:46:32
2,153.00,816,847,11.66,70.05,0,0.38,16.05.2024 23:46:34
2,153.38,818,847,11.67,70.03,0,0.41,16.05.2024 23:46:36
2,152.06,811,847,11.67,70.05,0,0.31,16.05.2024 23:46:38
2,152.44,813,846,11.66,70.03,0,0.34,16.05.2024 23:46:40
2,151.88,810,847,11.64,70.05,0,0.30,16.05.2024 23:46:42
2,153.19,817,847,11.69,70.03,0,0.39,16.05.2024 23:46:44
2,152.44,813,847,11.66,70.04,0,0.34,16.05.2024 23:46:46
2,145.31,775,847,11.67,70.05,0,-0.16,16.05.2024 23:46:48
2,150.19,801,847,11.66,70.03,0,0.18,16.05.2024 23:46:51
2,150.75,804,846,11.63,70.09,0,0.22,16.05.2024 23:46:53
2,153.00,816,846,11.66,70.03,0,0.38,16.05.2024 23:46:55
2,150.38,802,847,11.66,70.05,0,0.19,16.05.2024 23:46:57
2,152.25,812,847,11.67,70.03,0,0.32,16.05.2024 23:46:59
2,156.00,832,846,11.66,70.05,0,0.61,16.05.2024 23:47:01
2,157.13,838,847,11.67,70.05,0,0.69,16.05.2024 23:47:03
2,154.69,825,847,11.67,70.04,0,0.50,16.05.2024 23:47:05
2,155.44,829,847,11.66,70.07,0,0.56,16.05.2024 23:47:08
2,156.38,834,847,11.64,70.05,0,0.64,16.05.2024 23:47:10
2,154.50,824,847,11.64,70.05,0,0.50,16.05.2024 23:47:12
2,154.69,825,847,11.67,70.05,0,0.50,16.05.2024 23:47:14
2,154.13,822,847,11.67,70.06,0,0.46,16.05.2024 23:47:16
2,158.81,847,847,11.67,70.05,0,0.83,16.05.2024 23:47:18
2,154.69,825,847,11.66,70.07,0,0.51,16.05.2024 23:47:20
2,156.75,836,847,11.66,70.04,0,0.67,16.05.2024 23:47:22
2,156.00,832,847,11.64,70.03,0,0.61,16.05.2024 23:47:25
2,155.81,831,846,11.64,70.06,0,0.60,16.05.2024 23:47:27
2,158.06,843,846,11.66,70.07,0,0.77,16.05.2024 23:47:29
2,157.31,839,846,11.66,70.05,0,0.71,16.05.2024 23:47:31
2,159.19,849,847,11.67,70.04,0,0.86,16.05.2024 23:47:33
2,154.88,826,847,11.64,70.07,0,0.52,16.05.2024 23:47:35
2,156.38,834,847,11.66,70.06,0,0.64,16.05.2024 23:47:37
2,156.75,836,847,11.64,70.10,0,0.67,16.05.2024 23:47:39
2,156.38,834,847,11.63,70.05,0,0.64,16.05.2024 23:47:42
2,155.25,828,847,11.66,70.08,0,0.55,16.05.2024 23:47:44
2,155.63,830,847,11.67,70.07,0,0.58,16.05.2024 23:47:46
2,155.63,830,847,11.66,70.05,0,0.58,16.05.2024 23:47:48
2,153.19,817,847,11.64,70.04,0,0.40,16.05.2024 23:47:50
2,156.94,837,847,11.67,70.07,0,0.68,16.05.2024 23:47:52
2,157.50,840,847,11.64,70.06,0,0.73,16.05.2024 23:47:54
2,159.38,850,848,11.64,70.05,0,0.88,16.05.2024 23:47:56
2,156.19,833,848,11.63,70.05,0,0.63,16.05.2024 23:47:59
2,153.19,817,848,11.67,70.08,0,0.39,16.05.2024 23:48:01
2,154.50,824,848,11.67,70.05,0,0.49,16.05.2024 23:48:03
2,156.56,835,847,11.69,70.05,0,0.65,16.05.2024 23:48:05
2,156.00,832,848,11.64,70.06,0,0.61,16.05.2024 23:48:07
2,155.81,831,847,11.64,70.07,0,0.60,16.05.2024 23:48:09
2,156.38,834,847,11.63,70.05,0,0.64,16.05.2024 23:48:11
2,157.31,839,847,11.64,70.03,0,0.72,16.05.2024 23:48:13
2,156.19,833,847,11.66,70.07,0,0.62,16.05.2024 23:48:16
2,152.63,814,847,11.66,70.04,0,0.35,16.05.2024 23:48:18
2,156.94,837,846,11.64,70.08,0,0.68,16.05.2024 23:48:20
2,156.56,835,846,11.64,70.05,0,0.66,16.05.2024 23:48:22
2,155.81,831,846,11.64,70.05,0,0.60,16.05.2024 23:48:24
2,157.88,842,846,11.66,70.04,0,0.76,16.05.2024 23:48:26
2,154.13,822,846,11.64,70.07,0,0.47,16.05.2024 23:48:28
2,155.63,830,846,11.64,70.07,0,0.58,16.05.2024 23:48:30
2,155.81,831,846,11.63,70.07,0,0.60,16.05.2024 23:48:32
2,154.13,822,846,11.66,70.07,0,0.46,16.05.2024 23:48:35
2,161.06,859,846,11.64,70.06,0,1.02,16.05.2024 23:48:37
2,153.38,818,846,11.66,70.06,0,0.41,16.05.2024 23:48:39
2,153.00,816,846,11.66,70.05,0,0.38,16.05.2024 23:48:41
2,154.50,824,846,11.66,70.05,0,0.49,16.05.2024 23:48:43
2,150.75,804,845,11.64,70.05,0,0.22,16.05.2024 23:48:45
2,156.38,834,845,11.64,70.06,0,0.64,16.05.2024 23:48:47
2,154.88,826,845,11.66,70.06,0,0.52,16.05.2024 23:48:51
2,153.94,821,844,11.64,70.07,0,0.45,16.05.2024 23:48:54
2,156.38,834,844,11.66,70.05,0,0.64,16.05.2024 23:48:56
2,156.00,832,844,11.64,70.04,0,0.61,16.05.2024 23:48:58
2,152.81,815,844,11.64,70.06,0,0.37,16.05.2024 23:49:00
2,154.13,822,844,11.64,70.07,0,0.47,16.05.2024 23:49:02
2,150.94,805,844,11.64,70.08,0,0.23,16.05.2024 23:49:04
2,152.63,814,844,11.67,70.05,0,0.35,16.05.2024 23:49:06
2,153.56,819,844,11.63,70.05,0,0.43,16.05.2024 23:49:08
2,156.75,836,844,11.64,70.04,0,0.67,16.05.2024 23:49:11
2,151.69,809,844,11.63,70.04,0,0.29,16.05.2024 23:49:13
2,153.00,816,844,11.63,70.05,0,0.38,16.05.2024 23:49:15
2,151.88,810,844,11.61,70.06,0,0.30,16.05.2024 23:49:17
2,151.88,810,843,11.64,70.06,0,0.30,16.05.2024 23:49:19
2,152.44,813,843,11.64,70.07,0,0.34,16.05.2024 23:49:21
2,154.69,825,843,11.64,70.06,0,0.51,16.05.2024 23:49:23
2,156.94,837,843,11.63,70.07,0,0.69,16.05.2024 23:49:25
2,154.50,824,844,11.64,70.08,0,0.49,16.05.2024 23:49:28
2,153.00,816,844,11.63,70.05,0,0.38,16.05.2024 23:49:30
2,157.13,838,844,11.64,70.04,0,0.70,16.05.2024 23:49:32
2,154.50,824,844,11.64,70.04,0,0.50,16.05.2024 23:49:34
2,156.38,834,844,11.64,70.04,0,0.64,16.05.2024 23:49:36
2,155.81,831,843,11.64,70.05,0,0.60,16.05.2024 23:49:38
2,157.50,840,844,11.64,70.08,0,0.73,16.05.2024 23:49:40
2,153.19,817,844,11.63,70.07,0,0.40,16.05.2024 23:49:42
2,153.00,816,844,11.61,70.07,0,0.39,16.05.2024 23:49:45
2,156.19,833,843,11.64,70.08,0,0.62,16.05.2024 23:49:47
2,154.13,822,843,11.64,70.06,0,0.47,16.05.2024 23:49:49
2,154.50,824,843,11.64,70.07,0,0.49,16.05.2024 23:49:51
2,159.56,851,843,11.64,70.07,0,0.90,16.05.2024 23:49:53
2,156.19,833,843,11.61,70.06,0,0.63,16.05.2024 23:49:55
2,156.94,837,843,11.64,70.06,0,0.68,16.05.2024 23:49:57
2,157.88,842,843,11.63,70.10,0,0.76,16.05.2024 23:49:59
2,159.75,852,844,11.61,70.05,0,0.92,16.05.2024 23:50:02
2,154.31,823,843,11.64,70.08,0,0.48,16.05.2024 23:50:04
2,156.19,833,843,11.64,70.08,0,0.62,16.05.2024 23:50:06
2,155.25,828,843,11.63,70.07,0,0.55,16.05.2024 23:50:08
2,156.56,835,843,11.63,70.09,0,0.66,16.05.2024 23:50:10
2,158.25,844,843,11.63,70.07,0,0.79,16.05.2024 23:50:12
2,155.63,830,844,11.61,70.08,0,0.59,16.05.2024 23:50:14
2,153.00,816,843,11.63,70.08,0,0.38,16.05.2024 23:50:16
2,154.31,823,843,11.66,70.07,0,0.48,16.05.2024 23:50:18
2,157.13,838,843,11.64,70.07,0,0.70,16.05.2024 23:50:21
2,155.25,828,843,11.63,70.05,0,0.56,16.05.2024 23:50:23
2,155.81,831,843,11.64,70.09,0,0.59,16.05.2024 23:50:25
2,156.00,832,843,11.61,70.06,0,0.62,16.05.2024 23:50:27
2,155.81,831,844,11.64,70.07,0,0.60,16.05.2024 23:50:29
2,155.44,829,843,11.64,70.06,0,0.57,16.05.2024 23:50:31
2,153.38,818,842,11.63,70.05,0,0.41,16.05.2024 23:50:33
2,154.88,826,843,11.67,70.09,0,0.52,16.05.2024 23:50:35
2,157.50,840,843,11.61,70.09,0,0.73,16.05.2024 23:50:38
2,155.44,829,843,11.67,70.06,0,0.56,16.05.2024 23:50:40
2,156.75,836,843,11.63,70.07,0,0.67,16.05.2024 23:50:42
2,157.69,841,842,11.64,70.05,0,0.74,16.05.2024 23:50:44
2,154.13,822,843,11.64,70.05,0,0.47,16.05.2024 23:50:46
2,155.81,831,843,11.61,70.06,0,0.60,16.05.2024 23:50:48
2,155.25,828,843,11.64,70.09,0,0.55,16.05.2024 23:50:50
2,155.25,828,843,11.64,70.08,0,0.55,16.05.2024 23:50:52
2,155.25,828,844,11.66,70.07,0,0.55,16.05.2024 23:50:55
2,156.38,834,844,11.61,70.05,0,0.65,16.05.2024 23:50:57
2,159.94,853,844,11.64,70.09,0,0.93,16.05.2024 23:50:59
2,157.88,842,845,11.63,70.05,0,0.76,16.05.2024 23:51:01
2,153.75,820,845,11.61,70.05,0,0.44,16.05.2024 23:51:03
2,155.81,831,844,11.63,70.07,0,0.60,16.05.2024 23:51:05
2,154.69,825,844,11.63,70.05,0,0.51,16.05.2024 23:51:07
2,157.13,838,845,11.63,70.08,0,0.70,16.05.2024 23:51:09
2,153.00,816,845,11.66,70.07,0,0.38,16.05.2024 23:51:12
2,156.94,837,846,11.60,70.06,0,0.69,16.05.2024 23:51:14
2,154.31,823,846,11.64,70.06,0,0.48,16.05.2024 23:51:18
2,154.69,825,847,11.61,70.03,0,0.52,16.05.2024 23:51:20
2,156.56,835,846,11.64,70.08,0,0.65,16.05.2024 23:51:22
2,154.13,822,846,11.64,70.06,0,0.47,16.05.2024 23:51:24
2,150.00,800,846,11.63,70.08,0,0.17,16.05.2024 23:51:26
2,154.69,825,846,11.64,70.09,0,0.51,16.05.2024 23:51:28
2,151.50,808,845,11.61,70.08,0,0.28,16.05.2024 23:51:31
2,156.00,832,845,11.63,70.07,0,0.61,16.05.2024 23:51:33
2,151.13,806,845,11.61,70.06,0,0.25,16.05.2024 23:51:35
2,152.25,812,845,11.61,70.09,0,0.33,16.05.2024 23:51:37
2,150.56,803,845,11.63,70.05,0,0.21,16.05.2024 23:51:39
2,155.44,829,845,11.63,70.05,0,0.57,16.05.2024 23:51:41
2,150.19,801,845,11.64,70.08,0,0.18,16.05.2024 23:51:43
2,154.88,826,845,11.64,70.04,0,0.52,16.05.2024 23:51:45
2,153.00,816,845,11.61,70.07,0,0.39,16.05.2024 23:51:48
2,156.56,835,845,11.63,70.05,0,0.66,16.05.2024 23:51:50
2,156.19,833,845,11.64,70.08,0,0.62,16.05.2024 23:51:52
2,156.19,833,846,11.61,70.05,0,0.63,16.05.2024 23:51:54
2,155.25,828,845,11.63,70.05,0,0.56,16.05.2024 23:51:56
2,153.00,816,845,11.63,70.04,0,0.38,16.05.2024 23:51:58
2,152.81,815,845,11.60,70.04,0,0.38,16.05.2024 23:52:00
2,156.38,834,845,11.60,70.03,0,0.65,16.05.2024 23:52:02
2,157.31,839,846,11.61,70.07,0,0.72,16.05.2024 23:52:05
2,155.25,828,846,11.63,70.05,0,0.55,16.05.2024 23:52:07
2,158.25,844,845,11.61,70.05,0,0.80,16.05.2024 23:52:09
2,157.69,841,845,11.63,70.09,0,0.75,16.05.2024 23:52:11
2,156.00,832,846,11.60,70.08,0,0.62,16.05.2024 23:52:13
2,160.13,854,845,11.60,70.05,0,0.95,16.05.2024 23:52:15
2,155.81,831,846,11.61,70.06,0,0.60,16.05.2024 23:52:17
2,159.94,853,845,11.63,70.05,0,0.93,16.05.2024 23:52:19
2,153.00,816,845,11.60,70.05,0,0.39,16.05.2024 23:52:21
2,155.81,831,846,11.61,70.08,0,0.60,16.05.2024 23:52:24
2,153.94,821,846,11.61,70.08,0,0.46,16.05.2024 23:52:26
2,155.81,831,846,11.63,70.05,0,0.60,16.05.2024 23:52:28
2,158.63,846,846,11.61,70.07,0,0.83,16.05.2024 23:52:30
2,154.50,824,846,11.63,70.05,0,0.50,16.05.2024 23:52:32
2,154.88,826,846,11.63,70.08,0,0.53,16.05.2024 23:52:34
2,152.81,815,846,11.61,70.05,0,0.37,16.05.2024 23:52:36
2,157.31,839,846,11.63,70.05,0,0.72,16.05.2024 23:52:38
2,153.94,821,846,11.63,70.05,0,0.45,16.05.2024 23:52:41
2,154.88,826,845,11.63,70.07,0,0.53,16.05.2024 23:52:43
2,154.13,822,845,11.63,70.07,0,0.47,16.05.2024 23:52:45
2,154.50,824,845,11.63,70.05,0,0.50,16.05.2024 23:52:47
2,153.00,816,845,11.60,70.06,0,0.39,16.05.2024 23:52:49
2,156.19,833,845,11.61,70.06,0,0.63,16.05.2024 23:52:51
2,154.88,826,845,11.59,70.08,0,0.53,16.05.2024 23:52:53
2,155.25,828,845,11.61,70.07,0,0.56,16.05.2024 23:52:55
2,154.31,823,846,11.60,70.06,0,0.49,16.05.2024 23:52:58
2,156.56,835,846,11.61,70.06,0,0.66,16.05.2024 23:53:00
2,154.50,824,846,11.61,70.05,0,0.50,16.05.2024 23:53:02
2,154.13,822,846,11.63,70.08,0,0.47,16.05.2024 23:53:04
2,158.44,845,845,11.63,70.07,0,0.81,16.05.2024 23:53:06
2,154.13,822,846,11.61,70.03,0,0.47,16.05.2024 23:53:08
2,157.31,839,846,11.63,70.07,0,0.72,16.05.2024 23:53:10
2,155.25,828,846,11.61,70.08,0,0.56,16.05.2024 23:53:12
2,158.81,847,846,11.63,70.05,0,0.84,16.05.2024 23:53:15
2,158.25,844,846,11.60,70.03,0,0.80,16.05.2024 23:53:17
2,153.94,821,847,11.61,70.05,0,0.46,16.05.2024 23:53:19
2,154.31,823,847,11.63,70.05,0,0.48,16.05.2024 23:53:21
2,155.06,827,847,11.61,70.05,0,0.54,16.05.2024 23:53:23
2,157.88,842,847,11.61,70.06,0,0.77,16.05.2024 23:53:25
2,156.94,837,848,11.61,70.05,0,0.69,16.05.2024 23:53:27
2,154.50,824,847,11.60,70.06,0,0.50,16.05.2024 23:53:29
2,154.69,825,847,11.63,70.03,0,0.51,16.05.2024 23:53:32
2,153.94,821,847,11.60,70.05,0,0.46,16.05.2024 23:53:34
2,152.06,811,846,11.61,70.01,0,0.32,16.05.2024 23:53:38
2,154.50,824,846,11.59,70.04,0,0.51,16.05.2024 23:53:40
2,154.31,823,846,11.60,70.05,0,0.49,16.05.2024 23:53:42
2,153.94,821,845,11.60,70.04,0,0.46,16.05.2024 23:53:44
2,152.25,812,845,11.61,70.06,0,0.33,16.05.2024 23:53:46
2,152.06,811,845,11.60,70.04,0,0.32,16.05.2024 23:53:48
2,151.88,810,845,11.60,70.05,0,0.31,16.05.2024 23:53:51
2,150.38,802,845,11.60,70.02,0,0.20,16.05.2024 23:53:53
2,152.81,815,845,11.61,70.05,0,0.37,16.05.2024 23:53:55
2,151.88,810,845,11.63,70.04,0,0.30,16.05.2024 23:53:57
2,153.75,820,846,11.59,70.06,0,0.45,16.05.2024 23:53:59
2,155.06,827,846,11.60,70.04,0,0.55,16.05.2024 23:54:01
0,151.88,810,846,11.60,70.05,0,0.31,16.05.2024 23:54:03
0,149.63,798,846,11.60,70.00,0,0.15,16.05.2024 23:54:05
0,154.69,825,846,11.60,70.03,0,0.52,16.05.2024 23:54:07
0,156.19,833,846,11.61,70.06,0,0.63,16.05.2024 23:54:10
0,155.81,831,846,11.57,70.00,0,0.61,16.05.2024 23:54:12
0,151.69,809,846,11.60,70.02,0,0.29,16.05.2024 23:54:14
0,155.25,828,846,11.59,70.04,0,0.56,16.05.2024 23:54:16
0,155.25,828,845,11.60,70.04,0,0.56,16.05.2024 23:54:18
0,155.63,830,846,11.61,70.05,0,0.59,16.05.2024 23:54:20
0,155.25,828,845,11.59,70.03,0,0.56,16.05.2024 23:54:22
0,153.56,819,844,11.61,70.03,0,0.43,16.05.2024 23:54:24
0,154.31,823,845,11.61,70.03,0,0.49,16.05.2024 23:54:27
0,153.94,821,845,11.60,70.04,0,0.46,16.05.2024 23:54:29
0,156.38,834,845,11.61,70.03,0,0.65,16.05.2024 23:54:31
0,151.31,807,845,11.59,70.04,0,0.27,16.05.2024 23:54:33
0,154.13,822,846,11.60,70.08,0,0.47,16.05.2024 23:54:35
0,158.06,843,845,11.60,70.02,0,0.79,16.05.2024 23:54:37
0,156.19,833,845,11.59,70.04,0,0.64,16.05.2024 23:54:39
0,153.94,821,844,11.59,70.02,0,0.46,16.05.2024 23:54:41
0,157.13,838,845,11.60,70.03,0,0.71,16.05.2024 23:54:44
0,158.06,843,845,11.59,70.01,0,0.79,16.05.2024 23:54:46
0,156.19,833,845,11.59,70.02,0,0.64,16.05.2024 23:54:48
0,157.69,841,845,11.61,70.03,0,0.75,16.05.2024 23:54:50
0,154.13,822,845,11.59,70.03,0,0.48,16.05.2024 23:54:52
0,155.63,830,846,11.61,70.03,0,0.59,16.05.2024 23:54:54
0,154.31,823,846,11.60,70.06,0,0.49,16.05.2024 23:54:56
0,153.56,819,847,11.59,70.04,0,0.43,16.05.2024 23:54:58
0,157.31,839,847,11.60,70.04,0,0.72,16.05.2024 23:55:01
0,158.81,847,847,11.60,70.04,0,0.85,16.05.2024 23:55:03
0,155.25,828,847,11.60,70.02,0,0.56,16.05.2024 23:55:05
0,157.50,840,847,11.63,70.05,0,0.73,16.05.2024 23:55:07
0,152.44,813,847,11.59,70.02,0,0.35,16.05.2024 23:55:09
0,154.88,826,847,11.59,70.02,0,0.54,16.05.2024 23:55:11
0,154.50,824,847,11.60,70.02,0,0.50,16.05.2024 23:55:13
0,154.13,822,847,11.63,70.04,0,0.47,16.05.2024 23:55:15
0,156.19,833,847,11.59,70.02,0,0.64,16.05.2024 23:55:18
0,154.31,823,847,11.60,70.03,0,0.49,16.05.2024 23:55:20
0,154.31,823,847,11.60,70.03,0,0.49,16.05.2024 23:55:22
0,155.06,827,846,11.59,69.99,0,0.55,16.05.2024 23:55:24
0,153.56,819,846,11.59,70.03,0,0.43,16.05.2024 23:55:26
0,153.56,819,847,11.60,70.00,0,0.43,16.05.2024 23:55:28
0,154.88,826,846,11.61,70.03,0,0.53,16.05.2024 23:55:30
0,152.25,812,846,11.57,70.02,0,0.34,16.05.2024 23:55:32
0,152.44,813,847,11.60,70.00,0,0.35,16.05.2024 23:55:34
0,155.25,828,847,11.59,70.04,0,0.56,16.05.2024 23:55:37
0,155.63,830,847,11.60,70.02,0,0.59,16.05.2024 23:55:39
0,155.06,827,847,11.60,70.02,0,0.55,16.05.2024 23:55:41
0,154.88,826,846,11.61,70.03,0,0.53,16.05.2024 23:55:43
0,156.19,833,847,11.59,70.03,0,0.64,16.05.2024 23:55:45
0,153.56,819,847,11.59,70.02,0,0.44,16.05.2024 23:55:47
0,156.19,833,847,11.57,69.99,0,0.64,16.05.2024 23:55:49
0,154.50,824,847,11.59,70.03,0,0.51,16.05.2024 23:55:51
0,152.63,814,847,11.61,70.03,0,0.36,16.05.2024 23:55:54
0,154.50,824,847,11.60,70.03,0,0.50,16.05.2024 23:55:56
0,158.06,843,847,11.60,70.00,0,0.79,16.05.2024 23:55:58
0,153.94,821,847,11.60,70.00,0,0.46,16.05.2024 23:56:00
0,153.38,818,847,11.59,70.03,0,0.42,16.05.2024 23:56:04
0,153.38,818,847,11.60,70.03,0,0.42,16.05.2024 23:56:06
0,155.44,829,847,11.59,70.01,0,0.58,16.05.2024 23:56:08
0,151.69,809,847,11.57,70.03,0,0.30,16.05.2024 23:56:10
0,151.88,810,847,11.57,70.01,0,0.31,16.05.2024 23:56:13
0,155.44,829,846,11.60,70.03,0,0.58,16.05.2024 23:56:15
0,147.75,788,847,11.60,70.02,0,0.02,16.05.2024 23:56:17
0,151.88,810,847,11.61,70.03,0,0.30,16.05.2024 23:56:19
0,151.88,810,847,11.61,70.03,0,0.30,16.05.2024 23:56:21
0,152.25,812,847,11.59,70.02,0,0.34,16.05.2024 23:56:23
0,151.31,807,847,11.60,70.02,0,0.27,16.05.2024 23:56:25
0,154.88,826,847,11.60,70.00,0,0.53,16.05.2024 23:56:27
0,148.13,790,847,11.59,70.02,0,0.04,16.05.2024 23:56:30
0,151.69,809,846,11.61,70.03,0,0.29,16.05.2024 23:56:32
0,153.19,817,846,11.59,70.03,0,0.41,16.05.2024 23:56:34
0,155.44,829,846,11.57,69.99,0,0.58,16.05.2024 23:56:36
0,158.25,844,847,11.57,70.01,0,0.81,16.05.2024 23:56:38
0,157.13,838,846,11.57,70.02,0,0.71,16.05.2024 23:56:40
0,157.69,841,846,11.59,70.00,0,0.76,16.05.2024 23:56:42
0,155.06,827,847,11.57,70.03,0,0.55,16.05.2024 23:56:44
0,156.94,837,847,11.59,70.02,0,0.70,16.05.2024 23:56:47
0,155.81,831,846,11.60,70.02,0,0.61,16.05.2024 23:56:49
0,156.19,833,847,11.59,70.03,0,0.64,16.05.2024 23:56:51
0,155.63,830,847,11.57,69.97,0,0.60,16.05.2024 23:56:53
0,157.88,842,847,11.59,69.99,0,0.77,16.05.2024 23:56:55
0,156.00,832,848,11.59,70.01,0,0.62,16.05.2024 23:56:57
0,159.38,850,848,11.57,70.01,0,0.90,16.05.2024 23:56:59
0,154.13,822,848,11.56,70.02,0,0.48,16.05.2024 23:57:01
0,156.38,834,848,11.59,70.04,0,0.65,16.05.2024 23:57:04
0,155.06,827,848,11.59,69.99,0,0.55,16.05.2024 23:57:06
0,158.06,843,848,11.57,69.99,0,0.79,16.05.2024 23:57:08
0,152.63,814,848,11.59,70.02,0,0.37,16.05.2024 23:57:10
0,157.31,839,848,11.60,70.02,0,0.72,16.05.2024 23:57:12
0,156.00,832,849,11.56,70.01,0,0.63,16.05.2024 23:57:14
0,156.56,835,849,11.57,70.00,0,0.67,16.05.2024 23:57:16
0,154.88,826,848,11.59,70.03,0,0.54,16.05.2024 23:57:18
0,157.88,842,848,11.59,70.00,0,0.77,16.05.2024 23:57:20
0,154.13,822,848,11.56,70.00,0,0.48,16.05.2024 23:57:23
0,156.38,834,848,11.56,70.02,0,0.66,16.05.2024 23:57:25
0,154.88,826,848,11.56,70.04,0,0.54,16.05.2024 23:57:27
0,153.75,820,849,11.56,70.00,0,0.46,16.05.2024 23:57:29
0,153.56,819,848,11.57,69.98,0,0.44,16.05.2024 23:57:31
0,159.00,848,848,11.56,70.02,0,0.87,16.05.2024 23:57:33
0,159.38,850,848,11.60,70.00,0,0.89,16.05.2024 23:57:35
0,157.31,839,848,11.56,69.99,0,0.73,16.05.2024 23:57:37
0,156.56,835,847,11.60,70.00,0,0.67,16.05.2024 23:57:40
0,156.19,833,846,11.57,70.01,0,0.64,16.05.2024 23:57:42
0,152.06,811,846,11.59,70.04,0,0.32,16.05.2024 23:57:44
0,152.25,812,846,11.59,70.00,0,0.34,16.05.2024 23:57:46
0,156.38,834,847,11.56,70.03,0,0.66,16.05.2024 23:57:48
0,157.88,842,847,11.57,70.00,0,0.78,16.05.2024 23:57:50
0,154.31,823,847,11.59,70.02,0,0.49,16.05.2024 23:57:52
0,156.38,834,847,11.59,70.03,0,0.65,16.05.2024 23:57:54
0,154.88,826,847,11.57,70.01,0,0.54,16.05.2024 23:57:57
0,158.25,844,848,11.59,70.02,0,0.80,16.05.2024 23:57:59
0,155.63,830,847,11.57,70.01,0,0.60,16.05.2024 23:58:01
0,154.88,826,848,11.60,70.04,0,0.53,16.05.2024 23:58:03
0,155.25,828,848,11.59,69.99,0,0.57,16.05.2024 23:58:05
0,157.31,839,848,11.56,70.02,0,0.73,16.05.2024 23:58:07
0,155.63,830,848,11.59,70.02,0,0.59,16.05.2024 23:58:09
0,155.81,831,848,11.60,70.00,0,0.61,16.05.2024 23:58:11
0,153.94,821,848,11.56,70.03,0,0.47,16.05.2024 23:58:14
0,154.50,824,848,11.56,69.99,0,0.51,16.05.2024 23:58:16
0,155.25,828,848,11.56,70.03,0,0.57,16.05.2024 23:58:18
0,154.50,824,848,11.57,70.03,0,0.51,16.05.2024 23:58:20
0,156.94,837,848,11.57,70.00,0,0.70,16.05.2024 23:58:24
0,153.00,816,848,11.59,70.03,0,0.39,16.05.2024 23:58:26
0,154.88,826,848,11.57,70.00,0,0.54,16.05.2024 23:58:28
0,151.88,810,848,11.57,70.03,0,0.31,16.05.2024 23:58:30
0,151.88,810,848,11.59,70.01,0,0.31,16.05.2024 23:58:33
0,150.38,802,848,11.59,70.03,0,0.20,16.05.2024 23:58:35
0,153.56,819,848,11.57,70.01,0,0.44,16.05.2024 23:58:37
0,150.19,801,848,11.57,70.02,0,0.19,16.05.2024 23:58:39
0,152.44,813,847,11.57,70.02,0,0.35,16.05.2024 23:58:41
0,154.31,823,847,11.54,70.01,0,0.50,16.05.2024 23:58:43
0,153.00,816,848,11.56,70.02,0,0.40,16.05.2024 23:58:45
0,149.63,798,848,11.57,70.00,0,0.15,16.05.2024 23:58:47
0,153.00,816,848,11.56,70.04,0,0.40,16.05.2024 23:58:49
0,154.50,824,848,11.56,70.01,0,0.51,16.05.2024 23:58:52
0,151.69,809,848,11.54,70.00,0,0.30,16.05.2024 23:58:54
0,156.19,833,848,11.54,70.00,0,0.65,16.05.2024 23:58:56
0,153.56,819,847,11.56,70.01,0,0.44,16.05.2024 23:58:58
0,154.50,824,848,11.59,70.05,0,0.51,16.05.2024 23:59:00
0,152.44,813,847,11.57,70.03,0,0.35,16.05.2024 23:59:02
0,156.00,832,847,11.56,70.02,0,0.63,16.05.2024 23:59:04
0,161.63,862,847,11.57,70.03,0,1.09,16.05.2024 23:59:06
0,157.13,838,847,11.57,70.05,0,0.71,16.05.2024 23:59:09
0,156.75,836,846,11.57,70.02,0,0.68,16.05.2024 23:59:11
0,153.94,821,846,11.54,70.01,0,0.47,16.05.2024 23:59:13
0,156.38,834,845,11.56,70.03,0,0.66,16.05.2024 23:59:15
0,154.88,826,846,11.56,70.04,0,0.54,16.05.2024 23:59:17
0,156.38,834,845,11.57,70.02,0,0.66,16.05.2024 23:59:19
0,156.38,834,846,11.56,70.02,0,0.66,16.05.2024 23:59:21
0,158.06,843,846,11.57,70.01,0,0.79,16.05.2024 23:59:23
0,154.69,825,846,11.57,70.03,0,0.52,16.05.2024 23:59:26
0,155.81,831,846,11.54,70.04,0,0.62,16.05.2024 23:59:28
0,154.88,826,846,11.57,70.05,0,0.54,16.05.2024 23:59:30
0,154.50,824,846,11.53,70.05,0,0.52,16.05.2024 23:59:32
0,154.13,822,846,11.56,70.05,0,0.48,16.05.2024 23:59:34
0,155.44,829,846,11.56,70.03,0,0.58,16.05.2024 23:59:36
0,154.69,825,846,11.57,70.06,0,0.52,16.05.2024 23:59:38
0,155.06,827,846,11.54,70.03,0,0.56,16.05.2024 23:59:40
0,156.38,834,846,11.54,70.00,0,0.66,16.05.2024 23:59:43
0,153.94,821,846,11.57,70.04,0,0.47,16.05.2024 23:59:45
0,160.13,854,846,11.56,70.02,0,0.96,16.05.2024 23:59:47
0,156.94,837,846,11.56,70.03,0,0.70,16.05.2024 23:59:49
0,157.31,839,845,11.53,70.04,0,0.74,16.05.2024 23:59:51
0,153.38,818,846,11.56,70.02,0,0.43,16.05.2024 23:59:53
0,155.06,827,846,11.56,70.03,0,0.56,16.05.2024 23:59:55
0,154.13,822,847,11.54,70.00,0,0.49,16.05.2024 23:59:57
