0,152.63,814,712,10.48,70.49,0,0.55,17.05.2024 06:00:00
0,151.50,808,712,10.49,70.49,0,0.46,17.05.2024 06:00:03
0,150.75,804,711,10.49,70.52,0,0.40,17.05.2024 06:00:05
0,148.31,791,712,10.48,70.52,0,0.22,17.05.2024 06:00:07
0,148.88,794,711,10.49,70.56,0,0.26,17.05.2024 06:00:09
0,153.00,816,711,10.51,70.51,0,0.57,17.05.2024 06:00:11
0,151.31,807,711,10.47,70.49,0,0.45,17.05.2024 06:00:13
0,153.19,817,710,10.49,70.49,0,0.59,17.05.2024 06:00:15
0,153.56,819,710,10.47,70.52,0,0.62,17.05.2024 06:00:17
0,152.06,811,710,10.48,70.50,0,0.50,17.05.2024 06:00:19
0,149.81,799,710,10.49,70.50,0,0.33,17.05.2024 06:00:22
0,150.00,800,711,10.48,70.48,0,0.34,17.05.2024 06:00:24
0,151.88,810,711,10.51,70.49,0,0.48,17.05.2024 06:00:26
0,153.00,816,711,10.48,70.47,0,0.58,17.05.2024 06:00:28
0,150.94,805,710,10.52,70.50,0,0.41,17.05.2024 06:00:30
0,151.88,810,710,10.52,70.49,0,0.48,17.05.2024 06:00:32
0,150.00,800,711,10.49,70.50,0,0.34,17.05.2024 06:00:34
0,147.94,789,710,10.49,70.51,0,0.19,17.05.2024 06:00:36
0,150.00,800,710,10.51,70.50,0,0.34,17.05.2024 06:00:39
0,151.69,809,710,10.48,70.49,0,0.47,17.05.2024 06:00:43
0,151.13,806,710,10.51,70.48,0,0.42,17.05.2024 06:00:45
0,153.19,817,711,10.48,70.49,0,0.59,17.05.2024 06:00:47
0,148.13,790,710,10.48,70.47,0,0.21,17.05.2024 06:00:49
0,147.38,786,710,10.51,70.49,0,0.15,17.05.2024 06:00:51
0,150.38,802,710,10.49,70.48,0,0.37,17.05.2024 06:00:53
0,149.25,796,710,10.48,70.47,0,0.29,17.05.2024 06:00:55
0,145.31,775,709,10.47,70.46,0,0.01,17.05.2024 06:00:58
0,147.75,788,710,10.51,70.47,0,0.17,17.05.2024 06:01:00
0,149.06,795,710,10.51,70.48,0,0.27,17.05.2024 06:01:02
0,150.00,800,710,10.49,70.49,0,0.34,17.05.2024 06:01:04
0,150.00,800,710,10.49,70.51,0,0.34,17.05.2024 06:01:06
0,148.69,793,710,10.48,70.49,0,0.25,17.05.2024 06:01:08
0,153.56,819,710,10.51,70.49,0,0.61,17.05.2024 06:01:10
0,148.31,791,709,10.51,70.50,0,0.21,17.05.2024 06:01:12
0,149.63,798,709,10.51,70.51,0,0.31,17.05.2024 06:01:14
0,150.56,803,709,10.51,70.49,0,0.38,17.05.2024 06:01:17
0,151.69,809,709,10.49,70.48,0,0.47,17.05.2024 06:01:19
0,150.94,805,709,10.49,70.50,0,0.41,17.05.2024 06:01:21
0,150.75,804,709,10.51,70.47,0,0.40,17.05.2024 06:01:23
0,152.06,811,709,10.51,70.49,0,0.50,17.05.2024 06:01:25
0,150.00,800,709,10.49,70.49,0,0.34,17.05.2024 06:01:27
0,149.63,798,710,10.49,70.46,0,0.32,17.05.2024 06:01:29
0,150.94,805,711,10.49,70.44,0,0.41,17.05.2024 06:01:31
0,149.25,796,710,10.48,70.50,0,0.29,17.05.2024 06:01:34
0,156.75,836,711,10.49,70.47,0,0.88,17.05.2024 06:01:36
0,150.94,805,711,10.48,70.48,0,0.42,17.05.2024 06:01:38
0,150.75,804,711,10.49,70.47,0,0.40,17.05.2024 06:01:40
0,153.94,821,711,10.49,70.49,0,0.65,17.05.2024 06:01:42
0,150.00,800,711,10.48,70.48,0,0.34,17.05.2024 06:01:44
0,151.31,807,711,10.52,70.47,0,0.44,17.05.2024 06:01:46
0,149.63,798,711,10.49,70.50,0,0.31,17.05.2024 06:01:48
0,151.50,808,712,10.51,70.47,0,0.45,17.05.2024 06:01:51
0,151.69,809,712,10.48,70.48,0,0.47,17.05.2024 06:01:53
0,151.88,810,712,10.49,70.49,0,0.49,17.05.2024 06:01:55
0,151.13,806,712,10.49,70.45,0,0.43,17.05.2024 06:01:57
0,149.63,798,712,10.49,70.50,0,0.31,17.05.2024 06:01:59
0,147.56,787,712,10.48,70.49,0,0.16,17.05.2024 06:02:01
0,150.00,800,712,10.49,70.47,0,0.34,17.05.2024 06:02:03
0,147.75,788,712,10.49,70.46,0,0.18,17.05.2024 06:02:05
0,151.13,806,712,10.49,70.48,0,0.43,17.05.2024 06:02:08
0,151.69,809,713,10.49,70.44,0,0.47,17.05.2024 06:02:10
0,155.06,827,713,10.51,70.48,0,0.74,17.05.2024 06:02:12
0,153.94,821,713,10.51,70.44,0,0.65,17.05.2024 06:02:14
0,151.13,806,714,10.51,70.47,0,0.43,17.05.2024 06:02:16
0,151.88,810,713,10.51,70.47,0,0.48,17.05.2024 06:02:18
0,153.19,817,714,10.48,70.46,0,0.59,17.05.2024 06:02:20
0,150.19,801,714,10.47,70.45,0,0.36,17.05.2024 06:02:22
0,152.63,814,713,10.51,70.47,0,0.54,17.05.2024 06:02:24
0,150.94,805,714,10.49,70.46,0,0.41,17.05.2024 06:02:27
0,153.00,816,714,10.48,70.49,0,0.58,17.05.2024 06:02:29
0,155.25,828,714,10.49,70.43,0,0.76,17.05.2024 06:02:31
0,154.50,824,714,10.49,70.47,0,0.69,17.05.2024 06:02:33
0,150.94,805,714,10.48,70.44,0,0.42,17.05.2024 06:02:35
0,149.63,798,714,10.49,70.45,0,0.32,17.05.2024 06:02:37
0,150.56,803,714,10.52,70.45,0,0.38,17.05.2024 06:02:39
0,148.88,794,714,10.49,70.45,0,0.26,17.05.2024 06:02:41
0,150.19,801,714,10.51,70.47,0,0.35,17.05.2024 06:02:44
0,151.69,809,714,10.47,70.47,0,0.48,17.05.2024 06:02:46
0,148.88,794,714,10.49,70.45,0,0.26,17.05.2024 06:02:48
0,152.06,811,714,10.51,70.43,0,0.50,17.05.2024 06:02:50
0,151.50,808,714,10.52,70.45,0,0.45,17.05.2024 06:02:54
0,151.88,810,713,10.49,70.43,0,0.49,17.05.2024 06:02:56
0,150.56,803,714,10.48,70.45,0,0.39,17.05.2024 06:02:58
0,149.44,797,713,10.49,70.44,0,0.30,17.05.2024 06:03:00
0,149.25,796,714,10.49,70.42,0,0.29,17.05.2024 06:03:03
0,155.06,827,714,10.48,70.40,0,0.74,17.05.2024 06:03:05
0,142.31,759,714,10.49,70.44,0,-0.20,17.05.2024 06:03:07
0,150.56,803,714,10.48,70.42,0,0.39,17.05.2024 06:03:09
0,149.44,797,714,10.49,70.47,0,0.30,17.05.2024 06:03:11
0,147.94,789,714,10.51,70.43,0,0.19,17.05.2024 06:03:13
0,149.44,797,714,10.47,70.42,0,0.31,17.05.2024 06:03:15
0,147.94,789,714,10.49,70.43,0,0.19,17.05.2024 06:03:17
0,146.63,782,715,10.48,70.43,0,0.10,17.05.2024 06:03:19
0,151.88,810,715,10.51,70.43,0,0.48,17.05.2024 06:03:22
0,150.19,801,715,10.51,70.43,0,0.36,17.05.2024 06:03:24
0,151.88,810,715,10.48,70.43,0,0.49,17.05.2024 06:03:26
0,150.19,801,715,10.49,70.43,0,0.36,17.05.2024 06:03:28
0,152.81,815,715,10.51,70.44,0,0.56,17.05.2024 06:03:30
0,151.88,810,715,10.49,70.47,0,0.49,17.05.2024 06:03:32
0,149.81,799,714,10.49,70.43,0,0.33,17.05.2024 06:03:34
0,150.94,805,714,10.49,70.45,0,0.41,17.05.2024 06:03:36
0,148.88,794,714,10.51,70.44,0,0.26,17.05.2024 06:03:39
0,151.88,810,714,10.48,70.44,0,0.49,17.05.2024 06:03:41
0,152.06,811,714,10.49,70.43,0,0.50,17.05.2024 06:03:43
0,153.75,820,714,10.48,70.42,0,0.64,17.05.2024 06:03:45
0,151.13,806,714,10.48,70.42,0,0.43,17.05.2024 06:03:47
0,152.63,814,715,10.51,70.43,0,0.54,17.05.2024 06:03:49
0,149.81,799,715,10.49,70.42,0,0.33,17.05.2024 06:03:51
0,151.69,809,715,10.49,70.42,0,0.47,17.05.2024 06:03:53
0,148.50,792,715,10.49,70.43,0,0.23,17.05.2024 06:03:56
0,155.63,830,715,10.51,70.43,0,0.78,17.05.2024 06:03:58
0,151.13,806,715,10.48,70.45,0,0.43,17.05.2024 06:04:00
0,152.81,815,715,10.49,70.44,0,0.56,17.05.2024 06:04:02
0,152.44,813,715,10.49,70.42,0,0.53,17.05.2024 06:04:04
0,150.19,801,714,10.49,70.44,0,0.36,17.05.2024 06:04:06
0,152.63,814,715,10.49,70.42,0,0.55,17.05.2024 06:04:08
0,148.50,792,715,10.49,70.43,0,0.23,17.05.2024 06:04:10
0,150.75,804,715,10.45,70.40,0,0.41,17.05.2024 06:04:12
0,150.19,801,716,10.49,70.42,0,0.36,17.05.2024 06:04:15
0,154.31,823,716,10.48,70.44,0,0.68,17.05.2024 06:04:17
0,145.13,774,715,10.48,70.45,0,-0.01,17.05.2024 06:04:19
0,150.56,803,715,10.49,70.42,0,0.39,17.05.2024 06:04:21
0,153.19,817,715,10.49,70.44,0,0.59,17.05.2024 06:04:23
0,150.56,803,715,10.49,70.43,0,0.39,17.05.2024 06:04:25
0,150.94,805,716,10.51,70.44,0,0.41,17.05.2024 06:04:27
0,148.31,791,716,10.51,70.42,0,0.22,17.05.2024 06:04:29
0,153.56,819,716,10.48,70.40,0,0.62,17.05.2024 06:04:32
0,149.25,796,716,10.49,70.40,0,0.29,17.05.2024 06:04:34
0,151.88,810,716,10.49,70.41,0,0.49,17.05.2024 06:04:36
0,150.94,805,716,10.49,70.41,0,0.42,17.05.2024 06:04:38
0,151.31,807,716,10.49,70.42,0,0.44,17.05.2024 06:04:40
0,153.00,816,716,10.49,70.43,0,0.58,17.05.2024 06:04:42
0,149.63,798,716,10.48,70.40,0,0.32,17.05.2024 06:04:44
0,151.13,806,716,10.49,70.42,0,0.43,17.05.2024 06:04:46
0,151.13,806,715,10.48,70.40,0,0.43,17.05.2024 06:04:49
0,147.75,788,715,10.51,70.45,0,0.18,17.05.2024 06:04:51
0,149.44,797,715,10.51,70.40,0,0.30,17.05.2024 06:04:53
0,148.50,792,716,10.51,70.39,0,0.23,17.05.2024 06:04:55
0,150.38,802,716,10.49,70.42,0,0.37,17.05.2024 06:04:57
0,148.50,792,716,10.51,70.39,0,0.23,17.05.2024 06:04:59
0,148.50,792,715,10.48,70.40,0,0.24,17.05.2024 06:05:03
0,154.69,825,715,10.49,70.40,0,0.71,17.05.2024 06:05:05
0,148.31,791,716,10.51,70.40,0,0.22,17.05.2024 06:05:07
0,148.50,792,716,10.49,70.41,0,0.23,17.05.2024 06:05:10
0,150.00,800,716,10.49,70.40,0,0.35,17.05.2024 06:05:12
0,148.69,793,716,10.49,70.41,0,0.25,17.05.2024 06:05:14
0,146.81,783,716,10.51,70.40,0,0.11,17.05.2024 06:05:16
0,145.50,776,716,10.49,70.40,0,0.02,17.05.2024 06:05:18
0,145.13,774,715,10.49,70.40,0,-0.01,17.05.2024 06:05:20
0,147.94,789,715,10.51,70.42,0,0.19,17.05.2024 06:05:22
0,147.75,788,715,10.49,70.42,0,0.18,17.05.2024 06:05:24
0,150.38,802,714,10.51,70.39,0,0.37,17.05.2024 06:05:27
0,146.06,779,715,10.51,70.40,0,0.06,17.05.2024 06:05:29
0,149.25,796,715,10.49,70.41,0,0.29,17.05.2024 06:05:31
0,152.63,814,714,10.48,70.39,0,0.55,17.05.2024 06:05:33
0,151.88,810,714,10.51,70.36,0,0.49,17.05.2024 06:05:35
0,148.50,792,714,10.51,70.39,0,0.23,17.05.2024 06:05:37
0,151.69,809,714,10.49,70.40,0,0.47,17.05.2024 06:05:39
0,152.06,811,715,10.49,70.39,0,0.50,17.05.2024 06:05:41
0,151.88,810,715,10.49,70.40,0,0.49,17.05.2024 06:05:44
0,151.50,808,715,10.49,70.42,0,0.46,17.05.2024 06:05:46
0,149.06,795,714,10.48,70.39,0,0.28,17.05.2024 06:05:48
0,152.25,812,715,10.49,70.41,0,0.52,17.05.2024 06:05:50
0,153.19,817,715,10.49,70.39,0,0.59,17.05.2024 06:05:52
0,153.19,817,714,10.49,70.41,0,0.59,17.05.2024 06:05:54
0,151.50,808,714,10.49,70.38,0,0.46,17.05.2024 06:05:56
0,151.88,810,715,10.49,70.40,0,0.49,17.05.2024 06:05:58
0,153.38,818,715,10.49,70.40,0,0.61,17.05.2024 06:06:00
0,150.00,800,714,10.49,70.41,0,0.35,17.05.2024 06:06:03
0,148.50,792,714,10.49,70.39,0,0.23,17.05.2024 06:06:05
0,149.81,799,714,10.51,70.39,0,0.33,17.05.2024 06:06:07
0,153.19,817,715,10.52,70.37,0,0.59,17.05.2024 06:06:09
0,150.75,804,715,10.48,70.39,0,0.40,17.05.2024 06:06:11
0,150.19,801,715,10.49,70.40,0,0.36,17.05.2024 06:06:13
0,149.25,796,715,10.49,70.37,0,0.29,17.05.2024 06:06:15
0,148.88,794,715,10.51,70.38,0,0.26,17.05.2024 06:06:17
0,156.56,835,715,10.51,70.39,0,0.86,17.05.2024 06:06:20
0,150.19,801,715,10.48,70.39,0,0.36,17.05.2024 06:06:22
0,149.06,795,715,10.49,70.40,0,0.28,17.05.2024 06:06:24
0,152.25,812,715,10.48,70.38,0,0.52,17.05.2024 06:06:26
0,155.06,827,715,10.48,70.38,0,0.75,17.05.2024 06:06:28
0,152.81,815,714,10.49,70.37,0,0.56,17.05.2024 06:06:30
0,150.56,803,715,10.48,70.38,0,0.39,17.05.2024 06:06:32
0,150.38,802,714,10.48,70.39,0,0.38,17.05.2024 06:06:34
0,149.44,797,714,10.49,70.40,0,0.30,17.05.2024 06:06:37
0,152.44,813,714,10.49,70.38,0,0.53,17.05.2024 06:06:39
0,150.94,805,714,10.49,70.39,0,0.42,17.05.2024 06:06:41
0,152.06,811,715,10.49,70.40,0,0.50,17.05.2024 06:06:43
0,150.38,802,715,10.48,70.37,0,0.38,17.05.2024 06:06:45
0,151.50,808,715,10.48,70.42,0,0.46,17.05.2024 06:06:47
0,149.44,797,714,10.48,70.38,0,0.31,17.05.2024 06:06:49
0,150.38,802,714,10.51,70.41,0,0.37,17.05.2024 06:06:51
0,154.31,823,715,10.49,70.40,0,0.68,17.05.2024 06:06:54
0,150.75,804,715,10.45,70.35,0,0.41,17.05.2024 06:06:56
0,155.25,828,714,10.48,70.37,0,0.76,17.05.2024 06:06:58
0,150.56,803,715,10.52,70.36,0,0.38,17.05.2024 06:07:00
0,153.75,820,715,10.51,70.41,0,0.63,17.05.2024 06:07:02
0,152.06,811,715,10.51,70.38,0,0.50,17.05.2024 06:07:04
0,151.50,808,715,10.49,70.34,0,0.46,17.05.2024 06:07:06
0,147.75,788,716,10.49,70.39,0,0.18,17.05.2024 06:07:10
0,152.25,812,716,10.49,70.38,0,0.52,17.05.2024 06:07:12
0,152.63,814,716,10.47,70.32,0,0.55,17.05.2024 06:07:15
0,150.00,800,716,10.48,70.38,0,0.35,17.05.2024 06:07:17
0,147.75,788,716,10.49,70.37,0,0.18,17.05.2024 06:07:19
0,147.56,787,715,10.49,70.33,0,0.17,17.05.2024 06:07:21
0,150.38,802,715,10.49,70.36,0,0.38,17.05.2024 06:07:23
0,149.81,799,715,10.51,70.37,0,0.33,17.05.2024 06:07:25
0,146.44,781,715,10.48,70.36,0,0.09,17.05.2024 06:07:27
0,147.75,788,715,10.49,70.36,0,0.18,17.05.2024 06:07:29
0,147.94,789,715,10.48,70.35,0,0.20,17.05.2024 06:07:32
0,149.63,798,715,10.49,70.39,0,0.32,17.05.2024 06:07:34
0,150.75,804,715,10.49,70.37,0,0.40,17.05.2024 06:07:36
0,151.69,809,715,10.48,70.38,0,0.48,17.05.2024 06:07:38
0,150.38,802,715,10.49,70.38,0,0.37,17.05.2024 06:07:40
0,151.50,808,715,10.52,70.37,0,0.46,17.05.2024 06:07:42
0,151.69,809,715,10.47,70.34,0,0.48,17.05.2024 06:07:44
0,149.63,798,715,10.49,70.37,0,0.32,17.05.2024 06:07:46
0,151.69,809,715,10.51,70.35,0,0.47,17.05.2024 06:07:49
0,150.38,802,715,10.48,70.34,0,0.38,17.05.2024 06:07:51
0,151.88,810,714,10.49,70.35,0,0.49,17.05.2024 06:07:53
0,157.13,838,714,10.49,70.38,0,0.91,17.05.2024 06:07:55
0,150.38,802,713,10.48,70.38,0,0.38,17.05.2024 06:07:57
0,150.38,802,713,10.47,70.36,0,0.38,17.05.2024 06:07:59
0,152.06,811,712,10.48,70.37,0,0.51,17.05.2024 06:08:01
0,152.44,813,712,10.49,70.36,0,0.53,17.05.2024 06:08:03
0,149.44,797,711,10.49,70.37,0,0.30,17.05.2024 06:08:05
0,153.19,817,712,10.49,70.37,0,0.59,17.05.2024 06:08:08
0,151.13,806,712,10.48,70.38,0,0.43,17.05.2024 06:08:10
0,156.38,834,712,10.49,70.37,0,0.85,17.05.2024 06:08:12
0,150.19,801,711,10.48,70.35,0,0.36,17.05.2024 06:08:14
0,152.81,815,711,10.48,70.38,0,0.57,17.05.2024 06:08:16
0,149.25,796,712,10.47,70.36,0,0.30,17.05.2024 06:08:18
0,155.06,827,712,10.48,70.35,0,0.75,17.05.2024 06:08:20
0,150.19,801,712,10.48,70.36,0,0.36,17.05.2024 06:08:22
0,152.06,811,712,10.49,70.36,0,0.50,17.05.2024 06:08:25
0,150.94,805,712,10.47,70.37,0,0.42,17.05.2024 06:08:27
0,150.94,805,712,10.48,70.35,0,0.42,17.05.2024 06:08:29
0,153.19,817,712,10.48,70.36,0,0.60,17.05.2024 06:08:31
0,150.75,804,713,10.49,70.35,0,0.40,17.05.2024 06:08:33
0,152.63,814,713,10.51,70.34,0,0.55,17.05.2024 06:08:35
0,151.50,808,713,10.51,70.32,0,0.46,17.05.2024 06:08:37
0,151.31,807,713,10.49,70.38,0,0.45,17.05.2024 06:08:39
0,148.88,794,713,10.48,70.36,0,0.27,17.05.2024 06:08:42
0,150.94,805,713,10.48,70.35,0,0.42,17.05.2024 06:08:44
0,149.44,797,713,10.48,70.37,0,0.31,17.05.2024 06:08:46
0,147.56,787,713,10.45,70.35,0,0.17,17.05.2024 06:08:48
0,153.19,817,714,10.49,70.38,0,0.59,17.05.2024 06:08:50
0,150.56,803,713,10.49,70.38,0,0.39,17.05.2024 06:08:52
0,153.56,819,714,10.51,70.35,0,0.62,17.05.2024 06:08:54
0,150.56,803,713,10.49,70.38,0,0.39,17.05.2024 06:08:56
0,153.56,819,714,10.51,70.34,0,0.62,17.05.2024 06:08:58
0,149.06,795,714,10.48,70.36,0,0.28,17.05.2024 06:09:01
0,151.31,807,713,10.48,70.36,0,0.45,17.05.2024 06:09:03
0,154.50,824,713,10.48,70.37,0,0.70,17.05.2024 06:09:05
0,153.00,816,713,10.49,70.37,0,0.58,17.05.2024 06:09:07
0,153.19,817,713,10.48,70.35,0,0.60,17.05.2024 06:09:09
0,150.38,802,713,10.48,70.35,0,0.38,17.05.2024 06:09:11
0,150.00,800,712,10.49,70.34,0,0.35,17.05.2024 06:09:13
0,148.31,791,712,10.48,70.34,0,0.22,17.05.2024 06:09:15
0,149.81,799,711,10.49,70.35,0,0.33,17.05.2024 06:09:18
0,151.50,808,711,10.49,70.37,0,0.46,17.05.2024 06:09:20
0,149.44,797,711,10.51,70.34,0,0.30,17.05.2024 06:09:22
0,148.31,791,712,10.48,70.34,0,0.22,17.05.2024 06:09:24
0,153.00,816,711,10.49,70.34,0,0.58,17.05.2024 06:09:26
0,147.94,789,711,10.49,70.33,0,0.20,17.05.2024 06:09:30
0,151.88,810,711,10.47,70.34,0,0.50,17.05.2024 06:09:32
0,149.25,796,712,10.47,70.34,0,0.30,17.05.2024 06:09:34
0,147.56,787,711,10.49,70.36,0,0.17,17.05.2024 06:09:37
0,147.56,787,711,10.49,70.36,0,0.17,17.05.2024 06:09:39
0,149.44,797,712,10.49,70.33,0,0.31,17.05.2024 06:09:41
0,148.50,792,711,10.48,70.34,0,0.24,17.05.2024 06:09:43
0,148.50,792,712,10.49,70.32,0,0.24,17.05.2024 06:09:45
0,148.88,794,712,10.49,70.34,0,0.26,17.05.2024 06:09:47
0,147.94,789,712,10.49,70.33,0,0.20,17.05.2024 06:09:49
0,147.94,789,712,10.47,70.32,0,0.20,17.05.2024 06:09:51
0,146.25,780,712,10.48,70.33,0,0.08,17.05.2024 06:09:53
0,153.56,819,712,10.49,70.36,0,0.62,17.05.2024 06:09:56
0,146.44,781,712,10.49,70.31,0,0.09,17.05.2024 06:09:58
0,149.06,795,712,10.49,70.34,0,0.28,17.05.2024 06:10:00
0,153.75,820,712,10.49,70.33,0,0.64,17.05.2024 06:10:02
0,148.69,793,711,10.48,70.36,0,0.25,17.05.2024 06:10:04
0,152.25,812,711,10.48,70.34,0,0.52,17.05.2024 06:10:06
0,152.44,813,711,10.48,70.34,0,0.54,17.05.2024 06:10:08
0,150.94,805,712,10.48,70.36,0,0.42,17.05.2024 06:10:10
0,151.13,806,712,10.48,70.35,0,0.43,17.05.2024 06:10:13
0,153.94,821,710,10.48,70.32,0,0.66,17.05.2024 06:10:15
0,152.81,815,710,10.48,70.36,0,0.57,17.05.2024 06:10:17
0,150.19,801,710,10.49,70.33,0,0.36,17.05.2024 06:10:19
0,153.94,821,710,10.48,70.34,0,0.66,17.05.2024 06:10:21
0,152.44,813,710,10.48,70.32,0,0.54,17.05.2024 06:10:23
0,150.19,801,709,10.48,70.32,0,0.36,17.05.2024 06:10:25
0,152.81,815,709,10.47,70.34,0,0.57,17.05.2024 06:10:27
0,150.00,800,710,10.49,70.35,0,0.35,17.05.2024 06:10:30
0,152.25,812,709,10.48,70.37,0,0.52,17.05.2024 06:10:32
0,152.06,811,709,10.48,70.35,0,0.51,17.05.2024 06:10:34
0,150.56,803,709,10.47,70.32,0,0.40,17.05.2024 06:10:36
0,153.38,818,709,10.48,70.33,0,0.61,17.05.2024 06:10:38
0,152.81,815,710,10.49,70.34,0,0.56,17.05.2024 06:10:40
0,150.75,804,710,10.49,70.36,0,0.40,17.05.2024 06:10:42
0,148.50,792,710,10.49,70.35,0,0.24,17.05.2024 06:10:44
0,152.06,811,710,10.48,70.37,0,0.51,17.05.2024 06:10:47
0,149.81,799,710,10.48,70.35,0,0.34,17.05.2024 06:10:49
0,153.19,817,710,10.47,70.32,0,0.60,17.05.2024 06:10:51
0,152.06,811,710,10.49,70.33,0,0.51,17.05.2024 06:10:53
0,150.38,802,710,10.51,70.32,0,0.37,17.05.2024 06:10:55
0,152.06,811,709,10.48,70.33,0,0.51,17.05.2024 06:10:57
0,150.94,805,709,10.45,70.30,0,0.43,17.05.2024 06:10:59
0,151.69,809,710,10.51,70.35,0,0.47,17.05.2024 06:11:01
0,151.31,807,710,10.51,70.34,0,0.44,17.05.2024 06:11:03
0,149.25,796,711,10.48,70.30,0,0.30,17.05.2024 06:11:06
0,152.06,811,711,10.48,70.31,0,0.51,17.05.2024 06:11:08
0,152.44,813,711,10.48,70.33,0,0.54,17.05.2024 06:11:10
0,151.69,809,710,10.47,70.28,0,0.48,17.05.2024 06:11:12
0,151.69,809,711,10.48,70.35,0,0.48,17.05.2024 06:11:14
0,150.19,801,711,10.48,70.33,0,0.36,17.05.2024 06:11:16
0,149.06,795,711,10.49,70.30,0,0.28,17.05.2024 06:11:18
0,152.44,813,710,10.48,70.36,0,0.54,17.05.2024 06:11:20
0,155.06,827,710,10.45,70.32,0,0.75,17.05.2024 06:11:23
0,151.69,809,711,10.48,70.32,0,0.48,17.05.2024 06:11:25
0,153.56,819,711,10.47,70.34,0,0.63,17.05.2024 06:11:27
0,154.69,825,710,10.48,70.32,0,0.72,17.05.2024 06:11:29
0,150.94,805,710,10.47,70.32,0,0.42,17.05.2024 06:11:31
0,148.13,790,711,10.49,70.33,0,0.21,17.05.2024 06:11:33
0,149.44,797,712,10.49,70.33,0,0.31,17.05.2024 06:11:35
0,153.56,819,712,10.48,70.34,0,0.63,17.05.2024 06:11:37
0,149.63,798,711,10.49,70.33,0,0.32,17.05.2024 06:11:42
0,148.50,792,710,10.51,70.34,0,0.23,17.05.2024 06:11:44
0,151.31,807,710,10.47,70.29,0,0.45,17.05.2024 06:11:46
0,148.13,790,709,10.48,70.34,0,0.21,17.05.2024 06:11:48
0,146.81,783,710,10.48,70.31,0,0.12,17.05.2024 06:11:50
0,147.94,789,710,10.47,70.31,0,0.20,17.05.2024 06:11:52
0,147.94,789,710,10.49,70.30,0,0.20,17.05.2024 06:11:54
0,146.63,782,711,10.47,70.30,0,0.11,17.05.2024 06:11:56
0,150.56,803,711,10.49,70.35,0,0.39,17.05.2024 06:11:58
0,148.13,790,711,10.48,70.30,0,0.21,17.05.2024 06:12:01
0,145.31,775,711,10.49,70.33,0,0.01,17.05.2024 06:12:03
0,149.81,799,712,10.49,70.33,0,0.33,17.05.2024 06:12:05
0,151.88,810,713,10.48,70.34,0,0.49,17.05.2024 06:12:07
0,151.31,807,712,10.47,70.32,0,0.45,17.05.2024 06:12:09
0,155.81,831,712,10.47,70.32,0,0.81,17.05.2024 06:12:11
0,148.69,793,711,10.49,70.31,0,0.25,17.05.2024 06:12:13
0,149.63,798,712,10.48,70.34,0,0.32,17.05.2024 06:12:15
0,150.38,802,712,10.47,70.27,0,0.38,17.05.2024 06:12:18
0,150.38,802,712,10.49,70.31,0,0.38,17.05.2024 06:12:20
0,152.25,812,712,10.48,70.29,0,0.52,17.05.2024 06:12:22
0,153.00,816,712,10.48,70.30,0,0.58,17.05.2024 06:12:24
0,150.38,802,712,10.47,70.28,0,0.38,17.05.2024 06:12:26
0,151.69,809,712,10.49,70.33,0,0.48,17.05.2024 06:12:28
0,150.00,800,713,10.48,70.32,0,0.35,17.05.2024 06:12:30
0,152.81,815,713,10.47,70.32,0,0.57,17.05.2024 06:12:32
0,152.06,811,713,10.47,70.30,0,0.51,17.05.2024 06:12:35
0,150.00,800,713,10.49,70.31,0,0.35,17.05.2024 06:12:37
0,150.56,803,713,10.49,70.33,0,0.39,17.05.2024 06:12:39
0,154.88,826,714,10.47,70.29,0,0.74,17.05.2024 06:12:41
0,150.75,804,713,10.48,70.31,0,0.41,17.05.2024 06:12:43
0,150.75,804,714,10.48,70.30,0,0.41,17.05.2024 06:12:45
0,152.25,812,714,10.48,70.33,0,0.52,17.05.2024 06:12:47
0,152.25,812,714,10.48,70.30,0,0.52,17.05.2024 06:12:49
0,151.50,808,714,10.49,70.30,0,0.46,17.05.2024 06:12:51
0,151.88,810,714,10.47,70.30,0,0.50,17.05.2024 06:12:54
0,151.50,808,714,10.48,70.30,0,0.47,17.05.2024 06:12:56
0,145.88,778,713,10.48,70.30,0,0.05,17.05.2024 06:12:58
0,151.88,810,713,10.49,70.32,0,0.49,17.05.2024 06:13:00
0,152.63,814,713,10.49,70.34,0,0.55,17.05.2024 06:13:02
0,152.63,814,713,10.48,70.30,0,0.55,17.05.2024 06:13:04
0,152.25,812,712,10.49,70.27,0,0.52,17.05.2024 06:13:06
0,152.06,811,712,10.47,70.31,0,0.51,17.05.2024 06:13:08
0,150.56,803,712,10.47,70.28,0,0.40,17.05.2024 06:13:11
0,151.31,807,711,10.47,70.34,0,0.45,17.05.2024 06:13:13
0,150.19,801,711,10.48,70.29,0,0.37,17.05.2024 06:13:15
0,153.00,816,711,10.47,70.29,0,0.59,17.05.2024 06:13:17
0,150.00,800,711,10.47,70.27,0,0.35,17.05.2024 06:13:19
0,147.00,784,710,10.48,70.30,0,0.13,17.05.2024 06:13:21
0,153.56,819,710,10.47,70.27,0,0.63,17.05.2024 06:13:23
0,149.81,799,710,10.45,70.29,0,0.34,17.05.2024 06:13:25
0,148.50,792,710,10.49,70.33,0,0.24,17.05.2024 06:13:28
0,145.31,775,710,10.48,70.29,0,0.01,17.05.2024 06:13:30
0,152.44,813,710,10.49,70.28,0,0.54,17.05.2024 06:13:32
0,151.50,808,710,10.48,70.31,0,0.47,17.05.2024 06:13:34
0,148.31,791,710,10.48,70.31,0,0.23,17.05.2024 06:13:36
0,149.63,798,710,10.49,70.32,0,0.32,17.05.2024 06:13:38
0,150.94,805,710,10.48,70.29,0,0.42,17.05.2024 06:13:40
0,150.75,804,709,10.47,70.30,0,0.41,17.05.2024 06:13:42
0,148.69,793,709,10.47,70.29,0,0.26,17.05.2024 06:13:44
0,148.88,794,709,10.47,70.29,0,0.27,17.05.2024 06:13:47
0,151.88,810,709,10.48,70.27,0,0.50,17.05.2024 06:13:51
0,150.94,805,709,10.48,70.31,0,0.42,17.05.2024 06:13:53
0,148.69,793,708,10.48,70.31,0,0.25,17.05.2024 06:13:55
0,147.94,789,708,10.48,70.29,0,0.20,17.05.2024 06:13:57
0,140.63,750,708,10.47,70.28,0,-0.30,17.05.2024 06:13:59
0,144.56,771,708,10.47,70.28,0,-0.04,17.05.2024 06:14:01
0,145.69,777,708,10.45,70.28,0,0.04,17.05.2024 06:14:03
0,144.56,771,708,10.47,70.32,0,-0.04,17.05.2024 06:14:06
0,157.69,841,708,10.47,70.28,0,0.97,17.05.2024 06:14:08
0,147.38,786,708,10.47,70.26,0,0.16,17.05.2024 06:14:10
0,148.31,791,708,10.47,70.27,0,0.23,17.05.2024 06:14:12
0,148.88,794,708,10.45,70.30,0,0.27,17.05.2024 06:14:14
0,149.63,798,708,10.48,70.26,0,0.32,17.05.2024 06:14:16
0,148.69,793,709,10.48,70.31,0,0.25,17.05.2024 06:14:18
0,154.88,826,709,10.47,70.30,0,0.74,17.05.2024 06:14:20
0,151.13,806,709,10.48,70.30,0,0.44,17.05.2024 06:14:23
0,148.31,791,709,10.45,70.29,0,0.23,17.05.2024 06:14:25
0,152.63,814,710,10.47,70.29,0,0.56,17.05.2024 06:14:27
0,153.19,817,710,10.48,70.29,0,0.60,17.05.2024 06:14:29
0,151.13,806,710,10.47,70.29,0,0.44,17.05.2024 06:14:31
0,147.94,789,710,10.47,70.32,0,0.20,17.05.2024 06:14:33
0,150.38,802,710,10.47,70.29,0,0.38,17.05.2024 06:14:35
0,154.13,822,710,10.48,70.31,0,0.67,17.05.2024 06:14:37
0,153.00,816,710,10.48,70.31,0,0.58,17.05.2024 06:14:40
0,150.56,803,711,10.47,70.28,0,0.40,17.05.2024 06:14:42
0,152.25,812,711,10.47,70.29,0,0.53,17.05.2024 06:14:44
0,151.50,808,711,10.47,70.30,0,0.47,17.05.2024 06:14:46
0,152.63,814,711,10.48,70.31,0,0.55,17.05.2024 06:14:48
0,153.00,816,711,10.48,70.34,0,0.58,17.05.2024 06:14:50
0,150.75,804,710,10.44,70.29,0,0.42,17.05.2024 06:14:52
0,151.31,807,710,10.47,70.30,0,0.45,17.05.2024 06:14:54
0,147.75,788,710,10.48,70.29,0,0.19,17.05.2024 06:14:56
0,151.31,807,710,10.47,70.27,0,0.45,17.05.2024 06:14:59
0,150.94,805,710,10.47,70.27,0,0.43,17.05.2024 06:15:01
0,152.81,815,710,10.48,70.31,0,0.57,17.05.2024 06:15:03
0,153.94,821,709,10.47,70.28,0,0.66,17.05.2024 06:15:05
0,147.56,787,709,10.48,70.28,0,0.17,17.05.2024 06:15:07
0,150.56,803,709,10.47,70.27,0,0.40,17.05.2024 06:15:09
0,150.75,804,709,10.49,70.30,0,0.41,17.05.2024 06:15:11
0,152.44,813,709,10.48,70.31,0,0.54,17.05.2024 06:15:13
0,150.75,804,709,10.47,70.29,0,0.41,17.05.2024 06:15:16
0,152.81,815,709,10.47,70.30,0,0.57,17.05.2024 06:15:18
0,156.00,832,709,10.47,70.31,0,0.83,17.05.2024 06:15:20
0,150.38,802,709,10.47,70.31,0,0.38,17.05.2024 06:15:22
0,152.44,813,709,10.47,70.28,0,0.54,17.05.2024 06:15:24
0,153.94,821,710,10.48,70.26,0,0.66,17.05.2024 06:15:26
0,151.88,810,710,10.48,70.28,0,0.50,17.05.2024 06:15:28
0,150.94,805,710,10.48,70.27,0,0.42,17.05.2024 06:15:30
0,149.44,797,710,10.47,70.29,0,0.31,17.05.2024 06:15:33
0,152.63,814,710,10.47,70.29,0,0.56,17.05.2024 06:15:35
0,153.94,821,710,10.48,70.29,0,0.66,17.05.2024 06:15:37
0,149.81,799,710,10.48,70.29,0,0.34,17.05.2024 06:15:39
0,153.19,817,709,10.48,70.30,0,0.60,17.05.2024 06:15:41
0,151.50,808,709,10.47,70.28,0,0.47,17.05.2024 06:15:43
0,147.38,786,709,10.47,70.27,0,0.16,17.05.2024 06:15:45
0,149.44,797,710,10.47,70.30,0,0.31,17.05.2024 06:15:47
0,150.75,804,710,10.47,70.27,0,0.41,17.05.2024 06:15:49
0,147.56,787,711,10.47,70.28,0,0.17,17.05.2024 06:15:52
0,150.56,803,711,10.47,70.26,0,0.40,17.05.2024 06:15:54
0,150.00,800,711,10.47,70.29,0,0.35,17.05.2024 06:15:56
0,154.13,822,711,10.48,70.25,0,0.67,17.05.2024 06:16:00
0,150.75,804,711,10.45,70.25,0,0.41,17.05.2024 06:16:02
0,148.69,793,711,10.48,70.27,0,0.25,17.05.2024 06:16:04
0,147.94,789,711,10.48,70.26,0,0.20,17.05.2024 06:16:06
0,148.50,792,711,10.47,70.27,0,0.24,17.05.2024 06:16:08
0,149.25,796,712,10.48,70.28,0,0.30,17.05.2024 06:16:11
0,146.63,782,712,10.48,70.27,0,0.11,17.05.2024 06:16:13
0,147.94,789,712,10.47,70.26,0,0.20,17.05.2024 06:16:15
0,151.88,810,713,10.44,70.28,0,0.50,17.05.2024 06:16:17
0,148.13,790,712,10.45,70.29,0,0.22,17.05.2024 06:16:19
0,147.56,787,712,10.45,70.27,0,0.18,17.05.2024 06:16:21
0,148.88,794,713,10.48,70.28,0,0.27,17.05.2024 06:16:23
0,148.88,794,713,10.47,70.25,0,0.27,17.05.2024 06:16:25
0,151.50,808,713,10.45,70.25,0,0.47,17.05.2024 06:16:28
0,151.88,810,714,10.47,70.26,0,0.50,17.05.2024 06:16:30
0,154.13,822,714,10.48,70.26,0,0.67,17.05.2024 06:16:32
0,153.00,816,715,10.47,70.24,0,0.59,17.05.2024 06:16:34
0,152.44,813,715,10.47,70.26,0,0.54,17.05.2024 06:16:36
0,150.94,805,715,10.48,70.26,0,0.42,17.05.2024 06:16:38
0,151.50,808,714,10.48,70.26,0,0.47,17.05.2024 06:16:40
0,153.75,820,715,10.47,70.29,0,0.65,17.05.2024 06:16:42
0,149.06,795,714,10.45,70.27,0,0.29,17.05.2024 06:16:44
0,151.13,806,714,10.47,70.26,0,0.44,17.05.2024 06:16:47
0,151.31,807,714,10.45,70.24,0,0.46,17.05.2024 06:16:49
0,147.75,788,714,10.48,70.24,0,0.19,17.05.2024 06:16:51
0,150.38,802,714,10.45,70.26,0,0.39,17.05.2024 06:16:53
0,147.94,789,713,10.45,70.24,0,0.20,17.05.2024 06:16:55
0,147.75,788,713,10.48,70.24,0,0.19,17.05.2024 06:16:57
0,152.63,814,713,10.48,70.25,0,0.56,17.05.2024 06:16:59
0,149.06,795,713,10.47,70.25,0,0.29,17.05.2024 06:17:01
0,152.81,815,713,10.47,70.23,0,0.57,17.05.2024 06:17:04
0,150.00,800,713,10.48,70.26,0,0.35,17.05.2024 06:17:06
0,151.88,810,713,10.49,70.26,0,0.49,17.05.2024 06:17:08
0,152.81,815,713,10.47,70.26,0,0.57,17.05.2024 06:17:10
0,147.75,788,713,10.45,70.24,0,0.19,17.05.2024 06:17:12
0,154.69,825,712,10.48,70.28,0,0.72,17.05.2024 06:17:14
0,151.50,808,713,10.47,70.24,0,0.47,17.05.2024 06:17:16
0,151.88,810,713,10.47,70.24,0,0.50,17.05.2024 06:17:18
0,150.94,805,713,10.47,70.26,0,0.43,17.05.2024 06:17:21
0,152.25,812,713,10.47,70.27,0,0.53,17.05.2024 06:17:23
0,150.75,804,713,10.48,70.26,0,0.41,17.05.2024 06:17:25
0,151.31,807,714,10.45,70.25,0,0.46,17.05.2024 06:17:27
0,151.31,807,714,10.45,70.23,0,0.46,17.05.2024 06:17:29
0,151.13,806,714,10.48,70.25,0,0.44,17.05.2024 06:17:31
0,152.63,814,715,10.45,70.25,0,0.56,17.05.2024 06:17:33
0,150.38,802,714,10.45,70.25,0,0.39,17.05.2024 06:17:35
0,148.88,794,715,10.47,70.25,0,0.27,17.05.2024 06:17:37
0,151.69,809,715,10.48,70.27,0,0.48,17.05.2024 06:17:40
0,154.31,823,715,10.45,70.25,0,0.69,17.05.2024 06:17:42
0,149.44,797,714,10.45,70.26,0,0.32,17.05.2024 06:17:44
0,151.31,807,714,10.47,70.25,0,0.46,17.05.2024 06:17:46
0,148.13,790,714,10.47,70.27,0,0.22,17.05.2024 06:17:48
0,149.06,795,714,10.45,70.24,0,0.29,17.05.2024 06:17:50
0,151.31,807,714,10.45,70.26,0,0.46,17.05.2024 06:17:52
0,149.25,796,714,10.47,70.29,0,0.30,17.05.2024 06:17:54
0,154.13,822,714,10.48,70.25,0,0.67,17.05.2024 06:17:57
0,152.63,814,713,10.45,70.26,0,0.56,17.05.2024 06:17:59
0,152.06,811,713,10.47,70.25,0,0.51,17.05.2024 06:18:01
0,149.44,797,713,10.45,70.26,0,0.32,17.05.2024 06:18:03
0,149.44,797,713,10.47,70.27,0,0.31,17.05.2024 06:18:05
0,152.44,813,713,10.45,70.24,0,0.55,17.05.2024 06:18:09
0,152.44,813,713,10.45,70.26,0,0.54,17.05.2024 06:18:11
0,146.81,783,711,10.45,70.26,0,0.12,17.05.2024 06:18:13
0,146.44,781,711,10.48,70.26,0,0.09,17.05.2024 06:18:16
0,147.19,785,711,10.45,70.26,0,0.15,17.05.2024 06:18:18
0,147.75,788,711,10.45,70.23,0,0.19,17.05.2024 06:18:20
0,147.75,788,711,10.47,70.25,0,0.19,17.05.2024 06:18:22
0,151.31,807,711,10.47,70.23,0,0.46,17.05.2024 06:18:24
0,149.81,799,710,10.48,70.26,0,0.34,17.05.2024 06:18:26
0,147.38,786,710,10.44,70.22,0,0.17,17.05.2024 06:18:28
0,149.06,795,710,10.48,70.26,0,0.28,17.05.2024 06:18:30
0,146.44,781,709,10.45,70.23,0,0.10,17.05.2024 06:18:33
0,150.00,800,709,10.47,70.27,0,0.35,17.05.2024 06:18:35
0,150.38,802,708,10.45,70.25,0,0.39,17.05.2024 06:18:37
0,148.31,791,708,10.43,70.24,0,0.24,17.05.2024 06:18:39
0,150.56,803,708,10.47,70.23,0,0.40,17.05.2024 06:18:41
0,150.38,802,707,10.45,70.24,0,0.39,17.05.2024 06:18:43
0,151.88,810,707,10.45,70.26,0,0.50,17.05.2024 06:18:45
0,151.13,806,707,10.45,70.24,0,0.44,17.05.2024 06:18:47
0,149.25,796,707,10.47,70.27,0,0.30,17.05.2024 06:18:49
0,149.81,799,707,10.47,70.28,0,0.34,17.05.2024 06:18:52
0,150.38,802,707,10.48,70.24,0,0.38,17.05.2024 06:18:54
0,150.75,804,706,10.48,70.26,0,0.41,17.05.2024 06:18:56
0,151.13,806,706,10.47,70.24,0,0.44,17.05.2024 06:18:58
0,152.63,814,705,10.47,70.26,0,0.56,17.05.2024 06:19:00
0,150.56,803,705,10.47,70.28,0,0.40,17.05.2024 06:19:02
0,150.00,800,705,10.44,70.27,0,0.36,17.05.2024 06:19:04
0,150.19,801,706,10.45,70.23,0,0.37,17.05.2024 06:19:06
0,149.81,799,706,10.44,70.27,0,0.35,17.05.2024 06:19:09
0,152.44,813,706,10.48,70.26,0,0.54,17.05.2024 06:19:11
0,152.63,814,706,10.45,70.26,0,0.56,17.05.2024 06:19:13
0,152.44,813,706,10.44,70.24,0,0.55,17.05.2024 06:19:15
0,152.25,812,706,10.45,70.26,0,0.53,17.05.2024 06:19:17
0,147.75,788,706,10.48,70.27,0,0.19,17.05.2024 06:19:19
0,146.81,783,706,10.48,70.26,0,0.12,17.05.2024 06:19:21
0,148.88,794,706,10.44,70.27,0,0.28,17.05.2024 06:19:23
0,149.25,796,706,10.44,70.27,0,0.30,17.05.2024 06:19:26
0,152.81,815,706,10.47,70.25,0,0.57,17.05.2024 06:19:28
0,151.13,806,706,10.47,70.26,0,0.44,17.05.2024 06:19:30
0,152.25,812,706,10.47,70.23,0,0.53,17.05.2024 06:19:32
0,152.44,813,706,10.44,70.24,0,0.55,17.05.2024 06:19:34
0,150.94,805,706,10.44,70.26,0,0.43,17.05.2024 06:19:36
0,153.38,818,706,10.47,70.25,0,0.62,17.05.2024 06:19:38
0,150.38,802,706,10.44,70.25,0,0.39,17.05.2024 06:19:40
0,153.56,819,706,10.44,70.26,0,0.64,17.05.2024 06:19:42
0,152.06,811,706,10.45,70.25,0,0.52,17.05.2024 06:19:45
0,151.50,808,707,10.44,70.24,0,0.48,17.05.2024 06:19:47
0,148.88,794,706,10.45,70.25,0,0.27,17.05.2024 06:19:49
0,150.38,802,706,10.47,70.25,0,0.38,17.05.2024 06:19:51
0,148.13,790,707,10.47,70.24,0,0.22,17.05.2024 06:19:53
0,151.13,806,707,10.47,70.27,0,0.44,17.05.2024 06:19:55
0,151.88,810,706,10.44,70.26,0,0.50,17.05.2024 06:19:57
0,150.56,803,706,10.45,70.24,0,0.40,17.05.2024 06:19:59
0,154.69,825,706,10.45,70.26,0,0.72,17.05.2024 06:20:02
0,151.69,809,706,10.45,70.22,0,0.49,17.05.2024 06:20:04
0,149.06,795,706,10.45,70.28,0,0.29,17.05.2024 06:20:06
0,147.19,785,707,10.45,70.25,0,0.15,17.05.2024 06:20:08
0,152.81,815,707,10.45,70.25,0,0.57,17.05.2024 06:20:10
0,149.25,796,707,10.44,70.25,0,0.30,17.05.2024 06:20:12
0,148.88,794,706,10.44,70.26,0,0.28,17.05.2024 06:20:14
0,148.31,791,706,10.45,70.21,0,0.23,17.05.2024 06:20:16
0,150.56,803,706,10.45,70.23,0,0.40,17.05.2024 06:20:19
0,148.88,794,706,10.45,70.23,0,0.27,17.05.2024 06:20:23
0,147.75,788,706,10.45,70.25,0,0.19,17.05.2024 06:20:25
0,148.69,793,706,10.44,70.27,0,0.26,17.05.2024 06:20:27
0,147.56,787,705,10.45,70.27,0,0.18,17.05.2024 06:20:29
0,147.38,786,705,10.43,70.21,0,0.17,17.05.2024 06:20:31
0,150.19,801,705,10.47,70.26,0,0.37,17.05.2024 06:20:33
0,150.75,804,705,10.45,70.24,0,0.41,17.05.2024 06:20:35
0,149.63,798,705,10.47,70.25,0,0.33,17.05.2024 06:20:37
0,146.81,783,705,10.48,70.23,0,0.12,17.05.2024 06:20:40
0,147.38,786,705,10.44,70.25,0,0.17,17.05.2024 06:20:42
0,151.13,806,704,10.45,70.24,0,0.44,17.05.2024 06:20:44
0,148.69,793,704,10.44,70.25,0,0.26,17.05.2024 06:20:46
0,148.13,790,704,10.45,70.23,0,0.22,17.05.2024 06:20:48
0,149.81,799,704,10.47,70.25,0,0.34,17.05.2024 06:20:50
0,150.19,801,704,10.45,70.25,0,0.37,17.05.2024 06:20:52
0,151.13,806,704,10.47,70.25,0,0.44,17.05.2024 06:20:54
0,150.19,801,704,10.44,70.26,0,0.37,17.05.2024 06:20:57
0,151.50,808,704,10.47,70.24,0,0.47,17.05.2024 06:20:59
0,151.31,807,704,10.45,70.25,0,0.46,17.05.2024 06:21:01
0,151.13,806,704,10.45,70.25,0,0.44,17.05.2024 06:21:03
0,151.50,808,704,10.45,70.26,0,0.47,17.05.2024 06:21:05
0,149.81,799,703,10.45,70.22,0,0.34,17.05.2024 06:21:07
0,146.25,780,703,10.45,70.23,0,0.08,17.05.2024 06:21:09
0,151.88,810,702,10.44,70.23,0,0.50,17.05.2024 06:21:11
0,151.50,808,703,10.47,70.23,0,0.47,17.05.2024 06:21:14
0,148.13,790,702,10.43,70.25,0,0.22,17.05.2024 06:21:16
0,152.06,811,703,10.44,70.22,0,0.52,17.05.2024 06:21:18
0,151.69,809,702,10.45,70.24,0,0.49,17.05.2024 06:21:20
0,151.50,808,702,10.44,70.27,0,0.47,17.05.2024 06:21:22
0,147.75,788,702,10.45,70.26,0,0.19,17.05.2024 06:21:24
0,150.75,804,702,10.47,70.26,0,0.41,17.05.2024 06:21:26
0,153.94,821,702,10.44,70.23,0,0.67,17.05.2024 06:21:28
0,151.13,806,702,10.44,70.27,0,0.45,17.05.2024 06:21:31
0,147.56,787,702,10.44,70.22,0,0.18,17.05.2024 06:21:33
0,153.38,818,703,10.45,70.25,0,0.62,17.05.2024 06:21:35
0,153.00,816,703,10.45,70.28,0,0.59,17.05.2024 06:21:37
0,155.63,830,703,10.43,70.23,0,0.81,17.05.2024 06:21:39
0,152.06,811,702,10.45,70.24,0,0.52,17.05.2024 06:21:41
0,149.63,798,703,10.43,70.22,0,0.34,17.05.2024 06:21:43
0,151.31,807,703,10.44,70.23,0,0.46,17.05.2024 06:21:45
0,152.63,814,703,10.45,70.27,0,0.56,17.05.2024 06:21:48
0,150.75,804,703,10.44,70.25,0,0.42,17.05.2024 06:21:50
0,150.56,803,703,10.45,70.20,0,0.40,17.05.2024 06:21:52
0,151.88,810,703,10.44,70.24,0,0.50,17.05.2024 06:21:54
0,150.00,800,703,10.47,70.22,0,0.36,17.05.2024 06:21:56
0,152.06,811,703,10.44,70.24,0,0.52,17.05.2024 06:21:58
0,150.19,801,704,10.45,70.24,0,0.37,17.05.2024 06:22:00
0,150.00,800,704,10.47,70.23,0,0.36,17.05.2024 06:22:02
0,148.13,790,704,10.45,70.21,0,0.22,17.05.2024 06:22:05
0,147.94,789,704,10.44,70.24,0,0.21,17.05.2024 06:22:07
0,147.00,784,704,10.45,70.24,0,0.14,17.05.2024 06:22:09
0,153.94,821,704,10.45,70.22,0,0.67,17.05.2024 06:22:11
0,150.94,805,704,10.44,70.25,0,0.43,17.05.2024 06:22:13
0,150.19,801,703,10.44,70.21,0,0.38,17.05.2024 06:22:15
0,151.50,808,704,10.45,70.25,0,0.47,17.05.2024 06:22:17
0,151.88,810,704,10.47,70.24,0,0.50,17.05.2024 06:22:19
0,154.13,822,703,10.45,70.26,0,0.68,17.05.2024 06:22:21
0,152.06,811,703,10.45,70.23,0,0.52,17.05.2024 06:22:24
0,152.06,811,703,10.45,70.25,0,0.52,17.05.2024 06:22:26
0,150.38,802,703,10.43,70.22,0,0.39,17.05.2024 06:22:28
0,150.38,802,703,10.43,70.21,0,0.39,17.05.2024 06:22:30
0,150.38,802,703,10.44,70.23,0,0.39,17.05.2024 06:22:32
0,149.44,797,704,10.44,70.22,0,0.32,17.05.2024 06:22:34
0,149.81,799,703,10.43,70.23,0,0.35,17.05.2024 06:22:38
0,148.69,793,704,10.44,70.23,0,0.26,17.05.2024 06:22:40
0,148.69,793,704,10.44,70.24,0,0.26,17.05.2024 06:22:43
0,146.63,782,704,10.45,70.22,0,0.11,17.05.2024 06:22:45
0,148.50,792,704,10.44,70.22,0,0.25,17.05.2024 06:22:47
0,147.94,789,704,10.44,70.20,0,0.21,17.05.2024 06:22:49
0,148.31,791,704,10.44,70.22,0,0.24,17.05.2024 06:22:51
0,146.25,780,704,10.45,70.22,0,0.08,17.05.2024 06:22:53
0,146.06,779,704,10.44,70.23,0,0.07,17.05.2024 06:22:55
0,146.06,779,704,10.47,70.25,0,0.07,17.05.2024 06:22:57
0,147.00,784,704,10.44,70.24,0,0.14,17.05.2024 06:23:00
0,151.69,809,704,10.44,70.22,0,0.49,17.05.2024 06:23:02
0,149.44,797,703,10.44,70.23,0,0.32,17.05.2024 06:23:04
0,149.06,795,703,10.44,70.25,0,0.29,17.05.2024 06:23:06
0,149.81,799,703,10.45,70.23,0,0.34,17.05.2024 06:23:08
0,146.63,782,703,10.45,70.24,0,0.11,17.05.2024 06:23:10
0,152.06,811,703,10.41,70.22,0,0.52,17.05.2024 06:23:12
0,152.25,812,702,10.45,70.25,0,0.53,17.05.2024 06:23:14
0,151.88,810,703,10.44,70.21,0,0.51,17.05.2024 06:23:17
0,150.56,803,703,10.45,70.24,0,0.40,17.05.2024 06:23:19
0,150.19,801,702,10.41,70.24,0,0.38,17.05.2024 06:23:21
0,157.13,838,702,10.45,70.27,0,0.93,17.05.2024 06:23:23
0,151.69,809,702,10.44,70.24,0,0.49,17.05.2024 06:23:25
0,151.31,807,702,10.43,70.26,0,0.46,17.05.2024 06:23:27
0,155.44,829,701,10.43,70.25,0,0.79,17.05.2024 06:23:29
0,151.69,809,701,10.41,70.22,0,0.50,17.05.2024 06:23:31
0,151.88,810,701,10.44,70.26,0,0.50,17.05.2024 06:23:34
0,149.25,796,701,10.44,70.21,0,0.31,17.05.2024 06:23:36
0,149.25,796,701,10.43,70.24,0,0.31,17.05.2024 06:23:38
0,152.25,812,701,10.43,70.25,0,0.54,17.05.2024 06:23:40
0,152.81,815,701,10.43,70.19,0,0.58,17.05.2024 06:23:42
0,149.63,798,700,10.44,70.26,0,0.33,17.05.2024 06:23:44
0,151.13,806,701,10.45,70.22,0,0.44,17.05.2024 06:23:46
0,152.44,813,701,10.44,70.24,0,0.55,17.05.2024 06:23:48
0,152.06,811,701,10.45,70.26,0,0.52,17.05.2024 06:23:51
0,148.69,793,701,10.43,70.25,0,0.26,17.05.2024 06:23:53
0,151.88,810,701,10.44,70.23,0,0.50,17.05.2024 06:23:55
0,146.63,782,701,10.43,70.25,0,0.11,17.05.2024 06:23:57
0,151.31,807,701,10.44,70.23,0,0.46,17.05.2024 06:23:59
0,149.81,799,701,10.45,70.27,0,0.34,17.05.2024 06:24:01
0,150.38,802,701,10.44,70.26,0,0.39,17.05.2024 06:24:03
0,153.38,818,701,10.43,70.25,0,0.62,17.05.2024 06:24:05
0,151.69,809,701,10.43,70.24,0,0.49,17.05.2024 06:24:07
0,155.25,828,701,10.43,70.22,0,0.78,17.05.2024 06:24:10
0,148.88,794,701,10.43,70.22,0,0.28,17.05.2024 06:24:12
0,154.69,825,701,10.45,70.23,0,0.73,17.05.2024 06:24:14
0,154.13,822,701,10.43,70.23,0,0.69,17.05.2024 06:24:16
0,151.50,808,701,10.44,70.22,0,0.48,17.05.2024 06:24:18
0,150.56,803,700,10.47,70.25,0,0.40,17.05.2024 06:24:20
0,151.13,806,701,10.44,70.23,0,0.45,17.05.2024 06:24:22
0,150.75,804,701,10.47,70.23,0,0.41,17.05.2024 06:24:24
0,148.50,792,701,10.41,70.21,0,0.25,17.05.2024 06:24:27
0,149.81,799,701,10.43,70.23,0,0.35,17.05.2024 06:24:29
0,148.31,791,701,10.44,70.22,0,0.24,17.05.2024 06:24:31
0,153.38,818,701,10.44,70.24,0,0.62,17.05.2024 06:24:33
0,149.25,796,701,10.44,70.23,0,0.30,17.05.2024 06:24:35
0,150.00,800,701,10.41,70.21,0,0.37,17.05.2024 06:24:37
0,151.69,809,701,10.44,70.24,0,0.49,17.05.2024 06:24:39
0,150.94,805,701,10.43,70.22,0,0.44,17.05.2024 06:24:41
0,149.44,797,701,10.44,70.22,0,0.32,17.05.2024 06:24:44
0,149.06,795,701,10.45,70.25,0,0.29,17.05.2024 06:24:46
0,151.13,806,701,10.43,70.23,0,0.45,17.05.2024 06:24:48
0,149.81,799,701,10.44,70.23,0,0.35,17.05.2024 06:24:50
0,151.69,809,701,10.45,70.20,0,0.49,17.05.2024 06:24:54
0,147.75,788,701,10.44,70.25,0,0.19,17.05.2024 06:24:56
0,150.56,803,702,10.43,70.24,0,0.41,17.05.2024 06:24:58
0,148.13,790,701,10.43,70.22,0,0.22,17.05.2024 06:25:00
0,146.25,780,702,10.45,70.20,0,0.09,17.05.2024 06:25:03
0,147.38,786,701,10.43,70.25,0,0.17,17.05.2024 06:25:05
0,144.75,772,702,10.43,70.23,0,-0.02,17.05.2024 06:25:07
0,145.13,774,702,10.43,70.24,0,0.01,17.05.2024 06:25:09
0,143.81,767,702,10.43,70.22,0,-0.08,17.05.2024 06:25:11
0,150.00,800,702,10.43,70.25,0,0.36,17.05.2024 06:25:13
0,146.63,782,702,10.43,70.20,0,0.12,17.05.2024 06:25:15
0,148.50,792,702,10.43,70.21,0,0.25,17.05.2024 06:25:17
0,146.25,780,702,10.44,70.22,0,0.09,17.05.2024 06:25:20
0,148.69,793,702,10.43,70.24,0,0.27,17.05.2024 06:25:22
0,152.44,813,701,10.44,70.23,0,0.55,17.05.2024 06:25:24
0,149.44,797,702,10.44,70.24,0,0.32,17.05.2024 06:25:26
0,150.19,801,702,10.43,70.20,0,0.38,17.05.2024 06:25:28
0,153.94,821,703,10.40,70.21,0,0.68,17.05.2024 06:25:30
0,151.88,810,703,10.44,70.24,0,0.50,17.05.2024 06:25:32
0,152.63,814,703,10.41,70.22,0,0.57,17.05.2024 06:25:34
0,153.19,817,703,10.43,70.22,0,0.61,17.05.2024 06:25:37
0,151.50,808,703,10.43,70.23,0,0.48,17.05.2024 06:25:39
0,152.63,814,704,10.43,70.21,0,0.57,17.05.2024 06:25:41
0,153.00,816,703,10.44,70.21,0,0.59,17.05.2024 06:25:43
0,149.63,798,704,10.44,70.24,0,0.33,17.05.2024 06:25:45
0,150.75,804,704,10.44,70.22,0,0.42,17.05.2024 06:25:47
0,153.00,816,704,10.45,70.23,0,0.59,17.05.2024 06:25:49
0,150.75,804,705,10.43,70.25,0,0.42,17.05.2024 06:25:51
0,149.81,799,705,10.43,70.24,0,0.35,17.05.2024 06:25:53
0,152.81,815,705,10.44,70.26,0,0.58,17.05.2024 06:25:56
0,153.00,816,705,10.43,70.23,0,0.60,17.05.2024 06:25:58
0,153.19,817,705,10.44,70.22,0,0.61,17.05.2024 06:26:00
0,150.00,800,705,10.44,70.25,0,0.36,17.05.2024 06:26:02
0,151.69,809,705,10.43,70.26,0,0.49,17.05.2024 06:26:04
0,152.25,812,705,10.43,70.24,0,0.54,17.05.2024 06:26:06
0,150.00,800,705,10.41,70.26,0,0.36,17.05.2024 06:26:08
0,152.81,815,705,10.40,70.20,0,0.59,17.05.2024 06:26:10
0,149.63,798,705,10.44,70.24,0,0.33,17.05.2024 06:26:13
0,151.88,810,706,10.41,70.23,0,0.51,17.05.2024 06:26:15
0,147.00,784,706,10.43,70.26,0,0.14,17.05.2024 06:26:17
0,150.19,801,706,10.40,70.22,0,0.38,17.05.2024 06:26:19
0,151.31,807,706,10.41,70.26,0,0.46,17.05.2024 06:26:21
0,153.19,817,705,10.44,70.23,0,0.61,17.05.2024 06:26:23
0,149.06,795,706,10.43,70.21,0,0.29,17.05.2024 06:26:25
0,150.19,801,706,10.40,70.23,0,0.38,17.05.2024 06:26:27
0,151.50,808,705,10.45,70.23,0,0.47,17.05.2024 06:26:30
0,150.56,803,705,10.41,70.22,0,0.41,17.05.2024 06:26:32
0,151.88,810,706,10.41,70.24,0,0.51,17.05.2024 06:26:34
0,149.25,796,706,10.41,70.24,0,0.31,17.05.2024 06:26:36
0,150.56,803,706,10.43,70.22,0,0.41,17.05.2024 06:26:38
0,154.13,822,706,10.43,70.24,0,0.69,17.05.2024 06:26:41
0,150.00,800,706,10.41,70.23,0,0.37,17.05.2024 06:26:43
0,152.63,814,706,10.44,70.26,0,0.56,17.05.2024 06:26:45
0,149.06,795,707,10.43,70.24,0,0.29,17.05.2024 06:26:47
0,150.19,801,707,10.44,70.22,0,0.38,17.05.2024 06:26:49
0,151.31,807,707,10.41,70.23,0,0.47,17.05.2024 06:26:51
0,151.31,807,707,10.44,70.22,0,0.46,17.05.2024 06:26:54
0,154.13,822,706,10.38,70.22,0,0.69,17.05.2024 06:26:56
0,147.56,787,706,10.44,70.22,0,0.18,17.05.2024 06:26:58
0,152.63,814,706,10.43,70.23,0,0.57,17.05.2024 06:27:00
0,151.31,807,706,10.43,70.21,0,0.46,17.05.2024 06:27:02
0,148.69,793,706,10.44,70.22,0,0.26,17.05.2024 06:27:04
0,150.75,804,706,10.43,70.21,0,0.42,17.05.2024 06:27:06
0,148.88,794,706,10.43,70.24,0,0.28,17.05.2024 06:27:08
0,150.19,801,706,10.43,70.25,0,0.38,17.05.2024 06:27:11
0,146.81,783,706,10.41,70.22,0,0.13,17.05.2024 06:27:13
0,150.94,805,706,10.43,70.24,0,0.43,17.05.2024 06:27:15
0,150.56,803,706,10.41,70.22,0,0.41,17.05.2024 06:27:17
0,151.69,809,706,10.41,70.23,0,0.49,17.05.2024 06:27:19
0,152.44,813,707,10.41,70.24,0,0.55,17.05.2024 06:27:21
0,149.63,798,707,10.45,70.26,0,0.33,17.05.2024 06:27:23
0,153.19,817,707,10.43,70.22,0,0.61,17.05.2024 06:27:25
0,150.19,801,707,10.44,70.21,0,0.38,17.05.2024 06:27:28
0,150.56,803,707,10.44,70.26,0,0.40,17.05.2024 06:27:30
0,148.31,791,707,10.43,70.21,0,0.24,17.05.2024 06:27:32
0,148.50,792,707,10.43,70.23,0,0.25,17.05.2024 06:27:34
0,149.06,795,706,10.43,70.24,0,0.29,17.05.2024 06:27:36
0,153.94,821,706,10.44,70.23,0,0.67,17.05.2024 06:27:38
0,147.75,788,706,10.41,70.20,0,0.20,17.05.2024 06:27:40
0,148.13,790,705,10.41,70.21,0,0.23,17.05.2024 06:27:42
0,149.81,799,705,10.43,70.22,0,0.35,17.05.2024 06:27:45
0,147.94,789,705,10.41,70.24,0,0.21,17.05.2024 06:27:47
0,149.81,799,705,10.41,70.21,0,0.35,17.05.2024 06:27:49
0,148.88,794,705,10.43,70.24,0,0.28,17.05.2024 06:27:53
0,150.94,805,705,10.43,70.25,0,0.43,17.05.2024 06:27:55
0,150.56,803,704,10.43,70.23,0,0.41,17.05.2024 06:27:57
0,145.88,778,704,10.44,70.24,0,0.06,17.05.2024 06:27:59
0,150.19,801,705,10.43,70.22,0,0.38,17.05.2024 06:28:01
0,147.38,786,704,10.43,70.23,0,0.17,17.05.2024 06:28:03
0,147.19,785,704,10.41,70.23,0,0.16,17.05.2024 06:28:06
0,147.00,784,704,10.43,70.22,0,0.14,17.05.2024 06:28:08
0,147.56,787,704,10.41,70.19,0,0.19,17.05.2024 06:28:10
0,150.56,803,703,10.41,70.23,0,0.41,17.05.2024 06:28:12
0,149.81,799,703,10.43,70.24,0,0.35,17.05.2024 06:28:14
0,147.75,788,703,10.41,70.21,0,0.20,17.05.2024 06:28:16
0,148.50,792,703,10.43,70.24,0,0.25,17.05.2024 06:28:18
0,151.13,806,704,10.41,70.25,0,0.45,17.05.2024 06:28:20
0,148.50,792,704,10.41,70.26,0,0.25,17.05.2024 06:28:23
0,151.13,806,704,10.44,70.25,0,0.45,17.05.2024 06:28:25
0,150.94,805,704,10.41,70.23,0,0.44,17.05.2024 06:28:27
0,149.81,799,704,10.43,70.23,0,0.35,17.05.2024 06:28:29
0,152.06,811,703,10.43,70.23,0,0.52,17.05.2024 06:28:31
0,150.75,804,703,10.41,70.23,0,0.42,17.05.2024 06:28:33
0,150.56,803,703,10.40,70.20,0,0.41,17.05.2024 06:28:35
0,153.75,820,703,10.41,70.21,0,0.66,17.05.2024 06:28:37
0,153.00,816,703,10.41,70.21,0,0.60,17.05.2024 06:28:40
0,151.31,807,703,10.43,70.25,0,0.46,17.05.2024 06:28:42
0,151.88,810,704,10.41,70.24,0,0.51,17.05.2024 06:28:44
0,151.31,807,704,10.41,70.21,0,0.47,17.05.2024 06:28:46
0,152.06,811,704,10.43,70.24,0,0.52,17.05.2024 06:28:48
0,149.44,797,704,10.41,70.21,0,0.32,17.05.2024 06:28:50
0,150.94,805,704,10.41,70.21,0,0.44,17.05.2024 06:28:52
0,152.25,812,704,10.40,70.21,0,0.54,17.05.2024 06:28:54
0,153.00,816,705,10.41,70.21,0,0.60,17.05.2024 06:28:57
0,149.81,799,704,10.43,70.25,0,0.35,17.05.2024 06:28:59
0,150.75,804,705,10.43,70.18,0,0.42,17.05.2024 06:29:01
0,151.88,810,705,10.41,70.22,0,0.51,17.05.2024 06:29:03
0,149.63,798,705,10.40,70.23,0,0.34,17.05.2024 06:29:05
0,151.50,808,705,10.44,70.22,0,0.48,17.05.2024 06:29:07
0,150.38,802,704,10.41,70.24,0,0.39,17.05.2024 06:29:09
0,154.50,824,704,10.41,70.25,0,0.72,17.05.2024 06:29:11
0,148.88,794,704,10.41,70.24,0,0.28,17.05.2024 06:29:14
0,152.81,815,704,10.41,70.25,0,0.58,17.05.2024 06:29:16
0,152.06,811,704,10.43,70.22,0,0.52,17.05.2024 06:29:18
0,150.38,802,703,10.41,70.20,0,0.40,17.05.2024 06:29:20
0,149.06,795,703,10.43,70.23,0,0.29,17.05.2024 06:29:22
0,149.44,797,703,10.43,70.22,0,0.32,17.05.2024 06:29:24
0,150.56,803,703,10.41,70.24,0,0.41,17.05.2024 06:29:26
0,151.69,809,704,10.43,70.23,0,0.49,17.05.2024 06:29:28
0,148.88,794,704,10.43,70.23,0,0.28,17.05.2024 06:29:31
0,148.88,794,703,10.43,70.22,0,0.28,17.05.2024 06:29:33
0,156.38,834,703,10.43,70.22,0,0.87,17.05.2024 06:29:35
0,150.19,801,702,10.40,70.20,0,0.38,17.05.2024 06:29:37
0,149.44,797,702,10.40,70.22,0,0.33,17.05.2024 06:29:39
0,150.19,801,701,10.41,70.25,0,0.38,17.05.2024 06:29:41
0,154.88,826,701,10.41,70.21,0,0.75,17.05.2024 06:29:43
0,149.44,797,702,10.40,70.23,0,0.33,17.05.2024 06:29:45
0,148.31,791,702,10.43,70.22,0,0.24,17.05.2024 06:29:48
0,153.19,817,702,10.41,70.22,0,0.61,17.05.2024 06:29:50
0,150.38,802,702,10.43,70.21,0,0.39,17.05.2024 06:29:52
0,149.81,799,702,10.41,70.21,0,0.35,17.05.2024 06:29:54
0,148.69,793,702,10.41,70.25,0,0.27,17.05.2024 06:29:56
0,148.31,791,702,10.40,70.25,0,0.24,17.05.2024 06:29:58
0,146.06,779,702,10.43,70.23,0,0.08,17.05.2024 06:30:00
0,150.19,801,702,10.43,70.23,0,0.38,17.05.2024 06:30:02
0,150.19,801,702,10.43,70.23,0,0.38,17.05.2024 06:30:06
0,148.50,792,702,10.38,70.21,0,0.26,17.05.2024 06:30:09
0,146.63,782,703,10.41,70.26,0,0.12,17.05.2024 06:30:11
0,149.44,797,703,10.41,70.21,0,0.32,17.05.2024 06:30:13
0,148.69,793,704,10.43,70.23,0,0.27,17.05.2024 06:30:15
0,148.13,790,704,10.43,70.24,0,0.22,17.05.2024 06:30:17
0,148.88,794,705,10.41,70.21,0,0.28,17.05.2024 06:30:19
0,148.69,793,706,10.44,70.25,0,0.26,17.05.2024 06:30:21
0,146.63,782,706,10.41,70.20,0,0.12,17.05.2024 06:30:23
0,149.63,798,706,10.41,70.24,0,0.34,17.05.2024 06:30:26
0,147.75,788,705,10.43,70.24,0,0.20,17.05.2024 06:30:28
0,145.69,777,706,10.40,70.23,0,0.05,17.05.2024 06:30:30
0,147.38,786,706,10.41,70.21,0,0.17,17.05.2024 06:30:32
0,150.94,805,706,10.40,70.20,0,0.44,17.05.2024 06:30:34
0,153.56,819,706,10.41,70.24,0,0.64,17.05.2024 06:30:36
0,151.69,809,706,10.41,70.22,0,0.50,17.05.2024 06:30:38
0,150.00,800,707,10.41,70.22,0,0.37,17.05.2024 06:30:40
0,152.06,811,706,10.40,70.23,0,0.53,17.05.2024 06:30:43
0,151.69,809,707,10.40,70.23,0,0.50,17.05.2024 06:30:45
0,151.31,807,707,10.41,70.22,0,0.47,17.05.2024 06:30:47
0,151.31,807,707,10.40,70.20,0,0.47,17.05.2024 06:30:49
0,148.69,793,707,10.40,70.21,0,0.27,17.05.2024 06:30:51
0,149.25,796,707,10.38,70.20,0,0.32,17.05.2024 06:30:53
0,151.50,808,707,10.40,70.22,0,0.48,17.05.2024 06:30:55
0,151.13,806,707,10.38,70.26,0,0.46,17.05.2024 06:30:57
0,150.94,805,707,10.40,70.20,0,0.44,17.05.2024 06:31:00
0,152.44,813,707,10.43,70.23,0,0.55,17.05.2024 06:31:02
0,147.75,788,707,10.41,70.23,0,0.20,17.05.2024 06:31:04
0,152.06,811,707,10.41,70.22,0,0.52,17.05.2024 06:31:06
0,147.38,786,707,10.44,70.24,0,0.17,17.05.2024 06:31:08
0,151.50,808,707,10.40,70.24,0,0.48,17.05.2024 06:31:10
0,151.88,810,707,10.38,70.19,0,0.52,17.05.2024 06:31:12
0,153.38,818,707,10.40,70.23,0,0.63,17.05.2024 06:31:14
0,153.75,820,707,10.40,70.23,0,0.66,17.05.2024 06:31:17
0,145.13,774,707,10.40,70.24,0,0.01,17.05.2024 06:31:19
0,150.38,802,707,10.43,70.24,0,0.39,17.05.2024 06:31:21
0,150.56,803,707,10.41,70.22,0,0.41,17.05.2024 06:31:23
0,149.06,795,707,10.40,70.22,0,0.30,17.05.2024 06:31:25
0,153.00,816,707,10.40,70.21,0,0.60,17.05.2024 06:31:27
0,149.25,796,708,10.40,70.22,0,0.31,17.05.2024 06:31:29
0,155.81,831,707,10.40,70.23,0,0.83,17.05.2024 06:31:31
0,152.06,811,707,10.41,70.22,0,0.52,17.05.2024 06:31:34
0,150.94,805,707,10.41,70.22,0,0.44,17.05.2024 06:31:36
0,150.00,800,707,10.41,70.24,0,0.37,17.05.2024 06:31:38
0,148.13,790,707,10.41,70.21,0,0.23,17.05.2024 06:31:40
0,148.69,793,707,10.40,70.22,0,0.27,17.05.2024 06:31:42
0,151.13,806,707,10.41,70.24,0,0.45,17.05.2024 06:31:44
0,149.06,795,707,10.40,70.23,0,0.30,17.05.2024 06:31:46
0,150.19,801,707,10.38,70.23,0,0.38,17.05.2024 06:31:48
0,149.81,799,707,10.40,70.23,0,0.35,17.05.2024 06:31:50
0,149.44,797,707,10.43,70.23,0,0.32,17.05.2024 06:31:53
0,151.13,806,707,10.38,70.23,0,0.46,17.05.2024 06:31:55
0,147.38,786,708,10.40,70.24,0,0.17,17.05.2024 06:31:57
0,150.38,802,707,10.43,70.23,0,0.39,17.05.2024 06:31:59
0,152.25,812,708,10.40,70.22,0,0.54,17.05.2024 06:32:01
0,146.81,783,708,10.38,70.22,0,0.14,17.05.2024 06:32:03
0,152.06,811,708,10.43,70.20,0,0.52,17.05.2024 06:32:05
0,147.94,789,709,10.38,70.25,0,0.22,17.05.2024 06:32:07
0,150.19,801,708,10.41,70.22,0,0.38,17.05.2024 06:32:10
0,149.44,797,709,10.40,70.24,0,0.33,17.05.2024 06:32:12
0,148.13,790,709,10.40,70.23,0,0.23,17.05.2024 06:32:14
0,153.00,816,709,10.40,70.23,0,0.60,17.05.2024 06:32:16
0,150.38,802,709,10.41,70.22,0,0.39,17.05.2024 06:32:20
0,151.13,806,709,10.41,70.22,0,0.45,17.05.2024 06:32:22
0,149.06,795,709,10.41,70.22,0,0.30,17.05.2024 06:32:24
0,145.88,778,708,10.41,70.24,0,0.06,17.05.2024 06:32:26
0,140.06,747,708,10.43,70.23,0,-0.33,17.05.2024 06:32:29
0,148.13,790,708,10.41,70.22,0,0.23,17.05.2024 06:32:31
0,149.44,797,708,10.43,70.23,0,0.32,17.05.2024 06:32:33
0,144.94,773,708,10.41,70.20,0,-0.00,17.05.2024 06:32:35
0,147.00,784,707,10.43,70.23,0,0.14,17.05.2024 06:32:37
0,147.94,789,707,10.41,70.21,0,0.21,17.05.2024 06:32:39
0,152.44,813,707,10.38,70.23,0,0.56,17.05.2024 06:32:41
0,147.00,784,707,10.40,70.21,0,0.15,17.05.2024 06:32:43
0,149.44,797,707,10.40,70.21,0,0.33,17.05.2024 06:32:46
0,147.94,789,707,10.41,70.22,0,0.21,17.05.2024 06:32:48
0,150.94,805,708,10.40,70.25,0,0.44,17.05.2024 06:32:50
0,150.38,802,707,10.40,70.22,0,0.40,17.05.2024 06:32:52
0,150.38,802,707,10.41,70.22,0,0.39,17.05.2024 06:32:54
0,150.19,801,708,10.38,70.23,0,0.38,17.05.2024 06:32:56
0,149.44,797,708,10.43,70.22,0,0.32,17.05.2024 06:32:58
0,149.25,796,708,10.40,70.21,0,0.31,17.05.2024 06:33:00
0,151.69,809,707,10.41,70.22,0,0.50,17.05.2024 06:33:03
0,151.31,807,708,10.38,70.25,0,0.47,17.05.2024 06:33:05
0,148.31,791,708,10.38,70.25,0,0.24,17.05.2024 06:33:07
0,150.19,801,708,10.38,70.23,0,0.38,17.05.2024 06:33:09
0,150.00,800,707,10.41,70.23,0,0.37,17.05.2024 06:33:11
0,148.88,794,708,10.40,70.22,0,0.28,17.05.2024 06:33:13
0,147.75,788,708,10.40,70.25,0,0.20,17.05.2024 06:33:15
0,156.94,837,708,10.40,70.24,0,0.92,17.05.2024 06:33:17
0,149.06,795,708,10.41,70.24,0,0.29,17.05.2024 06:33:20
0,150.75,804,708,10.40,70.20,0,0.43,17.05.2024 06:33:22
0,153.19,817,709,10.40,70.23,0,0.62,17.05.2024 06:33:24
0,149.44,797,708,10.40,70.22,0,0.33,17.05.2024 06:33:26
0,151.69,809,708,10.41,70.21,0,0.50,17.05.2024 06:33:28
0,150.75,804,709,10.41,70.24,0,0.42,17.05.2024 06:33:30
0,155.81,831,709,10.40,70.24,0,0.83,17.05.2024 06:33:32
0,154.50,824,709,10.40,70.24,0,0.72,17.05.2024 06:33:34
0,150.19,801,709,10.40,70.23,0,0.38,17.05.2024 06:33:36
0,153.00,816,709,10.37,70.24,0,0.61,17.05.2024 06:33:39
0,153.38,818,709,10.41,70.23,0,0.63,17.05.2024 06:33:41
0,149.63,798,709,10.40,70.20,0,0.34,17.05.2024 06:33:43
0,146.25,780,709,10.40,70.24,0,0.09,17.05.2024 06:33:45
0,150.75,804,710,10.40,70.23,0,0.43,17.05.2024 06:33:47
0,147.75,788,710,10.38,70.24,0,0.20,17.05.2024 06:33:49
0,150.00,800,710,10.38,70.26,0,0.37,17.05.2024 06:33:51
0,151.88,810,710,10.38,70.25,0,0.51,17.05.2024 06:33:53
0,149.06,795,711,10.41,70.25,0,0.29,17.05.2024 06:33:56
0,151.31,807,711,10.37,70.24,0,0.47,17.05.2024 06:33:58
0,154.13,822,711,10.40,70.22,0,0.69,17.05.2024 06:34:00
0,149.44,797,710,10.41,70.23,0,0.32,17.05.2024 06:34:02
0,148.13,790,710,10.40,70.22,0,0.23,17.05.2024 06:34:04
0,150.38,802,710,10.40,70.21,0,0.40,17.05.2024 06:34:06
0,149.44,797,710,10.40,70.23,0,0.33,17.05.2024 06:34:08
0,150.94,805,709,10.38,70.22,0,0.44,17.05.2024 06:34:10
0,148.88,794,709,10.40,70.24,0,0.28,17.05.2024 06:34:13
0,149.63,798,709,10.38,70.20,0,0.34,17.05.2024 06:34:15
0,148.69,793,709,10.38,70.23,0,0.27,17.05.2024 06:34:17
0,150.19,801,709,10.41,70.23,0,0.38,17.05.2024 06:34:19
0,150.94,805,710,10.40,70.23,0,0.44,17.05.2024 06:34:21
0,149.81,799,710,10.40,70.23,0,0.35,17.05.2024 06:34:23
0,147.19,785,710,10.41,70.23,0,0.16,17.05.2024 06:34:25
0,150.94,805,710,10.41,70.23,0,0.44,17.05.2024 06:34:27
0,152.25,812,710,10.40,70.23,0,0.54,17.05.2024 06:34:30
0,148.50,792,710,10.40,70.21,0,0.26,17.05.2024 06:34:32
0,152.25,812,709,10.41,70.22,0,0.54,17.05.2024 06:34:34
0,151.13,806,709,10.41,70.24,0,0.45,17.05.2024 06:34:36
0,147.94,789,709,10.40,70.20,0,0.22,17.05.2024 06:34:38
0,150.56,803,709,10.40,70.22,0,0.41,17.05.2024 06:34:40
0,150.94,805,709,10.40,70.24,0,0.44,17.05.2024 06:34:44
0,150.00,800,708,10.40,70.23,0,0.37,17.05.2024 06:34:46
0,149.25,796,708,10.40,70.22,0,0.31,17.05.2024 06:34:49
0,146.81,783,708,10.41,70.23,0,0.13,17.05.2024 06:34:51
0,152.25,812,708,10.40,70.19,0,0.54,17.05.2024 06:34:53
0,145.88,778,708,10.37,70.21,0,0.07,17.05.2024 06:34:55
0,149.63,798,708,10.38,70.23,0,0.34,17.05.2024 06:34:57
0,150.94,805,707,10.38,70.21,0,0.44,17.05.2024 06:34:59
0,145.31,775,707,10.40,70.20,0,0.03,17.05.2024 06:35:01
0,148.13,790,707,10.40,70.22,0,0.23,17.05.2024 06:35:03
0,150.00,800,707,10.38,70.20,0,0.37,17.05.2024 06:35:06
0,149.63,798,707,10.38,70.24,0,0.34,17.05.2024 06:35:08
0,148.31,791,707,10.40,70.21,0,0.24,17.05.2024 06:35:10
0,150.19,801,707,10.40,70.23,0,0.38,17.05.2024 06:35:12
0,149.81,799,707,10.38,70.24,0,0.36,17.05.2024 06:35:14
0,149.81,799,707,10.40,70.24,0,0.35,17.05.2024 06:35:16
0,150.19,801,707,10.40,70.22,0,0.38,17.05.2024 06:35:18
0,150.75,804,707,10.38,70.20,0,0.43,17.05.2024 06:35:20
0,151.88,810,707,10.38,70.22,0,0.52,17.05.2024 06:35:22
0,152.44,813,706,10.38,70.22,0,0.56,17.05.2024 06:35:25
0,148.88,794,706,10.37,70.19,0,0.29,17.05.2024 06:35:27
0,150.38,802,706,10.41,70.22,0,0.39,17.05.2024 06:35:29
0,150.75,804,707,10.40,70.27,0,0.42,17.05.2024 06:35:31
0,151.13,806,707,10.38,70.24,0,0.46,17.05.2024 06:35:33
0,153.56,819,706,10.38,70.26,0,0.65,17.05.2024 06:35:35
0,151.50,808,706,10.38,70.24,0,0.49,17.05.2024 06:35:37
0,150.19,801,706,10.40,70.26,0,0.38,17.05.2024 06:35:39
0,152.44,813,706,10.38,70.25,0,0.56,17.05.2024 06:35:42
0,155.06,827,706,10.38,70.23,0,0.77,17.05.2024 06:35:44
0,150.56,803,706,10.40,70.27,0,0.41,17.05.2024 06:35:46
0,149.25,796,706,10.37,70.24,0,0.32,17.05.2024 06:35:48
0,149.81,799,706,10.38,70.22,0,0.36,17.05.2024 06:35:50
0,150.75,804,706,10.40,70.24,0,0.43,17.05.2024 06:35:52
0,151.13,806,706,10.40,70.25,0,0.45,17.05.2024 06:35:54
0,151.69,809,706,10.40,70.23,0,0.50,17.05.2024 06:35:56
0,150.75,804,706,10.38,70.23,0,0.43,17.05.2024 06:35:59
0,149.44,797,706,10.37,70.24,0,0.33,17.05.2024 06:36:01
0,147.94,789,706,10.40,70.23,0,0.21,17.05.2024 06:36:03
0,148.88,794,707,10.38,70.24,0,0.29,17.05.2024 06:36:05
0,146.81,783,707,10.40,70.23,0,0.13,17.05.2024 06:36:07
0,149.81,799,706,10.40,70.23,0,0.35,17.05.2024 06:36:09
0,149.25,796,706,10.40,70.26,0,0.31,17.05.2024 06:36:11
0,151.69,809,705,10.40,70.23,0,0.50,17.05.2024 06:36:13
0,147.75,788,705,10.40,70.22,0,0.20,17.05.2024 06:36:16
0,148.69,793,706,10.40,70.24,0,0.27,17.05.2024 06:36:18
0,152.81,815,705,10.40,70.21,0,0.59,17.05.2024 06:36:20
0,151.13,806,705,10.40,70.22,0,0.45,17.05.2024 06:36:22
0,151.88,810,705,10.37,70.22,0,0.52,17.05.2024 06:36:24
0,149.44,797,706,10.40,70.22,0,0.33,17.05.2024 06:36:26
0,150.00,800,706,10.40,70.24,0,0.37,17.05.2024 06:36:28
0,149.44,797,706,10.40,70.23,0,0.33,17.05.2024 06:36:30
0,147.94,789,706,10.40,70.25,0,0.21,17.05.2024 06:36:33
0,149.06,795,706,10.38,70.24,0,0.30,17.05.2024 06:36:35
0,150.38,802,706,10.37,70.24,0,0.40,17.05.2024 06:36:37
0,149.63,798,705,10.37,70.21,0,0.35,17.05.2024 06:36:39
0,148.88,794,705,10.40,70.23,0,0.28,17.05.2024 06:36:41
0,146.63,782,704,10.41,70.21,0,0.12,17.05.2024 06:36:43
0,149.63,798,705,10.37,70.21,0,0.35,17.05.2024 06:36:45
0,150.94,805,704,10.40,70.24,0,0.44,17.05.2024 06:36:47
0,149.06,795,704,10.38,70.21,0,0.30,17.05.2024 06:36:50
0,149.06,795,704,10.38,70.23,0,0.30,17.05.2024 06:36:52
0,147.94,789,704,10.37,70.21,0,0.22,17.05.2024 06:36:54
0,153.38,818,705,10.40,70.21,0,0.63,17.05.2024 06:36:56
0,147.94,789,704,10.38,70.26,0,0.22,17.05.2024 06:36:58
0,150.19,801,703,10.40,70.22,0,0.38,17.05.2024 06:37:00
0,150.38,802,703,10.41,70.18,0,0.40,17.05.2024 06:37:02
0,150.19,801,703,10.36,70.21,0,0.39,17.05.2024 06:37:06
0,147.94,789,703,10.40,70.23,0,0.21,17.05.2024 06:37:08
0,147.38,786,703,10.38,70.21,0,0.18,17.05.2024 06:37:11
0,148.31,791,703,10.37,70.22,0,0.25,17.05.2024 06:37:13
0,150.94,805,703,10.40,70.22,0,0.44,17.05.2024 06:37:15
0,149.63,798,703,10.38,70.21,0,0.34,17.05.2024 06:37:17
0,149.81,799,702,10.38,70.22,0,0.36,17.05.2024 06:37:19
0,149.44,797,703,10.38,70.20,0,0.33,17.05.2024 06:37:21
0,146.81,783,703,10.38,70.24,0,0.14,17.05.2024 06:37:23
0,146.25,780,702,10.38,70.20,0,0.10,17.05.2024 06:37:25
0,148.31,791,702,10.37,70.19,0,0.25,17.05.2024 06:37:28
0,147.94,789,702,10.40,70.23,0,0.21,17.05.2024 06:37:30
0,150.94,805,702,10.38,70.23,0,0.44,17.05.2024 06:37:32
0,148.50,792,702,10.40,70.21,0,0.26,17.05.2024 06:37:34
0,147.19,785,702,10.38,70.25,0,0.16,17.05.2024 06:37:36
0,145.69,777,701,10.40,70.23,0,0.05,17.05.2024 06:37:38
0,150.75,804,701,10.38,70.23,0,0.43,17.05.2024 06:37:40
0,150.56,803,701,10.40,70.25,0,0.41,17.05.2024 06:37:42
0,153.56,819,701,10.38,70.23,0,0.65,17.05.2024 06:37:45
0,153.38,818,701,10.40,70.23,0,0.63,17.05.2024 06:37:47
0,151.31,807,700,10.38,70.20,0,0.47,17.05.2024 06:37:49
0,150.38,802,700,10.38,70.25,0,0.40,17.05.2024 06:37:51
0,150.56,803,700,10.38,70.24,0,0.41,17.05.2024 06:37:53
0,152.63,814,700,10.34,70.24,0,0.58,17.05.2024 06:37:55
0,152.63,814,700,10.38,70.21,0,0.57,17.05.2024 06:37:57
0,149.44,797,700,10.38,70.21,0,0.33,17.05.2024 06:37:59
0,148.88,794,699,10.36,70.24,0,0.29,17.05.2024 06:38:02
0,149.81,799,699,10.37,70.22,0,0.36,17.05.2024 06:38:04
0,149.25,796,699,10.38,70.26,0,0.31,17.05.2024 06:38:06
0,154.50,824,699,10.38,70.22,0,0.72,17.05.2024 06:38:08
0,149.63,798,699,10.38,70.24,0,0.34,17.05.2024 06:38:10
0,149.25,796,699,10.38,70.25,0,0.31,17.05.2024 06:38:12
0,148.13,790,699,10.38,70.21,0,0.23,17.05.2024 06:38:14
0,153.00,816,699,10.38,70.26,0,0.60,17.05.2024 06:38:16
0,151.88,810,699,10.37,70.24,0,0.52,17.05.2024 06:38:19
0,150.75,804,699,10.40,70.24,0,0.43,17.05.2024 06:38:21
0,151.13,806,699,10.38,70.20,0,0.46,17.05.2024 06:38:23
0,149.63,798,700,10.40,70.25,0,0.34,17.05.2024 06:38:25
0,150.00,800,700,10.38,70.22,0,0.37,17.05.2024 06:38:27
0,151.69,809,699,10.38,70.23,0,0.50,17.05.2024 06:38:29
0,151.88,810,699,10.37,70.21,0,0.52,17.05.2024 06:38:31
0,150.00,800,699,10.38,70.22,0,0.37,17.05.2024 06:38:33
0,147.19,785,700,10.38,70.25,0,0.16,17.05.2024 06:38:36
0,150.75,804,699,10.38,70.27,0,0.43,17.05.2024 06:38:38
0,149.44,797,699,10.38,70.24,0,0.33,17.05.2024 06:38:40
0,151.31,807,699,10.36,70.21,0,0.48,17.05.2024 06:38:42
0,151.50,808,699,10.37,70.22,0,0.49,17.05.2024 06:38:44
0,148.50,792,699,10.40,70.24,0,0.26,17.05.2024 06:38:46
0,151.13,806,699,10.38,70.21,0,0.46,17.05.2024 06:38:48
0,147.00,784,700,10.38,70.25,0,0.15,17.05.2024 06:38:50
0,151.69,809,700,10.40,70.25,0,0.50,17.05.2024 06:38:52
0,146.25,780,700,10.38,70.24,0,0.10,17.05.2024 06:38:55
0,156.38,834,700,10.40,70.21,0,0.88,17.05.2024 06:38:57
0,147.38,786,700,10.38,70.21,0,0.18,17.05.2024 06:38:59
0,146.81,783,700,10.37,70.22,0,0.14,17.05.2024 06:39:01
0,149.06,795,700,10.38,70.22,0,0.30,17.05.2024 06:39:03
0,150.19,801,700,10.40,70.24,0,0.38,17.05.2024 06:39:05
0,149.81,799,700,10.38,70.22,0,0.36,17.05.2024 06:39:07
0,151.50,808,700,10.38,70.22,0,0.49,17.05.2024 06:39:09
0,150.38,802,700,10.37,70.24,0,0.40,17.05.2024 06:39:12
0,147.75,788,700,10.40,70.23,0,0.20,17.05.2024 06:39:14
0,149.25,796,700,10.37,70.24,0,0.32,17.05.2024 06:39:16
0,150.38,802,701,10.38,70.24,0,0.40,17.05.2024 06:39:18
0,149.81,799,701,10.38,70.23,0,0.36,17.05.2024 06:39:20
0,151.31,807,701,10.40,70.22,0,0.47,17.05.2024 06:39:22
0,149.44,797,700,10.37,70.24,0,0.33,17.05.2024 06:39:24
0,146.06,779,700,10.37,70.22,0,0.08,17.05.2024 06:39:28
0,150.75,804,700,10.37,70.22,0,0.43,17.05.2024 06:39:31
0,147.00,784,701,10.38,70.23,0,0.15,17.05.2024 06:39:33
0,148.88,794,701,10.38,70.24,0,0.29,17.05.2024 06:39:35
0,147.19,785,700,10.38,70.23,0,0.16,17.05.2024 06:39:37
0,144.00,768,700,10.37,70.24,0,-0.06,17.05.2024 06:39:39
0,151.13,806,700,10.40,70.22,0,0.45,17.05.2024 06:39:41
0,147.75,788,700,10.37,70.25,0,0.20,17.05.2024 06:39:43
0,146.06,779,700,10.37,70.21,0,0.09,17.05.2024 06:39:45
0,148.69,793,701,10.37,70.22,0,0.27,17.05.2024 06:39:48
0,147.00,784,700,10.38,70.20,0,0.15,17.05.2024 06:39:50
0,150.00,800,701,10.37,70.22,0,0.37,17.05.2024 06:39:52
0,147.38,786,701,10.38,70.23,0,0.18,17.05.2024 06:39:54
0,150.94,805,701,10.36,70.21,0,0.45,17.05.2024 06:39:56
0,151.50,808,700,10.38,70.26,0,0.48,17.05.2024 06:39:58
0,149.06,795,701,10.38,70.25,0,0.30,17.05.2024 06:40:00
0,149.06,795,701,10.38,70.22,0,0.30,17.05.2024 06:40:02
0,152.06,811,701,10.37,70.22,0,0.53,17.05.2024 06:40:05
0,146.25,780,701,10.37,70.22,0,0.10,17.05.2024 06:40:07
0,148.50,792,701,10.36,70.23,0,0.26,17.05.2024 06:40:09
0,150.94,805,701,10.37,70.22,0,0.44,17.05.2024 06:40:11
0,150.38,802,701,10.40,70.23,0,0.40,17.05.2024 06:40:13
0,145.50,776,701,10.37,70.24,0,0.04,17.05.2024 06:40:15
0,150.75,804,701,10.38,70.25,0,0.43,17.05.2024 06:40:17
0,150.75,804,701,10.36,70.21,0,0.43,17.05.2024 06:40:19
0,150.94,805,701,10.38,70.24,0,0.44,17.05.2024 06:40:22
0,149.63,798,701,10.38,70.26,0,0.34,17.05.2024 06:40:24
0,151.31,807,701,10.38,70.24,0,0.47,17.05.2024 06:40:26
0,152.06,811,700,10.37,70.25,0,0.53,17.05.2024 06:40:28
0,149.63,798,700,10.37,70.24,0,0.34,17.05.2024 06:40:30
0,152.25,812,700,10.37,70.25,0,0.55,17.05.2024 06:40:32
0,148.88,794,699,10.37,70.24,0,0.29,17.05.2024 06:40:34
0,151.88,810,699,10.37,70.22,0,0.52,17.05.2024 06:40:36
0,151.88,810,699,10.37,70.24,0,0.52,17.05.2024 06:40:39
0,151.13,806,699,10.37,70.24,0,0.46,17.05.2024 06:40:41
0,149.25,796,698,10.37,70.24,0,0.32,17.05.2024 06:40:43
0,148.69,793,699,10.40,70.23,0,0.27,17.05.2024 06:40:45
0,147.19,785,699,10.36,70.24,0,0.17,17.05.2024 06:40:47
0,151.69,809,698,10.36,70.21,0,0.51,17.05.2024 06:40:49
0,150.19,801,698,10.38,70.24,0,0.38,17.05.2024 06:40:51
0,150.38,802,698,10.38,70.24,0,0.40,17.05.2024 06:40:53
0,145.88,778,698,10.37,70.24,0,0.07,17.05.2024 06:40:55
0,150.56,803,699,10.37,70.21,0,0.42,17.05.2024 06:40:58
0,147.00,784,699,10.38,70.25,0,0.15,17.05.2024 06:41:00
0,151.31,807,699,10.38,70.25,0,0.47,17.05.2024 06:41:02
0,153.75,820,699,10.37,70.22,0,0.67,17.05.2024 06:41:04
0,151.13,806,699,10.38,70.25,0,0.46,17.05.2024 06:41:06
0,150.38,802,699,10.37,70.24,0,0.40,17.05.2024 06:41:08
0,151.69,809,699,10.38,70.24,0,0.50,17.05.2024 06:41:10
0,153.19,817,700,10.38,70.25,0,0.62,17.05.2024 06:41:12
0,150.56,803,701,10.38,70.24,0,0.41,17.05.2024 06:41:15
0,149.81,799,701,10.38,70.22,0,0.36,17.05.2024 06:41:17
0,150.56,803,701,10.36,70.23,0,0.42,17.05.2024 06:41:19
0,151.13,806,701,10.38,70.22,0,0.46,17.05.2024 06:41:21
0,150.00,800,701,10.37,70.21,0,0.37,17.05.2024 06:41:23
0,152.06,811,701,10.38,70.23,0,0.53,17.05.2024 06:41:25
0,149.44,797,701,10.36,70.22,0,0.33,17.05.2024 06:41:27
0,147.94,789,701,10.38,70.25,0,0.22,17.05.2024 06:41:29
0,147.94,789,701,10.36,70.22,0,0.22,17.05.2024 06:41:32
0,153.19,817,701,10.37,70.22,0,0.62,17.05.2024 06:41:34
0,147.19,785,701,10.36,70.25,0,0.17,17.05.2024 06:41:36
0,148.88,794,701,10.37,70.22,0,0.29,17.05.2024 06:41:38
0,151.50,808,701,10.40,70.23,0,0.48,17.05.2024 06:41:40
0,153.00,816,701,10.34,70.19,0,0.61,17.05.2024 06:41:42
0,154.13,822,700,10.37,70.24,0,0.70,17.05.2024 06:41:44
0,146.63,782,701,10.37,70.24,0,0.12,17.05.2024 06:41:46
0,150.38,802,700,10.37,70.22,0,0.40,17.05.2024 06:41:49
0,149.63,798,701,10.38,70.26,0,0.34,17.05.2024 06:41:51
0,147.75,788,701,10.36,70.23,0,0.21,17.05.2024 06:41:53
0,150.00,800,701,10.36,70.26,0,0.37,17.05.2024 06:41:57
0,152.81,815,702,10.36,70.20,0,0.59,17.05.2024 06:41:59
0,149.63,798,703,10.38,70.24,0,0.34,17.05.2024 06:42:01
0,151.69,809,702,10.37,70.22,0,0.50,17.05.2024 06:42:03
0,149.25,796,703,10.37,70.24,0,0.32,17.05.2024 06:42:05
0,148.31,791,703,10.37,70.22,0,0.25,17.05.2024 06:42:08
0,148.69,793,703,10.37,70.25,0,0.27,17.05.2024 06:42:10
0,150.19,801,703,10.37,70.24,0,0.39,17.05.2024 06:42:12
0,148.13,790,703,10.37,70.24,0,0.23,17.05.2024 06:42:14
0,149.25,796,702,10.37,70.26,0,0.32,17.05.2024 06:42:16
0,147.94,789,702,10.37,70.24,0,0.22,17.05.2024 06:42:18
0,148.69,793,702,10.37,70.22,0,0.27,17.05.2024 06:42:20
0,151.69,809,702,10.37,70.24,0,0.50,17.05.2024 06:42:22
0,145.31,775,702,10.36,70.22,0,0.03,17.05.2024 06:42:25
0,146.63,782,702,10.37,70.21,0,0.13,17.05.2024 06:42:27
0,149.06,795,702,10.34,70.22,0,0.31,17.05.2024 06:42:29
0,152.44,813,702,10.37,70.26,0,0.56,17.05.2024 06:42:31
0,150.00,800,703,10.37,70.24,0,0.37,17.05.2024 06:42:33
0,149.06,795,702,10.36,70.23,0,0.30,17.05.2024 06:42:35
0,150.75,804,702,10.34,70.26,0,0.43,17.05.2024 06:42:37
0,151.69,809,703,10.37,70.25,0,0.50,17.05.2024 06:42:39
0,148.88,794,703,10.36,70.25,0,0.29,17.05.2024 06:42:42
0,152.63,814,702,10.36,70.23,0,0.58,17.05.2024 06:42:44
0,150.94,805,702,10.37,70.24,0,0.44,17.05.2024 06:42:46
0,150.38,802,703,10.36,70.22,0,0.40,17.05.2024 06:42:48
0,148.69,793,702,10.37,70.24,0,0.27,17.05.2024 06:42:50
0,150.94,805,703,10.37,70.20,0,0.45,17.05.2024 06:42:52
0,151.50,808,703,10.37,70.26,0,0.49,17.05.2024 06:42:54
0,151.69,809,704,10.36,70.23,0,0.50,17.05.2024 06:42:56
0,149.44,797,704,10.36,70.25,0,0.33,17.05.2024 06:42:58
0,153.00,816,703,10.38,70.25,0,0.60,17.05.2024 06:43:01
0,151.31,807,703,10.37,70.24,0,0.47,17.05.2024 06:43:03
0,149.63,798,703,10.37,70.26,0,0.34,17.05.2024 06:43:05
0,149.81,799,703,10.37,70.24,0,0.36,17.05.2024 06:43:07
0,153.00,816,703,10.37,70.24,0,0.61,17.05.2024 06:43:09
0,148.50,792,703,10.37,70.22,0,0.26,17.05.2024 06:43:11
0,148.69,793,702,10.37,70.26,0,0.27,17.05.2024 06:43:13
0,151.50,808,703,10.36,70.25,0,0.49,17.05.2024 06:43:15
0,152.63,814,702,10.37,70.24,0,0.58,17.05.2024 06:43:18
0,154.88,826,702,10.38,70.24,0,0.75,17.05.2024 06:43:20
0,151.31,807,702,10.38,70.27,0,0.47,17.05.2024 06:43:22
0,154.88,826,702,10.37,70.25,0,0.76,17.05.2024 06:43:24
0,149.06,795,701,10.34,70.26,0,0.31,17.05.2024 06:43:26
0,154.69,825,701,10.37,70.24,0,0.74,17.05.2024 06:43:28
0,152.44,813,702,10.34,70.25,0,0.57,17.05.2024 06:43:30
0,148.50,792,701,10.37,70.25,0,0.26,17.05.2024 06:43:32
0,151.88,810,702,10.37,70.25,0,0.52,17.05.2024 06:43:35
0,148.13,790,701,10.37,70.24,0,0.23,17.05.2024 06:43:37
0,150.00,800,701,10.36,70.24,0,0.37,17.05.2024 06:43:39
0,151.13,806,701,10.36,70.25,0,0.46,17.05.2024 06:43:41
0,147.56,787,701,10.36,70.22,0,0.19,17.05.2024 06:43:43
0,153.19,817,700,10.37,70.24,0,0.62,17.05.2024 06:43:45
0,152.06,811,700,10.37,70.25,0,0.53,17.05.2024 06:43:47
0,148.13,790,700,10.37,70.24,0,0.23,17.05.2024 06:43:49
0,149.81,799,700,10.36,70.23,0,0.36,17.05.2024 06:43:52
0,147.38,786,701,10.38,70.26,0,0.18,17.05.2024 06:43:54
0,150.19,801,700,10.36,70.20,0,0.39,17.05.2024 06:43:56
0,154.69,825,700,10.36,70.23,0,0.74,17.05.2024 06:43:58
0,153.38,818,699,10.36,70.25,0,0.64,17.05.2024 06:44:00
0,150.19,801,700,10.37,70.22,0,0.39,17.05.2024 06:44:02
0,150.00,800,700,10.37,70.22,0,0.37,17.05.2024 06:44:04
0,148.31,791,701,10.34,70.25,0,0.25,17.05.2024 06:44:06
0,151.50,808,701,10.37,70.25,0,0.49,17.05.2024 06:44:09
0,147.19,785,701,10.36,70.26,0,0.17,17.05.2024 06:44:11
0,148.88,794,701,10.36,70.24,0,0.29,17.05.2024 06:44:13
0,150.38,802,702,10.36,70.24,0,0.40,17.05.2024 06:44:15
0,152.06,811,702,10.36,70.23,0,0.53,17.05.2024 06:44:17
0,149.63,798,702,10.37,70.25,0,0.34,17.05.2024 06:44:19
0,148.69,793,702,10.37,70.22,0,0.27,17.05.2024 06:44:23
0,144.75,772,701,10.36,70.23,0,-0.01,17.05.2024 06:44:25
0,152.25,812,701,10.37,70.26,0,0.55,17.05.2024 06:44:28
0,149.25,796,702,10.37,70.22,0,0.32,17.05.2024 06:44:30
0,146.81,783,702,10.36,70.23,0,0.14,17.05.2024 06:44:32
0,145.88,778,702,10.36,70.22,0,0.07,17.05.2024 06:44:34
0,147.19,785,702,10.37,70.24,0,0.16,17.05.2024 06:44:36
0,147.94,789,702,10.37,70.22,0,0.22,17.05.2024 06:44:38
0,149.81,799,702,10.34,70.24,0,0.36,17.05.2024 06:44:40
0,145.50,776,702,10.37,70.22,0,0.04,17.05.2024 06:44:42
0,148.88,794,703,10.37,70.22,0,0.29,17.05.2024 06:44:44
0,149.81,799,703,10.37,70.27,0,0.36,17.05.2024 06:44:47
0,147.19,785,703,10.36,70.25,0,0.17,17.05.2024 06:44:49
0,149.44,797,703,10.36,70.23,0,0.33,17.05.2024 06:44:51
0,146.63,782,703,10.36,70.23,0,0.13,17.05.2024 06:44:53
0,151.31,807,703,10.37,70.26,0,0.47,17.05.2024 06:44:55
0,151.31,807,704,10.38,70.24,0,0.47,17.05.2024 06:44:57
0,150.00,800,704,10.36,70.25,0,0.37,17.05.2024 06:44:59
0,153.56,819,704,10.36,70.25,0,0.65,17.05.2024 06:45:01
0,149.44,797,705,10.36,70.23,0,0.33,17.05.2024 06:45:04
0,154.88,826,706,10.34,70.24,0,0.76,17.05.2024 06:45:06
0,148.69,793,705,10.34,70.25,0,0.28,17.05.2024 06:45:08
0,150.00,800,705,10.36,70.24,0,0.37,17.05.2024 06:45:10
0,148.88,794,705,10.37,70.26,0,0.29,17.05.2024 06:45:12
0,152.44,813,705,10.36,70.23,0,0.56,17.05.2024 06:45:14
0,149.44,797,705,10.37,70.26,0,0.33,17.05.2024 06:45:16
0,153.75,820,705,10.34,70.23,0,0.67,17.05.2024 06:45:18
0,151.13,806,705,10.36,70.26,0,0.46,17.05.2024 06:45:21
0,153.56,819,706,10.36,70.23,0,0.65,17.05.2024 06:45:23
0,151.31,807,706,10.36,70.25,0,0.47,17.05.2024 06:45:25
0,152.44,813,706,10.36,70.23,0,0.56,17.05.2024 06:45:27
0,151.13,806,705,10.37,70.22,0,0.46,17.05.2024 06:45:29
0,150.38,802,705,10.37,70.24,0,0.40,17.05.2024 06:45:31
0,152.81,815,705,10.37,70.22,0,0.59,17.05.2024 06:45:33
0,153.38,818,705,10.34,70.23,0,0.64,17.05.2024 06:45:35
0,153.75,820,705,10.34,70.27,0,0.67,17.05.2024 06:45:38
0,151.50,808,705,10.36,70.24,0,0.49,17.05.2024 06:45:40
0,149.63,798,705,10.37,70.20,0,0.35,17.05.2024 06:45:42
0,152.81,815,704,10.37,70.26,0,0.59,17.05.2024 06:45:44
0,147.38,786,704,10.37,70.26,0,0.18,17.05.2024 06:45:46
0,149.81,799,704,10.37,70.22,0,0.36,17.05.2024 06:45:48
0,150.38,802,704,10.36,70.25,0,0.40,17.05.2024 06:45:50
0,153.00,816,704,10.37,70.25,0,0.61,17.05.2024 06:45:52
0,149.25,796,704,10.37,70.24,0,0.32,17.05.2024 06:45:55
0,152.06,811,704,10.37,70.22,0,0.53,17.05.2024 06:45:57
0,147.38,786,704,10.36,70.23,0,0.18,17.05.2024 06:45:59
0,150.94,805,703,10.36,70.23,0,0.45,17.05.2024 06:46:01
0,149.63,798,703,10.34,70.27,0,0.35,17.05.2024 06:46:03
0,149.06,795,702,10.34,70.23,0,0.31,17.05.2024 06:46:05
0,155.63,830,703,10.36,70.25,0,0.82,17.05.2024 06:46:07
0,148.88,794,702,10.37,70.25,0,0.29,17.05.2024 06:46:09
0,148.88,794,703,10.37,70.24,0,0.29,17.05.2024 06:46:12
0,148.50,792,703,10.36,70.24,0,0.26,17.05.2024 06:46:14
0,150.00,800,702,10.33,70.24,0,0.38,17.05.2024 06:46:16
0,152.63,814,702,10.36,70.24,0,0.58,17.05.2024 06:46:18
0,149.06,795,702,10.38,70.25,0,0.30,17.05.2024 06:46:20
0,151.50,808,702,10.37,70.25,0,0.49,17.05.2024 06:46:22
0,149.06,795,702,10.37,70.25,0,0.30,17.05.2024 06:46:24
0,151.31,807,702,10.37,70.25,0,0.47,17.05.2024 06:46:26
0,149.81,799,702,10.36,70.22,0,0.36,17.05.2024 06:46:29
0,150.56,803,702,10.36,70.24,0,0.42,17.05.2024 06:46:31
0,147.75,788,702,10.36,70.24,0,0.21,17.05.2024 06:46:33
0,156.19,833,702,10.37,70.24,0,0.87,17.05.2024 06:46:35
0,150.75,804,701,10.36,70.21,0,0.43,17.05.2024 06:46:37
0,154.31,823,701,10.36,70.23,0,0.71,17.05.2024 06:46:39
0,150.94,805,702,10.34,70.27,0,0.45,17.05.2024 06:46:41
0,152.63,814,703,10.33,70.25,0,0.58,17.05.2024 06:46:45
0,147.56,787,703,10.34,70.24,0,0.20,17.05.2024 06:46:47
0,149.44,797,703,10.37,70.24,0,0.33,17.05.2024 06:46:50
0,151.88,810,702,10.37,70.22,0,0.52,17.05.2024 06:46:52
0,148.88,794,702,10.37,70.24,0,0.29,17.05.2024 06:46:54
0,144.38,770,703,10.36,70.22,0,-0.03,17.05.2024 06:46:56
0,147.75,788,702,10.36,70.24,0,0.21,17.05.2024 06:46:58
0,152.63,814,702,10.34,70.19,0,0.58,17.05.2024 06:47:00
0,149.63,798,701,10.37,70.24,0,0.34,17.05.2024 06:47:02
0,148.50,792,701,10.34,70.22,0,0.27,17.05.2024 06:47:04
0,146.81,783,701,10.36,70.23,0,0.14,17.05.2024 06:47:07
0,147.75,788,700,10.36,70.24,0,0.21,17.05.2024 06:47:09
0,149.25,796,700,10.33,70.21,0,0.32,17.05.2024 06:47:11
0,149.25,796,700,10.36,70.23,0,0.32,17.05.2024 06:47:13
0,149.63,798,700,10.36,70.24,0,0.35,17.05.2024 06:47:15
0,147.38,786,700,10.36,70.26,0,0.18,17.05.2024 06:47:17
0,152.44,813,700,10.34,70.27,0,0.57,17.05.2024 06:47:19
0,150.94,805,700,10.34,70.26,0,0.45,17.05.2024 06:47:21
0,146.81,783,700,10.36,70.21,0,0.14,17.05.2024 06:47:24
0,149.63,798,700,10.34,70.26,0,0.35,17.05.2024 06:47:26
0,150.19,801,700,10.36,70.25,0,0.39,17.05.2024 06:47:28
0,148.88,794,700,10.36,70.24,0,0.29,17.05.2024 06:47:30
0,156.75,836,699,10.36,70.24,0,0.92,17.05.2024 06:47:32
0,149.44,797,699,10.36,70.23,0,0.33,17.05.2024 06:47:34
0,154.31,823,699,10.36,70.22,0,0.71,17.05.2024 06:47:36
0,147.56,787,699,10.34,70.26,0,0.20,17.05.2024 06:47:38
0,147.75,788,699,10.31,70.23,0,0.21,17.05.2024 06:47:41
0,150.38,802,699,10.37,70.26,0,0.40,17.05.2024 06:47:43
0,149.63,798,699,10.33,70.25,0,0.35,17.05.2024 06:47:45
0,154.69,825,698,10.36,70.26,0,0.74,17.05.2024 06:47:47
0,153.56,819,699,10.34,70.24,0,0.66,17.05.2024 06:47:49
0,150.38,802,699,10.36,70.24,0,0.40,17.05.2024 06:47:51
0,154.31,823,700,10.36,70.24,0,0.71,17.05.2024 06:47:53
0,153.75,820,699,10.36,70.23,0,0.67,17.05.2024 06:47:55
0,147.38,786,699,10.34,70.21,0,0.18,17.05.2024 06:47:58
0,150.56,803,699,10.37,70.25,0,0.41,17.05.2024 06:48:00
0,149.63,798,699,10.34,70.25,0,0.35,17.05.2024 06:48:02
0,154.13,822,699,10.34,70.23,0,0.70,17.05.2024 06:48:04
0,150.00,800,699,10.34,70.24,0,0.38,17.05.2024 06:48:06
0,147.94,789,699,10.37,70.25,0,0.22,17.05.2024 06:48:08
0,150.00,800,700,10.34,70.25,0,0.38,17.05.2024 06:48:10
0,148.31,791,700,10.36,70.25,0,0.25,17.05.2024 06:48:12
0,152.25,812,701,10.36,70.27,0,0.55,17.05.2024 06:48:15
0,150.75,804,701,10.34,70.24,0,0.43,17.05.2024 06:48:17
0,153.38,818,701,10.34,70.27,0,0.64,17.05.2024 06:48:19
0,149.06,795,700,10.36,70.27,0,0.30,17.05.2024 06:48:21
0,150.56,803,700,10.37,70.24,0,0.42,17.05.2024 06:48:23
0,153.75,820,700,10.34,70.24,0,0.67,17.05.2024 06:48:25
0,150.38,802,701,10.34,70.25,0,0.41,17.05.2024 06:48:27
0,148.69,793,700,10.36,70.24,0,0.28,17.05.2024 06:48:29
0,150.00,800,701,10.37,70.25,0,0.37,17.05.2024 06:48:31
0,149.81,799,701,10.34,70.27,0,0.36,17.05.2024 06:48:34
0,153.00,816,701,10.37,70.26,0,0.60,17.05.2024 06:48:36
0,151.13,806,701,10.34,70.25,0,0.46,17.05.2024 06:48:38
0,151.50,808,701,10.37,70.24,0,0.49,17.05.2024 06:48:40
0,148.31,791,701,10.37,70.26,0,0.25,17.05.2024 06:48:42
0,150.00,800,701,10.34,70.23,0,0.38,17.05.2024 06:48:44
0,148.69,793,701,10.36,70.24,0,0.28,17.05.2024 06:48:46
0,149.06,795,701,10.36,70.24,0,0.30,17.05.2024 06:48:48
0,146.63,782,701,10.34,70.25,0,0.13,17.05.2024 06:48:51
0,147.56,787,701,10.37,70.24,0,0.19,17.05.2024 06:48:53
0,151.50,808,701,10.31,70.21,0,0.50,17.05.2024 06:48:55
0,147.94,789,701,10.34,70.25,0,0.22,17.05.2024 06:48:57
0,151.31,807,700,10.36,70.24,0,0.48,17.05.2024 06:48:59
0,155.06,827,700,10.36,70.20,0,0.78,17.05.2024 06:49:01
0,152.25,812,700,10.34,70.20,0,0.55,17.05.2024 06:49:03
0,151.88,810,701,10.36,70.23,0,0.52,17.05.2024 06:49:05
0,148.31,791,700,10.34,70.25,0,0.25,17.05.2024 06:49:08
0,149.25,796,701,10.36,70.22,0,0.32,17.05.2024 06:49:12
0,150.38,802,701,10.36,70.25,0,0.40,17.05.2024 06:49:14
0,149.44,797,701,10.36,70.24,0,0.33,17.05.2024 06:49:16
0,144.38,770,701,10.36,70.25,0,-0.03,17.05.2024 06:49:18
0,147.19,785,701,10.36,70.26,0,0.17,17.05.2024 06:49:20
0,149.25,796,701,10.37,70.25,0,0.32,17.05.2024 06:49:22
0,148.31,791,701,10.33,70.25,0,0.25,17.05.2024 06:49:24
0,147.38,786,701,10.36,70.24,0,0.18,17.05.2024 06:49:27
0,148.31,791,700,10.36,70.27,0,0.25,17.05.2024 06:49:29
0,148.13,790,701,10.33,70.23,0,0.24,17.05.2024 06:49:31
0,147.19,785,701,10.34,70.25,0,0.17,17.05.2024 06:49:33
0,141.00,752,701,10.34,70.24,0,-0.26,17.05.2024 06:49:35
0,149.06,795,701,10.31,70.25,0,0.31,17.05.2024 06:49:37
0,147.19,785,700,10.34,70.22,0,0.17,17.05.2024 06:49:39
0,147.19,785,701,10.36,70.25,0,0.17,17.05.2024 06:49:41
0,150.19,801,701,10.34,70.27,0,0.39,17.05.2024 06:49:44
0,152.44,813,701,10.34,70.26,0,0.57,17.05.2024 06:49:46
0,151.88,810,700,10.34,70.25,0,0.52,17.05.2024 06:49:48
0,148.13,790,701,10.31,70.26,0,0.24,17.05.2024 06:49:50
0,150.38,802,700,10.36,70.22,0,0.40,17.05.2024 06:49:52
0,151.69,809,701,10.34,70.25,0,0.51,17.05.2024 06:49:54
0,147.56,787,701,10.34,70.27,0,0.20,17.05.2024 06:49:56
0,151.88,810,700,10.33,70.25,0,0.52,17.05.2024 06:49:58
0,148.31,791,700,10.34,70.22,0,0.25,17.05.2024 06:50:01
0,153.19,817,700,10.34,70.25,0,0.63,17.05.2024 06:50:03
0,149.81,799,699,10.33,70.27,0,0.36,17.05.2024 06:50:05
0,151.50,808,699,10.34,70.25,0,0.49,17.05.2024 06:50:07
0,152.81,815,700,10.33,70.25,0,0.60,17.05.2024 06:50:09
0,149.06,795,700,10.36,70.25,0,0.30,17.05.2024 06:50:11
0,150.56,803,701,10.34,70.27,0,0.42,17.05.2024 06:50:13
0,151.13,806,701,10.34,70.27,0,0.46,17.05.2024 06:50:15
0,148.50,792,701,10.34,70.27,0,0.26,17.05.2024 06:50:17
0,150.94,805,701,10.37,70.27,0,0.44,17.05.2024 06:50:20
0,151.88,810,701,10.34,70.25,0,0.52,17.05.2024 06:50:22
0,150.56,803,701,10.34,70.26,0,0.42,17.05.2024 06:50:24
0,149.44,797,701,10.36,70.27,0,0.33,17.05.2024 06:50:26
0,148.50,792,701,10.36,70.24,0,0.26,17.05.2024 06:50:28
0,151.31,807,701,10.33,70.24,0,0.48,17.05.2024 06:50:30
0,151.31,807,701,10.36,70.26,0,0.47,17.05.2024 06:50:32
0,151.88,810,701,10.36,70.26,0,0.52,17.05.2024 06:50:34
0,151.13,806,701,10.34,70.25,0,0.46,17.05.2024 06:50:37
0,152.44,813,701,10.34,70.24,0,0.57,17.05.2024 06:50:39
0,152.25,812,701,10.33,70.25,0,0.55,17.05.2024 06:50:41
0,152.06,811,701,10.34,70.26,0,0.54,17.05.2024 06:50:43
0,148.88,794,702,10.34,70.23,0,0.29,17.05.2024 06:50:45
0,152.44,813,702,10.34,70.27,0,0.57,17.05.2024 06:50:47
0,154.88,826,702,10.34,70.26,0,0.76,17.05.2024 06:50:49
0,149.63,798,701,10.36,70.24,0,0.35,17.05.2024 06:50:51
0,152.06,811,701,10.34,70.25,0,0.54,17.05.2024 06:50:54
0,148.50,792,701,10.37,70.24,0,0.26,17.05.2024 06:50:56
0,149.63,798,702,10.36,70.27,0,0.35,17.05.2024 06:50:58
0,149.44,797,701,10.36,70.26,0,0.33,17.05.2024 06:51:00
0,151.13,806,701,10.36,70.26,0,0.46,17.05.2024 06:51:02
0,149.63,798,701,10.36,70.28,0,0.34,17.05.2024 06:51:04
0,150.94,805,701,10.36,70.24,0,0.45,17.05.2024 06:51:06
0,148.50,792,701,10.34,70.27,0,0.26,17.05.2024 06:51:08
0,151.50,808,701,10.34,70.26,0,0.49,17.05.2024 06:51:11
0,147.94,789,701,10.36,70.26,0,0.22,17.05.2024 06:51:13
0,149.81,799,701,10.36,70.24,0,0.36,17.05.2024 06:51:15
0,148.88,794,701,10.36,70.24,0,0.29,17.05.2024 06:51:17
0,149.81,799,702,10.33,70.25,0,0.37,17.05.2024 06:51:19
0,152.25,812,701,10.34,70.25,0,0.55,17.05.2024 06:51:21
0,148.69,793,701,10.34,70.24,0,0.28,17.05.2024 06:51:23
0,150.19,801,701,10.34,70.23,0,0.39,17.05.2024 06:51:25
0,149.44,797,702,10.34,70.25,0,0.33,17.05.2024 06:51:28
0,150.00,800,702,10.36,70.22,0,0.38,17.05.2024 06:51:30
0,149.63,798,702,10.36,70.26,0,0.35,17.05.2024 06:51:34
0,149.25,796,701,10.36,70.24,0,0.32,17.05.2024 06:51:36
0,150.19,801,702,10.38,70.25,0,0.38,17.05.2024 06:51:38
0,151.88,810,701,10.33,70.25,0,0.52,17.05.2024 06:51:40
0,147.38,786,701,10.36,70.23,0,0.18,17.05.2024 06:51:42
0,149.06,795,700,10.37,70.24,0,0.30,17.05.2024 06:51:44
0,147.38,786,701,10.36,70.25,0,0.18,17.05.2024 06:51:47
0,150.38,802,701,10.33,70.23,0,0.41,17.05.2024 06:51:49
0,148.31,791,700,10.36,70.25,0,0.25,17.05.2024 06:51:51
0,148.69,793,700,10.34,70.26,0,0.28,17.05.2024 06:51:53
0,151.31,807,699,10.33,70.25,0,0.48,17.05.2024 06:51:55
0,148.50,792,699,10.36,70.23,0,0.26,17.05.2024 06:51:57
0,147.94,789,699,10.36,70.27,0,0.22,17.05.2024 06:51:59
0,147.38,786,698,10.34,70.26,0,0.18,17.05.2024 06:52:01
0,144.94,773,698,10.34,70.25,0,0.01,17.05.2024 06:52:03
0,150.94,805,698,10.34,70.26,0,0.45,17.05.2024 06:52:06
0,151.13,806,698,10.33,70.23,0,0.47,17.05.2024 06:52:08
0,147.75,788,698,10.33,70.25,0,0.21,17.05.2024 06:52:10
0,150.19,801,698,10.34,70.24,0,0.39,17.05.2024 06:52:12
0,152.25,812,698,10.33,70.27,0,0.55,17.05.2024 06:52:14
0,152.63,814,698,10.34,70.24,0,0.58,17.05.2024 06:52:16
0,151.13,806,698,10.33,70.25,0,0.47,17.05.2024 06:52:18
0,148.88,794,698,10.34,70.25,0,0.29,17.05.2024 06:52:20
0,151.69,809,698,10.34,70.25,0,0.51,17.05.2024 06:52:23
0,152.44,813,698,10.34,70.25,0,0.57,17.05.2024 06:52:25
0,150.00,800,698,10.33,70.27,0,0.38,17.05.2024 06:52:27
0,148.88,794,697,10.34,70.23,0,0.29,17.05.2024 06:52:29
0,151.88,810,697,10.34,70.27,0,0.52,17.05.2024 06:52:31
0,150.38,802,697,10.36,70.25,0,0.40,17.05.2024 06:52:33
0,152.06,811,697,10.34,70.25,0,0.54,17.05.2024 06:52:35
0,148.13,790,697,10.33,70.27,0,0.24,17.05.2024 06:52:37
0,152.44,813,697,10.36,70.27,0,0.56,17.05.2024 06:52:40
0,149.63,798,698,10.33,70.27,0,0.35,17.05.2024 06:52:42
0,147.94,789,698,10.33,70.23,0,0.23,17.05.2024 06:52:44
0,152.81,815,698,10.33,70.25,0,0.60,17.05.2024 06:52:46
0,149.06,795,698,10.36,70.28,0,0.30,17.05.2024 06:52:48
0,150.19,801,698,10.34,70.28,0,0.39,17.05.2024 06:52:50
0,150.19,801,698,10.33,70.25,0,0.39,17.05.2024 06:52:52
0,147.19,785,698,10.34,70.27,0,0.17,17.05.2024 06:52:54
0,151.13,806,698,10.33,70.25,0,0.47,17.05.2024 06:52:57
0,153.19,817,698,10.36,70.27,0,0.62,17.05.2024 06:52:59
0,147.94,789,698,10.34,70.26,0,0.22,17.05.2024 06:53:01
0,152.06,811,699,10.34,70.26,0,0.54,17.05.2024 06:53:03
0,149.81,799,699,10.33,70.28,0,0.36,17.05.2024 06:53:05
0,148.69,793,699,10.34,70.27,0,0.28,17.05.2024 06:53:07
0,152.25,812,700,10.33,70.27,0,0.55,17.05.2024 06:53:09
0,151.13,806,700,10.34,70.27,0,0.46,17.05.2024 06:53:11
0,150.38,802,700,10.34,70.27,0,0.40,17.05.2024 06:53:14
0,156.19,833,700,10.33,70.25,0,0.87,17.05.2024 06:53:16
0,150.75,804,701,10.31,70.26,0,0.44,17.05.2024 06:53:18
0,151.31,807,700,10.36,70.24,0,0.48,17.05.2024 06:53:20
0,150.19,801,701,10.33,70.27,0,0.39,17.05.2024 06:53:22
0,145.88,778,700,10.34,70.26,0,0.07,17.05.2024 06:53:24
0,153.19,817,701,10.34,70.26,0,0.63,17.05.2024 06:53:26
0,149.81,799,700,10.33,70.25,0,0.37,17.05.2024 06:53:28
0,152.06,811,700,10.34,70.23,0,0.54,17.05.2024 06:53:31
0,150.56,803,701,10.34,70.25,0,0.42,17.05.2024 06:53:33
0,150.00,800,701,10.33,70.27,0,0.38,17.05.2024 06:53:35
0,148.88,794,701,10.34,70.25,0,0.29,17.05.2024 06:53:37
0,151.13,806,701,10.34,70.24,0,0.46,17.05.2024 06:53:39
0,148.31,791,701,10.34,70.26,0,0.25,17.05.2024 06:53:41
0,153.19,817,701,10.34,70.25,0,0.63,17.05.2024 06:53:43
0,152.44,813,701,10.33,70.23,0,0.57,17.05.2024 06:53:45
0,150.38,802,700,10.33,70.25,0,0.41,17.05.2024 06:53:47
0,156.19,833,701,10.36,70.25,0,0.87,17.05.2024 06:53:50
0,150.94,805,701,10.33,70.24,0,0.45,17.05.2024 06:53:54
0,146.81,783,701,10.36,70.24,0,0.14,17.05.2024 06:53:56
0,148.69,793,701,10.36,70.25,0,0.28,17.05.2024 06:53:58
0,150.56,803,701,10.33,70.25,0,0.42,17.05.2024 06:54:00
0,147.56,787,701,10.33,70.24,0,0.20,17.05.2024 06:54:02
0,147.38,786,701,10.33,70.24,0,0.19,17.05.2024 06:54:04
0,149.44,797,702,10.38,70.27,0,0.33,17.05.2024 06:54:06
0,147.38,786,702,10.34,70.24,0,0.18,17.05.2024 06:54:09
0,148.13,790,702,10.31,70.26,0,0.24,17.05.2024 06:54:11
0,147.94,789,702,10.36,70.25,0,0.22,17.05.2024 06:54:13
0,146.06,779,702,10.33,70.29,0,0.09,17.05.2024 06:54:15
0,146.63,782,702,10.33,70.25,0,0.13,17.05.2024 06:54:17
0,148.88,794,702,10.33,70.27,0,0.29,17.05.2024 06:54:19
0,147.94,789,703,10.34,70.26,0,0.22,17.05.2024 06:54:21
0,150.56,803,703,10.33,70.25,0,0.42,17.05.2024 06:54:23
0,150.56,803,703,10.34,70.26,0,0.42,17.05.2024 06:54:26
0,151.69,809,703,10.33,70.25,0,0.51,17.05.2024 06:54:28
0,146.06,779,703,10.34,70.27,0,0.09,17.05.2024 06:54:30
0,148.13,790,704,10.34,70.27,0,0.24,17.05.2024 06:54:32
0,150.00,800,704,10.36,70.20,0,0.38,17.05.2024 06:54:34
0,149.81,799,704,10.33,70.25,0,0.36,17.05.2024 06:54:36
0,147.38,786,704,10.36,70.27,0,0.18,17.05.2024 06:54:38
0,150.00,800,704,10.34,70.23,0,0.38,17.05.2024 06:54:40
0,149.06,795,704,10.34,70.27,0,0.31,17.05.2024 06:54:43
0,149.06,795,704,10.33,70.27,0,0.31,17.05.2024 06:54:45
0,150.19,801,704,10.33,70.24,0,0.39,17.05.2024 06:54:47
0,150.94,805,704,10.33,70.24,0,0.45,17.05.2024 06:54:49
0,151.50,808,704,10.33,70.25,0,0.49,17.05.2024 06:54:51
0,149.63,798,704,10.34,70.26,0,0.35,17.05.2024 06:54:53
0,151.13,806,703,10.34,70.26,0,0.46,17.05.2024 06:54:55
0,152.63,814,703,10.36,70.25,0,0.58,17.05.2024 06:54:57
0,151.50,808,703,10.37,70.25,0,0.49,17.05.2024 06:55:00
0,149.81,799,703,10.31,70.27,0,0.37,17.05.2024 06:55:02
0,149.81,799,702,10.33,70.27,0,0.36,17.05.2024 06:55:04
0,153.19,817,702,10.34,70.27,0,0.62,17.05.2024 06:55:06
0,150.00,800,702,10.31,70.27,0,0.38,17.05.2024 06:55:08
0,150.38,802,701,10.31,70.23,0,0.41,17.05.2024 06:55:10
0,148.13,790,701,10.33,70.24,0,0.24,17.05.2024 06:55:12
0,152.81,815,701,10.34,70.27,0,0.59,17.05.2024 06:55:14
0,146.63,782,701,10.36,70.28,0,0.12,17.05.2024 06:55:17
0,147.19,785,701,10.34,70.27,0,0.17,17.05.2024 06:55:19
0,151.13,806,701,10.33,70.27,0,0.46,17.05.2024 06:55:21
0,150.38,802,701,10.31,70.25,0,0.41,17.05.2024 06:55:23
0,150.00,800,701,10.33,70.25,0,0.38,17.05.2024 06:55:25
0,152.81,815,701,10.33,70.28,0,0.60,17.05.2024 06:55:27
0,151.69,809,701,10.33,70.24,0,0.51,17.05.2024 06:55:29
0,150.00,800,702,10.33,70.27,0,0.38,17.05.2024 06:55:31
0,150.19,801,702,10.36,70.26,0,0.39,17.05.2024 06:55:34
0,149.25,796,703,10.34,70.24,0,0.32,17.05.2024 06:55:36
0,150.00,800,703,10.34,70.26,0,0.38,17.05.2024 06:55:38
0,149.25,796,703,10.33,70.25,0,0.32,17.05.2024 06:55:40
0,152.44,813,703,10.34,70.27,0,0.57,17.05.2024 06:55:42
0,151.50,808,703,10.33,70.24,0,0.50,17.05.2024 06:55:44
0,151.31,807,704,10.33,70.25,0,0.48,17.05.2024 06:55:46
0,152.63,814,704,10.36,70.26,0,0.58,17.05.2024 06:55:48
0,149.81,799,704,10.36,70.24,0,0.36,17.05.2024 06:55:50
0,147.94,789,704,10.34,70.27,0,0.22,17.05.2024 06:55:53
0,152.25,812,704,10.34,70.27,0,0.55,17.05.2024 06:55:55
0,152.06,811,704,10.34,70.26,0,0.54,17.05.2024 06:55:57
0,153.38,818,704,10.33,70.25,0,0.64,17.05.2024 06:55:59
0,153.38,818,703,10.34,70.27,0,0.64,17.05.2024 06:56:01
0,148.69,793,703,10.33,70.27,0,0.28,17.05.2024 06:56:03
0,150.56,803,703,10.33,70.27,0,0.42,17.05.2024 06:56:07
0,147.00,784,703,10.34,70.24,0,0.16,17.05.2024 06:56:09
0,148.88,794,703,10.33,70.25,0,0.30,17.05.2024 06:56:12
0,145.50,776,703,10.34,70.25,0,0.05,17.05.2024 06:56:14
0,147.00,784,703,10.34,70.26,0,0.16,17.05.2024 06:56:16
0,146.81,783,703,10.31,70.26,0,0.15,17.05.2024 06:56:18
0,148.50,792,703,10.33,70.25,0,0.27,17.05.2024 06:56:20
0,147.75,788,703,10.33,70.23,0,0.21,17.05.2024 06:56:22
0,149.81,799,703,10.34,70.27,0,0.36,17.05.2024 06:56:24
0,148.31,791,703,10.33,70.24,0,0.25,17.05.2024 06:56:26
0,149.44,797,703,10.34,70.26,0,0.33,17.05.2024 06:56:29
0,140.63,750,703,10.34,70.26,0,-0.28,17.05.2024 06:56:31
0,147.19,785,703,10.34,70.25,0,0.17,17.05.2024 06:56:33
0,148.31,791,703,10.33,70.25,0,0.25,17.05.2024 06:56:35
0,149.44,797,703,10.31,70.27,0,0.34,17.05.2024 06:56:37
0,150.19,801,703,10.33,70.25,0,0.39,17.05.2024 06:56:39
0,152.44,813,703,10.33,70.25,0,0.57,17.05.2024 06:56:41
0,152.44,813,703,10.33,70.27,0,0.57,17.05.2024 06:56:43
0,147.19,785,704,10.33,70.23,0,0.17,17.05.2024 06:56:46
0,152.25,812,704,10.34,70.26,0,0.55,17.05.2024 06:56:48
0,152.25,812,704,10.33,70.25,0,0.55,17.05.2024 06:56:50
0,146.44,781,704,10.34,70.26,0,0.11,17.05.2024 06:56:52
0,153.00,816,704,10.34,70.26,0,0.61,17.05.2024 06:56:54
0,150.00,800,705,10.34,70.30,0,0.38,17.05.2024 06:56:56
0,149.06,795,704,10.31,70.28,0,0.31,17.05.2024 06:56:58
0,151.31,807,705,10.34,70.26,0,0.48,17.05.2024 06:57:00
0,149.06,795,705,10.33,70.25,0,0.31,17.05.2024 06:57:03
0,149.25,796,705,10.33,70.27,0,0.32,17.05.2024 06:57:05
0,148.69,793,705,10.33,70.27,0,0.28,17.05.2024 06:57:07
0,150.00,800,706,10.31,70.28,0,0.38,17.05.2024 06:57:09
0,147.38,786,706,10.33,70.25,0,0.18,17.05.2024 06:57:11
0,155.25,828,706,10.34,70.28,0,0.79,17.05.2024 06:57:13
0,154.13,822,706,10.31,70.23,0,0.71,17.05.2024 06:57:16
0,150.75,804,706,10.36,70.27,0,0.43,17.05.2024 06:57:18
0,150.38,802,706,10.33,70.27,0,0.41,17.05.2024 06:57:20
0,152.63,814,706,10.34,70.27,0,0.58,17.05.2024 06:57:22
0,151.50,808,706,10.31,70.26,0,0.50,17.05.2024 06:57:24
0,151.13,806,705,10.31,70.27,0,0.47,17.05.2024 06:57:26
0,148.50,792,705,10.30,70.28,0,0.27,17.05.2024 06:57:28
0,153.56,819,706,10.33,70.27,0,0.66,17.05.2024 06:57:30
0,145.69,777,706,10.34,70.26,0,0.06,17.05.2024 06:57:33
0,150.19,801,705,10.33,70.25,0,0.39,17.05.2024 06:57:35
0,152.81,815,705,10.34,70.26,0,0.60,17.05.2024 06:57:37
0,152.81,815,705,10.34,70.27,0,0.59,17.05.2024 06:57:39
0,149.25,796,705,10.33,70.27,0,0.32,17.05.2024 06:57:41
0,149.81,799,705,10.33,70.27,0,0.36,17.05.2024 06:57:43
0,148.88,794,705,10.31,70.27,0,0.30,17.05.2024 06:57:45
0,154.50,824,705,10.33,70.27,0,0.73,17.05.2024 06:57:47
0,148.50,792,705,10.33,70.25,0,0.27,17.05.2024 06:57:50
0,148.31,791,706,10.34,70.27,0,0.25,17.05.2024 06:57:52
0,146.63,782,705,10.33,70.27,0,0.13,17.05.2024 06:57:54
0,147.75,788,705,10.34,70.26,0,0.21,17.05.2024 06:57:56
0,147.38,786,706,10.33,70.27,0,0.18,17.05.2024 06:57:58
0,150.75,804,705,10.33,70.29,0,0.44,17.05.2024 06:58:00
0,148.13,790,705,10.33,70.27,0,0.24,17.05.2024 06:58:02
0,150.19,801,705,10.34,70.25,0,0.39,17.05.2024 06:58:04
0,151.88,810,704,10.34,70.27,0,0.52,17.05.2024 06:58:06
0,149.44,797,705,10.34,70.24,0,0.34,17.05.2024 06:58:09
0,148.88,794,705,10.36,70.27,0,0.29,17.05.2024 06:58:11
0,151.69,809,705,10.31,70.23,0,0.51,17.05.2024 06:58:13
0,149.81,799,705,10.33,70.27,0,0.36,17.05.2024 06:58:15
0,149.44,797,704,10.33,70.25,0,0.34,17.05.2024 06:58:17
0,152.81,815,704,10.34,70.24,0,0.60,17.05.2024 06:58:19
0,151.13,806,704,10.33,70.25,0,0.47,17.05.2024 06:58:21
0,148.50,792,704,10.34,70.26,0,0.26,17.05.2024 06:58:23
0,149.25,796,704,10.30,70.25,0,0.33,17.05.2024 06:58:26
0,150.19,801,704,10.34,70.26,0,0.39,17.05.2024 06:58:28
0,147.75,788,704,10.33,70.27,0,0.21,17.05.2024 06:58:30
0,151.69,809,705,10.34,70.26,0,0.51,17.05.2024 06:58:32
0,150.56,803,704,10.31,70.22,0,0.43,17.05.2024 06:58:34
0,147.75,788,704,10.33,70.25,0,0.21,17.05.2024 06:58:38
0,148.88,794,704,10.33,70.25,0,0.29,17.05.2024 06:58:40
0,147.00,784,704,10.34,70.28,0,0.15,17.05.2024 06:58:42
0,148.31,791,704,10.33,70.25,0,0.25,17.05.2024 06:58:45
0,143.63,766,704,10.33,70.24,0,-0.08,17.05.2024 06:58:47
0,147.94,789,703,10.31,70.24,0,0.23,17.05.2024 06:58:49
0,143.81,767,703,10.33,70.27,0,-0.07,17.05.2024 06:58:51
0,147.75,788,703,10.33,70.25,0,0.21,17.05.2024 06:58:53
0,147.94,789,703,10.31,70.24,0,0.23,17.05.2024 06:58:55
0,148.31,791,703,10.33,70.28,0,0.25,17.05.2024 06:58:57
0,150.19,801,703,10.36,70.26,0,0.39,17.05.2024 06:58:59
0,149.25,796,703,10.31,70.24,0,0.33,17.05.2024 06:59:02
0,149.06,795,704,10.31,70.27,0,0.31,17.05.2024 06:59:04
0,149.63,798,704,10.34,70.27,0,0.35,17.05.2024 06:59:06
0,147.75,788,704,10.33,70.25,0,0.21,17.05.2024 06:59:08
0,148.13,790,703,10.33,70.28,0,0.24,17.05.2024 06:59:10
0,148.69,793,703,10.31,70.24,0,0.28,17.05.2024 06:59:12
0,153.00,816,703,10.31,70.27,0,0.61,17.05.2024 06:59:14
0,153.56,819,702,10.31,70.26,0,0.66,17.05.2024 06:59:16
0,150.75,804,703,10.33,70.25,0,0.44,17.05.2024 06:59:19
0,149.63,798,702,10.33,70.25,0,0.35,17.05.2024 06:59:21
0,148.88,794,702,10.31,70.24,0,0.30,17.05.2024 06:59:23
0,151.31,807,702,10.33,70.29,0,0.48,17.05.2024 06:59:25
0,148.88,794,702,10.31,70.28,0,0.30,17.05.2024 06:59:27
0,149.81,799,702,10.33,70.25,0,0.36,17.05.2024 06:59:29
0,148.50,792,702,10.31,70.29,0,0.27,17.05.2024 06:59:31
0,149.25,796,702,10.34,70.28,0,0.32,17.05.2024 06:59:33
0,151.31,807,701,10.31,70.27,0,0.48,17.05.2024 06:59:36
0,149.44,797,701,10.33,70.25,0,0.34,17.05.2024 06:59:38
0,151.13,806,701,10.33,70.27,0,0.46,17.05.2024 06:59:40
0,149.63,798,700,10.34,70.28,0,0.35,17.05.2024 06:59:42
0,149.81,799,700,10.33,70.25,0,0.37,17.05.2024 06:59:44
0,151.88,810,701,10.34,70.28,0,0.52,17.05.2024 06:59:46
0,156.38,834,701,10.31,70.27,0,0.89,17.05.2024 06:59:48
0,150.00,800,701,10.31,70.27,0,0.38,17.05.2024 06:59:50
0,151.31,807,701,10.31,70.27,0,0.48,17.05.2024 06:59:52
0,149.63,798,701,10.33,70.27,0,0.35,17.05.2024 06:59:55
0,148.69,793,701,10.33,70.27,0,0.28,17.05.2024 06:59:57
0,149.06,795,702,10.31,70.25,0,0.31,17.05.2024 06:59:59
