0,154.31,823,733,10.67,70.95,0,0.63,17.05.2024 09:00:00
0,158.25,844,733,10.67,71.00,0,0.95,17.05.2024 09:00:02
0,156.38,834,732,10.65,70.99,0,0.79,17.05.2024 09:00:04
0,156.94,837,732,10.65,71.01,0,0.84,17.05.2024 09:00:07
0,158.25,844,732,10.68,70.96,0,0.95,17.05.2024 09:00:09
0,155.63,830,732,10.65,70.98,0,0.73,17.05.2024 09:00:11
0,157.13,838,731,10.64,70.96,0,0.86,17.05.2024 09:00:13
0,157.31,839,731,10.67,70.95,0,0.87,17.05.2024 09:00:15
0,154.88,826,730,10.65,70.95,0,0.67,17.05.2024 09:00:17
0,157.50,840,730,10.64,70.96,0,0.89,17.05.2024 09:00:19
0,158.81,847,730,10.65,70.94,0,1.00,17.05.2024 09:00:21
0,158.25,844,731,10.68,70.98,0,0.94,17.05.2024 09:00:23
0,156.94,837,731,10.67,70.95,0,0.84,17.05.2024 09:00:26
0,156.19,833,731,10.65,70.97,0,0.78,17.05.2024 09:00:28
0,157.69,841,731,10.70,70.97,0,0.90,17.05.2024 09:00:30
0,158.06,843,731,10.68,70.97,0,0.93,17.05.2024 09:00:32
0,156.19,833,732,10.67,70.94,0,0.78,17.05.2024 09:00:34
0,156.75,836,732,10.65,70.97,0,0.83,17.05.2024 09:00:36
0,155.81,831,732,10.68,70.93,0,0.75,17.05.2024 09:00:38
0,157.88,842,733,10.67,70.94,0,0.92,17.05.2024 09:00:40
0,155.06,827,733,10.68,70.96,0,0.68,17.05.2024 09:00:43
0,155.63,830,733,10.65,70.93,0,0.74,17.05.2024 09:00:45
0,154.50,824,733,10.68,70.96,0,0.64,17.05.2024 09:00:47
0,154.13,822,733,10.65,70.93,0,0.62,17.05.2024 09:00:49
0,154.13,822,734,10.65,70.92,0,0.62,17.05.2024 09:00:51
0,156.56,835,733,10.67,70.90,0,0.81,17.05.2024 09:00:53
0,158.06,843,733,10.68,70.92,0,0.93,17.05.2024 09:00:55
0,153.38,818,733,10.67,70.94,0,0.55,17.05.2024 09:00:57
0,155.44,829,734,10.68,70.94,0,0.71,17.05.2024 09:01:02
0,156.75,836,734,10.67,70.92,0,0.83,17.05.2024 09:01:04
0,156.38,834,734,10.67,70.92,0,0.79,17.05.2024 09:01:06
0,153.19,817,734,10.67,70.90,0,0.54,17.05.2024 09:01:08
0,156.94,837,734,10.67,70.91,0,0.84,17.05.2024 09:01:10
0,155.63,830,735,10.67,70.90,0,0.73,17.05.2024 09:01:12
0,155.06,827,735,10.71,70.90,0,0.68,17.05.2024 09:01:14
0,154.50,824,735,10.68,70.91,0,0.64,17.05.2024 09:01:16
0,154.69,825,735,10.68,70.91,0,0.66,17.05.2024 09:01:18
0,155.06,827,735,10.65,70.90,0,0.69,17.05.2024 09:01:21
0,154.69,825,735,10.68,70.87,0,0.66,17.05.2024 09:01:23
0,155.06,827,734,10.65,70.86,0,0.69,17.05.2024 09:01:25
0,154.69,825,734,10.67,70.88,0,0.66,17.05.2024 09:01:27
0,155.44,829,734,10.68,70.88,0,0.72,17.05.2024 09:01:29
0,155.81,831,734,10.67,70.86,0,0.75,17.05.2024 09:01:31
0,156.94,837,734,10.70,70.86,0,0.84,17.05.2024 09:01:33
0,156.38,834,734,10.67,70.89,0,0.80,17.05.2024 09:01:35
0,152.81,815,734,10.68,70.88,0,0.51,17.05.2024 09:01:38
0,161.06,859,733,10.70,70.86,0,1.19,17.05.2024 09:01:40
0,158.44,845,734,10.68,70.86,0,0.97,17.05.2024 09:01:42
0,154.69,825,733,10.67,70.87,0,0.66,17.05.2024 09:01:44
0,158.25,844,732,10.68,70.86,0,0.95,17.05.2024 09:01:46
0,158.25,844,732,10.68,70.89,0,0.95,17.05.2024 09:01:48
0,155.63,830,732,10.67,70.87,0,0.74,17.05.2024 09:01:50
0,157.50,840,732,10.65,70.86,0,0.89,17.05.2024 09:01:52
0,156.00,832,732,10.68,70.85,0,0.76,17.05.2024 09:01:55
0,157.31,839,733,10.70,70.85,0,0.87,17.05.2024 09:01:57
0,156.56,835,732,10.68,70.86,0,0.81,17.05.2024 09:01:59
0,157.88,842,732,10.67,70.83,0,0.92,17.05.2024 09:02:01
0,156.94,837,732,10.70,70.84,0,0.84,17.05.2024 09:02:03
0,156.94,837,733,10.70,70.82,0,0.84,17.05.2024 09:02:05
0,157.88,842,733,10.67,70.85,0,0.92,17.05.2024 09:02:07
0,157.31,839,733,10.65,70.85,0,0.88,17.05.2024 09:02:09
0,151.31,807,732,10.68,70.85,0,0.40,17.05.2024 09:02:11
0,159.94,853,732,10.68,70.86,0,1.10,17.05.2024 09:02:14
0,152.81,815,732,10.68,70.85,0,0.51,17.05.2024 09:02:16
0,156.00,832,732,10.65,70.82,0,0.77,17.05.2024 09:02:18
0,158.06,843,731,10.68,70.83,0,0.94,17.05.2024 09:02:20
0,154.50,824,730,10.67,70.81,0,0.65,17.05.2024 09:02:22
0,155.44,829,730,10.67,70.85,0,0.72,17.05.2024 09:02:24
0,157.69,841,730,10.68,70.85,0,0.90,17.05.2024 09:02:26
0,152.06,811,730,10.68,70.83,0,0.45,17.05.2024 09:02:28
0,155.63,830,730,10.70,70.81,0,0.73,17.05.2024 09:02:31
0,155.81,831,730,10.67,70.82,0,0.75,17.05.2024 09:02:33
0,157.69,841,730,10.68,70.83,0,0.90,17.05.2024 09:02:35
0,156.19,833,730,10.68,70.81,0,0.78,17.05.2024 09:02:37
0,156.56,835,730,10.68,70.82,0,0.81,17.05.2024 09:02:39
0,159.19,849,730,10.68,70.79,0,1.03,17.05.2024 09:02:41
0,158.25,844,730,10.65,70.80,0,0.96,17.05.2024 09:02:43
0,155.06,827,730,10.68,70.78,0,0.69,17.05.2024 09:02:45
0,152.06,811,730,10.67,70.79,0,0.46,17.05.2024 09:02:48
0,156.00,832,730,10.67,70.79,0,0.77,17.05.2024 09:02:50
0,155.06,827,730,10.68,70.75,0,0.69,17.05.2024 09:02:52
0,151.50,808,730,10.67,70.76,0,0.42,17.05.2024 09:02:54
0,158.06,843,730,10.68,70.78,0,0.94,17.05.2024 09:02:56
0,159.00,848,730,10.67,70.76,0,1.02,17.05.2024 09:02:58
0,155.06,827,730,10.67,70.77,0,0.69,17.05.2024 09:03:00
0,154.69,825,731,10.67,70.75,0,0.66,17.05.2024 09:03:02
0,157.88,842,731,10.68,70.76,0,0.92,17.05.2024 09:03:05
0,155.25,828,731,10.68,70.74,0,0.71,17.05.2024 09:03:07
0,154.13,822,731,10.68,70.77,0,0.62,17.05.2024 09:03:09
0,151.88,810,732,10.68,70.74,0,0.44,17.05.2024 09:03:13
0,156.19,833,732,10.71,70.75,0,0.78,17.05.2024 09:03:15
0,154.50,824,732,10.67,70.73,0,0.65,17.05.2024 09:03:17
0,154.69,825,732,10.68,70.73,0,0.66,17.05.2024 09:03:19
0,153.56,819,733,10.68,70.74,0,0.57,17.05.2024 09:03:21
0,155.25,828,733,10.65,70.73,0,0.71,17.05.2024 09:03:23
0,150.94,805,733,10.65,70.72,0,0.38,17.05.2024 09:03:26
0,152.44,813,733,10.70,70.74,0,0.48,17.05.2024 09:03:28
0,155.25,828,733,10.68,70.74,0,0.71,17.05.2024 09:03:30
0,152.63,814,733,10.68,70.70,0,0.50,17.05.2024 09:03:32
0,157.13,838,734,10.67,70.72,0,0.86,17.05.2024 09:03:34
0,156.00,832,735,10.67,70.76,0,0.77,17.05.2024 09:03:36
0,157.50,840,735,10.67,70.70,0,0.90,17.05.2024 09:03:38
0,153.75,820,736,10.70,70.74,0,0.59,17.05.2024 09:03:40
0,157.13,838,735,10.67,70.72,0,0.86,17.05.2024 09:03:43
0,151.88,810,737,10.68,70.72,0,0.44,17.05.2024 09:03:45
0,154.69,825,738,10.67,70.70,0,0.67,17.05.2024 09:03:47
0,157.13,838,738,10.67,70.72,0,0.86,17.05.2024 09:03:49
0,158.06,843,737,10.68,70.70,0,0.94,17.05.2024 09:03:51
0,156.75,836,736,10.67,70.68,0,0.84,17.05.2024 09:03:53
0,153.94,821,735,10.67,70.68,0,0.61,17.05.2024 09:03:55
0,158.81,847,736,10.67,70.70,0,1.01,17.05.2024 09:03:57
0,156.00,832,736,10.65,70.67,0,0.78,17.05.2024 09:04:00
0,156.38,834,737,10.67,70.70,0,0.80,17.05.2024 09:04:02
0,158.25,844,738,10.68,70.74,0,0.96,17.05.2024 09:04:04
0,156.00,832,738,10.67,70.65,0,0.77,17.05.2024 09:04:06
0,156.19,833,738,10.68,70.70,0,0.79,17.05.2024 09:04:08
0,155.25,828,738,10.68,70.69,0,0.71,17.05.2024 09:04:10
0,158.06,843,738,10.68,70.67,0,0.94,17.05.2024 09:04:12
0,154.50,824,739,10.67,70.67,0,0.65,17.05.2024 09:04:14
0,159.00,848,740,10.68,70.69,0,1.02,17.05.2024 09:04:16
0,158.06,843,740,10.65,70.67,0,0.95,17.05.2024 09:04:19
0,156.38,834,741,10.67,70.68,0,0.80,17.05.2024 09:04:21
0,158.06,843,741,10.67,70.68,0,0.94,17.05.2024 09:04:23
0,157.88,842,741,10.68,70.69,0,0.93,17.05.2024 09:04:25
0,153.19,817,741,10.68,70.64,0,0.55,17.05.2024 09:04:27
0,155.06,827,740,10.67,70.64,0,0.70,17.05.2024 09:04:29
0,156.94,837,740,10.67,70.65,0,0.85,17.05.2024 09:04:31
0,153.94,821,740,10.68,70.65,0,0.61,17.05.2024 09:04:33
0,156.38,834,739,10.68,70.65,0,0.80,17.05.2024 09:04:36
0,156.75,836,739,10.65,70.67,0,0.84,17.05.2024 09:04:38
0,158.44,845,739,10.68,70.63,0,0.98,17.05.2024 09:04:40
0,153.56,819,739,10.67,70.62,0,0.58,17.05.2024 09:04:42
0,153.00,816,738,10.67,70.64,0,0.54,17.05.2024 09:04:44
0,154.88,826,738,10.67,70.64,0,0.68,17.05.2024 09:04:46
0,150.94,805,737,10.67,70.64,0,0.38,17.05.2024 09:04:48
0,157.88,842,737,10.68,70.62,0,0.93,17.05.2024 09:04:50
0,156.00,832,737,10.67,70.63,0,0.78,17.05.2024 09:04:53
0,157.13,838,738,10.67,70.58,0,0.87,17.05.2024 09:04:55
0,157.50,840,738,10.68,70.62,0,0.90,17.05.2024 09:04:57
0,154.13,822,738,10.67,70.63,0,0.62,17.05.2024 09:04:59
0,157.50,840,737,10.65,70.61,0,0.90,17.05.2024 09:05:01
0,157.31,839,737,10.67,70.62,0,0.88,17.05.2024 09:05:03
0,151.69,809,738,10.68,70.62,0,0.43,17.05.2024 09:05:05
0,153.38,818,738,10.68,70.62,0,0.56,17.05.2024 09:05:07
0,152.06,811,738,10.68,70.60,0,0.46,17.05.2024 09:05:10
0,155.44,829,738,10.68,70.60,0,0.73,17.05.2024 09:05:12
0,156.19,833,738,10.70,70.58,0,0.79,17.05.2024 09:05:14
0,154.50,824,738,10.67,70.61,0,0.66,17.05.2024 09:05:16
0,155.81,831,739,10.65,70.58,0,0.77,17.05.2024 09:05:18
0,154.88,826,740,10.68,70.58,0,0.68,17.05.2024 09:05:20
0,156.19,833,740,10.67,70.61,0,0.79,17.05.2024 09:05:22
0,154.31,823,739,10.67,70.59,0,0.64,17.05.2024 09:05:26
0,155.63,830,739,10.67,70.60,0,0.75,17.05.2024 09:05:28
0,155.44,829,739,10.65,70.56,0,0.74,17.05.2024 09:05:31
0,153.00,816,738,10.64,70.58,0,0.54,17.05.2024 09:05:33
0,153.56,819,738,10.70,70.59,0,0.58,17.05.2024 09:05:35
0,154.13,822,738,10.64,70.58,0,0.63,17.05.2024 09:05:37
0,152.63,814,738,10.67,70.55,0,0.51,17.05.2024 09:05:39
0,152.06,811,738,10.65,70.56,0,0.47,17.05.2024 09:05:41
0,153.38,818,737,10.68,70.57,0,0.57,17.05.2024 09:05:43
0,153.00,816,738,10.67,70.56,0,0.54,17.05.2024 09:05:45
0,154.69,825,737,10.67,70.58,0,0.67,17.05.2024 09:05:48
0,151.88,810,737,10.65,70.55,0,0.45,17.05.2024 09:05:50
0,155.25,828,737,10.68,70.57,0,0.71,17.05.2024 09:05:52
0,149.06,795,736,10.67,70.56,0,0.24,17.05.2024 09:05:54
0,159.75,852,737,10.65,70.57,0,1.10,17.05.2024 09:05:56
0,155.06,827,737,10.67,70.53,0,0.70,17.05.2024 09:05:58
0,153.75,820,737,10.67,70.57,0,0.60,17.05.2024 09:06:00
0,157.88,842,737,10.68,70.54,0,0.93,17.05.2024 09:06:02
0,160.31,855,737,10.65,70.54,0,1.15,17.05.2024 09:06:05
0,153.94,821,737,10.64,70.55,0,0.62,17.05.2024 09:06:07
0,153.94,821,737,10.67,70.56,0,0.61,17.05.2024 09:06:09
0,156.00,832,737,10.67,70.54,0,0.78,17.05.2024 09:06:11
0,154.13,822,736,10.65,70.53,0,0.63,17.05.2024 09:06:13
0,153.38,818,736,10.67,70.52,0,0.57,17.05.2024 09:06:15
0,157.50,840,736,10.65,70.54,0,0.91,17.05.2024 09:06:17
0,153.38,818,735,10.65,70.54,0,0.57,17.05.2024 09:06:19
0,155.81,831,735,10.68,70.54,0,0.76,17.05.2024 09:06:21
0,156.19,833,735,10.68,70.52,0,0.79,17.05.2024 09:06:24
0,156.38,834,736,10.68,70.54,0,0.81,17.05.2024 09:06:26
0,153.75,820,736,10.65,70.53,0,0.60,17.05.2024 09:06:28
0,157.69,841,737,10.67,70.53,0,0.92,17.05.2024 09:06:30
0,158.06,843,736,10.65,70.54,0,0.95,17.05.2024 09:06:32
0,158.25,844,736,10.65,70.53,0,0.97,17.05.2024 09:06:34
0,156.56,835,736,10.67,70.53,0,0.83,17.05.2024 09:06:36
0,152.44,813,736,10.68,70.53,0,0.49,17.05.2024 09:06:38
0,156.56,835,736,10.67,70.52,0,0.83,17.05.2024 09:06:41
0,156.38,834,736,10.67,70.51,0,0.81,17.05.2024 09:06:43
0,154.69,825,736,10.65,70.54,0,0.68,17.05.2024 09:06:45
0,155.25,828,736,10.67,70.49,0,0.72,17.05.2024 09:06:47
0,156.94,837,735,10.67,70.51,0,0.86,17.05.2024 09:06:49
0,156.19,833,735,10.65,70.51,0,0.80,17.05.2024 09:06:51
0,154.88,826,735,10.65,70.51,0,0.69,17.05.2024 09:06:53
0,152.44,813,735,10.67,70.48,0,0.50,17.05.2024 09:06:55
0,152.25,812,735,10.68,70.50,0,0.48,17.05.2024 09:06:58
0,154.13,822,734,10.67,70.51,0,0.63,17.05.2024 09:07:00
0,151.69,809,734,10.65,70.49,0,0.44,17.05.2024 09:07:02
0,155.06,827,734,10.63,70.47,0,0.71,17.05.2024 09:07:04
0,155.06,827,734,10.67,70.49,0,0.71,17.05.2024 09:07:06
0,156.00,832,733,10.65,70.48,0,0.79,17.05.2024 09:07:08
0,154.13,822,734,10.65,70.48,0,0.63,17.05.2024 09:07:10
0,153.75,820,734,10.65,70.46,0,0.60,17.05.2024 09:07:12
0,153.75,820,734,10.65,70.48,0,0.60,17.05.2024 09:07:14
0,156.00,832,734,10.65,70.47,0,0.79,17.05.2024 09:07:17
0,157.31,839,735,10.65,70.48,0,0.89,17.05.2024 09:07:19
0,152.63,814,735,10.64,70.48,0,0.52,17.05.2024 09:07:21
0,153.94,821,735,10.64,70.46,0,0.62,17.05.2024 09:07:23
0,154.69,825,735,10.67,70.47,0,0.68,17.05.2024 09:07:25
0,155.44,829,735,10.67,70.47,0,0.74,17.05.2024 09:07:27
0,155.63,830,735,10.65,70.46,0,0.76,17.05.2024 09:07:29
0,155.63,830,736,10.65,70.47,0,0.75,17.05.2024 09:07:31
0,150.56,803,736,10.67,70.43,0,0.36,17.05.2024 09:07:36
0,156.56,835,736,10.67,70.44,0,0.83,17.05.2024 09:07:38
0,152.44,813,737,10.67,70.44,0,0.50,17.05.2024 09:07:40
0,151.31,807,736,10.65,70.43,0,0.42,17.05.2024 09:07:42
0,153.56,819,736,10.65,70.43,0,0.59,17.05.2024 09:07:44
0,150.94,805,736,10.65,70.44,0,0.39,17.05.2024 09:07:46
0,152.81,815,736,10.65,70.44,0,0.53,17.05.2024 09:07:48
0,151.69,809,736,10.65,70.43,0,0.44,17.05.2024 09:07:50
0,158.25,844,736,10.67,70.44,0,0.97,17.05.2024 09:07:53
0,152.44,813,736,10.65,70.43,0,0.50,17.05.2024 09:07:55
0,152.63,814,736,10.65,70.43,0,0.52,17.05.2024 09:07:57
0,153.56,819,736,10.65,70.43,0,0.59,17.05.2024 09:07:59
0,153.00,816,735,10.68,70.43,0,0.54,17.05.2024 09:08:01
0,154.31,823,736,10.65,70.40,0,0.65,17.05.2024 09:08:03
0,155.06,827,736,10.65,70.41,0,0.71,17.05.2024 09:08:05
0,157.69,841,737,10.67,70.46,0,0.92,17.05.2024 09:08:07
0,158.63,846,737,10.65,70.43,0,1.01,17.05.2024 09:08:09
0,156.19,833,737,10.64,70.43,0,0.81,17.05.2024 09:08:12
0,158.06,843,737,10.67,70.44,0,0.96,17.05.2024 09:08:14
0,152.44,813,738,10.64,70.44,0,0.50,17.05.2024 09:08:16
0,154.69,825,738,10.64,70.43,0,0.68,17.05.2024 09:08:18
0,155.63,830,738,10.64,70.42,0,0.76,17.05.2024 09:08:20
0,155.06,827,738,10.64,70.43,0,0.71,17.05.2024 09:08:22
0,156.00,832,738,10.64,70.40,0,0.79,17.05.2024 09:08:24
0,155.44,829,738,10.63,70.37,0,0.75,17.05.2024 09:08:26
0,154.31,823,739,10.64,70.42,0,0.65,17.05.2024 09:08:29
0,154.13,822,740,10.63,70.40,0,0.64,17.05.2024 09:08:31
0,154.69,825,740,10.65,70.41,0,0.68,17.05.2024 09:08:33
0,153.94,821,741,10.63,70.41,0,0.63,17.05.2024 09:08:35
0,153.94,821,741,10.64,70.39,0,0.62,17.05.2024 09:08:37
0,154.69,825,741,10.65,70.39,0,0.68,17.05.2024 09:08:39
0,154.31,823,741,10.63,70.41,0,0.66,17.05.2024 09:08:41
0,156.56,835,741,10.65,70.41,0,0.83,17.05.2024 09:08:43
0,153.38,818,742,10.65,70.41,0,0.58,17.05.2024 09:08:46
0,156.94,837,741,10.64,70.40,0,0.87,17.05.2024 09:08:48
0,157.31,839,742,10.65,70.40,0,0.90,17.05.2024 09:08:50
0,155.44,829,742,10.63,70.39,0,0.75,17.05.2024 09:08:52
0,153.94,821,742,10.64,70.39,0,0.62,17.05.2024 09:08:54
0,155.63,830,742,10.63,70.38,0,0.76,17.05.2024 09:08:56
0,158.06,843,743,10.65,70.38,0,0.96,17.05.2024 09:08:58
0,155.81,831,743,10.65,70.39,0,0.77,17.05.2024 09:09:00
0,155.44,829,743,10.64,70.38,0,0.75,17.05.2024 09:09:03
0,157.13,838,743,10.64,70.36,0,0.89,17.05.2024 09:09:05
0,153.94,821,743,10.65,70.37,0,0.62,17.05.2024 09:09:07
0,156.00,832,743,10.64,70.35,0,0.79,17.05.2024 09:09:09
0,154.13,822,743,10.64,70.35,0,0.64,17.05.2024 09:09:11
0,155.25,828,743,10.64,70.38,0,0.73,17.05.2024 09:09:13
0,154.69,825,744,10.64,70.36,0,0.69,17.05.2024 09:09:15
0,154.50,824,743,10.64,70.35,0,0.67,17.05.2024 09:09:17
0,150.75,804,743,10.64,70.35,0,0.38,17.05.2024 09:09:19
0,151.69,809,743,10.63,70.36,0,0.45,17.05.2024 09:09:22
0,154.69,825,744,10.65,70.37,0,0.68,17.05.2024 09:09:24
0,156.94,837,743,10.65,70.36,0,0.87,17.05.2024 09:09:26
0,154.50,824,743,10.64,70.36,0,0.67,17.05.2024 09:09:28
0,154.69,825,743,10.65,70.37,0,0.68,17.05.2024 09:09:30
0,153.75,820,742,10.63,70.37,0,0.61,17.05.2024 09:09:32
0,155.06,827,742,10.64,70.37,0,0.72,17.05.2024 09:09:34
0,155.63,830,742,10.61,70.33,0,0.77,17.05.2024 09:09:36
0,151.88,810,742,10.65,70.37,0,0.46,17.05.2024 09:09:39
0,157.69,841,742,10.63,70.35,0,0.94,17.05.2024 09:09:41
0,153.56,819,742,10.61,70.32,0,0.60,17.05.2024 09:09:45
0,153.19,817,742,10.65,70.36,0,0.56,17.05.2024 09:09:47
0,154.31,823,742,10.64,70.33,0,0.66,17.05.2024 09:09:49
0,153.94,821,742,10.64,70.30,0,0.63,17.05.2024 09:09:51
0,152.06,811,742,10.63,70.36,0,0.48,17.05.2024 09:09:53
0,153.00,816,742,10.64,70.34,0,0.55,17.05.2024 09:09:55
0,152.06,811,742,10.64,70.30,0,0.48,17.05.2024 09:09:58
0,151.50,808,742,10.64,70.34,0,0.44,17.05.2024 09:10:00
0,152.81,815,741,10.63,70.33,0,0.54,17.05.2024 09:10:02
0,151.31,807,742,10.61,70.31,0,0.43,17.05.2024 09:10:04
0,151.88,810,742,10.63,70.31,0,0.47,17.05.2024 09:10:06
0,155.06,827,741,10.64,70.32,0,0.72,17.05.2024 09:10:08
0,153.94,821,742,10.63,70.33,0,0.63,17.05.2024 09:10:10
0,152.81,815,742,10.63,70.29,0,0.54,17.05.2024 09:10:12
0,153.56,819,742,10.65,70.32,0,0.60,17.05.2024 09:10:14
0,153.75,820,743,10.63,70.33,0,0.61,17.05.2024 09:10:17
0,155.63,830,743,10.64,70.32,0,0.76,17.05.2024 09:10:19
0,156.38,834,743,10.65,70.31,0,0.82,17.05.2024 09:10:21
0,153.56,819,743,10.63,70.33,0,0.60,17.05.2024 09:10:23
0,154.69,825,743,10.63,70.30,0,0.69,17.05.2024 09:10:25
0,154.88,826,743,10.64,70.32,0,0.70,17.05.2024 09:10:27
0,155.44,829,743,10.64,70.31,0,0.75,17.05.2024 09:10:29
0,155.06,827,742,10.63,70.30,0,0.72,17.05.2024 09:10:31
0,150.38,802,742,10.63,70.32,0,0.35,17.05.2024 09:10:34
0,153.75,820,742,10.63,70.30,0,0.62,17.05.2024 09:10:36
0,152.44,813,742,10.64,70.32,0,0.51,17.05.2024 09:10:38
0,157.69,841,742,10.63,70.32,0,0.94,17.05.2024 09:10:40
0,153.00,816,742,10.61,70.30,0,0.56,17.05.2024 09:10:42
0,153.38,818,742,10.63,70.30,0,0.59,17.05.2024 09:10:44
0,156.19,833,742,10.63,70.27,0,0.81,17.05.2024 09:10:46
0,152.25,812,743,10.63,70.28,0,0.50,17.05.2024 09:10:48
0,155.63,830,743,10.61,70.28,0,0.77,17.05.2024 09:10:51
0,153.19,817,743,10.63,70.31,0,0.57,17.05.2024 09:10:53
0,156.19,833,743,10.63,70.28,0,0.81,17.05.2024 09:10:55
0,156.00,832,743,10.63,70.31,0,0.80,17.05.2024 09:10:57
0,153.19,817,744,10.65,70.30,0,0.57,17.05.2024 09:10:59
0,155.06,827,744,10.61,70.31,0,0.72,17.05.2024 09:11:01
0,157.31,839,744,10.61,70.30,0,0.91,17.05.2024 09:11:03
0,152.25,812,744,10.61,70.30,0,0.50,17.05.2024 09:11:05
0,154.88,826,744,10.63,70.30,0,0.71,17.05.2024 09:11:07
0,155.25,828,744,10.63,70.29,0,0.74,17.05.2024 09:11:10
0,154.88,826,744,10.61,70.26,0,0.71,17.05.2024 09:11:12
0,155.06,827,744,10.61,70.28,0,0.72,17.05.2024 09:11:14
0,153.56,819,744,10.63,70.26,0,0.60,17.05.2024 09:11:16
0,153.38,818,744,10.63,70.27,0,0.59,17.05.2024 09:11:18
0,155.06,827,744,10.61,70.27,0,0.72,17.05.2024 09:11:20
0,151.69,809,743,10.61,70.25,0,0.46,17.05.2024 09:11:22
0,154.88,826,743,10.61,70.26,0,0.71,17.05.2024 09:11:24
0,153.94,821,742,10.61,70.26,0,0.63,17.05.2024 09:11:27
0,149.06,795,742,10.63,70.28,0,0.26,17.05.2024 09:11:29
0,152.44,813,741,10.61,70.28,0,0.52,17.05.2024 09:11:31
0,150.00,800,741,10.61,70.23,0,0.33,17.05.2024 09:11:33
0,153.94,821,742,10.60,70.24,0,0.64,17.05.2024 09:11:35
0,155.63,830,741,10.63,70.27,0,0.77,17.05.2024 09:11:37
0,151.88,810,741,10.61,70.27,0,0.47,17.05.2024 09:11:39
0,152.06,811,741,10.61,70.24,0,0.49,17.05.2024 09:11:41
0,155.63,830,740,10.63,70.25,0,0.77,17.05.2024 09:11:44
0,154.88,826,741,10.61,70.26,0,0.71,17.05.2024 09:11:46
0,151.69,809,741,10.64,70.24,0,0.45,17.05.2024 09:11:48
0,153.94,821,741,10.61,70.22,0,0.64,17.05.2024 09:11:52
0,153.94,821,740,10.63,70.23,0,0.63,17.05.2024 09:11:54
0,151.50,808,740,10.61,70.24,0,0.44,17.05.2024 09:11:56
0,151.88,810,740,10.60,70.25,0,0.48,17.05.2024 09:11:58
0,152.06,811,740,10.61,70.22,0,0.49,17.05.2024 09:12:00
0,152.63,814,740,10.63,70.23,0,0.53,17.05.2024 09:12:03
0,152.44,813,740,10.61,70.23,0,0.52,17.05.2024 09:12:05
0,150.56,803,740,10.61,70.26,0,0.37,17.05.2024 09:12:07
0,153.94,821,740,10.61,70.25,0,0.64,17.05.2024 09:12:09
0,150.94,805,740,10.61,70.23,0,0.40,17.05.2024 09:12:11
0,149.06,795,740,10.60,70.21,0,0.27,17.05.2024 09:12:13
0,146.25,780,740,10.61,70.26,0,0.06,17.05.2024 09:12:15
0,153.19,817,740,10.61,70.22,0,0.58,17.05.2024 09:12:17
0,151.69,809,740,10.61,70.21,0,0.46,17.05.2024 09:12:19
0,149.63,798,740,10.60,70.21,0,0.31,17.05.2024 09:12:22
0,151.31,807,739,10.61,70.26,0,0.43,17.05.2024 09:12:24
0,153.00,816,739,10.61,70.20,0,0.56,17.05.2024 09:12:26
0,153.94,821,739,10.60,70.22,0,0.64,17.05.2024 09:12:28
0,156.75,836,739,10.61,70.22,0,0.87,17.05.2024 09:12:30
0,152.63,814,739,10.61,70.22,0,0.53,17.05.2024 09:12:32
0,157.69,841,739,10.60,70.24,0,0.95,17.05.2024 09:12:34
0,153.38,818,739,10.61,70.21,0,0.59,17.05.2024 09:12:36
0,151.88,810,739,10.61,70.22,0,0.47,17.05.2024 09:12:39
0,156.19,833,740,10.60,70.20,0,0.82,17.05.2024 09:12:41
0,152.44,813,740,10.60,70.22,0,0.52,17.05.2024 09:12:43
0,151.13,806,740,10.58,70.21,0,0.42,17.05.2024 09:12:45
0,149.44,797,741,10.60,70.25,0,0.29,17.05.2024 09:12:47
0,155.81,831,740,10.63,70.25,0,0.78,17.05.2024 09:12:49
0,155.44,829,741,10.61,70.20,0,0.76,17.05.2024 09:12:51
0,155.81,831,740,10.57,70.21,0,0.80,17.05.2024 09:12:53
0,155.25,828,740,10.60,70.20,0,0.75,17.05.2024 09:12:56
0,154.88,826,740,10.61,70.22,0,0.71,17.05.2024 09:12:58
0,151.69,809,740,10.61,70.22,0,0.46,17.05.2024 09:13:00
0,155.06,827,740,10.60,70.20,0,0.73,17.05.2024 09:13:02
0,153.38,818,740,10.60,70.19,0,0.60,17.05.2024 09:13:04
0,151.50,808,740,10.58,70.20,0,0.45,17.05.2024 09:13:06
0,154.69,825,740,10.58,70.23,0,0.70,17.05.2024 09:13:08
0,154.88,826,739,10.58,70.18,0,0.72,17.05.2024 09:13:10
0,156.00,832,739,10.58,70.20,0,0.81,17.05.2024 09:13:12
0,155.44,829,739,10.60,70.21,0,0.76,17.05.2024 09:13:15
0,156.94,837,739,10.58,70.19,0,0.89,17.05.2024 09:13:17
0,156.00,832,739,10.60,70.20,0,0.81,17.05.2024 09:13:19
0,154.88,826,739,10.60,70.18,0,0.72,17.05.2024 09:13:21
0,153.94,821,740,10.60,70.17,0,0.64,17.05.2024 09:13:23
0,154.88,826,740,10.58,70.19,0,0.72,17.05.2024 09:13:25
0,151.88,810,741,10.60,70.21,0,0.48,17.05.2024 09:13:27
0,154.88,826,741,10.58,70.18,0,0.72,17.05.2024 09:13:29
0,153.75,820,741,10.61,70.19,0,0.62,17.05.2024 09:13:32
0,154.13,822,741,10.57,70.20,0,0.66,17.05.2024 09:13:34
0,156.00,832,740,10.61,70.21,0,0.80,17.05.2024 09:13:36
0,156.00,832,740,10.60,70.18,0,0.81,17.05.2024 09:13:38
0,154.31,823,739,10.61,70.19,0,0.67,17.05.2024 09:13:40
0,153.56,819,739,10.60,70.18,0,0.61,17.05.2024 09:13:42
0,154.50,824,739,10.58,70.18,0,0.69,17.05.2024 09:13:44
0,149.81,799,740,10.60,70.18,0,0.32,17.05.2024 09:13:46
0,153.38,818,739,10.60,70.16,0,0.60,17.05.2024 09:13:49
0,156.38,834,739,10.58,70.17,0,0.84,17.05.2024 09:13:51
0,152.06,811,738,10.60,70.19,0,0.49,17.05.2024 09:13:53
0,150.38,802,738,10.57,70.16,0,0.37,17.05.2024 09:13:55
0,154.69,825,737,10.58,70.16,0,0.70,17.05.2024 09:13:57
0,154.50,824,738,10.60,70.17,0,0.69,17.05.2024 09:13:59
0,153.19,817,738,10.58,70.16,0,0.58,17.05.2024 09:14:01
0,156.00,832,738,10.57,70.16,0,0.81,17.05.2024 09:14:03
0,155.44,829,738,10.58,70.16,0,0.77,17.05.2024 09:14:05
0,147.75,788,738,10.60,70.21,0,0.17,17.05.2024 09:14:08
0,154.69,825,737,10.58,70.14,0,0.71,17.05.2024 09:14:10
0,153.56,819,737,10.56,70.17,0,0.62,17.05.2024 09:14:12
0,150.75,804,738,10.58,70.17,0,0.40,17.05.2024 09:14:16
0,154.13,822,738,10.58,70.15,0,0.66,17.05.2024 09:14:18
0,154.31,823,738,10.60,70.16,0,0.67,17.05.2024 09:14:20
0,154.31,823,738,10.60,70.15,0,0.67,17.05.2024 09:14:22
0,151.88,810,738,10.60,70.16,0,0.48,17.05.2024 09:14:24
0,147.75,788,738,10.58,70.15,0,0.17,17.05.2024 09:14:27
0,152.25,812,738,10.61,70.19,0,0.50,17.05.2024 09:14:29
0,151.50,808,738,10.57,70.13,0,0.46,17.05.2024 09:14:31
0,150.94,805,738,10.58,70.17,0,0.41,17.05.2024 09:14:33
0,150.38,802,738,10.57,70.16,0,0.37,17.05.2024 09:14:35
0,150.38,802,738,10.57,70.16,0,0.37,17.05.2024 09:14:37
0,150.56,803,738,10.60,70.17,0,0.38,17.05.2024 09:14:39
0,152.63,814,738,10.58,70.15,0,0.54,17.05.2024 09:14:41
0,153.56,819,737,10.58,70.14,0,0.61,17.05.2024 09:14:44
0,153.00,816,738,10.57,70.18,0,0.57,17.05.2024 09:14:46
0,152.81,815,738,10.58,70.14,0,0.56,17.05.2024 09:14:48
0,153.94,821,738,10.58,70.14,0,0.64,17.05.2024 09:14:50
0,156.19,833,738,10.57,70.11,0,0.83,17.05.2024 09:14:52
0,153.75,820,737,10.57,70.12,0,0.63,17.05.2024 09:14:54
0,154.69,825,737,10.57,70.12,0,0.71,17.05.2024 09:14:56
0,148.88,794,737,10.56,70.13,0,0.26,17.05.2024 09:14:58
0,154.31,823,737,10.58,70.14,0,0.67,17.05.2024 09:15:01
0,153.00,816,737,10.57,70.14,0,0.57,17.05.2024 09:15:03
0,154.88,826,737,10.57,70.13,0,0.72,17.05.2024 09:15:05
0,153.56,819,738,10.57,70.15,0,0.62,17.05.2024 09:15:07
0,152.25,812,738,10.57,70.13,0,0.51,17.05.2024 09:15:09
0,152.44,813,737,10.57,70.13,0,0.53,17.05.2024 09:15:11
0,153.00,816,737,10.56,70.13,0,0.58,17.05.2024 09:15:13
0,154.88,826,737,10.57,70.15,0,0.72,17.05.2024 09:15:15
0,158.81,847,737,10.57,70.15,0,1.05,17.05.2024 09:15:17
0,153.00,816,737,10.56,70.15,0,0.57,17.05.2024 09:15:20
0,154.13,822,738,10.58,70.15,0,0.66,17.05.2024 09:15:22
0,155.44,829,738,10.58,70.15,0,0.77,17.05.2024 09:15:24
0,151.50,808,739,10.57,70.15,0,0.46,17.05.2024 09:15:26
0,153.00,816,739,10.57,70.15,0,0.57,17.05.2024 09:15:28
0,150.75,804,739,10.57,70.14,0,0.40,17.05.2024 09:15:30
0,156.56,835,740,10.57,70.12,0,0.86,17.05.2024 09:15:32
0,155.25,828,739,10.56,70.14,0,0.76,17.05.2024 09:15:34
0,154.69,825,740,10.58,70.15,0,0.70,17.05.2024 09:15:37
0,154.31,823,740,10.56,70.15,0,0.68,17.05.2024 09:15:39
0,153.19,817,740,10.54,70.14,0,0.59,17.05.2024 09:15:41
0,153.38,818,739,10.57,70.13,0,0.60,17.05.2024 09:15:43
0,155.81,831,739,10.56,70.14,0,0.80,17.05.2024 09:15:45
0,150.38,802,738,10.56,70.13,0,0.37,17.05.2024 09:15:47
0,152.44,813,738,10.56,70.12,0,0.53,17.05.2024 09:15:49
0,151.88,810,738,10.57,70.13,0,0.49,17.05.2024 09:15:51
0,152.25,812,738,10.54,70.14,0,0.52,17.05.2024 09:15:54
0,151.50,808,737,10.54,70.11,0,0.46,17.05.2024 09:15:56
0,153.56,819,737,10.56,70.14,0,0.62,17.05.2024 09:15:58
0,150.94,805,737,10.56,70.12,0,0.42,17.05.2024 09:16:00
0,152.06,811,738,10.56,70.13,0,0.50,17.05.2024 09:16:02
0,152.44,813,738,10.56,70.13,0,0.53,17.05.2024 09:16:04
0,156.19,833,738,10.57,70.12,0,0.83,17.05.2024 09:16:06
0,151.31,807,738,10.57,70.12,0,0.44,17.05.2024 09:16:08
0,151.31,807,737,10.54,70.11,0,0.45,17.05.2024 09:16:10
0,153.75,820,737,10.57,70.12,0,0.63,17.05.2024 09:16:13
0,151.69,809,738,10.56,70.14,0,0.47,17.05.2024 09:16:15
0,154.50,824,737,10.57,70.13,0,0.69,17.05.2024 09:16:17
0,154.50,824,738,10.56,70.14,0,0.69,17.05.2024 09:16:19
0,153.00,816,737,10.56,70.12,0,0.58,17.05.2024 09:16:21
0,153.00,816,737,10.56,70.14,0,0.58,17.05.2024 09:16:23
0,150.00,800,737,10.54,70.13,0,0.35,17.05.2024 09:16:25
0,152.44,813,737,10.57,70.12,0,0.53,17.05.2024 09:16:27
0,150.38,802,737,10.56,70.13,0,0.37,17.05.2024 09:16:30
0,150.38,802,737,10.56,70.11,0,0.37,17.05.2024 09:16:32
0,150.19,801,737,10.56,70.10,0,0.36,17.05.2024 09:16:36
0,151.69,809,737,10.54,70.12,0,0.48,17.05.2024 09:16:38
0,150.19,801,737,10.54,70.14,0,0.36,17.05.2024 09:16:40
0,148.88,794,737,10.56,70.10,0,0.26,17.05.2024 09:16:42
0,147.75,788,738,10.54,70.11,0,0.18,17.05.2024 09:16:44
0,153.94,821,738,10.56,70.10,0,0.65,17.05.2024 09:16:46
0,149.63,798,738,10.57,70.12,0,0.31,17.05.2024 09:16:49
0,149.06,795,737,10.54,70.11,0,0.28,17.05.2024 09:16:51
0,152.25,812,738,10.56,70.11,0,0.52,17.05.2024 09:16:53
0,145.69,777,738,10.57,70.13,0,0.03,17.05.2024 09:16:55
0,151.13,806,738,10.52,70.13,0,0.44,17.05.2024 09:16:57
0,149.81,799,738,10.54,70.11,0,0.33,17.05.2024 09:16:59
0,150.94,805,738,10.56,70.11,0,0.42,17.05.2024 09:17:01
0,155.81,831,738,10.52,70.13,0,0.81,17.05.2024 09:17:03
0,149.63,798,738,10.54,70.13,0,0.32,17.05.2024 09:17:05
0,155.63,830,738,10.52,70.10,0,0.79,17.05.2024 09:17:08
0,152.44,813,738,10.54,70.10,0,0.54,17.05.2024 09:17:10
0,153.75,820,738,10.54,70.11,0,0.64,17.05.2024 09:17:12
0,152.06,811,739,10.56,70.11,0,0.50,17.05.2024 09:17:14
0,154.31,823,738,10.52,70.09,0,0.69,17.05.2024 09:17:16
0,153.38,818,739,10.56,70.08,0,0.61,17.05.2024 09:17:18
0,151.50,808,739,10.54,70.11,0,0.46,17.05.2024 09:17:20
0,152.06,811,739,10.49,70.11,0,0.51,17.05.2024 09:17:22
0,149.44,797,740,10.52,70.13,0,0.31,17.05.2024 09:17:25
0,151.31,807,740,10.52,70.09,0,0.45,17.05.2024 09:17:27
0,152.44,813,740,10.54,70.11,0,0.54,17.05.2024 09:17:29
0,149.81,799,740,10.54,70.10,0,0.34,17.05.2024 09:17:31
0,155.25,828,740,10.56,70.10,0,0.76,17.05.2024 09:17:33
0,152.44,813,740,10.51,70.11,0,0.54,17.05.2024 09:17:35
0,153.75,820,741,10.52,70.10,0,0.64,17.05.2024 09:17:37
0,150.94,805,741,10.52,70.10,0,0.42,17.05.2024 09:17:39
0,150.56,803,741,10.54,70.13,0,0.39,17.05.2024 09:17:42
0,153.38,818,741,10.52,70.10,0,0.61,17.05.2024 09:17:44
0,151.69,809,742,10.54,70.14,0,0.48,17.05.2024 09:17:46
0,150.94,805,742,10.52,70.13,0,0.42,17.05.2024 09:17:48
0,153.19,817,742,10.52,70.10,0,0.60,17.05.2024 09:17:50
0,156.75,836,742,10.52,70.11,0,0.89,17.05.2024 09:17:52
0,154.88,826,743,10.52,70.10,0,0.73,17.05.2024 09:17:54
0,153.75,820,743,10.51,70.10,0,0.64,17.05.2024 09:17:56
0,149.81,799,743,10.52,70.10,0,0.34,17.05.2024 09:17:59
0,154.13,822,743,10.52,70.10,0,0.67,17.05.2024 09:18:01
0,153.00,816,743,10.56,70.10,0,0.58,17.05.2024 09:18:03
0,153.19,817,743,10.49,70.09,0,0.60,17.05.2024 09:18:05
0,150.75,804,742,10.54,70.12,0,0.41,17.05.2024 09:18:07
0,151.31,807,742,10.54,70.08,0,0.45,17.05.2024 09:18:09
0,150.00,800,742,10.52,70.11,0,0.35,17.05.2024 09:18:11
0,149.81,799,742,10.52,70.13,0,0.34,17.05.2024 09:18:13
0,149.44,797,742,10.52,70.10,0,0.31,17.05.2024 09:18:15
0,150.94,805,742,10.52,70.13,0,0.42,17.05.2024 09:18:18
0,154.88,826,742,10.54,70.10,0,0.73,17.05.2024 09:18:20
0,148.31,791,743,10.54,70.11,0,0.22,17.05.2024 09:18:22
0,152.06,811,742,10.51,70.10,0,0.51,17.05.2024 09:18:24
0,152.81,815,742,10.49,70.09,0,0.57,17.05.2024 09:18:26
0,152.25,812,741,10.51,70.07,0,0.53,17.05.2024 09:18:28
0,149.06,795,741,10.51,70.08,0,0.28,17.05.2024 09:18:30
0,151.50,808,742,10.51,70.06,0,0.47,17.05.2024 09:18:32
0,151.69,809,742,10.52,70.11,0,0.48,17.05.2024 09:18:35
0,154.31,823,742,10.52,70.10,0,0.69,17.05.2024 09:18:37
0,152.81,815,742,10.51,70.11,0,0.57,17.05.2024 09:18:39
0,151.13,806,742,10.51,70.10,0,0.44,17.05.2024 09:18:41
0,149.06,795,741,10.49,70.07,0,0.29,17.05.2024 09:18:45
0,152.25,812,741,10.52,70.09,0,0.52,17.05.2024 09:18:47
0,151.13,806,741,10.52,70.10,0,0.44,17.05.2024 09:18:49
0,150.00,800,741,10.52,70.07,0,0.35,17.05.2024 09:18:51
0,154.13,822,741,10.49,70.07,0,0.68,17.05.2024 09:18:54
0,149.63,798,741,10.52,70.10,0,0.32,17.05.2024 09:18:56
0,149.06,795,742,10.54,70.09,0,0.28,17.05.2024 09:18:58
0,148.31,791,742,10.49,70.07,0,0.23,17.05.2024 09:19:00
0,153.94,821,742,10.52,70.06,0,0.66,17.05.2024 09:19:02
0,148.88,794,741,10.51,70.07,0,0.27,17.05.2024 09:19:04
0,152.25,812,742,10.51,70.09,0,0.53,17.05.2024 09:19:06
0,149.44,797,742,10.49,70.09,0,0.31,17.05.2024 09:19:08
0,150.38,802,742,10.51,70.06,0,0.38,17.05.2024 09:19:10
0,151.50,808,743,10.51,70.07,0,0.47,17.05.2024 09:19:13
0,150.94,805,743,10.51,70.07,0,0.43,17.05.2024 09:19:15
0,150.00,800,743,10.49,70.06,0,0.36,17.05.2024 09:19:17
0,150.38,802,743,10.52,70.07,0,0.38,17.05.2024 09:19:19
0,156.00,832,743,10.49,70.10,0,0.83,17.05.2024 09:19:21
0,152.44,813,743,10.49,70.05,0,0.55,17.05.2024 09:19:23
0,150.00,800,744,10.52,70.13,0,0.35,17.05.2024 09:19:25
0,150.38,802,744,10.51,70.09,0,0.38,17.05.2024 09:19:27
0,152.25,812,744,10.48,70.03,0,0.53,17.05.2024 09:19:30
0,150.00,800,744,10.48,70.08,0,0.36,17.05.2024 09:19:32
0,149.44,797,744,10.51,70.07,0,0.31,17.05.2024 09:19:34
0,153.75,820,744,10.51,70.07,0,0.65,17.05.2024 09:19:36
0,154.31,823,744,10.49,70.09,0,0.69,17.05.2024 09:19:38
0,155.25,828,744,10.48,70.08,0,0.77,17.05.2024 09:19:40
0,154.31,823,744,10.48,70.05,0,0.70,17.05.2024 09:19:42
0,153.75,820,744,10.52,70.08,0,0.64,17.05.2024 09:19:44
0,151.13,806,744,10.49,70.08,0,0.44,17.05.2024 09:19:47
0,155.44,829,745,10.51,70.08,0,0.78,17.05.2024 09:19:49
0,151.31,807,745,10.52,70.07,0,0.45,17.05.2024 09:19:51
0,150.19,801,745,10.49,70.09,0,0.37,17.05.2024 09:19:53
0,155.44,829,745,10.51,70.09,0,0.78,17.05.2024 09:19:55
0,153.00,816,744,10.49,70.05,0,0.59,17.05.2024 09:19:57
0,153.56,819,744,10.51,70.05,0,0.63,17.05.2024 09:19:59
0,153.19,817,744,10.49,70.06,0,0.60,17.05.2024 09:20:01
0,153.00,816,744,10.51,70.06,0,0.59,17.05.2024 09:20:03
0,153.19,817,743,10.48,70.06,0,0.61,17.05.2024 09:20:06
0,151.13,806,744,10.49,70.09,0,0.44,17.05.2024 09:20:08
0,156.56,835,743,10.48,70.07,0,0.88,17.05.2024 09:20:10
0,153.94,821,743,10.48,70.09,0,0.67,17.05.2024 09:20:12
0,150.38,802,743,10.48,70.10,0,0.39,17.05.2024 09:20:14
0,152.44,813,743,10.51,70.08,0,0.54,17.05.2024 09:20:16
0,148.50,792,744,10.51,70.08,0,0.24,17.05.2024 09:20:18
0,151.13,806,744,10.51,70.08,0,0.44,17.05.2024 09:20:20
0,151.69,809,744,10.49,70.05,0,0.49,17.05.2024 09:20:23
0,148.69,793,743,10.49,70.07,0,0.26,17.05.2024 09:20:25
0,153.94,821,743,10.49,70.05,0,0.66,17.05.2024 09:20:27
0,153.38,818,743,10.48,70.05,0,0.62,17.05.2024 09:20:29
0,152.06,811,743,10.48,70.10,0,0.52,17.05.2024 09:20:31
0,150.75,804,743,10.49,70.06,0,0.41,17.05.2024 09:20:33
0,150.94,805,744,10.52,70.03,0,0.42,17.05.2024 09:20:35
0,151.31,807,744,10.47,70.06,0,0.46,17.05.2024 09:20:37
0,157.31,839,744,10.47,70.08,0,0.95,17.05.2024 09:20:40
0,153.75,820,744,10.48,70.07,0,0.65,17.05.2024 09:20:42
0,150.94,805,744,10.47,70.07,0,0.43,17.05.2024 09:20:44
0,151.31,807,744,10.49,70.06,0,0.46,17.05.2024 09:20:46
0,152.06,811,743,10.48,70.05,0,0.52,17.05.2024 09:20:48
0,149.81,799,744,10.47,70.05,0,0.35,17.05.2024 09:20:50
0,148.69,793,744,10.49,70.05,0,0.26,17.05.2024 09:20:52
0,151.50,808,744,10.48,70.06,0,0.47,17.05.2024 09:20:54
0,149.44,797,744,10.48,70.02,0,0.32,17.05.2024 09:20:57
0,153.56,819,745,10.49,70.05,0,0.63,17.05.2024 09:21:01
0,149.81,799,744,10.47,70.04,0,0.35,17.05.2024 09:21:03
0,150.75,804,745,10.48,70.06,0,0.42,17.05.2024 09:21:05
0,152.25,812,745,10.48,70.07,0,0.53,17.05.2024 09:21:07
0,152.06,811,745,10.47,70.05,0,0.52,17.05.2024 09:21:09
0,151.50,808,746,10.48,70.07,0,0.47,17.05.2024 09:21:11
0,148.50,792,746,10.49,70.08,0,0.25,17.05.2024 09:21:13
0,150.56,803,746,10.48,70.06,0,0.40,17.05.2024 09:21:16
0,149.63,798,746,10.48,70.04,0,0.33,17.05.2024 09:21:18
0,148.88,794,746,10.48,70.07,0,0.28,17.05.2024 09:21:20
0,149.25,796,746,10.47,70.06,0,0.31,17.05.2024 09:21:22
0,154.31,823,746,10.49,70.07,0,0.69,17.05.2024 09:21:24
0,152.06,811,746,10.48,70.06,0,0.52,17.05.2024 09:21:26
0,150.19,801,746,10.48,70.04,0,0.37,17.05.2024 09:21:28
0,156.19,833,746,10.45,70.02,0,0.86,17.05.2024 09:21:30
0,151.31,807,747,10.45,70.04,0,0.47,17.05.2024 09:21:32
0,153.19,817,747,10.48,70.04,0,0.61,17.05.2024 09:21:35
0,154.69,825,747,10.47,70.07,0,0.73,17.05.2024 09:21:37
0,152.44,813,747,10.47,70.10,0,0.55,17.05.2024 09:21:39
0,154.31,823,746,10.47,70.05,0,0.70,17.05.2024 09:21:41
0,150.94,805,747,10.45,70.06,0,0.44,17.05.2024 09:21:43
0,150.56,803,747,10.45,70.03,0,0.41,17.05.2024 09:21:45
0,156.38,834,747,10.45,70.06,0,0.87,17.05.2024 09:21:47
0,155.06,827,747,10.48,70.03,0,0.76,17.05.2024 09:21:49
0,151.50,808,747,10.48,70.04,0,0.48,17.05.2024 09:21:52
0,149.06,795,747,10.45,70.06,0,0.29,17.05.2024 09:21:54
0,153.19,817,747,10.47,70.06,0,0.61,17.05.2024 09:21:56
0,153.56,819,746,10.45,70.04,0,0.64,17.05.2024 09:21:58
0,152.44,813,746,10.48,70.05,0,0.55,17.05.2024 09:22:00
0,149.63,798,746,10.48,70.06,0,0.33,17.05.2024 09:22:02
0,154.31,823,746,10.48,70.07,0,0.70,17.05.2024 09:22:04
0,152.25,812,746,10.45,70.06,0,0.54,17.05.2024 09:22:06
0,148.31,791,746,10.45,70.06,0,0.24,17.05.2024 09:22:09
0,154.31,823,746,10.48,70.03,0,0.70,17.05.2024 09:22:11
0,154.69,825,746,10.47,70.07,0,0.73,17.05.2024 09:22:13
0,154.31,823,746,10.45,70.05,0,0.70,17.05.2024 09:22:15
0,150.75,804,746,10.48,70.06,0,0.42,17.05.2024 09:22:17
0,152.63,814,746,10.47,70.05,0,0.57,17.05.2024 09:22:19
0,152.81,815,746,10.47,70.08,0,0.58,17.05.2024 09:22:21
0,154.31,823,746,10.48,70.08,0,0.70,17.05.2024 09:22:23
0,153.00,816,745,10.45,70.04,0,0.60,17.05.2024 09:22:26
0,151.31,807,745,10.45,70.03,0,0.47,17.05.2024 09:22:28
0,152.25,812,745,10.48,70.05,0,0.53,17.05.2024 09:22:30
0,150.19,801,746,10.47,70.05,0,0.38,17.05.2024 09:22:32
0,150.75,804,746,10.44,70.05,0,0.42,17.05.2024 09:22:34
0,152.25,812,746,10.47,70.08,0,0.53,17.05.2024 09:22:36
0,153.19,817,746,10.45,70.04,0,0.61,17.05.2024 09:22:38
0,154.88,826,746,10.48,70.04,0,0.74,17.05.2024 09:22:40
0,151.31,807,746,10.47,70.03,0,0.46,17.05.2024 09:22:43
0,150.94,805,746,10.45,70.05,0,0.44,17.05.2024 09:22:45
0,152.44,813,747,10.45,70.05,0,0.55,17.05.2024 09:22:47
0,155.25,828,746,10.47,70.03,0,0.78,17.05.2024 09:22:49
0,149.44,797,746,10.44,70.05,0,0.33,17.05.2024 09:22:51
0,151.50,808,745,10.47,70.03,0,0.48,17.05.2024 09:22:53
0,150.00,800,745,10.45,70.06,0,0.36,17.05.2024 09:22:55
0,151.31,807,746,10.45,70.06,0,0.46,17.05.2024 09:22:57
0,149.44,797,746,10.49,70.07,0,0.32,17.05.2024 09:23:00
0,153.00,816,746,10.47,70.04,0,0.60,17.05.2024 09:23:02
0,151.50,808,745,10.44,70.07,0,0.48,17.05.2024 09:23:04
0,149.25,796,745,10.44,70.03,0,0.31,17.05.2024 09:23:06
0,154.31,823,745,10.47,70.05,0,0.70,17.05.2024 09:23:08
0,152.44,813,745,10.43,70.04,0,0.56,17.05.2024 09:23:10
0,154.69,825,745,10.45,70.06,0,0.73,17.05.2024 09:23:12
0,149.25,796,745,10.47,70.05,0,0.31,17.05.2024 09:23:14
0,153.75,820,745,10.44,70.05,0,0.66,17.05.2024 09:23:17
0,151.50,808,744,10.43,70.04,0,0.49,17.05.2024 09:23:21
0,151.88,810,745,10.45,70.04,0,0.51,17.05.2024 09:23:23
0,150.94,805,745,10.44,70.05,0,0.44,17.05.2024 09:23:25
0,149.25,796,745,10.48,70.05,0,0.30,17.05.2024 09:23:27
0,151.88,810,745,10.44,70.06,0,0.51,17.05.2024 09:23:29
0,148.50,792,744,10.45,70.08,0,0.25,17.05.2024 09:23:31
0,149.44,797,744,10.44,70.05,0,0.33,17.05.2024 09:23:33
0,151.13,806,744,10.44,70.05,0,0.45,17.05.2024 09:23:35
0,147.75,788,743,10.44,70.03,0,0.20,17.05.2024 09:23:38
0,148.88,794,743,10.44,70.05,0,0.28,17.05.2024 09:23:40
0,147.75,788,743,10.44,70.05,0,0.20,17.05.2024 09:23:42
0,148.31,791,743,10.44,70.06,0,0.24,17.05.2024 09:23:44
0,149.81,799,743,10.45,70.09,0,0.35,17.05.2024 09:23:46
0,150.56,803,743,10.44,70.06,0,0.41,17.05.2024 09:23:48
0,151.13,806,743,10.45,70.08,0,0.45,17.05.2024 09:23:50
0,150.38,802,743,10.44,70.08,0,0.40,17.05.2024 09:23:52
0,151.50,808,743,10.45,70.10,0,0.48,17.05.2024 09:23:55
0,152.25,812,742,10.44,70.08,0,0.54,17.05.2024 09:23:57
0,154.69,825,742,10.43,70.07,0,0.74,17.05.2024 09:23:59
0,150.94,805,742,10.43,70.09,0,0.44,17.05.2024 09:24:01
0,150.75,804,742,10.45,70.10,0,0.42,17.05.2024 09:24:03
0,152.44,813,742,10.45,70.08,0,0.55,17.05.2024 09:24:05
0,153.38,818,742,10.44,70.07,0,0.63,17.05.2024 09:24:07
0,154.31,823,742,10.44,70.08,0,0.70,17.05.2024 09:24:09
0,154.13,822,742,10.44,70.09,0,0.69,17.05.2024 09:24:12
0,150.00,800,742,10.44,70.11,0,0.37,17.05.2024 09:24:14
0,151.50,808,741,10.44,70.09,0,0.48,17.05.2024 09:24:16
0,153.94,821,742,10.45,70.10,0,0.67,17.05.2024 09:24:18
0,152.25,812,742,10.45,70.10,0,0.54,17.05.2024 09:24:20
0,149.06,795,741,10.43,70.10,0,0.30,17.05.2024 09:24:22
0,153.19,817,741,10.45,70.11,0,0.61,17.05.2024 09:24:24
0,152.44,813,741,10.43,70.11,0,0.56,17.05.2024 09:24:26
0,155.81,831,742,10.44,70.10,0,0.83,17.05.2024 09:24:29
0,154.69,825,742,10.44,70.11,0,0.73,17.05.2024 09:24:31
0,150.19,801,742,10.43,70.11,0,0.38,17.05.2024 09:24:33
0,151.50,808,741,10.43,70.11,0,0.48,17.05.2024 09:24:35
0,154.88,826,741,10.41,70.14,0,0.75,17.05.2024 09:24:37
0,150.38,802,741,10.43,70.13,0,0.40,17.05.2024 09:24:39
0,152.44,813,742,10.47,70.12,0,0.55,17.05.2024 09:24:41
0,151.31,807,741,10.43,70.11,0,0.47,17.05.2024 09:24:43
0,154.50,824,741,10.43,70.11,0,0.72,17.05.2024 09:24:46
0,153.94,821,741,10.43,70.11,0,0.68,17.05.2024 09:24:48
0,151.69,809,741,10.41,70.12,0,0.50,17.05.2024 09:24:50
0,155.63,830,741,10.44,70.14,0,0.81,17.05.2024 09:24:52
0,150.75,804,741,10.44,70.14,0,0.42,17.05.2024 09:24:54
0,152.63,814,740,10.43,70.11,0,0.57,17.05.2024 09:24:56
0,151.31,807,740,10.43,70.15,0,0.47,17.05.2024 09:24:58
0,157.69,841,740,10.44,70.15,0,0.98,17.05.2024 09:25:00
0,151.50,808,740,10.43,70.11,0,0.48,17.05.2024 09:25:03
0,150.19,801,740,10.43,70.14,0,0.38,17.05.2024 09:25:05
0,150.38,802,739,10.43,70.13,0,0.40,17.05.2024 09:25:07
0,154.31,823,739,10.43,70.17,0,0.70,17.05.2024 09:25:09
0,151.88,810,739,10.43,70.14,0,0.51,17.05.2024 09:25:11
0,154.88,826,739,10.44,70.15,0,0.75,17.05.2024 09:25:13
0,154.31,823,739,10.43,70.11,0,0.71,17.05.2024 09:25:15
0,150.75,804,739,10.45,70.14,0,0.42,17.05.2024 09:25:17
0,153.00,816,739,10.41,70.13,0,0.60,17.05.2024 09:25:20
0,150.94,805,739,10.41,70.11,0,0.44,17.05.2024 09:25:22
0,154.50,824,739,10.43,70.15,0,0.72,17.05.2024 09:25:24
0,149.63,798,739,10.44,70.14,0,0.34,17.05.2024 09:25:26
0,150.56,803,739,10.44,70.13,0,0.41,17.05.2024 09:25:28
0,149.25,796,739,10.43,70.15,0,0.31,17.05.2024 09:25:30
0,150.75,804,739,10.44,70.15,0,0.42,17.05.2024 09:25:32
0,152.44,813,739,10.43,70.13,0,0.56,17.05.2024 09:25:34
0,153.56,819,739,10.43,70.13,0,0.64,17.05.2024 09:25:36
0,151.88,810,739,10.43,70.15,0,0.51,17.05.2024 09:25:39
0,147.75,788,738,10.41,70.14,0,0.20,17.05.2024 09:25:43
0,149.63,798,738,10.43,70.14,0,0.34,17.05.2024 09:25:45
0,147.38,786,737,10.44,70.15,0,0.17,17.05.2024 09:25:47
0,151.50,808,737,10.41,70.16,0,0.48,17.05.2024 09:25:49
0,153.19,817,737,10.41,70.16,0,0.62,17.05.2024 09:25:51
0,148.50,792,737,10.41,70.15,0,0.26,17.05.2024 09:25:53
0,151.13,806,737,10.41,70.21,0,0.45,17.05.2024 09:25:55
0,150.19,801,737,10.43,70.17,0,0.38,17.05.2024 09:25:58
0,149.06,795,737,10.43,70.18,0,0.29,17.05.2024 09:26:00
0,149.44,797,738,10.44,70.19,0,0.32,17.05.2024 09:26:02
0,150.75,804,738,10.44,70.19,0,0.42,17.05.2024 09:26:04
0,154.31,823,738,10.43,70.18,0,0.70,17.05.2024 09:26:06
0,154.31,823,738,10.43,70.18,0,0.70,17.05.2024 09:26:08
0,151.88,810,738,10.43,70.19,0,0.51,17.05.2024 09:26:10
0,150.00,800,739,10.44,70.17,0,0.36,17.05.2024 09:26:12
0,150.75,804,739,10.44,70.16,0,0.42,17.05.2024 09:26:15
0,153.75,820,738,10.43,70.20,0,0.66,17.05.2024 09:26:17
0,153.75,820,738,10.40,70.18,0,0.66,17.05.2024 09:26:19
0,155.44,829,738,10.41,70.18,0,0.80,17.05.2024 09:26:21
0,152.25,812,738,10.43,70.19,0,0.54,17.05.2024 09:26:23
0,151.69,809,738,10.40,70.19,0,0.50,17.05.2024 09:26:25
0,156.75,836,737,10.40,70.17,0,0.91,17.05.2024 09:26:27
0,152.44,813,737,10.40,70.22,0,0.56,17.05.2024 09:26:29
0,153.94,821,738,10.43,70.19,0,0.67,17.05.2024 09:26:32
0,155.63,830,739,10.43,70.19,0,0.81,17.05.2024 09:26:34
0,155.25,828,740,10.43,70.19,0,0.78,17.05.2024 09:26:36
0,155.06,827,740,10.41,70.18,0,0.77,17.05.2024 09:26:38
0,155.06,827,740,10.41,70.17,0,0.77,17.05.2024 09:26:40
0,157.31,839,741,10.43,70.19,0,0.95,17.05.2024 09:26:42
0,156.00,832,741,10.43,70.20,0,0.84,17.05.2024 09:26:44
0,157.69,841,741,10.41,70.21,0,0.99,17.05.2024 09:26:46
0,154.69,825,741,10.41,70.18,0,0.74,17.05.2024 09:26:49
0,153.56,819,742,10.41,70.21,0,0.64,17.05.2024 09:26:51
0,154.13,822,742,10.43,70.18,0,0.69,17.05.2024 09:26:53
0,157.69,841,743,10.43,70.20,0,0.98,17.05.2024 09:26:55
0,158.25,844,743,10.43,70.22,0,1.03,17.05.2024 09:26:57
0,154.31,823,742,10.41,70.22,0,0.70,17.05.2024 09:26:59
0,159.56,851,743,10.41,70.22,0,1.15,17.05.2024 09:27:01
0,154.31,823,742,10.40,70.19,0,0.71,17.05.2024 09:27:03
0,155.63,830,742,10.40,70.20,0,0.82,17.05.2024 09:27:06
0,158.63,846,742,10.43,70.23,0,1.06,17.05.2024 09:27:08
0,157.31,839,741,10.40,70.23,0,0.96,17.05.2024 09:27:10
0,157.88,842,741,10.43,70.20,0,1.00,17.05.2024 09:27:12
0,157.88,842,742,10.41,70.21,0,1.00,17.05.2024 09:27:14
0,156.75,836,742,10.43,70.21,0,0.90,17.05.2024 09:27:16
0,158.44,845,741,10.38,70.23,0,1.06,17.05.2024 09:27:18
0,158.44,845,741,10.43,70.25,0,1.05,17.05.2024 09:27:20
0,155.25,828,741,10.41,70.21,0,0.78,17.05.2024 09:27:22
0,158.06,843,740,10.41,70.22,0,1.02,17.05.2024 09:27:25
0,160.69,857,741,10.41,70.20,0,1.25,17.05.2024 09:27:27
0,157.69,841,741,10.41,70.24,0,0.98,17.05.2024 09:27:29
0,158.63,846,741,10.40,70.20,0,1.07,17.05.2024 09:27:31
0,159.56,851,740,10.41,70.24,0,1.15,17.05.2024 09:27:33
0,159.94,853,740,10.40,70.26,0,1.18,17.05.2024 09:27:35
0,158.44,845,740,10.41,70.23,0,1.05,17.05.2024 09:27:37
0,156.19,833,740,10.43,70.23,0,0.86,17.05.2024 09:27:39
0,161.06,859,739,10.43,70.24,0,1.28,17.05.2024 09:27:42
0,158.81,847,739,10.40,70.25,0,1.08,17.05.2024 09:27:44
0,158.25,844,739,10.40,70.22,0,1.04,17.05.2024 09:27:46
0,160.88,858,739,10.40,70.26,0,1.27,17.05.2024 09:27:48
0,162.56,867,739,10.41,70.24,0,1.42,17.05.2024 09:27:50
0,161.25,860,739,10.43,70.26,0,1.29,17.05.2024 09:27:52
0,161.63,862,739,10.40,70.27,0,1.33,17.05.2024 09:27:54
0,162.75,868,739,10.41,70.23,0,1.44,17.05.2024 09:27:56
0,159.56,851,739,10.40,70.25,0,1.15,17.05.2024 09:27:59
0,159.94,853,739,10.41,70.27,0,1.18,17.05.2024 09:28:01
0,163.13,870,739,10.41,70.26,0,1.47,17.05.2024 09:28:05
0,162.19,865,740,10.41,70.25,0,1.38,17.05.2024 09:28:07
0,158.44,845,740,10.40,70.25,0,1.05,17.05.2024 09:28:09
0,159.56,851,740,10.43,70.27,0,1.14,17.05.2024 09:28:11
0,155.81,831,740,10.40,70.27,0,0.83,17.05.2024 09:28:13
0,159.75,852,740,10.41,70.27,0,1.16,17.05.2024 09:28:15
0,158.25,844,740,10.41,70.25,0,1.03,17.05.2024 09:28:18
0,159.94,853,739,10.43,70.26,0,1.18,17.05.2024 09:28:20
0,157.13,838,740,10.41,70.24,0,0.94,17.05.2024 09:28:22
0,161.44,861,740,10.40,70.26,0,1.32,17.05.2024 09:28:24
0,162.19,865,740,10.41,70.27,0,1.38,17.05.2024 09:28:26
0,159.38,850,740,10.40,70.24,0,1.13,17.05.2024 09:28:28
0,159.38,850,740,10.41,70.25,0,1.13,17.05.2024 09:28:30
0,163.50,872,739,10.41,70.27,0,1.50,17.05.2024 09:28:32
0,159.94,853,740,10.38,70.27,0,1.18,17.05.2024 09:28:35
0,164.44,877,740,10.40,70.27,0,1.60,17.05.2024 09:28:37
0,165.38,882,739,10.40,70.29,0,1.68,17.05.2024 09:28:39
0,162.00,864,739,10.41,70.30,0,1.36,17.05.2024 09:28:41
0,166.13,886,740,10.40,70.29,0,1.76,17.05.2024 09:28:43
0,163.13,870,740,10.41,70.27,0,1.47,17.05.2024 09:28:45
0,164.63,878,740,10.41,70.29,0,1.61,17.05.2024 09:28:47
0,165.38,882,740,10.40,70.29,0,1.68,17.05.2024 09:28:49
0,163.13,870,741,10.40,70.29,0,1.47,17.05.2024 09:28:52
0,164.81,879,741,10.38,70.27,0,1.64,17.05.2024 09:28:54
0,162.56,867,741,10.41,70.29,0,1.42,17.05.2024 09:28:56
0,162.38,866,741,10.38,70.29,0,1.40,17.05.2024 09:28:58
0,165.19,881,741,10.40,70.29,0,1.67,17.05.2024 09:29:00
0,161.06,859,742,10.41,70.32,0,1.28,17.05.2024 09:29:02
0,164.81,879,742,10.40,70.29,0,1.63,17.05.2024 09:29:04
0,160.88,858,742,10.38,70.27,0,1.27,17.05.2024 09:29:06
0,164.44,877,743,10.40,70.30,0,1.59,17.05.2024 09:29:08
0,161.25,860,743,10.41,70.32,0,1.29,17.05.2024 09:29:11
0,159.19,849,743,10.40,70.30,0,1.11,17.05.2024 09:29:13
0,164.44,877,742,10.38,70.31,0,1.60,17.05.2024 09:29:15
0,161.81,863,742,10.40,70.30,0,1.35,17.05.2024 09:29:17
0,162.94,869,742,10.40,70.32,0,1.45,17.05.2024 09:29:19
0,162.75,868,742,10.43,70.31,0,1.43,17.05.2024 09:29:21
0,162.00,864,742,10.41,70.36,0,1.36,17.05.2024 09:29:23
0,163.13,870,741,10.38,70.31,0,1.47,17.05.2024 09:29:26
0,166.31,887,742,10.40,70.34,0,1.77,17.05.2024 09:29:28
0,161.63,862,741,10.40,70.33,0,1.33,17.05.2024 09:29:30
0,165.56,883,742,10.40,70.35,0,1.70,17.05.2024 09:29:32
0,165.00,880,742,10.40,70.32,0,1.65,17.05.2024 09:29:34
0,162.56,867,742,10.37,70.30,0,1.42,17.05.2024 09:29:36
0,160.13,854,742,10.40,70.32,0,1.20,17.05.2024 09:29:38
0,165.00,880,742,10.40,70.31,0,1.65,17.05.2024 09:29:40
0,161.06,859,742,10.40,70.33,0,1.28,17.05.2024 09:29:42
0,163.88,874,742,10.40,70.35,0,1.54,17.05.2024 09:29:45
0,162.38,866,742,10.40,70.33,0,1.40,17.05.2024 09:29:47
0,169.13,902,742,10.41,70.33,0,2.05,17.05.2024 09:29:49
0,162.00,864,742,10.37,70.33,0,1.37,17.05.2024 09:29:51
0,163.13,870,741,10.38,70.33,0,1.47,17.05.2024 09:29:53
0,161.63,862,741,10.41,70.35,0,1.33,17.05.2024 09:29:55
0,163.88,874,741,10.40,70.32,0,1.54,17.05.2024 09:29:57
0,162.38,866,741,10.41,70.35,0,1.40,17.05.2024 09:29:59
0,165.94,885,741,10.41,70.36,0,1.73,17.05.2024 09:30:02
0,167.06,891,740,10.40,70.33,0,1.85,17.05.2024 09:30:04
0,161.81,863,741,10.40,70.33,0,1.35,17.05.2024 09:30:06
0,164.63,878,740,10.38,70.35,0,1.61,17.05.2024 09:30:08
0,166.50,888,741,10.40,70.32,0,1.79,17.05.2024 09:30:10
0,165.00,880,741,10.40,70.31,0,1.65,17.05.2024 09:30:12
0,162.19,865,741,10.38,70.34,0,1.39,17.05.2024 09:30:14
0,161.44,861,741,10.40,70.33,0,1.31,17.05.2024 09:30:16
0,163.50,872,741,10.43,70.34,0,1.50,17.05.2024 09:30:19
0,164.81,879,741,10.40,70.35,0,1.63,17.05.2024 09:30:21
0,162.75,868,740,10.40,70.33,0,1.43,17.05.2024 09:30:23
0,162.56,867,740,10.38,70.37,0,1.42,17.05.2024 09:30:27
0,160.13,854,740,10.36,70.34,0,1.20,17.05.2024 09:30:29
0,162.00,864,741,10.40,70.34,0,1.36,17.05.2024 09:30:31
0,160.69,857,741,10.38,70.34,0,1.25,17.05.2024 09:30:33
0,161.25,860,741,10.38,70.36,0,1.30,17.05.2024 09:30:35
0,159.00,848,741,10.38,70.36,0,1.10,17.05.2024 09:30:38
0,162.00,864,741,10.40,70.32,0,1.37,17.05.2024 09:30:40
0,160.69,857,741,10.40,70.35,0,1.25,17.05.2024 09:30:42
0,160.88,858,741,10.40,70.34,0,1.26,17.05.2024 09:30:44
0,157.50,840,740,10.38,70.37,0,0.97,17.05.2024 09:30:46
0,163.50,872,740,10.40,70.34,0,1.50,17.05.2024 09:30:48
0,163.88,874,740,10.37,70.34,0,1.55,17.05.2024 09:30:50
0,160.88,858,739,10.37,70.36,0,1.27,17.05.2024 09:30:52
0,162.00,864,739,10.41,70.35,0,1.36,17.05.2024 09:30:55
0,161.44,861,739,10.41,70.37,0,1.31,17.05.2024 09:30:57
0,165.00,880,739,10.38,70.37,0,1.65,17.05.2024 09:30:59
0,164.06,875,739,10.41,70.35,0,1.55,17.05.2024 09:31:01
0,162.38,866,739,10.38,70.35,0,1.40,17.05.2024 09:31:03
0,162.94,869,738,10.38,70.34,0,1.45,17.05.2024 09:31:05
0,163.13,870,739,10.38,70.35,0,1.47,17.05.2024 09:31:07
0,165.19,881,739,10.37,70.37,0,1.67,17.05.2024 09:31:09
0,165.19,881,739,10.40,70.37,0,1.66,17.05.2024 09:31:12
0,165.19,881,740,10.40,70.34,0,1.66,17.05.2024 09:31:14
0,163.31,871,741,10.38,70.35,0,1.49,17.05.2024 09:31:16
0,163.50,872,741,10.38,70.37,0,1.51,17.05.2024 09:31:18
0,164.44,877,741,10.40,70.35,0,1.59,17.05.2024 09:31:20
0,163.69,873,742,10.40,70.38,0,1.52,17.05.2024 09:31:22
0,162.56,867,742,10.40,70.36,0,1.42,17.05.2024 09:31:24
0,160.13,854,742,10.40,70.38,0,1.19,17.05.2024 09:31:26
0,167.06,891,742,10.40,70.38,0,1.84,17.05.2024 09:31:29
0,162.75,868,742,10.38,70.37,0,1.44,17.05.2024 09:31:31
0,163.31,871,742,10.37,70.36,0,1.49,17.05.2024 09:31:33
0,163.69,873,742,10.37,70.39,0,1.53,17.05.2024 09:31:35
0,167.25,892,742,10.40,70.37,0,1.86,17.05.2024 09:31:37
0,165.38,882,742,10.37,70.37,0,1.69,17.05.2024 09:31:39
0,162.75,868,743,10.40,70.36,0,1.43,17.05.2024 09:31:41
0,168.00,896,743,10.38,70.38,0,1.94,17.05.2024 09:31:43
0,165.56,883,743,10.40,70.40,0,1.70,17.05.2024 09:31:45
0,162.75,868,743,10.37,70.36,0,1.44,17.05.2024 09:31:48
0,162.38,866,743,10.40,70.36,0,1.40,17.05.2024 09:31:50
0,164.63,878,744,10.37,70.36,0,1.62,17.05.2024 09:31:52
0,164.63,878,744,10.38,70.37,0,1.61,17.05.2024 09:31:54
0,162.56,867,744,10.40,70.36,0,1.42,17.05.2024 09:31:56
0,166.50,888,744,10.40,70.37,0,1.79,17.05.2024 09:31:58
0,166.69,889,744,10.40,70.38,0,1.81,17.05.2024 09:32:00
0,165.38,882,745,10.40,70.40,0,1.68,17.05.2024 09:32:02
0,165.75,884,745,10.37,70.36,0,1.72,17.05.2024 09:32:05
0,162.56,867,745,10.38,70.38,0,1.42,17.05.2024 09:32:07
0,163.88,874,746,10.38,70.38,0,1.54,17.05.2024 09:32:09
0,164.44,877,746,10.40,70.38,0,1.59,17.05.2024 09:32:11
0,164.06,875,746,10.37,70.37,0,1.56,17.05.2024 09:32:13
0,165.75,884,745,10.37,70.38,0,1.72,17.05.2024 09:32:15
0,165.00,880,746,10.40,70.36,0,1.64,17.05.2024 09:32:17
0,171.38,914,746,10.38,70.38,0,2.29,17.05.2024 09:32:19
0,165.94,885,746,10.38,70.36,0,1.74,17.05.2024 09:32:22
0,166.50,888,746,10.37,70.37,0,1.80,17.05.2024 09:32:24
0,163.13,870,746,10.38,70.35,0,1.47,17.05.2024 09:32:26
0,163.13,870,746,10.38,70.38,0,1.47,17.05.2024 09:32:28
0,164.81,879,746,10.41,70.40,0,1.62,17.05.2024 09:32:30
0,165.19,881,746,10.38,70.38,0,1.67,17.05.2024 09:32:32
0,163.69,873,747,10.38,70.38,0,1.52,17.05.2024 09:32:34
0,165.00,880,747,10.41,70.37,0,1.64,17.05.2024 09:32:36
0,164.81,879,746,10.40,70.34,0,1.63,17.05.2024 09:32:39
0,163.69,873,746,10.38,70.35,0,1.52,17.05.2024 09:32:41
0,165.94,885,746,10.38,70.37,0,1.74,17.05.2024 09:32:43
0,163.88,874,747,10.40,70.36,0,1.54,17.05.2024 09:32:45
0,163.31,871,747,10.38,70.35,0,1.49,17.05.2024 09:32:49
0,161.44,861,747,10.40,70.37,0,1.31,17.05.2024 09:32:51
0,163.31,871,746,10.38,70.35,0,1.49,17.05.2024 09:32:53
0,163.69,873,747,10.40,70.38,0,1.52,17.05.2024 09:32:55
0,164.63,878,747,10.38,70.36,0,1.61,17.05.2024 09:32:58
0,163.88,874,746,10.36,70.38,0,1.55,17.05.2024 09:33:00
0,161.63,862,746,10.40,70.36,0,1.33,17.05.2024 09:33:02
0,163.88,874,747,10.41,70.34,0,1.54,17.05.2024 09:33:04
0,161.06,859,747,10.36,70.36,0,1.29,17.05.2024 09:33:06
0,162.94,869,747,10.40,70.38,0,1.45,17.05.2024 09:33:08
0,163.50,872,748,10.38,70.37,0,1.51,17.05.2024 09:33:10
0,160.69,857,748,10.40,70.36,0,1.25,17.05.2024 09:33:12
0,165.38,882,749,10.37,70.37,0,1.69,17.05.2024 09:33:15
0,164.06,875,749,10.38,70.37,0,1.56,17.05.2024 09:33:17
0,165.19,881,749,10.37,70.36,0,1.67,17.05.2024 09:33:19
0,162.94,869,749,10.37,70.38,0,1.46,17.05.2024 09:33:21
0,168.56,899,749,10.37,70.38,0,2.00,17.05.2024 09:33:23
0,165.94,885,749,10.40,70.38,0,1.73,17.05.2024 09:33:25
0,163.13,870,749,10.36,70.36,0,1.48,17.05.2024 09:33:27
0,163.13,870,749,10.37,70.36,0,1.47,17.05.2024 09:33:29
0,163.50,872,749,10.38,70.38,0,1.50,17.05.2024 09:33:32
0,162.56,867,749,10.36,70.36,0,1.42,17.05.2024 09:33:34
0,166.88,890,749,10.38,70.38,0,1.83,17.05.2024 09:33:36
0,162.00,864,749,10.37,70.37,0,1.37,17.05.2024 09:33:38
0,162.38,866,749,10.38,70.38,0,1.40,17.05.2024 09:33:40
0,167.44,893,749,10.40,70.39,0,1.88,17.05.2024 09:33:42
0,162.38,866,748,10.37,70.36,0,1.40,17.05.2024 09:33:44
0,165.19,881,748,10.38,70.38,0,1.67,17.05.2024 09:33:46
0,164.44,877,748,10.37,70.38,0,1.60,17.05.2024 09:33:48
0,163.13,870,748,10.37,70.35,0,1.47,17.05.2024 09:33:51
0,165.75,884,748,10.38,70.38,0,1.72,17.05.2024 09:33:53
0,163.13,870,748,10.36,70.37,0,1.48,17.05.2024 09:33:55
0,167.81,895,747,10.36,70.37,0,1.93,17.05.2024 09:33:57
0,167.63,894,747,10.38,70.38,0,1.90,17.05.2024 09:33:59
0,164.06,875,747,10.36,70.39,0,1.56,17.05.2024 09:34:01
0,167.06,891,747,10.37,70.36,0,1.85,17.05.2024 09:34:03
0,166.50,888,747,10.37,70.37,0,1.80,17.05.2024 09:34:05
0,162.19,865,747,10.40,70.38,0,1.38,17.05.2024 09:34:08
0,163.50,872,748,10.38,70.38,0,1.50,17.05.2024 09:34:10
0,165.00,880,748,10.40,70.37,0,1.64,17.05.2024 09:34:12
0,168.00,896,749,10.38,70.37,0,1.94,17.05.2024 09:34:14
0,166.69,889,749,10.37,70.37,0,1.81,17.05.2024 09:34:16
0,162.00,864,749,10.37,70.36,0,1.37,17.05.2024 09:34:18
0,163.69,873,749,10.37,70.37,0,1.53,17.05.2024 09:34:20
0,171.00,912,749,10.38,70.37,0,2.25,17.05.2024 09:34:22
0,165.38,882,749,10.40,70.38,0,1.68,17.05.2024 09:34:25
0,161.63,862,749,10.37,70.37,0,1.34,17.05.2024 09:34:27
0,167.06,891,749,10.37,70.35,0,1.85,17.05.2024 09:34:29
0,166.31,887,749,10.38,70.38,0,1.77,17.05.2024 09:34:31
0,168.19,897,749,10.36,70.38,0,1.97,17.05.2024 09:34:33
0,166.13,886,748,10.37,70.38,0,1.76,17.05.2024 09:34:35
0,168.38,898,748,10.37,70.37,0,1.98,17.05.2024 09:34:37
0,168.75,900,748,10.40,70.35,0,2.02,17.05.2024 09:34:39
0,163.69,873,747,10.38,70.39,0,1.52,17.05.2024 09:34:42
0,164.44,877,747,10.37,70.35,0,1.60,17.05.2024 09:34:44
0,164.81,879,747,10.38,70.37,0,1.63,17.05.2024 09:34:46
0,167.44,893,748,10.37,70.38,0,1.89,17.05.2024 09:34:48
0,163.88,874,748,10.37,70.36,0,1.54,17.05.2024 09:34:50
0,162.75,868,748,10.37,70.36,0,1.44,17.05.2024 09:34:52
0,165.56,883,748,10.37,70.36,0,1.71,17.05.2024 09:34:54
0,164.63,878,749,10.40,70.38,0,1.61,17.05.2024 09:34:56
0,168.19,897,749,10.38,70.34,0,1.96,17.05.2024 09:34:59
0,162.00,864,749,10.38,70.36,0,1.37,17.05.2024 09:35:01
0,164.06,875,749,10.37,70.35,0,1.56,17.05.2024 09:35:05
0,166.88,890,749,10.38,70.36,0,1.83,17.05.2024 09:35:07
0,163.88,874,749,10.37,70.36,0,1.54,17.05.2024 09:35:09
0,164.63,878,748,10.37,70.36,0,1.62,17.05.2024 09:35:11
0,162.38,866,748,10.37,70.36,0,1.40,17.05.2024 09:35:13
0,162.75,868,748,10.38,70.38,0,1.44,17.05.2024 09:35:15
0,163.50,872,747,10.36,70.32,0,1.51,17.05.2024 09:35:18
0,155.44,829,747,10.36,70.37,0,0.80,17.05.2024 09:35:20
0,164.63,878,747,10.36,70.36,0,1.62,17.05.2024 09:35:22
0,163.13,870,747,10.34,70.37,0,1.48,17.05.2024 09:35:24
0,164.06,875,747,10.37,70.37,0,1.56,17.05.2024 09:35:26
0,163.31,871,747,10.37,70.37,0,1.49,17.05.2024 09:35:28
0,162.38,866,747,10.37,70.38,0,1.40,17.05.2024 09:35:30
0,159.94,853,747,10.36,70.38,0,1.19,17.05.2024 09:35:32
0,164.25,876,747,10.37,70.36,0,1.58,17.05.2024 09:35:35
0,163.88,874,746,10.37,70.37,0,1.54,17.05.2024 09:35:37
0,164.63,878,746,10.37,70.36,0,1.62,17.05.2024 09:35:39
0,162.75,868,745,10.37,70.37,0,1.44,17.05.2024 09:35:41
0,164.25,876,745,10.37,70.36,0,1.58,17.05.2024 09:35:43
0,165.38,882,745,10.37,70.36,0,1.69,17.05.2024 09:35:45
0,166.13,886,745,10.36,70.34,0,1.76,17.05.2024 09:35:47
0,165.19,881,744,10.36,70.39,0,1.67,17.05.2024 09:35:49
0,162.38,866,744,10.36,70.39,0,1.41,17.05.2024 09:35:51
0,168.19,897,744,10.38,70.38,0,1.96,17.05.2024 09:35:54
0,167.06,891,744,10.38,70.38,0,1.85,17.05.2024 09:35:56
0,165.19,881,743,10.37,70.37,0,1.67,17.05.2024 09:35:58
0,164.06,875,742,10.37,70.37,0,1.56,17.05.2024 09:36:00
0,166.50,888,742,10.34,70.36,0,1.80,17.05.2024 09:36:02
0,167.06,891,742,10.34,70.33,0,1.86,17.05.2024 09:36:04
0,165.38,882,742,10.38,70.38,0,1.68,17.05.2024 09:36:06
0,168.00,896,742,10.37,70.36,0,1.95,17.05.2024 09:36:08
0,165.00,880,742,10.37,70.36,0,1.65,17.05.2024 09:36:11
0,164.63,878,742,10.37,70.34,0,1.62,17.05.2024 09:36:13
0,170.44,909,742,10.34,70.36,0,2.20,17.05.2024 09:36:15
0,165.19,881,742,10.37,70.36,0,1.67,17.05.2024 09:36:17
0,167.25,892,742,10.34,70.36,0,1.88,17.05.2024 09:36:19
0,165.75,884,742,10.37,70.36,0,1.72,17.05.2024 09:36:21
0,165.38,882,742,10.36,70.38,0,1.69,17.05.2024 09:36:23
0,163.31,871,742,10.37,70.36,0,1.49,17.05.2024 09:36:25
0,163.31,871,742,10.36,70.36,0,1.49,17.05.2024 09:36:28
0,167.06,891,742,10.36,70.38,0,1.85,17.05.2024 09:36:30
0,167.25,892,742,10.36,70.36,0,1.87,17.05.2024 09:36:32
0,164.81,879,742,10.36,70.35,0,1.64,17.05.2024 09:36:34
0,166.13,886,742,10.36,70.36,0,1.76,17.05.2024 09:36:36
0,170.44,909,742,10.38,70.38,0,2.19,17.05.2024 09:36:38
0,166.31,887,742,10.38,70.35,0,1.78,17.05.2024 09:36:40
0,166.88,890,742,10.37,70.36,0,1.83,17.05.2024 09:36:42
0,164.25,876,742,10.37,70.36,0,1.58,17.05.2024 09:36:45
0,164.63,878,742,10.38,70.37,0,1.61,17.05.2024 09:36:47
0,164.06,875,743,10.37,70.37,0,1.56,17.05.2024 09:36:49
0,163.88,874,743,10.40,70.35,0,1.54,17.05.2024 09:36:51
0,167.63,894,743,10.38,70.38,0,1.90,17.05.2024 09:36:53
0,167.63,894,742,10.36,70.36,0,1.91,17.05.2024 09:36:55
0,164.25,876,742,10.36,70.34,0,1.58,17.05.2024 09:36:57
0,167.81,895,741,10.36,70.35,0,1.93,17.05.2024 09:36:59
0,166.50,888,741,10.37,70.35,0,1.80,17.05.2024 09:37:02
0,164.63,878,740,10.34,70.36,0,1.62,17.05.2024 09:37:04
0,167.63,894,741,10.37,70.38,0,1.91,17.05.2024 09:37:06
0,168.19,897,740,10.38,70.37,0,1.96,17.05.2024 09:37:08
0,163.31,871,740,10.37,70.34,0,1.49,17.05.2024 09:37:10
0,166.69,889,740,10.37,70.38,0,1.81,17.05.2024 09:37:12
0,166.50,888,740,10.36,70.34,0,1.80,17.05.2024 09:37:14
0,166.31,887,740,10.37,70.36,0,1.78,17.05.2024 09:37:16
0,163.69,873,740,10.37,70.32,0,1.53,17.05.2024 09:37:19
0,162.94,869,740,10.36,70.33,0,1.46,17.05.2024 09:37:21
0,163.31,871,740,10.37,70.33,0,1.49,17.05.2024 09:37:25
0,165.19,881,739,10.38,70.36,0,1.67,17.05.2024 09:37:27
0,167.44,893,739,10.36,70.34,0,1.89,17.05.2024 09:37:29
0,164.81,879,739,10.37,70.32,0,1.64,17.05.2024 09:37:31
0,156.38,834,739,10.37,70.37,0,0.88,17.05.2024 09:37:33
0,162.38,866,739,10.36,70.33,0,1.41,17.05.2024 09:37:35
0,160.50,856,739,10.36,70.37,0,1.24,17.05.2024 09:37:37
0,169.69,905,738,10.34,70.35,0,2.13,17.05.2024 09:37:40
0,162.00,864,738,10.36,70.33,0,1.37,17.05.2024 09:37:42
0,163.31,871,738,10.36,70.36,0,1.49,17.05.2024 09:37:44
0,165.56,883,737,10.36,70.33,0,1.71,17.05.2024 09:37:46
0,163.13,870,737,10.37,70.35,0,1.47,17.05.2024 09:37:48
0,165.00,880,738,10.34,70.35,0,1.66,17.05.2024 09:37:50
0,162.75,868,738,10.36,70.33,0,1.44,17.05.2024 09:37:52
0,157.50,840,739,10.36,70.35,0,0.97,17.05.2024 09:37:54
0,164.81,879,739,10.37,70.34,0,1.63,17.05.2024 09:37:57
0,165.75,884,738,10.37,70.35,0,1.72,17.05.2024 09:37:59
0,166.88,890,738,10.37,70.36,0,1.83,17.05.2024 09:38:01
0,169.13,902,737,10.34,70.33,0,2.07,17.05.2024 09:38:03
0,166.88,890,737,10.36,70.37,0,1.84,17.05.2024 09:38:05
0,168.75,900,737,10.36,70.35,0,2.03,17.05.2024 09:38:07
0,166.50,888,736,10.34,70.35,0,1.80,17.05.2024 09:38:09
0,168.56,899,737,10.34,70.37,0,2.01,17.05.2024 09:38:11
0,169.50,904,737,10.36,70.37,0,2.10,17.05.2024 09:38:14
0,168.19,897,737,10.36,70.33,0,1.97,17.05.2024 09:38:16
0,170.25,908,737,10.36,70.33,0,2.18,17.05.2024 09:38:18
0,166.69,889,737,10.37,70.34,0,1.82,17.05.2024 09:38:20
0,165.75,884,737,10.36,70.37,0,1.73,17.05.2024 09:38:22
0,163.31,871,737,10.34,70.36,0,1.50,17.05.2024 09:38:24
0,165.56,883,737,10.37,70.36,0,1.71,17.05.2024 09:38:26
0,168.00,896,737,10.34,70.35,0,1.95,17.05.2024 09:38:28
0,168.00,896,737,10.36,70.32,0,1.95,17.05.2024 09:38:31
0,166.50,888,738,10.37,70.35,0,1.80,17.05.2024 09:38:33
0,161.25,860,737,10.36,70.34,0,1.31,17.05.2024 09:38:35
0,167.44,893,736,10.36,70.38,0,1.89,17.05.2024 09:38:37
0,166.13,886,736,10.37,70.35,0,1.76,17.05.2024 09:38:39
0,167.81,895,735,10.34,70.35,0,1.93,17.05.2024 09:38:41
0,166.13,886,736,10.36,70.36,0,1.76,17.05.2024 09:38:43
0,165.19,881,735,10.36,70.35,0,1.67,17.05.2024 09:38:45
0,164.44,877,736,10.36,70.38,0,1.60,17.05.2024 09:38:48
0,164.81,879,736,10.34,70.36,0,1.64,17.05.2024 09:38:50
0,167.44,893,736,10.36,70.33,0,1.89,17.05.2024 09:38:52
0,165.19,881,736,10.34,70.32,0,1.68,17.05.2024 09:38:54
0,166.13,886,736,10.36,70.34,0,1.76,17.05.2024 09:38:56
0,164.63,878,736,10.36,70.34,0,1.62,17.05.2024 09:38:58
0,165.38,882,736,10.34,70.35,0,1.69,17.05.2024 09:39:00
0,166.69,889,735,10.34,70.35,0,1.82,17.05.2024 09:39:02
0,162.94,869,735,10.37,70.35,0,1.46,17.05.2024 09:39:05
0,167.63,894,735,10.34,70.34,0,1.92,17.05.2024 09:39:07
0,165.00,880,736,10.34,70.35,0,1.66,17.05.2024 09:39:09
0,165.38,882,736,10.34,70.33,0,1.70,17.05.2024 09:39:11
0,167.25,892,736,10.34,70.35,0,1.88,17.05.2024 09:39:13
0,163.31,871,736,10.36,70.30,0,1.50,17.05.2024 09:39:15
0,165.19,881,736,10.37,70.32,0,1.67,17.05.2024 09:39:17
0,163.69,873,736,10.34,70.34,0,1.53,17.05.2024 09:39:19
0,163.88,874,737,10.37,70.35,0,1.54,17.05.2024 09:39:21
0,167.25,892,737,10.34,70.32,0,1.88,17.05.2024 09:39:24
0,164.63,878,738,10.33,70.35,0,1.63,17.05.2024 09:39:26
0,165.00,880,738,10.36,70.33,0,1.66,17.05.2024 09:39:28
0,165.00,880,738,10.34,70.34,0,1.66,17.05.2024 09:39:30
0,165.00,880,739,10.33,70.31,0,1.66,17.05.2024 09:39:32
0,164.44,877,738,10.36,70.32,0,1.60,17.05.2024 09:39:34
0,164.81,879,738,10.36,70.33,0,1.64,17.05.2024 09:39:36
0,164.81,879,738,10.37,70.34,0,1.63,17.05.2024 09:39:38
0,163.13,870,738,10.34,70.32,0,1.48,17.05.2024 09:39:41
0,165.94,885,739,10.37,70.34,0,1.74,17.05.2024 09:39:45
0,163.88,874,738,10.34,70.31,0,1.55,17.05.2024 09:39:47
0,163.50,872,739,10.36,70.32,0,1.51,17.05.2024 09:39:49
0,163.50,872,739,10.34,70.33,0,1.52,17.05.2024 09:39:51
0,160.88,858,740,10.34,70.35,0,1.27,17.05.2024 09:39:53
0,162.19,865,740,10.34,70.30,0,1.40,17.05.2024 09:39:55
0,163.13,870,740,10.36,70.33,0,1.48,17.05.2024 09:39:57
0,165.94,885,740,10.34,70.32,0,1.75,17.05.2024 09:40:00
0,162.19,865,740,10.34,70.33,0,1.39,17.05.2024 09:40:02
0,164.81,879,740,10.34,70.32,0,1.64,17.05.2024 09:40:04
0,164.25,876,740,10.36,70.33,0,1.58,17.05.2024 09:40:06
0,164.44,877,740,10.34,70.31,0,1.61,17.05.2024 09:40:08
0,164.44,877,740,10.34,70.31,0,1.61,17.05.2024 09:40:10
0,164.06,875,740,10.34,70.33,0,1.57,17.05.2024 09:40:12
0,165.38,882,740,10.36,70.30,0,1.69,17.05.2024 09:40:14
0,167.63,894,740,10.34,70.33,0,1.92,17.05.2024 09:40:17
0,170.44,909,740,10.33,70.31,0,2.21,17.05.2024 09:40:19
0,164.06,875,741,10.33,70.33,0,1.57,17.05.2024 09:40:21
0,168.38,898,741,10.34,70.37,0,1.99,17.05.2024 09:40:23
0,165.94,885,741,10.34,70.33,0,1.75,17.05.2024 09:40:25
0,165.75,884,741,10.36,70.35,0,1.73,17.05.2024 09:40:27
0,165.56,883,742,10.36,70.32,0,1.71,17.05.2024 09:40:29
0,164.25,876,742,10.33,70.33,0,1.59,17.05.2024 09:40:31
0,165.75,884,741,10.33,70.34,0,1.73,17.05.2024 09:40:34
0,164.06,875,742,10.34,70.32,0,1.57,17.05.2024 09:40:36
0,162.94,869,742,10.33,70.31,0,1.47,17.05.2024 09:40:38
0,167.06,891,742,10.36,70.33,0,1.86,17.05.2024 09:40:40
0,169.50,904,743,10.34,70.31,0,2.11,17.05.2024 09:40:42
0,166.31,887,743,10.33,70.32,0,1.79,17.05.2024 09:40:44
0,163.69,873,743,10.31,70.32,0,1.54,17.05.2024 09:40:46
0,166.31,887,744,10.36,70.35,0,1.78,17.05.2024 09:40:48
0,168.38,898,743,10.33,70.33,0,2.00,17.05.2024 09:40:51
0,165.19,881,744,10.36,70.33,0,1.67,17.05.2024 09:40:53
0,166.50,888,744,10.36,70.32,0,1.80,17.05.2024 09:40:55
0,164.63,878,744,10.33,70.31,0,1.63,17.05.2024 09:40:57
0,164.81,879,744,10.34,70.33,0,1.64,17.05.2024 09:40:59
0,163.13,870,743,10.33,70.32,0,1.49,17.05.2024 09:41:01
0,164.81,879,743,10.31,70.32,0,1.65,17.05.2024 09:41:03
0,165.56,883,743,10.34,70.28,0,1.72,17.05.2024 09:41:05
0,164.25,876,743,10.34,70.33,0,1.59,17.05.2024 09:41:08
0,165.75,884,743,10.34,70.34,0,1.73,17.05.2024 09:41:10
0,162.56,867,743,10.33,70.28,0,1.44,17.05.2024 09:41:12
0,165.56,883,742,10.34,70.31,0,1.71,17.05.2024 09:41:14
0,165.00,880,741,10.33,70.32,0,1.66,17.05.2024 09:41:16
0,165.00,880,741,10.33,70.37,0,1.66,17.05.2024 09:41:18
0,166.88,890,740,10.33,70.30,0,1.85,17.05.2024 09:41:20
0,164.81,879,740,10.34,70.30,0,1.64,17.05.2024 09:41:22
0,162.38,866,740,10.34,70.32,0,1.41,17.05.2024 09:41:24
0,165.00,880,740,10.36,70.33,0,1.66,17.05.2024 09:41:27
0,165.75,884,739,10.33,70.31,0,1.74,17.05.2024 09:41:29
0,163.31,871,739,10.34,70.32,0,1.50,17.05.2024 09:41:31
0,168.00,896,739,10.33,70.32,0,1.96,17.05.2024 09:41:33
0,162.75,868,740,10.34,70.31,0,1.45,17.05.2024 09:41:35
0,164.25,876,740,10.34,70.32,0,1.59,17.05.2024 09:41:37
0,168.56,899,740,10.31,70.30,0,2.02,17.05.2024 09:41:39
0,164.06,875,740,10.33,70.32,0,1.57,17.05.2024 09:41:41
0,165.38,882,740,10.33,70.32,0,1.70,17.05.2024 09:41:44
0,164.81,879,740,10.36,70.32,0,1.64,17.05.2024 09:41:46
0,169.50,904,740,10.36,70.32,0,2.10,17.05.2024 09:41:48
0,166.69,889,740,10.34,70.32,0,1.82,17.05.2024 09:41:50
0,164.25,876,740,10.31,70.30,0,1.60,17.05.2024 09:41:52
0,166.50,888,740,10.33,70.33,0,1.81,17.05.2024 09:41:54
0,167.44,893,740,10.33,70.32,0,1.90,17.05.2024 09:41:56
0,164.81,879,740,10.33,70.36,0,1.64,17.05.2024 09:41:58
0,164.06,875,740,10.33,70.32,0,1.57,17.05.2024 09:42:03
0,169.69,905,740,10.33,70.33,0,2.13,17.05.2024 09:42:05
0,163.88,874,741,10.33,70.30,0,1.56,17.05.2024 09:42:07
0,163.13,870,741,10.33,70.31,0,1.49,17.05.2024 09:42:09
0,163.50,872,741,10.34,70.30,0,1.52,17.05.2024 09:42:11
0,164.25,876,741,10.33,70.30,0,1.59,17.05.2024 09:42:13
0,164.06,875,741,10.34,70.32,0,1.57,17.05.2024 09:42:15
0,161.63,862,741,10.34,70.27,0,1.35,17.05.2024 09:42:17
0,163.50,872,741,10.31,70.31,0,1.52,17.05.2024 09:42:20
0,165.19,881,741,10.33,70.30,0,1.68,17.05.2024 09:42:22
0,161.06,859,742,10.33,70.29,0,1.30,17.05.2024 09:42:24
0,165.56,883,742,10.31,70.32,0,1.72,17.05.2024 09:42:26
0,166.13,886,742,10.33,70.32,0,1.77,17.05.2024 09:42:28
0,161.44,861,742,10.33,70.29,0,1.33,17.05.2024 09:42:30
0,164.25,876,743,10.36,70.32,0,1.59,17.05.2024 09:42:32
0,167.25,892,743,10.33,70.27,0,1.89,17.05.2024 09:42:34
0,168.94,901,743,10.33,70.30,0,2.05,17.05.2024 09:42:37
0,166.88,890,744,10.34,70.32,0,1.84,17.05.2024 09:42:39
0,165.94,885,743,10.34,70.31,0,1.75,17.05.2024 09:42:41
0,165.75,884,743,10.33,70.34,0,1.73,17.05.2024 09:42:43
0,165.94,885,743,10.31,70.32,0,1.76,17.05.2024 09:42:45
0,165.75,884,742,10.33,70.33,0,1.74,17.05.2024 09:42:47
0,168.56,899,742,10.31,70.30,0,2.02,17.05.2024 09:42:49
0,168.00,896,741,10.31,70.32,0,1.96,17.05.2024 09:42:51
0,165.94,885,742,10.31,70.33,0,1.76,17.05.2024 09:42:54
0,169.50,904,742,10.34,70.36,0,2.11,17.05.2024 09:42:56
0,169.88,906,743,10.33,70.35,0,2.15,17.05.2024 09:42:58
0,163.69,873,743,10.33,70.34,0,1.54,17.05.2024 09:43:00
0,164.44,877,742,10.33,70.33,0,1.61,17.05.2024 09:43:02
0,164.63,878,743,10.31,70.30,0,1.63,17.05.2024 09:43:04
0,165.94,885,743,10.33,70.32,0,1.75,17.05.2024 09:43:06
0,164.44,877,742,10.31,70.36,0,1.61,17.05.2024 09:43:08
0,168.19,897,742,10.33,70.32,0,1.98,17.05.2024 09:43:11
0,165.38,882,742,10.34,70.35,0,1.69,17.05.2024 09:43:13
0,165.19,881,742,10.31,70.32,0,1.68,17.05.2024 09:43:15
0,164.81,879,743,10.33,70.33,0,1.64,17.05.2024 09:43:17
0,166.50,888,742,10.33,70.33,0,1.81,17.05.2024 09:43:19
0,164.63,878,742,10.34,70.35,0,1.62,17.05.2024 09:43:21
0,164.25,876,742,10.33,70.34,0,1.59,17.05.2024 09:43:23
0,165.75,884,741,10.31,70.35,0,1.74,17.05.2024 09:43:25
0,168.19,897,742,10.33,70.35,0,1.98,17.05.2024 09:43:27
0,169.31,903,742,10.31,70.31,0,2.10,17.05.2024 09:43:30
0,167.63,894,742,10.31,70.35,0,1.92,17.05.2024 09:43:32
0,170.25,908,742,10.33,70.36,0,2.19,17.05.2024 09:43:34
0,168.56,899,742,10.33,70.37,0,2.01,17.05.2024 09:43:36
0,166.50,888,742,10.34,70.37,0,1.80,17.05.2024 09:43:38
0,168.19,897,742,10.33,70.35,0,1.98,17.05.2024 09:43:40
0,167.81,895,742,10.34,70.36,0,1.93,17.05.2024 09:43:42
0,165.00,880,742,10.33,70.37,0,1.66,17.05.2024 09:43:44
0,165.56,883,742,10.33,70.33,0,1.72,17.05.2024 09:43:47
0,166.13,886,743,10.31,70.35,0,1.77,17.05.2024 09:43:49
0,164.06,875,743,10.33,70.37,0,1.57,17.05.2024 09:43:51
0,162.75,868,743,10.31,70.35,0,1.45,17.05.2024 09:43:53
0,163.88,874,744,10.31,70.36,0,1.56,17.05.2024 09:43:55
0,163.31,871,743,10.34,70.34,0,1.50,17.05.2024 09:43:57
0,162.75,868,743,10.31,70.36,0,1.45,17.05.2024 09:43:59
0,165.56,883,743,10.31,70.35,0,1.72,17.05.2024 09:44:01
0,166.69,889,743,10.30,70.34,0,1.83,17.05.2024 09:44:04
0,163.88,874,744,10.33,70.35,0,1.55,17.05.2024 09:44:06
0,166.69,889,744,10.33,70.35,0,1.83,17.05.2024 09:44:08
0,164.25,876,744,10.33,70.36,0,1.59,17.05.2024 09:44:10
0,163.88,874,744,10.33,70.37,0,1.55,17.05.2024 09:44:12
0,163.69,873,744,10.31,70.39,0,1.54,17.05.2024 09:44:14
0,165.19,881,744,10.31,70.35,0,1.68,17.05.2024 09:44:16
0,164.25,876,744,10.31,70.35,0,1.59,17.05.2024 09:44:18
0,164.06,875,744,10.33,70.37,0,1.57,17.05.2024 09:44:23
0,165.19,881,745,10.31,70.33,0,1.68,17.05.2024 09:44:25
0,163.31,871,745,10.31,70.37,0,1.50,17.05.2024 09:44:27
0,163.69,873,745,10.31,70.35,0,1.54,17.05.2024 09:44:29
0,162.75,868,745,10.33,70.36,0,1.45,17.05.2024 09:44:31
0,162.75,868,745,10.31,70.37,0,1.45,17.05.2024 09:44:33
0,162.56,867,745,10.30,70.39,0,1.44,17.05.2024 09:44:35
0,162.56,867,745,10.33,70.39,0,1.43,17.05.2024 09:44:37
0,164.81,879,745,10.33,70.35,0,1.64,17.05.2024 09:44:40
0,165.56,883,745,10.31,70.38,0,1.72,17.05.2024 09:44:42
0,161.44,861,745,10.33,70.37,0,1.33,17.05.2024 09:44:44
0,165.38,882,745,10.31,70.35,0,1.70,17.05.2024 09:44:46
0,163.31,871,745,10.31,70.39,0,1.50,17.05.2024 09:44:48
0,165.19,881,745,10.31,70.38,0,1.68,17.05.2024 09:44:50
0,164.63,878,745,10.31,70.38,0,1.63,17.05.2024 09:44:52
0,165.38,882,745,10.33,70.39,0,1.70,17.05.2024 09:44:54
0,165.94,885,745,10.34,70.40,0,1.75,17.05.2024 09:44:57
0,166.50,888,744,10.31,70.39,0,1.81,17.05.2024 09:44:59
0,170.06,907,744,10.31,70.37,0,2.17,17.05.2024 09:45:01
0,164.44,877,744,10.31,70.41,0,1.61,17.05.2024 09:45:03
0,167.25,892,743,10.33,70.39,0,1.88,17.05.2024 09:45:05
0,162.94,869,743,10.30,70.40,0,1.47,17.05.2024 09:45:07
0,163.88,874,743,10.31,70.42,0,1.55,17.05.2024 09:45:09
0,168.19,897,743,10.31,70.37,0,1.98,17.05.2024 09:45:11
0,163.50,872,743,10.31,70.38,0,1.52,17.05.2024 09:45:14
0,164.44,877,743,10.33,70.39,0,1.61,17.05.2024 09:45:16
0,165.00,880,743,10.31,70.41,0,1.66,17.05.2024 09:45:18
0,165.56,883,744,10.31,70.40,0,1.72,17.05.2024 09:45:20
0,167.44,893,743,10.30,70.38,0,1.91,17.05.2024 09:45:22
0,167.06,891,743,10.33,70.41,0,1.86,17.05.2024 09:45:24
0,165.94,885,743,10.31,70.38,0,1.75,17.05.2024 09:45:26
0,167.06,891,744,10.31,70.39,0,1.86,17.05.2024 09:45:28
0,167.06,891,744,10.30,70.40,0,1.87,17.05.2024 09:45:30
0,171.56,915,744,10.30,70.38,0,2.33,17.05.2024 09:45:33
0,163.88,874,744,10.31,70.42,0,1.55,17.05.2024 09:45:35
0,170.44,909,744,10.30,70.40,0,2.21,17.05.2024 09:45:37
0,166.69,889,744,10.33,70.39,0,1.82,17.05.2024 09:45:39
0,163.31,871,744,10.28,70.41,0,1.51,17.05.2024 09:45:41
0,163.13,870,743,10.34,70.42,0,1.48,17.05.2024 09:45:43
0,163.31,871,743,10.34,70.40,0,1.50,17.05.2024 09:45:45
0,168.56,899,743,10.30,70.38,0,2.02,17.05.2024 09:45:47
0,164.63,878,743,10.30,70.43,0,1.63,17.05.2024 09:45:50
0,169.50,904,743,10.31,70.41,0,2.11,17.05.2024 09:45:52
0,164.63,878,743,10.31,70.39,0,1.63,17.05.2024 09:45:54
0,165.94,885,744,10.31,70.42,0,1.75,17.05.2024 09:45:56
0,168.38,898,744,10.31,70.43,0,1.99,17.05.2024 09:45:58
0,165.94,885,745,10.31,70.42,0,1.75,17.05.2024 09:46:00
0,168.56,899,745,10.31,70.43,0,2.01,17.05.2024 09:46:02
0,166.50,888,745,10.33,70.41,0,1.80,17.05.2024 09:46:04
0,165.19,881,745,10.31,70.41,0,1.68,17.05.2024 09:46:07
0,162.56,867,746,10.31,70.40,0,1.43,17.05.2024 09:46:09
0,167.63,894,746,10.31,70.42,0,1.92,17.05.2024 09:46:11
0,165.00,880,746,10.31,70.43,0,1.66,17.05.2024 09:46:13
0,165.38,882,747,10.31,70.43,0,1.70,17.05.2024 09:46:15
0,167.06,891,747,10.33,70.43,0,1.86,17.05.2024 09:46:17
0,166.31,887,747,10.30,70.37,0,1.80,17.05.2024 09:46:19
0,168.19,897,747,10.31,70.42,0,1.98,17.05.2024 09:46:21
0,167.63,894,747,10.33,70.39,0,1.92,17.05.2024 09:46:24
0,165.94,885,747,10.31,70.40,0,1.75,17.05.2024 09:46:26
0,167.25,892,748,10.30,70.39,0,1.89,17.05.2024 09:46:28
0,166.31,887,748,10.31,70.38,0,1.79,17.05.2024 09:46:30
0,165.38,882,748,10.31,70.40,0,1.70,17.05.2024 09:46:32
0,166.31,887,748,10.31,70.45,0,1.79,17.05.2024 09:46:34
0,166.31,887,748,10.33,70.40,0,1.79,17.05.2024 09:46:36
0,164.06,875,747,10.33,70.42,0,1.57,17.05.2024 09:46:38
0,166.50,888,748,10.34,70.41,0,1.80,17.05.2024 09:46:43
0,163.88,874,748,10.33,70.42,0,1.55,17.05.2024 09:46:45
0,163.13,870,748,10.31,70.40,0,1.48,17.05.2024 09:46:47
0,161.81,863,748,10.31,70.43,0,1.36,17.05.2024 09:46:49
0,162.38,866,749,10.31,70.43,0,1.41,17.05.2024 09:46:51
0,161.06,859,749,10.33,70.43,0,1.29,17.05.2024 09:46:53
0,165.94,885,749,10.31,70.41,0,1.75,17.05.2024 09:46:55
0,162.94,869,749,10.30,70.41,0,1.47,17.05.2024 09:46:57
0,160.88,858,749,10.28,70.39,0,1.28,17.05.2024 09:47:00
0,162.75,868,749,10.31,70.40,0,1.45,17.05.2024 09:47:02
0,162.19,865,749,10.30,70.38,0,1.40,17.05.2024 09:47:04
0,163.50,872,750,10.33,70.41,0,1.52,17.05.2024 09:47:06
0,164.81,879,750,10.31,70.41,0,1.64,17.05.2024 09:47:08
0,165.00,880,750,10.31,70.41,0,1.66,17.05.2024 09:47:10
0,167.81,895,750,10.30,70.39,0,1.94,17.05.2024 09:47:12
0,168.75,900,750,10.31,70.41,0,2.03,17.05.2024 09:47:14
0,168.38,898,750,10.31,70.41,0,2.00,17.05.2024 09:47:17
0,166.13,886,749,10.31,70.41,0,1.77,17.05.2024 09:47:19
0,169.13,902,750,10.30,70.39,0,2.08,17.05.2024 09:47:21
0,165.94,885,749,10.30,70.42,0,1.76,17.05.2024 09:47:23
0,164.81,879,750,10.30,70.39,0,1.65,17.05.2024 09:47:25
0,166.88,890,749,10.27,70.42,0,1.86,17.05.2024 09:47:27
0,166.88,890,750,10.31,70.41,0,1.84,17.05.2024 09:47:29
0,165.94,885,750,10.28,70.42,0,1.76,17.05.2024 09:47:31
0,165.75,884,750,10.30,70.42,0,1.74,17.05.2024 09:47:33
0,168.38,898,750,10.31,70.42,0,1.99,17.05.2024 09:47:36
0,168.38,898,750,10.30,70.38,0,2.00,17.05.2024 09:47:38
0,165.75,884,749,10.30,70.38,0,1.74,17.05.2024 09:47:40
0,167.44,893,749,10.30,70.42,0,1.90,17.05.2024 09:47:42
0,164.25,876,750,10.30,70.41,0,1.59,17.05.2024 09:47:44
0,163.69,873,750,10.31,70.40,0,1.54,17.05.2024 09:47:46
0,165.19,881,749,10.31,70.41,0,1.68,17.05.2024 09:47:48
0,167.81,895,750,10.31,70.42,0,1.94,17.05.2024 09:47:50
0,169.13,902,750,10.30,70.41,0,2.08,17.05.2024 09:47:53
0,168.19,897,749,10.31,70.40,0,1.98,17.05.2024 09:47:55
0,168.56,899,750,10.31,70.42,0,2.01,17.05.2024 09:47:57
0,166.31,887,749,10.30,70.41,0,1.79,17.05.2024 09:47:59
0,163.69,873,749,10.28,70.41,0,1.54,17.05.2024 09:48:01
0,168.94,901,749,10.28,70.43,0,2.06,17.05.2024 09:48:03
0,168.00,896,749,10.30,70.39,0,1.96,17.05.2024 09:48:05
0,167.06,891,749,10.30,70.43,0,1.87,17.05.2024 09:48:07
0,166.88,890,749,10.30,70.38,0,1.85,17.05.2024 09:48:10
0,163.13,870,749,10.31,70.40,0,1.48,17.05.2024 09:48:12
0,166.50,888,750,10.30,70.41,0,1.81,17.05.2024 09:48:14
0,164.25,876,750,10.31,70.42,0,1.59,17.05.2024 09:48:16
0,164.25,876,749,10.30,70.41,0,1.59,17.05.2024 09:48:18
0,165.94,885,749,10.30,70.43,0,1.76,17.05.2024 09:48:20
0,168.19,897,749,10.31,70.41,0,1.98,17.05.2024 09:48:22
0,166.13,886,749,10.30,70.40,0,1.78,17.05.2024 09:48:24
0,163.50,872,749,10.30,70.42,0,1.52,17.05.2024 09:48:27
0,164.25,876,749,10.30,70.37,0,1.60,17.05.2024 09:48:29
0,162.56,867,750,10.31,70.40,0,1.43,17.05.2024 09:48:31
0,167.25,892,750,10.31,70.43,0,1.88,17.05.2024 09:48:33
0,165.19,881,750,10.31,70.38,0,1.68,17.05.2024 09:48:35
0,161.44,861,750,10.30,70.38,0,1.33,17.05.2024 09:48:37
0,166.88,890,750,10.28,70.39,0,1.85,17.05.2024 09:48:39
0,166.88,890,750,10.30,70.40,0,1.85,17.05.2024 09:48:41
0,167.63,894,749,10.31,70.40,0,1.92,17.05.2024 09:48:44
0,166.88,890,749,10.30,70.41,0,1.85,17.05.2024 09:48:46
0,166.50,888,749,10.30,70.39,0,1.81,17.05.2024 09:48:48
0,164.44,877,748,10.28,70.39,0,1.62,17.05.2024 09:48:50
0,166.50,888,748,10.28,70.39,0,1.82,17.05.2024 09:48:52
0,164.44,877,748,10.31,70.35,0,1.61,17.05.2024 09:48:56
0,165.75,884,747,10.30,70.40,0,1.74,17.05.2024 09:48:58
0,165.75,884,747,10.27,70.37,0,1.75,17.05.2024 09:49:00
0,164.81,879,747,10.30,70.39,0,1.65,17.05.2024 09:49:03
0,163.69,873,747,10.31,70.39,0,1.54,17.05.2024 09:49:05
0,159.56,851,747,10.33,70.38,0,1.16,17.05.2024 09:49:07
0,164.44,877,746,10.30,70.40,0,1.61,17.05.2024 09:49:09
0,163.69,873,746,10.31,70.37,0,1.54,17.05.2024 09:49:11
0,162.00,864,747,10.30,70.39,0,1.38,17.05.2024 09:49:13
0,164.06,875,747,10.30,70.39,0,1.58,17.05.2024 09:49:15
0,161.63,862,747,10.30,70.40,0,1.35,17.05.2024 09:49:17
0,163.88,874,747,10.30,70.39,0,1.56,17.05.2024 09:49:20
0,164.63,878,747,10.30,70.39,0,1.63,17.05.2024 09:49:22
0,163.69,873,747,10.31,70.41,0,1.54,17.05.2024 09:49:24
0,162.75,868,747,10.30,70.37,0,1.45,17.05.2024 09:49:26
0,166.13,886,746,10.31,70.41,0,1.77,17.05.2024 09:49:28
0,165.00,880,746,10.31,70.41,0,1.66,17.05.2024 09:49:30
0,165.75,884,747,10.30,70.36,0,1.74,17.05.2024 09:49:32
0,168.19,897,747,10.31,70.40,0,1.98,17.05.2024 09:49:34
0,164.63,878,747,10.27,70.38,0,1.64,17.05.2024 09:49:36
0,167.06,891,747,10.30,70.39,0,1.87,17.05.2024 09:49:39
0,166.88,890,747,10.27,70.39,0,1.86,17.05.2024 09:49:41
0,166.13,886,747,10.28,70.36,0,1.78,17.05.2024 09:49:43
0,166.50,888,747,10.33,70.39,0,1.81,17.05.2024 09:49:45
0,164.06,875,747,10.30,70.39,0,1.58,17.05.2024 09:49:47
0,167.44,893,747,10.30,70.39,0,1.91,17.05.2024 09:49:49
0,163.69,873,746,10.30,70.38,0,1.54,17.05.2024 09:49:51
0,165.94,885,746,10.30,70.37,0,1.76,17.05.2024 09:49:53
0,164.81,879,745,10.27,70.36,0,1.66,17.05.2024 09:49:56
0,163.69,873,745,10.28,70.38,0,1.54,17.05.2024 09:49:58
0,166.88,890,746,10.30,70.40,0,1.85,17.05.2024 09:50:00
0,167.44,893,746,10.30,70.40,0,1.91,17.05.2024 09:50:02
0,168.00,896,745,10.28,70.38,0,1.97,17.05.2024 09:50:04
0,164.63,878,745,10.28,70.36,0,1.64,17.05.2024 09:50:06
0,169.31,903,744,10.30,70.37,0,2.10,17.05.2024 09:50:08
0,165.00,880,744,10.30,70.35,0,1.67,17.05.2024 09:50:10
0,168.75,900,744,10.27,70.40,0,2.04,17.05.2024 09:50:13
0,166.50,888,744,10.28,70.38,0,1.82,17.05.2024 09:50:15
0,164.25,876,743,10.30,70.39,0,1.60,17.05.2024 09:50:17
0,164.44,877,743,10.31,70.40,0,1.61,17.05.2024 09:50:19
0,164.63,878,743,10.31,70.37,0,1.63,17.05.2024 09:50:21
0,165.56,883,742,10.27,70.40,0,1.73,17.05.2024 09:50:23
0,163.88,874,742,10.28,70.38,0,1.56,17.05.2024 09:50:25
0,168.38,898,742,10.30,70.39,0,2.00,17.05.2024 09:50:27
0,165.00,880,742,10.30,70.39,0,1.67,17.05.2024 09:50:30
0,164.06,875,742,10.28,70.38,0,1.58,17.05.2024 09:50:32
0,163.50,872,741,10.30,70.37,0,1.52,17.05.2024 09:50:34
0,164.44,877,741,10.28,70.37,0,1.62,17.05.2024 09:50:36
0,165.56,883,741,10.27,70.39,0,1.73,17.05.2024 09:50:38
0,166.50,888,741,10.28,70.36,0,1.82,17.05.2024 09:50:40
0,165.19,881,742,10.30,70.37,0,1.69,17.05.2024 09:50:42
0,165.00,880,742,10.30,70.36,0,1.67,17.05.2024 09:50:44
0,163.13,870,742,10.27,70.38,0,1.50,17.05.2024 09:50:47
0,164.63,878,742,10.30,70.37,0,1.63,17.05.2024 09:50:49
0,165.19,881,742,10.27,70.36,0,1.69,17.05.2024 09:50:51
0,166.31,887,743,10.27,70.37,0,1.80,17.05.2024 09:50:53
0,164.44,877,743,10.28,70.37,0,1.62,17.05.2024 09:50:55
0,164.25,876,743,10.30,70.37,0,1.60,17.05.2024 09:50:57
0,164.81,879,743,10.30,70.35,0,1.65,17.05.2024 09:50:59
0,168.56,899,743,10.26,70.36,0,2.03,17.05.2024 09:51:01
0,165.56,883,743,10.28,70.35,0,1.73,17.05.2024 09:51:04
0,164.81,879,743,10.27,70.34,0,1.66,17.05.2024 09:51:06
0,159.38,850,743,10.27,70.34,0,1.16,17.05.2024 09:51:08
0,167.44,893,743,10.28,70.38,0,1.91,17.05.2024 09:51:10
0,162.94,869,743,10.28,70.38,0,1.47,17.05.2024 09:51:12
0,163.50,872,743,10.30,70.33,0,1.53,17.05.2024 09:51:16
0,165.19,881,743,10.30,70.36,0,1.69,17.05.2024 09:51:18
0,163.13,870,743,10.31,70.37,0,1.49,17.05.2024 09:51:20
0,164.63,878,743,10.30,70.36,0,1.63,17.05.2024 09:51:23
0,162.38,866,743,10.30,70.35,0,1.42,17.05.2024 09:51:25
0,159.19,849,743,10.30,70.36,0,1.13,17.05.2024 09:51:27
0,170.44,909,743,10.30,70.33,0,2.22,17.05.2024 09:51:29
0,160.88,858,744,10.28,70.35,0,1.29,17.05.2024 09:51:31
0,162.56,867,744,10.30,70.34,0,1.44,17.05.2024 09:51:33
0,165.56,883,744,10.31,70.37,0,1.72,17.05.2024 09:51:35
0,164.44,877,744,10.28,70.35,0,1.62,17.05.2024 09:51:37
0,165.19,881,745,10.28,70.36,0,1.69,17.05.2024 09:51:39
0,164.06,875,745,10.30,70.35,0,1.58,17.05.2024 09:51:42
0,164.25,876,745,10.30,70.36,0,1.60,17.05.2024 09:51:44
0,158.81,847,746,10.30,70.37,0,1.10,17.05.2024 09:51:46
0,163.31,871,746,10.28,70.36,0,1.51,17.05.2024 09:51:48
0,167.25,892,746,10.28,70.35,0,1.89,17.05.2024 09:51:50
0,165.56,883,746,10.28,70.37,0,1.73,17.05.2024 09:51:52
0,166.69,889,747,10.30,70.35,0,1.83,17.05.2024 09:51:54
0,166.50,888,747,10.28,70.33,0,1.82,17.05.2024 09:51:56
0,166.50,888,747,10.27,70.36,0,1.82,17.05.2024 09:51:59
0,166.50,888,747,10.28,70.34,0,1.82,17.05.2024 09:52:01
0,165.75,884,747,10.28,70.36,0,1.74,17.05.2024 09:52:03
0,163.69,873,747,10.28,70.35,0,1.55,17.05.2024 09:52:05
0,164.25,876,747,10.28,70.33,0,1.60,17.05.2024 09:52:07
0,165.56,883,747,10.30,70.36,0,1.72,17.05.2024 09:52:09
0,168.19,897,747,10.27,70.36,0,1.99,17.05.2024 09:52:11
0,165.56,883,747,10.28,70.34,0,1.73,17.05.2024 09:52:13
0,167.81,895,747,10.28,70.35,0,1.95,17.05.2024 09:52:16
0,166.50,888,747,10.31,70.35,0,1.81,17.05.2024 09:52:18
0,165.94,885,747,10.28,70.36,0,1.76,17.05.2024 09:52:20
0,165.56,883,748,10.26,70.33,0,1.73,17.05.2024 09:52:22
0,170.63,910,747,10.27,70.33,0,2.24,17.05.2024 09:52:24
0,164.06,875,748,10.30,70.35,0,1.58,17.05.2024 09:52:26
0,167.44,893,748,10.28,70.33,0,1.91,17.05.2024 09:52:28
0,167.25,892,748,10.28,70.35,0,1.89,17.05.2024 09:52:30
0,163.13,870,748,10.30,70.37,0,1.49,17.05.2024 09:52:33
0,165.19,881,748,10.28,70.34,0,1.69,17.05.2024 09:52:35
0,166.50,888,749,10.27,70.36,0,1.82,17.05.2024 09:52:37
0,168.00,896,749,10.28,70.35,0,1.97,17.05.2024 09:52:39
0,165.00,880,749,10.27,70.35,0,1.68,17.05.2024 09:52:41
0,163.88,874,748,10.28,70.33,0,1.57,17.05.2024 09:52:43
0,168.19,897,747,10.27,70.34,0,1.99,17.05.2024 09:52:45
0,165.75,884,747,10.31,70.36,0,1.74,17.05.2024 09:52:47
0,168.75,900,747,10.28,70.37,0,2.04,17.05.2024 09:52:50
0,165.75,884,746,10.28,70.30,0,1.75,17.05.2024 09:52:52
0,164.25,876,745,10.27,70.33,0,1.60,17.05.2024 09:52:54
0,168.38,898,745,10.27,70.34,0,2.01,17.05.2024 09:52:56
0,167.44,893,745,10.30,70.33,0,1.91,17.05.2024 09:52:58
0,163.31,871,745,10.28,70.36,0,1.51,17.05.2024 09:53:00
0,164.44,877,746,10.26,70.36,0,1.62,17.05.2024 09:53:02
0,164.44,877,746,10.28,70.34,0,1.62,17.05.2024 09:53:04
0,165.56,883,746,10.30,70.31,0,1.73,17.05.2024 09:53:07
0,162.75,868,746,10.30,70.34,0,1.46,17.05.2024 09:53:09
0,168.19,897,747,10.31,70.33,0,1.98,17.05.2024 09:53:11
0,167.25,892,747,10.27,70.31,0,1.90,17.05.2024 09:53:13
0,165.00,880,748,10.28,70.31,0,1.67,17.05.2024 09:53:15
0,165.75,884,747,10.28,70.34,0,1.75,17.05.2024 09:53:17
0,165.19,881,748,10.30,70.34,0,1.69,17.05.2024 09:53:19
0,164.63,878,749,10.28,70.33,0,1.64,17.05.2024 09:53:21
0,162.38,866,750,10.27,70.33,0,1.43,17.05.2024 09:53:23
0,166.13,886,750,10.27,70.34,0,1.79,17.05.2024 09:53:26
0,163.31,871,750,10.27,70.32,0,1.52,17.05.2024 09:53:28
0,165.94,885,750,10.28,70.34,0,1.76,17.05.2024 09:53:30
0,164.06,875,751,10.27,70.33,0,1.59,17.05.2024 09:53:32
0,165.38,882,751,10.28,70.35,0,1.71,17.05.2024 09:53:36
0,167.44,893,751,10.28,70.33,0,1.91,17.05.2024 09:53:38
0,166.88,890,751,10.28,70.34,0,1.86,17.05.2024 09:53:40
0,168.56,899,751,10.30,70.33,0,2.02,17.05.2024 09:53:42
0,166.31,887,751,10.28,70.33,0,1.80,17.05.2024 09:53:45
0,171.56,915,751,10.31,70.33,0,2.33,17.05.2024 09:53:47
0,173.44,925,751,10.28,70.36,0,2.54,17.05.2024 09:53:49
0,170.63,910,751,10.27,70.30,0,2.24,17.05.2024 09:53:51
0,177.19,945,750,10.27,70.34,0,2.96,17.05.2024 09:53:53
0,174.94,933,750,10.28,70.32,0,2.71,17.05.2024 09:53:55
0,181.31,967,749,10.28,70.33,0,3.45,17.05.2024 09:53:57
0,183.38,978,749,10.27,70.35,0,3.71,17.05.2024 09:53:59
0,188.25,1004,749,10.28,70.32,0,4.34,17.05.2024 09:54:02
0,189.56,1011,749,10.28,70.33,0,4.52,17.05.2024 09:54:04
0,191.25,1020,749,10.28,70.36,0,4.75,17.05.2024 09:54:06
0,194.81,1039,749,10.28,70.33,0,5.26,17.05.2024 09:54:08
0,200.44,1069,749,10.28,70.35,0,6.11,17.05.2024 09:54:10
0,205.69,1097,748,10.27,70.35,0,6.97,17.05.2024 09:54:12
0,206.44,1101,749,10.28,70.37,0,7.09,17.05.2024 09:54:14
0,210.75,1124,748,10.27,70.37,0,7.85,17.05.2024 09:54:16
0,213.94,1141,749,10.27,70.35,0,8.43,17.05.2024 09:54:19
0,215.63,1150,749,10.26,70.40,0,8.75,17.05.2024 09:54:21
0,217.69,1161,750,10.28,70.34,0,9.14,17.05.2024 09:54:23
0,219.19,1169,750,10.30,70.37,0,9.42,17.05.2024 09:54:25
0,221.44,1181,750,10.27,70.36,0,9.89,17.05.2024 09:54:27
0,220.69,1177,750,10.28,70.38,0,9.72,17.05.2024 09:54:29
0,224.63,1198,750,10.27,70.36,0,10.54,17.05.2024 09:54:31
0,226.13,1206,750,10.28,70.37,0,10.85,17.05.2024 09:54:33
0,225.19,1201,750,10.30,70.38,0,10.64,17.05.2024 09:54:36
0,230.81,1231,750,10.28,70.37,0,11.88,17.05.2024 09:54:38
0,229.31,1223,750,10.30,70.36,0,11.54,17.05.2024 09:54:40
0,234.19,1249,750,10.27,70.36,0,12.67,17.05.2024 09:54:42
0,229.50,1224,749,10.28,70.38,0,11.59,17.05.2024 09:54:44
0,233.06,1243,749,10.30,70.39,0,12.38,17.05.2024 09:54:46
0,239.25,1276,750,10.30,70.36,0,13.87,17.05.2024 09:54:48
0,236.81,1263,749,10.27,70.37,0,13.29,17.05.2024 09:54:50
0,240.94,1285,749,10.28,70.38,0,14.29,17.05.2024 09:54:53
0,240.38,1282,749,10.28,70.38,0,14.15,17.05.2024 09:54:55
0,239.81,1279,749,10.27,70.40,0,14.02,17.05.2024 09:54:57
0,240.56,1283,749,10.28,70.38,0,14.20,17.05.2024 09:54:59
0,242.81,1295,748,10.28,70.39,0,14.77,17.05.2024 09:55:01
0,241.50,1288,748,10.31,70.38,0,14.41,17.05.2024 09:55:03
0,241.13,1286,748,10.27,70.40,0,14.35,17.05.2024 09:55:05
0,243.94,1301,748,10.28,70.38,0,15.06,17.05.2024 09:55:07
0,241.13,1286,747,10.26,70.38,0,14.36,17.05.2024 09:55:10
0,241.50,1288,746,10.27,70.39,0,14.44,17.05.2024 09:55:12
0,245.81,1311,746,10.27,70.41,0,15.56,17.05.2024 09:55:14
0,246.75,1316,747,10.24,70.36,0,15.85,17.05.2024 09:55:16
0,240.19,1281,746,10.26,70.38,0,14.13,17.05.2024 09:55:18
0,242.25,1292,746,10.27,70.39,0,14.64,17.05.2024 09:55:20
0,243.94,1301,747,10.26,70.38,0,15.08,17.05.2024 09:55:22
0,245.81,1311,746,10.27,70.39,0,15.56,17.05.2024 09:55:24
0,246.94,1317,746,10.30,70.41,0,15.83,17.05.2024 09:55:27
0,246.38,1314,745,10.26,70.41,0,15.72,17.05.2024 09:55:29
0,246.75,1316,745,10.28,70.42,0,15.79,17.05.2024 09:55:31
0,244.31,1303,744,10.26,70.40,0,15.18,17.05.2024 09:55:33
0,241.13,1286,744,10.27,70.41,0,14.35,17.05.2024 09:55:35
0,246.00,1312,744,10.28,70.38,0,15.60,17.05.2024 09:55:37
0,244.69,1305,745,10.26,70.39,0,15.28,17.05.2024 09:55:39
0,246.38,1314,744,10.28,70.39,0,15.70,17.05.2024 09:55:41
0,243.56,1299,744,10.28,70.40,0,14.96,17.05.2024 09:55:43
0,244.88,1306,744,10.28,70.39,0,15.30,17.05.2024 09:55:46
0,243.56,1299,745,10.28,70.38,0,14.96,17.05.2024 09:55:48
0,240.94,1285,745,10.30,70.39,0,14.28,17.05.2024 09:55:50
0,243.75,1300,745,10.30,70.38,0,15.00,17.05.2024 09:55:52
0,243.00,1296,745,10.27,70.35,0,14.84,17.05.2024 09:55:54
0,246.56,1315,745,10.26,70.40,0,15.77,17.05.2024 09:55:58
0,245.44,1309,745,10.27,70.41,0,15.46,17.05.2024 09:56:00
0,247.31,1319,745,10.28,70.41,0,15.95,17.05.2024 09:56:02
0,246.19,1313,745,10.26,70.37,0,15.68,17.05.2024 09:56:05
0,243.56,1299,745,10.28,70.38,0,14.96,17.05.2024 09:56:07
0,243.19,1297,745,10.26,70.40,0,14.89,17.05.2024 09:56:09
0,242.81,1295,745,10.26,70.39,0,14.79,17.05.2024 09:56:11
0,243.56,1299,745,10.27,70.42,0,14.97,17.05.2024 09:56:13
0,242.06,1291,745,10.26,70.39,0,14.60,17.05.2024 09:56:15
0,241.50,1288,744,10.26,70.40,0,14.46,17.05.2024 09:56:17
0,244.69,1305,744,10.30,70.41,0,15.24,17.05.2024 09:56:19
0,243.75,1300,744,10.26,70.40,0,15.03,17.05.2024 09:56:22
0,243.94,1301,744,10.27,70.37,0,15.07,17.05.2024 09:56:24
0,241.69,1289,744,10.28,70.39,0,14.48,17.05.2024 09:56:26
0,246.38,1314,744,10.27,70.39,0,15.71,17.05.2024 09:56:28
0,247.69,1321,745,10.28,70.42,0,16.05,17.05.2024 09:56:30
0,248.63,1326,745,10.28,70.39,0,16.31,17.05.2024 09:56:32
0,247.13,1318,745,10.27,70.39,0,15.91,17.05.2024 09:56:34
0,248.44,1325,746,10.26,70.43,0,16.27,17.05.2024 09:56:36
0,250.31,1335,746,10.26,70.42,0,16.79,17.05.2024 09:56:39
0,246.19,1313,746,10.28,70.40,0,15.65,17.05.2024 09:56:41
0,248.81,1327,746,10.27,70.42,0,16.36,17.05.2024 09:56:43
0,246.94,1317,746,10.27,70.42,0,15.86,17.05.2024 09:56:45
0,250.31,1335,746,10.27,70.40,0,16.78,17.05.2024 09:56:47
0,250.13,1334,746,10.27,70.44,0,16.72,17.05.2024 09:56:49
0,248.81,1327,746,10.26,70.42,0,16.38,17.05.2024 09:56:51
0,246.56,1315,745,10.27,70.40,0,15.76,17.05.2024 09:56:53
0,251.44,1341,746,10.27,70.43,0,17.09,17.05.2024 09:56:56
0,246.19,1313,745,10.24,70.41,0,15.68,17.05.2024 09:56:58
0,252.56,1347,746,10.26,70.43,0,17.42,17.05.2024 09:57:00
0,249.00,1328,746,10.27,70.42,0,16.42,17.05.2024 09:57:02
0,251.06,1339,746,10.27,70.41,0,16.99,17.05.2024 09:57:04
0,246.38,1314,746,10.26,70.37,0,15.73,17.05.2024 09:57:06
0,248.81,1327,747,10.26,70.45,0,16.37,17.05.2024 09:57:08
0,250.31,1335,747,10.28,70.41,0,16.77,17.05.2024 09:57:10
0,247.88,1322,747,10.27,70.44,0,16.10,17.05.2024 09:57:13
0,250.31,1335,748,10.28,70.42,0,16.76,17.05.2024 09:57:15
0,247.88,1322,749,10.27,70.41,0,16.11,17.05.2024 09:57:17
0,250.69,1337,749,10.27,70.43,0,16.88,17.05.2024 09:57:19
0,249.19,1329,749,10.27,70.43,0,16.47,17.05.2024 09:57:21
0,248.44,1325,749,10.28,70.42,0,16.25,17.05.2024 09:57:23
0,248.81,1327,750,10.27,70.43,0,16.36,17.05.2024 09:57:25
0,250.69,1337,750,10.27,70.40,0,16.89,17.05.2024 09:57:27
0,250.13,1334,750,10.27,70.41,0,16.73,17.05.2024 09:57:29
0,250.50,1336,750,10.28,70.39,0,16.82,17.05.2024 09:57:32
0,249.38,1330,750,10.26,70.44,0,16.53,17.05.2024 09:57:34
0,251.63,1342,750,10.26,70.41,0,17.16,17.05.2024 09:57:36
0,248.81,1327,751,10.28,70.41,0,16.35,17.05.2024 09:57:38
0,251.25,1340,751,10.26,70.43,0,17.05,17.05.2024 09:57:40
0,249.38,1330,751,10.28,70.42,0,16.51,17.05.2024 09:57:42
0,250.69,1337,751,10.28,70.42,0,16.87,17.05.2024 09:57:44
0,247.31,1319,751,10.27,70.40,0,15.96,17.05.2024 09:57:46
0,248.63,1326,751,10.27,70.39,0,16.32,17.05.2024 09:57:49
0,250.69,1337,752,10.27,70.39,0,16.89,17.05.2024 09:57:51
0,252.94,1349,751,10.27,70.39,0,17.52,17.05.2024 09:57:53
0,251.25,1340,751,10.27,70.41,0,17.04,17.05.2024 09:57:55
0,247.69,1321,750,10.27,70.44,0,16.05,17.05.2024 09:57:57
0,251.44,1341,750,10.28,70.43,0,17.08,17.05.2024 09:57:59
0,250.88,1338,750,10.27,70.41,0,16.94,17.05.2024 09:58:01
0,250.50,1336,750,10.26,70.43,0,16.84,17.05.2024 09:58:03
0,248.25,1324,751,10.27,70.42,0,16.21,17.05.2024 09:58:06
0,248.63,1326,751,10.28,70.44,0,16.29,17.05.2024 09:58:08
0,251.06,1339,751,10.28,70.42,0,16.97,17.05.2024 09:58:10
0,252.56,1347,752,10.27,70.44,0,17.41,17.05.2024 09:58:12
0,249.38,1330,752,10.24,70.40,0,16.55,17.05.2024 09:58:16
0,247.69,1321,752,10.30,70.42,0,16.03,17.05.2024 09:58:18
0,249.75,1332,752,10.26,70.42,0,16.64,17.05.2024 09:58:20
0,244.13,1302,752,10.24,70.40,0,15.15,17.05.2024 09:58:22
0,245.06,1307,751,10.28,70.39,0,15.35,17.05.2024 09:58:25
0,248.63,1326,751,10.26,70.41,0,16.33,17.05.2024 09:58:27
0,246.00,1312,752,10.27,70.38,0,15.61,17.05.2024 09:58:29
0,249.00,1328,752,10.26,70.37,0,16.44,17.05.2024 09:58:31
0,245.63,1310,752,10.27,70.43,0,15.51,17.05.2024 09:58:33
0,250.88,1338,752,10.24,70.40,0,16.97,17.05.2024 09:58:35
0,245.81,1311,752,10.28,70.39,0,15.55,17.05.2024 09:58:37
0,246.75,1316,752,10.27,70.41,0,15.81,17.05.2024 09:58:39
0,248.81,1327,751,10.26,70.43,0,16.38,17.05.2024 09:58:42
0,247.88,1322,751,10.26,70.37,0,16.13,17.05.2024 09:58:44
0,252.56,1347,750,10.26,70.41,0,17.43,17.05.2024 09:58:46
0,247.13,1318,751,10.27,70.44,0,15.90,17.05.2024 09:58:48
0,252.56,1347,751,10.27,70.41,0,17.41,17.05.2024 09:58:50
0,254.63,1358,751,10.26,70.41,0,18.02,17.05.2024 09:58:52
0,252.38,1346,750,10.28,70.40,0,17.35,17.05.2024 09:58:54
0,251.25,1340,751,10.27,70.42,0,17.04,17.05.2024 09:58:56
0,252.19,1345,751,10.27,70.41,0,17.31,17.05.2024 09:58:59
0,248.44,1325,751,10.27,70.40,0,16.27,17.05.2024 09:59:01
0,252.56,1347,751,10.28,70.39,0,17.40,17.05.2024 09:59:03
0,251.81,1343,752,10.28,70.41,0,17.19,17.05.2024 09:59:05
0,254.63,1358,752,10.26,70.39,0,18.02,17.05.2024 09:59:07
0,253.50,1352,752,10.24,70.40,0,17.71,17.05.2024 09:59:09
0,253.13,1350,752,10.27,70.44,0,17.57,17.05.2024 09:59:11
0,250.50,1336,752,10.27,70.42,0,16.83,17.05.2024 09:59:13
0,251.06,1339,752,10.24,70.37,0,17.03,17.05.2024 09:59:16
0,251.25,1340,753,10.27,70.39,0,17.05,17.05.2024 09:59:18
0,251.44,1341,752,10.27,70.40,0,17.10,17.05.2024 09:59:20
0,253.31,1351,752,10.30,70.43,0,17.59,17.05.2024 09:59:22
0,254.63,1358,752,10.26,70.37,0,18.03,17.05.2024 09:59:24
0,254.06,1355,752,10.27,70.44,0,17.83,17.05.2024 09:59:26
0,253.13,1350,752,10.27,70.39,0,17.58,17.05.2024 09:59:28
0,251.25,1340,751,10.26,70.40,0,17.06,17.05.2024 09:59:30
0,250.69,1337,751,10.26,70.42,0,16.90,17.05.2024 09:59:32
0,250.69,1337,750,10.26,70.43,0,16.89,17.05.2024 09:59:35
0,252.00,1344,750,10.28,70.42,0,17.24,17.05.2024 09:59:37
0,247.69,1321,749,10.26,70.44,0,16.07,17.05.2024 09:59:39
0,256.69,1369,749,10.27,70.43,0,18.61,17.05.2024 09:59:41
0,251.63,1342,749,10.26,70.43,0,17.16,17.05.2024 09:59:43
0,255.00,1360,749,10.24,70.40,0,18.15,17.05.2024 09:59:45
0,254.25,1356,749,10.28,70.42,0,17.88,17.05.2024 09:59:47
0,252.94,1349,750,10.24,70.43,0,17.54,17.05.2024 09:59:49
0,250.88,1338,750,10.24,70.40,0,16.97,17.05.2024 09:59:52
0,255.19,1361,751,10.26,70.40,0,18.19,17.05.2024 09:59:54
0,252.56,1347,752,10.27,70.41,0,17.41,17.05.2024 09:59:56
0,250.88,1338,752,10.27,70.40,0,16.94,17.05.2024 09:59:59
