0,280.88,1498,804,27.93,68.48,0,5.41,16.05.2024 13:00:02
0,277.69,1481,804,27.92,68.47,0,5.10,16.05.2024 13:00:04
0,284.81,1519,804,27.96,68.47,0,5.81,16.05.2024 13:00:06
0,284.63,1518,804,27.98,68.48,0,5.78,16.05.2024 13:00:08
0,278.63,1486,805,27.95,68.44,0,5.18,16.05.2024 13:00:10
0,278.81,1487,804,27.96,68.47,0,5.18,16.05.2024 13:00:12
0,278.63,1486,804,27.95,68.46,0,5.17,16.05.2024 13:00:14
0,283.13,1510,804,27.98,68.46,0,5.62,16.05.2024 13:00:16
0,283.50,1512,804,27.96,68.48,0,5.67,16.05.2024 13:00:19
0,282.19,1505,805,27.96,68.48,0,5.53,16.05.2024 13:00:21
0,279.38,1490,805,27.95,68.46,0,5.25,16.05.2024 13:00:23
0,281.44,1501,805,27.93,68.46,0,5.48,16.05.2024 13:00:25
0,281.63,1502,805,27.96,68.49,0,5.47,16.05.2024 13:00:27
0,280.69,1497,805,27.95,68.46,0,5.39,16.05.2024 13:00:29
0,283.31,1511,805,27.96,68.46,0,5.65,16.05.2024 13:00:31
0,277.13,1478,804,27.95,68.48,0,5.02,16.05.2024 13:00:33
0,282.38,1506,804,27.95,68.46,0,5.57,16.05.2024 13:00:35
0,282.56,1507,805,27.95,68.48,0,5.58,16.05.2024 13:00:38
0,276.56,1475,805,27.95,68.46,0,4.96,16.05.2024 13:00:40
0,282.19,1505,806,27.95,68.46,0,5.55,16.05.2024 13:00:42
0,281.25,1500,805,27.93,68.49,0,5.45,16.05.2024 13:00:44
0,281.63,1502,805,27.95,68.48,0,5.48,16.05.2024 13:00:46
0,277.13,1478,806,27.96,68.44,0,5.01,16.05.2024 13:00:48
0,278.44,1485,805,27.95,68.43,0,5.16,16.05.2024 13:00:50
0,274.31,1463,805,27.98,68.47,0,4.71,16.05.2024 13:00:52
0,276.00,1472,805,27.95,68.46,0,4.91,16.05.2024 13:00:55
0,282.38,1506,805,27.98,68.45,0,5.54,16.05.2024 13:00:57
0,282.19,1505,804,27.95,68.46,0,5.55,16.05.2024 13:00:59
0,279.38,1490,804,27.98,68.47,0,5.22,16.05.2024 13:01:01
0,280.31,1495,804,27.96,68.47,0,5.33,16.05.2024 13:01:03
0,282.94,1509,803,27.93,68.46,0,5.64,16.05.2024 13:01:05
0,280.31,1495,803,27.98,68.46,0,5.32,16.05.2024 13:01:07
0,278.25,1484,802,27.95,68.48,0,5.13,16.05.2024 13:01:09
0,279.00,1488,803,27.96,68.45,0,5.20,16.05.2024 13:01:11
0,279.38,1490,803,27.92,68.46,0,5.27,16.05.2024 13:01:14
0,279.94,1493,804,27.93,68.44,0,5.32,16.05.2024 13:01:16
0,279.56,1491,804,27.93,68.43,0,5.29,16.05.2024 13:01:18
0,280.50,1496,805,27.96,68.46,0,5.36,16.05.2024 13:01:20
0,278.25,1484,805,27.93,68.48,0,5.14,16.05.2024 13:01:22
0,278.81,1487,805,27.93,68.48,0,5.20,16.05.2024 13:01:24
0,281.06,1499,805,27.96,68.48,0,5.41,16.05.2024 13:01:26
0,279.94,1493,805,27.95,68.46,0,5.31,16.05.2024 13:01:28
0,282.56,1507,805,27.95,68.48,0,5.58,16.05.2024 13:01:31
0,279.94,1493,805,27.95,68.44,0,5.31,16.05.2024 13:01:33
0,280.50,1496,805,27.96,68.49,0,5.35,16.05.2024 13:01:35
0,279.94,1493,805,27.95,68.46,0,5.31,16.05.2024 13:01:37
0,282.75,1508,805,27.96,68.48,0,5.59,16.05.2024 13:01:39
0,276.56,1475,805,27.96,68.46,0,4.95,16.05.2024 13:01:41
0,275.81,1471,805,27.95,68.48,0,4.89,16.05.2024 13:01:43
0,279.19,1489,806,27.96,68.46,0,5.22,16.05.2024 13:01:45
0,277.88,1482,806,27.96,68.46,0,5.08,16.05.2024 13:01:47
0,276.75,1476,807,27.98,68.45,0,4.96,16.05.2024 13:01:50
0,281.06,1499,807,27.93,68.44,0,5.44,16.05.2024 13:01:52
0,278.63,1486,807,27.93,68.48,0,5.18,16.05.2024 13:01:54
0,279.56,1491,807,27.95,68.44,0,5.27,16.05.2024 13:01:56
0,277.88,1482,807,27.96,68.46,0,5.08,16.05.2024 13:01:58
0,279.38,1490,807,27.95,68.46,0,5.25,16.05.2024 13:02:02
0,278.81,1487,807,27.95,68.46,0,5.19,16.05.2024 13:02:04
0,279.38,1490,807,27.95,68.42,0,5.26,16.05.2024 13:02:06
0,277.50,1480,808,27.96,68.49,0,5.04,16.05.2024 13:02:09
0,280.88,1498,809,27.95,68.46,0,5.41,16.05.2024 13:02:11
0,278.25,1484,809,27.96,68.48,0,5.12,16.05.2024 13:02:13
0,280.50,1496,810,27.96,68.46,0,5.36,16.05.2024 13:02:15
0,278.25,1484,812,27.95,68.46,0,5.14,16.05.2024 13:02:17
0,275.25,1468,811,27.95,68.48,0,4.83,16.05.2024 13:02:19
0,276.19,1473,813,27.95,68.46,0,4.92,16.05.2024 13:02:21
0,280.31,1495,814,27.95,68.48,0,5.35,16.05.2024 13:02:23
0,276.56,1475,814,27.95,68.46,0,4.96,16.05.2024 13:02:25
0,277.50,1480,816,27.96,68.50,0,5.04,16.05.2024 13:02:28
0,280.31,1495,815,27.95,68.46,0,5.35,16.05.2024 13:02:30
0,276.75,1476,816,27.95,68.46,0,4.98,16.05.2024 13:02:32
0,276.38,1474,816,27.93,68.47,0,4.95,16.05.2024 13:02:34
0,276.38,1474,818,27.93,68.46,0,4.95,16.05.2024 13:02:36
0,279.56,1491,817,27.95,68.44,0,5.27,16.05.2024 13:02:38
0,273.19,1457,818,27.95,68.44,0,4.63,16.05.2024 13:02:40
0,276.38,1474,818,27.96,68.47,0,4.93,16.05.2024 13:02:42
0,275.63,1470,817,27.95,68.46,0,4.87,16.05.2024 13:02:45
0,279.94,1493,817,27.93,68.48,0,5.32,16.05.2024 13:02:47
0,276.56,1475,818,27.96,68.49,0,4.95,16.05.2024 13:02:49
0,278.63,1486,817,27.96,68.46,0,5.16,16.05.2024 13:02:51
0,276.75,1476,818,27.96,68.48,0,4.97,16.05.2024 13:02:53
0,281.06,1499,817,27.96,68.48,0,5.41,16.05.2024 13:02:55
0,279.38,1490,818,27.96,68.46,0,5.24,16.05.2024 13:02:57
0,277.69,1481,818,27.96,68.48,0,5.06,16.05.2024 13:02:59
0,277.50,1480,818,27.93,68.46,0,5.07,16.05.2024 13:03:01
0,277.31,1479,818,27.95,68.44,0,5.04,16.05.2024 13:03:04
0,282.38,1506,819,27.95,68.48,0,5.56,16.05.2024 13:03:06
0,278.25,1484,818,27.95,68.51,0,5.13,16.05.2024 13:03:08
0,283.88,1514,818,27.95,68.48,0,5.73,16.05.2024 13:03:10
0,285.75,1524,819,27.95,68.46,0,5.93,16.05.2024 13:03:12
0,279.56,1491,817,27.95,68.51,0,5.26,16.05.2024 13:03:14
0,283.88,1514,818,27.93,68.45,0,5.74,16.05.2024 13:03:16
0,278.63,1486,816,27.95,68.46,0,5.17,16.05.2024 13:03:18
0,282.38,1506,815,27.96,68.49,0,5.55,16.05.2024 13:03:21
0,279.94,1493,816,27.95,68.44,0,5.31,16.05.2024 13:03:23
0,277.88,1482,817,27.96,68.47,0,5.08,16.05.2024 13:03:25
0,280.88,1498,817,27.95,68.48,0,5.41,16.05.2024 13:03:27
0,282.75,1508,817,27.96,68.52,0,5.58,16.05.2024 13:03:29
0,281.44,1501,817,27.96,68.48,0,5.45,16.05.2024 13:03:31
0,280.31,1495,818,27.93,68.47,0,5.36,16.05.2024 13:03:33
0,284.25,1516,818,27.95,68.48,0,5.77,16.05.2024 13:03:35
0,282.00,1504,819,27.93,68.46,0,5.54,16.05.2024 13:03:37
0,278.81,1487,819,27.96,68.48,0,5.18,16.05.2024 13:03:40
0,283.88,1514,819,27.96,68.51,0,5.70,16.05.2024 13:03:42
0,281.44,1501,819,27.95,68.46,0,5.47,16.05.2024 13:03:44
0,282.00,1504,820,27.96,68.52,0,5.50,16.05.2024 13:03:46
0,282.19,1505,819,27.96,68.48,0,5.53,16.05.2024 13:03:48
0,280.31,1495,819,27.93,68.46,0,5.36,16.05.2024 13:03:50
0,280.88,1498,820,27.93,68.47,0,5.42,16.05.2024 13:03:52
0,281.63,1502,820,27.95,68.46,0,5.49,16.05.2024 13:03:54
0,280.13,1494,821,27.98,68.49,0,5.30,16.05.2024 13:03:57
0,282.00,1504,821,27.95,68.48,0,5.52,16.05.2024 13:03:59
0,282.75,1508,821,27.95,68.48,0,5.60,16.05.2024 13:04:01
0,279.00,1488,822,27.93,68.45,0,5.22,16.05.2024 13:04:03
0,283.31,1511,822,27.93,68.49,0,5.67,16.05.2024 13:04:05
0,282.94,1509,822,27.95,68.48,0,5.62,16.05.2024 13:04:07
0,283.13,1510,822,27.93,68.47,0,5.66,16.05.2024 13:04:09
0,281.25,1500,822,27.95,68.48,0,5.44,16.05.2024 13:04:11
0,281.06,1499,821,27.95,68.46,0,5.43,16.05.2024 13:04:13
0,280.69,1497,821,27.96,68.49,0,5.37,16.05.2024 13:04:16
0,282.19,1505,821,27.95,68.48,0,5.54,16.05.2024 13:04:18
0,282.19,1505,820,27.95,68.48,0,5.54,16.05.2024 13:04:20
0,280.88,1498,821,27.93,68.47,0,5.42,16.05.2024 13:04:22
0,283.69,1513,821,27.95,68.48,0,5.71,16.05.2024 13:04:24
0,277.50,1480,822,27.96,68.50,0,5.04,16.05.2024 13:04:26
0,282.75,1508,822,27.95,68.46,0,5.61,16.05.2024 13:04:28
0,282.00,1504,822,27.95,68.48,0,5.52,16.05.2024 13:04:30
0,279.56,1491,822,27.98,68.45,0,5.25,16.05.2024 13:04:33
0,281.81,1503,821,27.98,68.46,0,5.48,16.05.2024 13:04:35
0,281.81,1503,821,27.95,68.46,0,5.51,16.05.2024 13:04:37
0,275.25,1468,822,27.96,68.46,0,4.82,16.05.2024 13:04:39
0,283.50,1512,822,27.93,68.45,0,5.70,16.05.2024 13:04:41
0,280.13,1494,821,27.93,68.42,0,5.35,16.05.2024 13:04:43
0,277.88,1482,821,27.96,68.47,0,5.08,16.05.2024 13:04:45
0,280.69,1497,822,27.95,68.50,0,5.38,16.05.2024 13:04:47
0,279.38,1490,821,27.93,68.47,0,5.26,16.05.2024 13:04:50
0,284.06,1515,820,27.96,68.48,0,5.73,16.05.2024 13:04:52
0,281.25,1500,820,27.95,68.46,0,5.45,16.05.2024 13:04:54
0,282.75,1508,820,27.96,68.46,0,5.59,16.05.2024 13:04:56
0,281.44,1501,819,27.96,68.46,0,5.45,16.05.2024 13:04:58
0,280.13,1494,820,27.96,68.48,0,5.31,16.05.2024 13:05:00
0,282.75,1508,820,27.96,68.47,0,5.59,16.05.2024 13:05:02
0,281.81,1503,821,27.95,68.48,0,5.50,16.05.2024 13:05:04
0,281.81,1503,821,27.93,68.49,0,5.51,16.05.2024 13:05:06
0,282.19,1505,821,27.95,68.46,0,5.55,16.05.2024 13:05:09
0,280.31,1495,821,27.96,68.46,0,5.34,16.05.2024 13:05:11
0,280.50,1496,822,27.92,68.49,0,5.38,16.05.2024 13:05:13
0,280.88,1498,822,27.93,68.49,0,5.41,16.05.2024 13:05:15
0,281.44,1501,823,27.96,68.47,0,5.45,16.05.2024 13:05:17
0,279.56,1491,823,27.95,68.48,0,5.27,16.05.2024 13:05:19
0,281.81,1503,822,27.98,68.49,0,5.47,16.05.2024 13:05:21
0,278.81,1487,822,27.95,68.46,0,5.19,16.05.2024 13:05:23
0,278.25,1484,822,27.95,68.46,0,5.13,16.05.2024 13:05:26
0,279.94,1493,822,27.95,68.44,0,5.31,16.05.2024 13:05:28
0,279.00,1488,822,27.95,68.44,0,5.22,16.05.2024 13:05:30
0,277.50,1480,822,27.95,68.48,0,5.05,16.05.2024 13:05:32
0,281.81,1503,821,27.96,68.49,0,5.49,16.05.2024 13:05:34
0,281.06,1499,821,27.96,68.49,0,5.41,16.05.2024 13:05:36
0,281.63,1502,821,27.95,68.50,0,5.48,16.05.2024 13:05:38
0,277.50,1480,821,27.95,68.48,0,5.05,16.05.2024 13:05:40
0,283.50,1512,821,27.95,68.48,0,5.68,16.05.2024 13:05:42
0,279.38,1490,821,27.95,68.50,0,5.24,16.05.2024 13:05:45
0,280.13,1494,821,27.96,68.47,0,5.31,16.05.2024 13:05:47
0,278.63,1486,822,27.95,68.46,0,5.17,16.05.2024 13:05:49
0,282.00,1504,822,27.96,68.47,0,5.51,16.05.2024 13:05:51
0,277.50,1480,822,27.95,68.52,0,5.05,16.05.2024 13:05:53
0,277.88,1482,822,27.95,68.48,0,5.09,16.05.2024 13:05:55
0,281.06,1499,823,27.96,68.49,0,5.41,16.05.2024 13:05:57
0,278.06,1483,822,27.95,68.50,0,5.11,16.05.2024 13:05:59
0,280.50,1496,821,27.95,68.48,0,5.37,16.05.2024 13:06:02
0,280.69,1497,821,27.93,68.46,0,5.40,16.05.2024 13:06:04
0,278.44,1485,821,27.93,68.45,0,5.17,16.05.2024 13:06:06
0,281.06,1499,821,27.93,68.44,0,5.44,16.05.2024 13:06:10
0,282.56,1507,821,27.95,68.48,0,5.58,16.05.2024 13:06:12
0,280.31,1495,821,27.96,68.48,0,5.33,16.05.2024 13:06:14
0,281.63,1502,821,27.96,68.46,0,5.47,16.05.2024 13:06:16
0,276.94,1477,821,27.96,68.49,0,4.98,16.05.2024 13:06:18
0,278.25,1484,821,27.96,68.46,0,5.12,16.05.2024 13:06:20
0,280.31,1495,821,27.95,68.51,0,5.34,16.05.2024 13:06:23
0,278.25,1484,821,27.95,68.46,0,5.14,16.05.2024 13:06:25
0,276.38,1474,821,27.98,68.49,0,4.91,16.05.2024 13:06:27
0,275.25,1468,821,27.95,68.50,0,4.82,16.05.2024 13:06:29
0,275.81,1471,820,27.95,68.46,0,4.89,16.05.2024 13:06:31
0,278.06,1483,820,27.95,68.48,0,5.11,16.05.2024 13:06:33
0,276.00,1472,820,27.96,68.47,0,4.89,16.05.2024 13:06:35
0,278.25,1484,820,27.96,68.49,0,5.12,16.05.2024 13:06:37
0,275.25,1468,820,27.96,68.47,0,4.82,16.05.2024 13:06:40
0,277.69,1481,821,27.96,68.48,0,5.06,16.05.2024 13:06:42
0,276.38,1474,820,27.96,68.48,0,4.93,16.05.2024 13:06:44
0,276.75,1476,821,27.96,68.50,0,4.96,16.05.2024 13:06:46
0,271.50,1448,821,27.98,68.49,0,4.44,16.05.2024 13:06:48
0,277.69,1481,821,27.93,68.49,0,5.08,16.05.2024 13:06:50
0,276.00,1472,821,27.95,68.46,0,4.91,16.05.2024 13:06:52
0,275.06,1467,821,27.95,68.51,0,4.80,16.05.2024 13:06:54
0,276.56,1475,821,27.95,68.48,0,4.96,16.05.2024 13:06:56
0,279.19,1489,821,27.93,68.44,0,5.25,16.05.2024 13:06:59
0,281.81,1503,821,27.93,68.48,0,5.51,16.05.2024 13:07:01
0,277.50,1480,821,27.93,68.47,0,5.07,16.05.2024 13:07:03
0,280.13,1494,820,27.95,68.51,0,5.32,16.05.2024 13:07:05
0,282.00,1504,821,27.93,68.46,0,5.54,16.05.2024 13:07:07
0,279.75,1492,821,27.95,68.48,0,5.29,16.05.2024 13:07:09
0,280.31,1495,822,27.95,68.48,0,5.35,16.05.2024 13:07:11
0,281.44,1501,821,27.95,68.48,0,5.46,16.05.2024 13:07:13
0,282.00,1504,822,27.96,68.50,0,5.51,16.05.2024 13:07:16
0,283.69,1513,821,27.93,68.49,0,5.71,16.05.2024 13:07:18
0,284.25,1516,821,27.93,68.48,0,5.78,16.05.2024 13:07:20
0,280.13,1494,821,27.95,68.50,0,5.32,16.05.2024 13:07:22
0,281.81,1503,821,27.95,68.46,0,5.51,16.05.2024 13:07:24
0,279.94,1493,820,27.95,68.46,0,5.31,16.05.2024 13:07:26
0,281.25,1500,820,27.95,68.51,0,5.44,16.05.2024 13:07:28
0,279.56,1491,820,27.95,68.48,0,5.27,16.05.2024 13:07:30
0,280.13,1494,820,27.95,68.52,0,5.32,16.05.2024 13:07:32
0,279.75,1492,820,27.95,68.50,0,5.28,16.05.2024 13:07:35
0,281.63,1502,820,27.92,68.49,0,5.50,16.05.2024 13:07:37
0,280.13,1494,820,27.93,68.47,0,5.34,16.05.2024 13:07:39
0,281.25,1500,820,27.96,68.48,0,5.43,16.05.2024 13:07:41
0,279.38,1490,821,27.96,68.50,0,5.23,16.05.2024 13:07:43
0,282.94,1509,820,27.95,68.52,0,5.62,16.05.2024 13:07:45
0,282.75,1508,821,27.96,68.52,0,5.58,16.05.2024 13:07:47
0,283.13,1510,821,27.95,68.48,0,5.64,16.05.2024 13:07:49
0,281.44,1501,821,27.95,68.52,0,5.46,16.05.2024 13:07:52
0,280.69,1497,821,27.95,68.50,0,5.38,16.05.2024 13:07:54
0,282.75,1508,821,27.96,68.51,0,5.58,16.05.2024 13:07:56
0,283.88,1514,821,27.95,68.51,0,5.72,16.05.2024 13:07:58
0,279.38,1490,822,27.95,68.51,0,5.24,16.05.2024 13:08:00
0,282.38,1506,822,27.93,68.48,0,5.57,16.05.2024 13:08:02
0,282.75,1508,822,27.93,68.49,0,5.61,16.05.2024 13:08:04
0,281.44,1501,822,27.96,68.50,0,5.45,16.05.2024 13:08:06
0,282.19,1505,822,27.95,68.50,0,5.54,16.05.2024 13:08:08
0,278.81,1487,821,27.95,68.48,0,5.19,16.05.2024 13:08:11
0,279.94,1493,821,27.96,68.48,0,5.29,16.05.2024 13:08:13
0,280.13,1494,820,27.92,68.54,0,5.33,16.05.2024 13:08:15
0,281.06,1499,820,27.98,68.52,0,5.39,16.05.2024 13:08:17
0,280.13,1494,820,27.96,68.50,0,5.31,16.05.2024 13:08:19
0,278.63,1486,820,27.95,68.46,0,5.17,16.05.2024 13:08:21
0,284.25,1516,820,27.96,68.51,0,5.75,16.05.2024 13:08:23
0,282.75,1508,820,27.95,68.51,0,5.60,16.05.2024 13:08:25
0,282.56,1507,820,27.95,68.51,0,5.58,16.05.2024 13:08:28
0,280.13,1494,821,27.98,68.50,0,5.30,16.05.2024 13:08:30
0,282.94,1509,821,27.95,68.48,0,5.62,16.05.2024 13:08:32
0,280.69,1497,821,27.95,68.48,0,5.38,16.05.2024 13:08:34
0,282.19,1505,820,27.95,68.50,0,5.54,16.05.2024 13:08:36
0,279.94,1493,820,27.93,68.49,0,5.31,16.05.2024 13:08:38
0,277.13,1478,820,27.95,68.50,0,5.01,16.05.2024 13:08:40
0,280.69,1497,820,27.95,68.46,0,5.39,16.05.2024 13:08:42
0,283.13,1510,819,27.96,68.51,0,5.62,16.05.2024 13:08:44
0,281.06,1499,820,27.96,68.49,0,5.41,16.05.2024 13:08:47
0,277.88,1482,820,27.96,68.50,0,5.08,16.05.2024 13:08:49
0,280.13,1494,820,27.93,68.49,0,5.33,16.05.2024 13:08:51
0,279.00,1488,820,27.96,68.50,0,5.19,16.05.2024 13:08:53
0,284.63,1518,820,27.93,68.50,0,5.81,16.05.2024 13:08:55
0,278.63,1486,821,27.96,68.53,0,5.15,16.05.2024 13:08:57
0,282.19,1505,821,27.96,68.49,0,5.53,16.05.2024 13:08:59
0,279.75,1492,821,27.95,68.50,0,5.28,16.05.2024 13:09:01
0,281.81,1503,821,27.95,68.52,0,5.50,16.05.2024 13:09:04
0,282.94,1509,822,27.95,68.50,0,5.62,16.05.2024 13:09:06
0,279.94,1493,822,27.96,68.54,0,5.28,16.05.2024 13:09:08
0,275.81,1471,823,27.95,68.51,0,4.88,16.05.2024 13:09:10
0,280.88,1498,823,27.98,68.46,0,5.38,16.05.2024 13:09:12
0,280.31,1495,823,27.98,68.49,0,5.32,16.05.2024 13:09:14
0,284.25,1516,823,27.99,68.53,0,5.72,16.05.2024 13:09:16
0,279.75,1492,823,27.95,68.48,0,5.29,16.05.2024 13:09:18
0,279.00,1488,822,27.95,68.48,0,5.21,16.05.2024 13:09:20
0,280.13,1494,823,27.96,68.48,0,5.31,16.05.2024 13:09:23
0,279.00,1488,823,27.96,68.50,0,5.19,16.05.2024 13:09:25
0,277.69,1481,822,27.98,68.47,0,5.05,16.05.2024 13:09:27
0,279.56,1491,822,27.96,68.52,0,5.25,16.05.2024 13:09:29
0,279.38,1490,821,27.98,68.47,0,5.22,16.05.2024 13:09:31
0,283.31,1511,821,27.96,68.49,0,5.65,16.05.2024 13:09:33
0,280.88,1498,821,27.93,68.47,0,5.42,16.05.2024 13:09:35
0,278.44,1485,821,27.98,68.49,0,5.12,16.05.2024 13:09:37
0,276.56,1475,821,27.95,68.50,0,4.96,16.05.2024 13:09:40
0,279.56,1491,821,27.95,68.48,0,5.27,16.05.2024 13:09:42
0,280.88,1498,822,27.95,68.46,0,5.41,16.05.2024 13:09:44
0,281.63,1502,822,27.95,68.50,0,5.48,16.05.2024 13:09:46
0,280.69,1497,822,27.96,68.50,0,5.37,16.05.2024 13:09:48
0,278.44,1485,822,27.95,68.48,0,5.15,16.05.2024 13:09:50
0,279.94,1493,822,27.95,68.50,0,5.30,16.05.2024 13:09:52
0,279.75,1492,822,27.95,68.48,0,5.29,16.05.2024 13:09:54
0,279.56,1491,822,27.96,68.47,0,5.26,16.05.2024 13:09:57
0,279.38,1490,822,27.95,68.46,0,5.25,16.05.2024 13:09:59
0,276.75,1476,822,27.95,68.48,0,4.98,16.05.2024 13:10:01
0,280.13,1494,822,27.96,68.51,0,5.31,16.05.2024 13:10:03
0,281.81,1503,822,27.95,68.46,0,5.51,16.05.2024 13:10:05
0,277.69,1481,821,27.96,68.47,0,5.06,16.05.2024 13:10:07
0,280.50,1496,821,27.98,68.49,0,5.34,16.05.2024 13:10:09
0,278.25,1484,822,27.98,68.50,0,5.10,16.05.2024 13:10:11
0,279.94,1493,822,27.95,68.50,0,5.30,16.05.2024 13:10:13
0,277.50,1480,822,27.96,68.48,0,5.04,16.05.2024 13:10:16
0,280.88,1498,822,27.95,68.51,0,5.40,16.05.2024 13:10:18
0,277.13,1478,823,27.96,68.52,0,5.00,16.05.2024 13:10:20
0,283.50,1512,823,27.96,68.49,0,5.67,16.05.2024 13:10:22
0,280.69,1497,823,27.96,68.49,0,5.37,16.05.2024 13:10:26
0,277.31,1479,823,27.96,68.46,0,5.03,16.05.2024 13:10:28
0,278.81,1487,823,27.95,68.51,0,5.18,16.05.2024 13:10:30
0,280.13,1494,823,27.95,68.48,0,5.32,16.05.2024 13:10:32
0,281.44,1501,823,27.96,68.50,0,5.45,16.05.2024 13:10:35
0,276.94,1477,823,27.96,68.52,0,4.98,16.05.2024 13:10:37
0,281.06,1499,823,27.93,68.49,0,5.43,16.05.2024 13:10:39
0,277.31,1479,823,27.95,68.48,0,5.04,16.05.2024 13:10:41
0,279.56,1491,823,27.96,68.46,0,5.26,16.05.2024 13:10:43
0,279.56,1491,823,27.95,68.48,0,5.27,16.05.2024 13:10:45
0,278.63,1486,824,27.96,68.48,0,5.16,16.05.2024 13:10:47
0,279.75,1492,824,27.96,68.48,0,5.27,16.05.2024 13:10:49
0,275.63,1470,824,27.96,68.50,0,4.85,16.05.2024 13:10:51
0,276.75,1476,824,27.96,68.50,0,4.96,16.05.2024 13:10:54
0,277.88,1482,824,27.96,68.48,0,5.08,16.05.2024 13:10:56
0,276.19,1473,825,27.98,68.51,0,4.89,16.05.2024 13:10:58
0,279.38,1490,825,27.93,68.47,0,5.26,16.05.2024 13:11:00
0,277.31,1479,825,27.98,68.53,0,5.00,16.05.2024 13:11:02
0,275.44,1469,825,27.96,68.52,0,4.83,16.05.2024 13:11:04
0,277.69,1481,825,27.96,68.50,0,5.06,16.05.2024 13:11:06
0,277.88,1482,825,27.95,68.51,0,5.09,16.05.2024 13:11:08
0,277.88,1482,826,27.95,68.48,0,5.09,16.05.2024 13:11:11
0,276.75,1476,826,27.96,68.49,0,4.96,16.05.2024 13:11:13
0,278.25,1484,826,27.92,68.46,0,5.16,16.05.2024 13:11:15
0,277.50,1480,826,27.95,68.50,0,5.05,16.05.2024 13:11:17
0,276.38,1474,826,27.92,68.51,0,4.96,16.05.2024 13:11:19
0,274.69,1465,826,27.95,68.50,0,4.77,16.05.2024 13:11:21
0,281.25,1500,825,27.98,68.50,0,5.41,16.05.2024 13:11:23
0,275.63,1470,825,27.96,68.51,0,4.85,16.05.2024 13:11:25
0,274.50,1464,825,27.96,68.50,0,4.74,16.05.2024 13:11:27
0,279.00,1488,826,27.98,68.51,0,5.18,16.05.2024 13:11:30
0,280.88,1498,827,27.95,68.53,0,5.39,16.05.2024 13:11:32
0,280.50,1496,827,27.95,68.52,0,5.36,16.05.2024 13:11:34
0,281.25,1500,826,27.96,68.48,0,5.43,16.05.2024 13:11:36
0,281.81,1503,826,27.95,68.48,0,5.50,16.05.2024 13:11:38
0,279.56,1491,826,27.96,68.49,0,5.25,16.05.2024 13:11:40
0,281.06,1499,826,27.95,68.48,0,5.42,16.05.2024 13:11:42
0,281.25,1500,826,27.93,68.52,0,5.45,16.05.2024 13:11:44
0,277.13,1478,826,27.95,68.52,0,5.01,16.05.2024 13:11:47
0,282.75,1508,826,27.93,68.52,0,5.61,16.05.2024 13:11:49
0,282.19,1505,826,27.95,68.55,0,5.53,16.05.2024 13:11:51
0,279.19,1489,826,27.96,68.48,0,5.22,16.05.2024 13:11:53
0,279.94,1493,826,27.93,68.52,0,5.31,16.05.2024 13:11:55
0,281.44,1501,827,27.93,68.52,0,5.47,16.05.2024 13:11:57
0,282.38,1506,827,27.96,68.45,0,5.56,16.05.2024 13:11:59
0,278.44,1485,826,27.96,68.48,0,5.14,16.05.2024 13:12:01
0,279.94,1493,827,27.96,68.51,0,5.29,16.05.2024 13:12:03
0,279.94,1493,827,27.96,68.50,0,5.29,16.05.2024 13:12:06
0,283.88,1514,827,27.95,68.56,0,5.71,16.05.2024 13:12:08
0,276.38,1474,827,27.98,68.49,0,4.91,16.05.2024 13:12:10
0,281.81,1503,826,27.93,68.50,0,5.51,16.05.2024 13:12:12
0,281.06,1499,826,27.93,68.48,0,5.43,16.05.2024 13:12:14
0,277.13,1478,825,27.96,68.51,0,5.00,16.05.2024 13:12:16
0,280.88,1498,825,27.98,68.51,0,5.37,16.05.2024 13:12:18
0,275.81,1471,826,27.96,68.51,0,4.87,16.05.2024 13:12:20
0,282.00,1504,826,27.95,68.50,0,5.52,16.05.2024 13:12:23
0,279.75,1492,826,27.95,68.52,0,5.28,16.05.2024 13:12:25
0,276.56,1475,826,27.95,68.53,0,4.95,16.05.2024 13:12:27
0,283.88,1514,826,27.93,68.53,0,5.72,16.05.2024 13:12:29
0,280.88,1498,826,27.96,68.50,0,5.39,16.05.2024 13:12:31
0,279.94,1493,826,27.93,68.52,0,5.31,16.05.2024 13:12:33
0,283.13,1510,826,27.95,68.50,0,5.64,16.05.2024 13:12:35
0,284.44,1517,826,27.95,68.52,0,5.78,16.05.2024 13:12:37
0,282.75,1508,826,27.96,68.51,0,5.58,16.05.2024 13:12:39
0,281.63,1502,826,27.95,68.52,0,5.48,16.05.2024 13:12:42
0,281.06,1499,827,27.95,68.53,0,5.41,16.05.2024 13:12:44
0,282.19,1505,827,27.93,68.54,0,5.54,16.05.2024 13:12:46
0,279.00,1488,826,27.93,68.48,0,5.22,16.05.2024 13:12:48
0,280.13,1494,826,27.95,68.51,0,5.32,16.05.2024 13:12:50
0,280.31,1495,826,27.95,68.48,0,5.34,16.05.2024 13:12:52
0,282.56,1507,825,27.95,68.48,0,5.58,16.05.2024 13:12:54
0,278.44,1485,825,27.95,68.50,0,5.15,16.05.2024 13:12:56
0,282.19,1505,824,27.95,68.50,0,5.54,16.05.2024 13:12:59
0,279.75,1492,824,27.98,68.51,0,5.25,16.05.2024 13:13:01
0,282.75,1508,824,27.96,68.53,0,5.58,16.05.2024 13:13:03
0,280.69,1497,823,27.93,68.49,0,5.39,16.05.2024 13:13:05
0,277.31,1479,823,27.95,68.48,0,5.04,16.05.2024 13:13:07
0,282.19,1505,823,27.95,68.46,0,5.55,16.05.2024 13:13:09
0,278.25,1484,823,27.93,68.52,0,5.14,16.05.2024 13:13:11
0,280.13,1494,823,27.96,68.52,0,5.30,16.05.2024 13:13:13
0,283.88,1514,823,27.96,68.49,0,5.71,16.05.2024 13:13:15
0,281.06,1499,823,27.95,68.51,0,5.42,16.05.2024 13:13:18
0,279.00,1488,824,27.95,68.54,0,5.20,16.05.2024 13:13:20
0,276.75,1476,824,27.95,68.51,0,4.97,16.05.2024 13:13:22
0,279.19,1489,824,27.96,68.53,0,5.21,16.05.2024 13:13:24
0,280.13,1494,824,27.96,68.53,0,5.30,16.05.2024 13:13:26
0,281.81,1503,824,27.96,68.51,0,5.48,16.05.2024 13:13:28
0,281.25,1500,825,27.96,68.52,0,5.42,16.05.2024 13:13:30
0,282.94,1509,825,27.96,68.51,0,5.60,16.05.2024 13:13:32
0,280.13,1494,826,27.96,68.48,0,5.31,16.05.2024 13:13:35
0,278.06,1483,825,27.93,68.52,0,5.12,16.05.2024 13:13:37
0,278.63,1486,826,27.96,68.48,0,5.16,16.05.2024 13:13:39
0,281.81,1503,826,27.96,68.51,0,5.48,16.05.2024 13:13:41
0,281.25,1500,827,27.96,68.50,0,5.43,16.05.2024 13:13:43
0,284.81,1519,826,27.95,68.54,0,5.81,16.05.2024 13:13:45
0,281.44,1501,827,27.92,68.49,0,5.48,16.05.2024 13:13:47
0,280.13,1494,826,27.92,68.49,0,5.34,16.05.2024 13:13:49
0,281.81,1503,827,27.98,68.50,0,5.47,16.05.2024 13:13:51
0,277.13,1478,827,27.95,68.50,0,5.01,16.05.2024 13:13:54
0,281.81,1503,827,27.93,68.52,0,5.51,16.05.2024 13:13:56
0,278.81,1487,828,27.96,68.52,0,5.17,16.05.2024 13:13:58
0,282.38,1506,827,27.93,68.53,0,5.56,16.05.2024 13:14:00
0,281.44,1501,827,27.96,68.48,0,5.45,16.05.2024 13:14:02
0,281.25,1500,827,27.98,68.46,0,5.42,16.05.2024 13:14:04
0,278.25,1484,827,27.96,68.50,0,5.11,16.05.2024 13:14:06
0,281.44,1501,827,27.96,68.47,0,5.45,16.05.2024 13:14:08
0,281.44,1501,826,27.98,68.54,0,5.42,16.05.2024 13:14:11
0,279.94,1493,826,27.92,68.49,0,5.32,16.05.2024 13:14:13
0,280.69,1497,826,27.98,68.51,0,5.35,16.05.2024 13:14:15
0,278.25,1484,826,27.95,68.48,0,5.13,16.05.2024 13:14:17
0,279.38,1490,826,27.95,68.48,0,5.25,16.05.2024 13:14:19
0,281.63,1502,826,27.96,68.51,0,5.46,16.05.2024 13:14:21
0,278.25,1484,826,27.96,68.46,0,5.12,16.05.2024 13:14:23
0,279.94,1493,826,27.95,68.52,0,5.30,16.05.2024 13:14:25
0,279.00,1488,825,27.95,68.50,0,5.21,16.05.2024 13:14:27
0,277.69,1481,826,27.98,68.50,0,5.04,16.05.2024 13:14:30
0,277.69,1481,826,27.96,68.50,0,5.06,16.05.2024 13:14:32
0,281.06,1499,826,27.96,68.51,0,5.41,16.05.2024 13:14:34
0,279.38,1490,826,27.96,68.52,0,5.23,16.05.2024 13:14:36
0,278.63,1486,826,27.93,68.50,0,5.18,16.05.2024 13:14:40
0,279.38,1490,826,27.95,68.48,0,5.25,16.05.2024 13:14:42
0,279.94,1493,826,27.98,68.51,0,5.27,16.05.2024 13:14:44
0,279.75,1492,826,27.95,68.52,0,5.28,16.05.2024 13:14:46
0,278.81,1487,826,27.96,68.49,0,5.18,16.05.2024 13:14:49
0,280.13,1494,826,27.98,68.56,0,5.28,16.05.2024 13:14:51
0,278.44,1485,826,27.95,68.48,0,5.15,16.05.2024 13:14:53
0,280.69,1497,827,27.95,68.50,0,5.38,16.05.2024 13:14:55
0,273.94,1461,826,27.96,68.48,0,4.69,16.05.2024 13:14:57
0,277.31,1479,826,27.96,68.49,0,5.02,16.05.2024 13:14:59
0,273.19,1457,825,27.96,68.48,0,4.61,16.05.2024 13:15:01
0,278.44,1485,825,27.96,68.48,0,5.14,16.05.2024 13:15:03
0,273.38,1458,825,27.95,68.54,0,4.63,16.05.2024 13:15:06
0,276.38,1474,825,27.95,68.54,0,4.93,16.05.2024 13:15:08
0,279.00,1488,825,27.95,68.50,0,5.21,16.05.2024 13:15:10
0,279.19,1489,825,27.95,68.48,0,5.23,16.05.2024 13:15:12
0,273.94,1461,825,27.95,68.50,0,4.69,16.05.2024 13:15:14
0,278.25,1484,825,27.95,68.51,0,5.13,16.05.2024 13:15:16
0,274.13,1462,826,27.95,68.54,0,4.71,16.05.2024 13:15:18
0,275.06,1467,826,27.98,68.50,0,4.78,16.05.2024 13:15:20
0,276.38,1474,825,27.95,68.50,0,4.94,16.05.2024 13:15:22
0,273.19,1457,825,27.95,68.50,0,4.62,16.05.2024 13:15:25
0,277.69,1481,826,27.95,68.52,0,5.07,16.05.2024 13:15:27
0,275.63,1470,826,27.99,68.51,0,4.83,16.05.2024 13:15:29
0,274.31,1463,826,27.95,68.50,0,4.73,16.05.2024 13:15:31
0,279.94,1493,826,27.96,68.50,0,5.29,16.05.2024 13:15:33
0,275.63,1470,826,27.96,68.49,0,4.85,16.05.2024 13:15:35
0,278.63,1486,826,27.95,68.50,0,5.17,16.05.2024 13:15:37
0,279.94,1493,827,27.96,68.51,0,5.29,16.05.2024 13:15:39
0,277.50,1480,826,27.93,68.53,0,5.05,16.05.2024 13:15:42
0,280.69,1497,826,27.95,68.54,0,5.37,16.05.2024 13:15:44
0,280.50,1496,826,27.95,68.48,0,5.36,16.05.2024 13:15:46
0,280.13,1494,826,27.93,68.50,0,5.33,16.05.2024 13:15:48
0,280.50,1496,825,27.96,68.55,0,5.34,16.05.2024 13:15:50
0,282.19,1505,826,27.96,68.50,0,5.53,16.05.2024 13:15:52
0,283.13,1510,826,27.96,68.49,0,5.63,16.05.2024 13:15:54
0,284.25,1516,825,27.96,68.51,0,5.75,16.05.2024 13:15:56
0,279.75,1492,825,27.95,68.53,0,5.28,16.05.2024 13:15:58
0,279.94,1493,825,27.96,68.49,0,5.29,16.05.2024 13:16:01
0,278.25,1484,824,27.96,68.54,0,5.11,16.05.2024 13:16:03
0,278.63,1486,824,27.95,68.54,0,5.16,16.05.2024 13:16:05
0,283.13,1510,824,27.93,68.50,0,5.65,16.05.2024 13:16:07
0,279.94,1493,824,27.98,68.56,0,5.26,16.05.2024 13:16:09
0,276.56,1475,824,27.96,68.55,0,4.93,16.05.2024 13:16:11
0,282.56,1507,825,27.96,68.55,0,5.56,16.05.2024 13:16:13
0,276.19,1473,825,27.95,68.52,0,4.91,16.05.2024 13:16:15
0,280.69,1497,825,27.95,68.52,0,5.38,16.05.2024 13:16:18
0,280.88,1498,824,27.95,68.53,0,5.39,16.05.2024 13:16:20
0,280.50,1496,824,27.95,68.51,0,5.36,16.05.2024 13:16:22
0,277.69,1481,824,27.96,68.50,0,5.06,16.05.2024 13:16:24
0,277.69,1481,824,27.96,68.53,0,5.05,16.05.2024 13:16:26
0,278.25,1484,824,27.93,68.50,0,5.14,16.05.2024 13:16:28
0,281.44,1501,824,27.95,68.51,0,5.46,16.05.2024 13:16:30
0,281.63,1502,824,27.96,68.54,0,5.46,16.05.2024 13:16:32
0,281.63,1502,824,27.95,68.51,0,5.48,16.05.2024 13:16:34
0,280.88,1498,824,27.96,68.54,0,5.38,16.05.2024 13:16:37
0,281.63,1502,824,27.96,68.53,0,5.46,16.05.2024 13:16:39
0,282.38,1506,824,27.92,68.49,0,5.58,16.05.2024 13:16:41
0,278.81,1487,824,27.92,68.51,0,5.20,16.05.2024 13:16:43
0,279.75,1492,824,27.95,68.53,0,5.28,16.05.2024 13:16:45
0,283.31,1511,824,27.96,68.52,0,5.64,16.05.2024 13:16:47
0,277.88,1482,824,27.95,68.52,0,5.09,16.05.2024 13:16:49
0,277.13,1478,824,27.95,68.48,0,5.02,16.05.2024 13:16:51
0,281.81,1503,823,27.95,68.51,0,5.50,16.05.2024 13:16:54
0,279.56,1491,823,27.95,68.50,0,5.26,16.05.2024 13:16:56
0,283.50,1512,823,27.95,68.52,0,5.68,16.05.2024 13:16:58
0,277.69,1481,823,27.96,68.54,0,5.05,16.05.2024 13:17:00
0,283.31,1511,823,27.96,68.53,0,5.64,16.05.2024 13:17:02
0,283.31,1511,823,27.96,68.50,0,5.65,16.05.2024 13:17:04
0,277.88,1482,823,27.96,68.54,0,5.07,16.05.2024 13:17:06
0,280.50,1496,823,27.95,68.52,0,5.36,16.05.2024 13:17:08
0,278.06,1483,823,27.96,68.53,0,5.09,16.05.2024 13:17:10
0,279.56,1491,823,27.96,68.51,0,5.25,16.05.2024 13:17:13
0,279.38,1490,823,27.95,68.52,0,5.24,16.05.2024 13:17:15
0,277.31,1479,823,27.95,68.53,0,5.03,16.05.2024 13:17:17
0,282.38,1506,823,27.96,68.53,0,5.54,16.05.2024 13:17:19
0,279.00,1488,823,27.96,68.50,0,5.19,16.05.2024 13:17:21
0,277.69,1481,823,27.95,68.51,0,5.07,16.05.2024 13:17:23
0,281.06,1499,822,27.95,68.52,0,5.42,16.05.2024 13:17:25
0,279.19,1489,823,27.95,68.55,0,5.21,16.05.2024 13:17:27
0,277.88,1482,823,27.93,68.52,0,5.10,16.05.2024 13:17:30
0,280.88,1498,823,27.95,68.50,0,5.40,16.05.2024 13:17:32
0,282.38,1506,823,27.98,68.51,0,5.53,16.05.2024 13:17:34
0,276.94,1477,823,27.95,68.50,0,4.99,16.05.2024 13:17:36
0,274.88,1466,823,27.95,68.51,0,4.79,16.05.2024 13:17:38
0,278.44,1485,822,27.98,68.54,0,5.11,16.05.2024 13:17:40
0,277.31,1479,823,27.95,68.53,0,5.03,16.05.2024 13:17:42
0,279.00,1488,822,27.95,68.56,0,5.19,16.05.2024 13:17:44
0,282.00,1504,823,27.95,68.51,0,5.52,16.05.2024 13:17:46
0,279.19,1489,822,27.95,68.48,0,5.23,16.05.2024 13:17:49
0,279.94,1493,822,27.95,68.50,0,5.30,16.05.2024 13:17:51
0,274.88,1466,822,27.95,68.50,0,4.79,16.05.2024 13:17:53
0,278.81,1487,822,27.93,68.50,0,5.20,16.05.2024 13:17:55
0,283.13,1510,822,27.96,68.51,0,5.62,16.05.2024 13:17:57
0,282.00,1504,822,27.95,68.51,0,5.52,16.05.2024 13:17:59
0,277.50,1480,822,27.96,68.52,0,5.03,16.05.2024 13:18:01
0,282.56,1507,822,27.95,68.52,0,5.58,16.05.2024 13:18:03
0,279.38,1490,822,27.95,68.52,0,5.24,16.05.2024 13:18:06
0,280.31,1495,822,27.95,68.50,0,5.34,16.05.2024 13:18:08
0,279.38,1490,822,27.95,68.52,0,5.24,16.05.2024 13:18:10
0,280.50,1496,823,27.95,68.52,0,5.36,16.05.2024 13:18:12
0,281.81,1503,822,27.95,68.53,0,5.49,16.05.2024 13:18:14
0,278.81,1487,822,27.96,68.49,0,5.18,16.05.2024 13:18:16
0,276.19,1473,822,27.95,68.51,0,4.92,16.05.2024 13:18:18
0,278.06,1483,822,27.95,68.46,0,5.12,16.05.2024 13:18:20
0,280.13,1494,822,27.96,68.53,0,5.30,16.05.2024 13:18:22
0,279.94,1493,822,27.95,68.52,0,5.30,16.05.2024 13:18:25
0,279.56,1491,823,27.96,68.48,0,5.25,16.05.2024 13:18:27
0,280.13,1494,823,27.93,68.54,0,5.32,16.05.2024 13:18:29
0,279.19,1489,823,27.98,68.52,0,5.19,16.05.2024 13:18:31
0,279.75,1492,823,27.96,68.53,0,5.26,16.05.2024 13:18:33
0,278.25,1484,823,27.93,68.50,0,5.14,16.05.2024 13:18:35
0,276.00,1472,822,27.95,68.52,0,4.90,16.05.2024 13:18:37
0,279.00,1488,823,27.96,68.52,0,5.19,16.05.2024 13:18:41
0,278.81,1487,822,27.95,68.56,0,5.17,16.05.2024 13:18:44
0,279.94,1493,822,27.92,68.51,0,5.32,16.05.2024 13:18:46
0,280.31,1495,821,27.95,68.51,0,5.34,16.05.2024 13:18:48
0,279.19,1489,821,27.96,68.53,0,5.21,16.05.2024 13:18:50
0,279.75,1492,822,27.96,68.51,0,5.27,16.05.2024 13:18:52
0,280.50,1496,822,27.98,68.52,0,5.33,16.05.2024 13:18:54
0,280.13,1494,822,27.96,68.53,0,5.30,16.05.2024 13:18:56
0,275.63,1470,822,27.98,68.51,0,4.83,16.05.2024 13:18:58
0,274.31,1463,821,27.95,68.52,0,4.73,16.05.2024 13:19:00
0,273.94,1461,821,27.96,68.51,0,4.68,16.05.2024 13:19:03
0,278.44,1485,822,27.93,68.50,0,5.16,16.05.2024 13:19:05
0,276.00,1472,822,27.95,68.50,0,4.90,16.05.2024 13:19:07
0,275.63,1470,822,27.95,68.48,0,4.86,16.05.2024 13:19:09
0,278.06,1483,821,27.95,68.53,0,5.10,16.05.2024 13:19:11
0,278.25,1484,821,27.96,68.55,0,5.10,16.05.2024 13:19:13
0,274.88,1466,820,27.95,68.52,0,4.78,16.05.2024 13:19:15
0,274.13,1462,821,27.95,68.48,0,4.72,16.05.2024 13:19:17
0,276.56,1475,820,27.95,68.53,0,4.95,16.05.2024 13:19:20
0,275.81,1471,820,27.96,68.53,0,4.86,16.05.2024 13:19:22
0,278.25,1484,821,27.95,68.51,0,5.13,16.05.2024 13:19:24
0,277.31,1479,822,27.98,68.53,0,5.00,16.05.2024 13:19:26
0,276.19,1473,822,27.95,68.51,0,4.92,16.05.2024 13:19:28
0,278.81,1487,821,27.95,68.54,0,5.18,16.05.2024 13:19:30
0,278.25,1484,822,27.95,68.51,0,5.13,16.05.2024 13:19:32
0,277.50,1480,822,27.96,68.49,0,5.04,16.05.2024 13:19:34
0,277.88,1482,822,27.95,68.53,0,5.08,16.05.2024 13:19:36
0,280.88,1498,822,27.95,68.50,0,5.40,16.05.2024 13:19:39
0,278.44,1485,822,27.95,68.52,0,5.14,16.05.2024 13:19:41
0,277.69,1481,822,27.95,68.53,0,5.06,16.05.2024 13:19:43
0,282.38,1506,822,27.96,68.52,0,5.54,16.05.2024 13:19:45
0,277.69,1481,822,27.96,68.53,0,5.05,16.05.2024 13:19:47
0,277.88,1482,822,27.96,68.51,0,5.07,16.05.2024 13:19:49
0,281.63,1502,823,27.95,68.51,0,5.48,16.05.2024 13:19:51
0,283.31,1511,823,27.96,68.54,0,5.64,16.05.2024 13:19:53
0,279.75,1492,823,27.95,68.51,0,5.28,16.05.2024 13:19:56
0,279.19,1489,823,27.96,68.53,0,5.21,16.05.2024 13:19:58
0,280.13,1494,824,27.96,68.52,0,5.30,16.05.2024 13:20:00
0,281.44,1501,824,27.98,68.51,0,5.43,16.05.2024 13:20:02
0,279.38,1490,825,27.96,68.54,0,5.22,16.05.2024 13:20:04
0,283.13,1510,825,27.95,68.52,0,5.64,16.05.2024 13:20:06
0,276.94,1477,825,27.96,68.52,0,4.98,16.05.2024 13:20:08
0,277.69,1481,825,27.96,68.50,0,5.06,16.05.2024 13:20:10
0,281.81,1503,826,27.96,68.55,0,5.48,16.05.2024 13:20:12
0,279.94,1493,825,27.96,68.51,0,5.29,16.05.2024 13:20:15
0,281.44,1501,825,27.93,68.50,0,5.47,16.05.2024 13:20:17
0,280.31,1495,826,27.95,68.52,0,5.34,16.05.2024 13:20:19
0,280.50,1496,826,27.93,68.54,0,5.36,16.05.2024 13:20:21
0,279.75,1492,826,27.96,68.53,0,5.26,16.05.2024 13:20:23
0,281.44,1501,825,27.96,68.51,0,5.44,16.05.2024 13:20:25
0,280.50,1496,824,27.95,68.54,0,5.35,16.05.2024 13:20:27
0,280.13,1494,824,27.95,68.52,0,5.32,16.05.2024 13:20:29
0,281.63,1502,824,27.95,68.54,0,5.47,16.05.2024 13:20:32
0,282.38,1506,825,27.93,68.52,0,5.56,16.05.2024 13:20:34
0,279.38,1490,825,27.96,68.53,0,5.22,16.05.2024 13:20:36
0,276.56,1475,825,27.95,68.51,0,4.95,16.05.2024 13:20:38
0,280.88,1498,825,27.95,68.52,0,5.40,16.05.2024 13:20:40
0,280.69,1497,824,27.98,68.55,0,5.34,16.05.2024 13:20:42
0,280.31,1495,825,27.93,68.50,0,5.35,16.05.2024 13:20:44
0,280.88,1498,824,27.93,68.53,0,5.40,16.05.2024 13:20:46
0,280.50,1496,824,27.93,68.52,0,5.37,16.05.2024 13:20:49
0,282.19,1505,824,27.95,68.54,0,5.53,16.05.2024 13:20:51
0,277.50,1480,824,27.95,68.54,0,5.04,16.05.2024 13:20:53
0,280.69,1497,824,27.95,68.54,0,5.37,16.05.2024 13:20:55
0,276.38,1474,824,27.96,68.54,0,4.92,16.05.2024 13:20:57
0,280.50,1496,824,27.96,68.52,0,5.34,16.05.2024 13:20:59
0,276.38,1474,824,27.95,68.55,0,4.93,16.05.2024 13:21:01
0,277.50,1480,825,27.95,68.52,0,5.05,16.05.2024 13:21:03
0,277.88,1482,825,27.95,68.53,0,5.08,16.05.2024 13:21:05
0,277.31,1479,825,27.93,68.52,0,5.04,16.05.2024 13:21:08
0,279.00,1488,825,27.96,68.50,0,5.19,16.05.2024 13:21:10
0,275.44,1469,825,27.96,68.55,0,4.82,16.05.2024 13:21:12
0,278.81,1487,825,27.95,68.54,0,5.18,16.05.2024 13:21:14
0,277.50,1480,825,27.95,68.54,0,5.04,16.05.2024 13:21:16
0,281.63,1502,825,27.96,68.54,0,5.46,16.05.2024 13:21:18
0,281.06,1499,825,27.95,68.51,0,5.42,16.05.2024 13:21:20
0,280.50,1496,825,27.96,68.55,0,5.34,16.05.2024 13:21:22
0,277.50,1480,825,27.96,68.51,0,5.04,16.05.2024 13:21:25
0,278.44,1485,825,27.96,68.53,0,5.13,16.05.2024 13:21:27
0,282.75,1508,825,27.93,68.52,0,5.61,16.05.2024 13:21:29
0,280.69,1497,825,27.95,68.54,0,5.37,16.05.2024 13:21:31
0,279.38,1490,826,27.96,68.54,0,5.22,16.05.2024 13:21:33
0,278.25,1484,826,27.98,68.51,0,5.10,16.05.2024 13:21:35
0,281.44,1501,826,27.93,68.53,0,5.46,16.05.2024 13:21:37
0,280.13,1494,827,27.95,68.56,0,5.31,16.05.2024 13:21:39
0,281.81,1503,827,27.95,68.51,0,5.50,16.05.2024 13:21:42
0,277.31,1479,828,27.95,68.54,0,5.02,16.05.2024 13:21:44
0,279.00,1488,828,27.95,68.54,0,5.20,16.05.2024 13:21:46
0,280.69,1497,828,27.95,68.52,0,5.38,16.05.2024 13:21:48
0,279.00,1488,828,27.95,68.50,0,5.21,16.05.2024 13:21:50
0,277.88,1482,828,27.95,68.56,0,5.08,16.05.2024 13:21:52
0,281.06,1499,829,27.96,68.51,0,5.41,16.05.2024 13:21:54
0,280.31,1495,829,27.96,68.53,0,5.32,16.05.2024 13:21:56
0,281.63,1502,829,27.96,68.52,0,5.46,16.05.2024 13:21:58
0,277.69,1481,829,27.98,68.54,0,5.04,16.05.2024 13:22:01
0,277.31,1479,828,27.98,68.51,0,5.00,16.05.2024 13:22:03
0,281.81,1503,829,27.95,68.52,0,5.50,16.05.2024 13:22:05
0,277.50,1480,829,27.98,68.53,0,5.02,16.05.2024 13:22:07
0,274.69,1465,829,27.95,68.51,0,4.77,16.05.2024 13:22:09
0,279.75,1492,829,27.96,68.52,0,5.27,16.05.2024 13:22:11
0,283.31,1511,828,27.95,68.52,0,5.66,16.05.2024 13:22:13
0,279.19,1489,828,27.95,68.53,0,5.22,16.05.2024 13:22:15
0,281.06,1499,829,27.98,68.49,0,5.40,16.05.2024 13:22:18
0,277.50,1480,829,27.93,68.49,0,5.06,16.05.2024 13:22:20
0,281.25,1500,829,27.92,68.48,0,5.47,16.05.2024 13:22:22
0,278.06,1483,828,27.95,68.53,0,5.10,16.05.2024 13:22:24
0,281.25,1500,829,27.95,68.51,0,5.44,16.05.2024 13:22:26
0,278.06,1483,828,27.93,68.52,0,5.12,16.05.2024 13:22:28
0,279.56,1491,828,27.96,68.51,0,5.25,16.05.2024 13:22:30
0,280.13,1494,828,27.96,68.49,0,5.31,16.05.2024 13:22:32
0,277.31,1479,828,27.95,68.52,0,5.03,16.05.2024 13:22:35
0,275.06,1467,828,27.96,68.51,0,4.79,16.05.2024 13:22:37
0,277.88,1482,828,27.98,68.52,0,5.06,16.05.2024 13:22:39
0,279.56,1491,828,27.96,68.53,0,5.24,16.05.2024 13:22:41
0,273.19,1457,828,27.96,68.50,0,4.61,16.05.2024 13:22:43
0,277.31,1479,829,27.96,68.54,0,5.01,16.05.2024 13:22:45
0,280.31,1495,828,27.95,68.48,0,5.34,16.05.2024 13:22:47
0,281.81,1503,828,27.96,68.52,0,5.48,16.05.2024 13:22:49
0,281.63,1502,828,27.95,68.50,0,5.48,16.05.2024 13:22:52
0,279.00,1488,827,27.95,68.51,0,5.20,16.05.2024 13:22:54
0,277.69,1481,828,27.96,68.52,0,5.05,16.05.2024 13:22:56
0,279.94,1493,828,27.95,68.53,0,5.30,16.05.2024 13:22:58
0,277.50,1480,829,27.99,68.52,0,5.01,16.05.2024 13:23:00
0,278.81,1487,829,27.98,68.54,0,5.15,16.05.2024 13:23:02
0,280.13,1494,829,27.96,68.51,0,5.31,16.05.2024 13:23:04
0,278.44,1485,829,27.96,68.54,0,5.13,16.05.2024 13:23:08
0,277.88,1482,829,27.95,68.51,0,5.09,16.05.2024 13:23:10
0,277.31,1479,829,27.95,68.51,0,5.03,16.05.2024 13:23:13
0,279.75,1492,829,27.96,68.53,0,5.26,16.05.2024 13:23:15
0,278.25,1484,829,27.95,68.54,0,5.12,16.05.2024 13:23:17
0,279.38,1490,829,27.96,68.52,0,5.23,16.05.2024 13:23:19
0,279.00,1488,829,27.95,68.53,0,5.20,16.05.2024 13:23:21
0,278.44,1485,829,27.96,68.51,0,5.13,16.05.2024 13:23:23
0,276.56,1475,830,27.95,68.53,0,4.95,16.05.2024 13:23:25
0,276.38,1474,831,27.96,68.52,0,4.92,16.05.2024 13:23:27
0,275.44,1469,832,27.96,68.54,0,4.82,16.05.2024 13:23:30
0,273.94,1461,832,27.95,68.53,0,4.69,16.05.2024 13:23:32
0,274.50,1464,830,27.96,68.56,0,4.73,16.05.2024 13:23:34
0,272.25,1452,831,27.95,68.51,0,4.53,16.05.2024 13:23:36
0,273.19,1457,832,27.93,68.52,0,4.63,16.05.2024 13:23:38
0,272.63,1454,834,27.95,68.53,0,4.56,16.05.2024 13:23:40
0,276.75,1476,834,27.95,68.54,0,4.97,16.05.2024 13:23:42
0,274.50,1464,835,27.95,68.56,0,4.74,16.05.2024 13:23:44
0,276.38,1474,834,27.96,68.52,0,4.92,16.05.2024 13:23:47
0,276.38,1474,833,27.95,68.57,0,4.92,16.05.2024 13:23:49
0,279.19,1489,832,27.96,68.53,0,5.21,16.05.2024 13:23:51
0,274.13,1462,832,27.95,68.54,0,4.71,16.05.2024 13:23:53
0,275.25,1468,832,27.95,68.54,0,4.82,16.05.2024 13:23:55
0,278.63,1486,831,27.96,68.56,0,5.14,16.05.2024 13:23:57
0,276.94,1477,831,27.95,68.55,0,4.98,16.05.2024 13:23:59
0,273.19,1457,830,27.98,68.54,0,4.59,16.05.2024 13:24:01
0,279.38,1490,830,27.96,68.53,0,5.22,16.05.2024 13:24:03
0,278.63,1486,831,27.95,68.54,0,5.16,16.05.2024 13:24:06
0,282.56,1507,831,27.93,68.56,0,5.58,16.05.2024 13:24:08
0,281.81,1503,831,27.95,68.56,0,5.49,16.05.2024 13:24:10
0,278.81,1487,832,27.95,68.52,0,5.18,16.05.2024 13:24:12
0,282.56,1507,832,27.98,68.53,0,5.55,16.05.2024 13:24:14
0,279.19,1489,831,27.98,68.54,0,5.19,16.05.2024 13:24:16
0,278.06,1483,832,27.98,68.52,0,5.08,16.05.2024 13:24:18
0,280.88,1498,832,27.96,68.53,0,5.38,16.05.2024 13:24:20
0,280.88,1498,832,27.95,68.54,0,5.39,16.05.2024 13:24:23
0,279.00,1488,832,27.95,68.55,0,5.20,16.05.2024 13:24:25
0,280.31,1495,830,27.96,68.53,0,5.32,16.05.2024 13:24:27
0,279.94,1493,831,27.93,68.50,0,5.31,16.05.2024 13:24:29
0,279.19,1489,831,27.95,68.50,0,5.22,16.05.2024 13:24:31
0,281.81,1503,831,27.93,68.52,0,5.51,16.05.2024 13:24:33
0,279.00,1488,831,27.96,68.56,0,5.18,16.05.2024 13:24:35
0,281.81,1503,831,27.96,68.52,0,5.48,16.05.2024 13:24:37
0,281.25,1500,832,27.93,68.49,0,5.45,16.05.2024 13:24:40
0,281.25,1500,832,27.96,68.54,0,5.42,16.05.2024 13:24:42
0,282.38,1506,831,27.95,68.54,0,5.55,16.05.2024 13:24:44
0,278.06,1483,830,27.96,68.55,0,5.09,16.05.2024 13:24:46
0,279.75,1492,830,27.96,68.56,0,5.26,16.05.2024 13:24:48
0,277.50,1480,831,27.96,68.53,0,5.03,16.05.2024 13:24:50
0,279.94,1493,831,27.93,68.54,0,5.30,16.05.2024 13:24:52
0,279.38,1490,830,27.96,68.56,0,5.22,16.05.2024 13:24:54
0,278.44,1485,831,27.98,68.53,0,5.12,16.05.2024 13:24:56
0,279.00,1488,831,27.92,68.52,0,5.22,16.05.2024 13:24:59
0,280.50,1496,831,27.96,68.56,0,5.34,16.05.2024 13:25:01
0,281.81,1503,830,27.95,68.55,0,5.49,16.05.2024 13:25:03
0,281.06,1499,831,27.96,68.55,0,5.40,16.05.2024 13:25:05
0,277.13,1478,831,27.93,68.54,0,5.01,16.05.2024 13:25:07
0,281.44,1501,831,27.96,68.53,0,5.44,16.05.2024 13:25:09
0,279.38,1490,832,27.96,68.54,0,5.22,16.05.2024 13:25:11
0,278.44,1485,832,27.95,68.53,0,5.14,16.05.2024 13:25:13
0,278.63,1486,832,27.98,68.52,0,5.14,16.05.2024 13:25:16
0,280.13,1494,832,27.95,68.55,0,5.31,16.05.2024 13:25:18
0,283.69,1513,832,27.95,68.54,0,5.69,16.05.2024 13:25:20
0,280.13,1494,831,27.96,68.56,0,5.30,16.05.2024 13:25:22
0,279.00,1488,831,27.95,68.57,0,5.19,16.05.2024 13:25:24
0,278.63,1486,831,27.96,68.52,0,5.15,16.05.2024 13:25:26
0,280.13,1494,832,27.96,68.50,0,5.31,16.05.2024 13:25:28
0,279.75,1492,833,27.96,68.53,0,5.26,16.05.2024 13:25:30
0,276.75,1476,833,27.95,68.54,0,4.97,16.05.2024 13:25:33
0,278.63,1486,832,27.95,68.56,0,5.15,16.05.2024 13:25:35
0,277.13,1478,832,27.96,68.53,0,4.99,16.05.2024 13:25:37
0,281.06,1499,832,27.93,68.53,0,5.42,16.05.2024 13:25:39
0,281.25,1500,831,27.93,68.53,0,5.44,16.05.2024 13:25:41
0,282.75,1508,831,27.96,68.54,0,5.58,16.05.2024 13:25:43
0,281.81,1503,831,27.96,68.51,0,5.48,16.05.2024 13:25:45
0,283.88,1514,830,27.95,68.52,0,5.72,16.05.2024 13:25:47
0,279.19,1489,830,27.96,68.51,0,5.21,16.05.2024 13:25:49
0,278.44,1485,830,27.96,68.54,0,5.13,16.05.2024 13:25:52
0,274.13,1462,831,27.98,68.56,0,4.68,16.05.2024 13:25:54
0,282.56,1507,831,27.96,68.53,0,5.56,16.05.2024 13:25:56
0,280.13,1494,832,27.95,68.54,0,5.31,16.05.2024 13:25:58
0,283.13,1510,831,27.95,68.55,0,5.63,16.05.2024 13:26:00
0,281.44,1501,831,27.96,68.52,0,5.44,16.05.2024 13:26:02
0,281.44,1501,830,27.96,68.55,0,5.44,16.05.2024 13:26:04
0,281.25,1500,830,27.96,68.49,0,5.43,16.05.2024 13:26:06
0,282.00,1504,830,27.93,68.50,0,5.53,16.05.2024 13:26:09
0,282.38,1506,831,27.95,68.53,0,5.55,16.05.2024 13:26:11
0,282.75,1508,830,27.95,68.52,0,5.60,16.05.2024 13:26:13
0,279.38,1490,830,27.96,68.51,0,5.23,16.05.2024 13:26:15
0,276.94,1477,831,27.96,68.53,0,4.98,16.05.2024 13:26:17
0,280.88,1498,832,27.96,68.54,0,5.38,16.05.2024 13:26:19
0,283.69,1513,832,27.96,68.50,0,5.69,16.05.2024 13:26:21
0,279.94,1493,833,27.96,68.54,0,5.28,16.05.2024 13:26:23
0,281.25,1500,832,27.96,68.51,0,5.42,16.05.2024 13:26:26
0,278.44,1485,832,27.95,68.55,0,5.14,16.05.2024 13:26:28
0,278.81,1487,832,27.96,68.51,0,5.17,16.05.2024 13:26:30
0,278.63,1486,831,27.95,68.54,0,5.16,16.05.2024 13:26:32
0,284.81,1519,830,27.96,68.52,0,5.80,16.05.2024 13:26:34
0,281.06,1499,830,27.96,68.50,0,5.41,16.05.2024 13:26:36
0,282.19,1505,830,27.96,68.55,0,5.52,16.05.2024 13:26:38
0,277.69,1481,830,27.96,68.52,0,5.05,16.05.2024 13:26:40
0,279.56,1491,830,27.95,68.52,0,5.26,16.05.2024 13:26:42
0,278.06,1483,830,27.95,68.53,0,5.10,16.05.2024 13:26:45
0,278.44,1485,830,27.96,68.54,0,5.13,16.05.2024 13:26:47
0,281.63,1502,830,27.95,68.51,0,5.48,16.05.2024 13:26:49
0,278.63,1486,829,27.98,68.53,0,5.13,16.05.2024 13:26:51
0,276.56,1475,830,27.96,68.50,0,4.94,16.05.2024 13:26:53
0,280.13,1494,830,27.93,68.48,0,5.34,16.05.2024 13:26:55
0,278.81,1487,831,27.96,68.52,0,5.17,16.05.2024 13:26:57
0,275.44,1469,830,27.92,68.52,0,4.86,16.05.2024 13:26:59
0,277.88,1482,830,27.96,68.52,0,5.07,16.05.2024 13:27:02
0,279.75,1492,830,27.96,68.52,0,5.27,16.05.2024 13:27:04
0,278.25,1484,830,27.96,68.53,0,5.11,16.05.2024 13:27:06
0,279.38,1490,829,27.95,68.54,0,5.24,16.05.2024 13:27:08
0,278.25,1484,829,27.96,68.50,0,5.11,16.05.2024 13:27:10
0,277.88,1482,828,27.95,68.53,0,5.08,16.05.2024 13:27:12
0,277.31,1479,828,27.92,68.53,0,5.05,16.05.2024 13:27:14
0,276.56,1475,828,27.95,68.50,0,4.96,16.05.2024 13:27:16
0,282.19,1505,828,27.95,68.50,0,5.54,16.05.2024 13:27:19
0,281.44,1501,828,27.93,68.50,0,5.47,16.05.2024 13:27:21
0,279.38,1490,828,27.93,68.52,0,5.25,16.05.2024 13:27:23
0,275.06,1467,828,27.96,68.50,0,4.79,16.05.2024 13:27:25
0,276.75,1476,828,27.96,68.50,0,4.96,16.05.2024 13:27:27
0,279.56,1491,828,27.96,68.54,0,5.24,16.05.2024 13:27:29
0,280.13,1494,828,27.95,68.56,0,5.31,16.05.2024 13:27:31
0,277.88,1482,829,27.96,68.48,0,5.08,16.05.2024 13:27:33
0,276.56,1475,829,27.95,68.48,0,4.96,16.05.2024 13:27:35
0,282.56,1507,829,27.95,68.51,0,5.58,16.05.2024 13:27:38
0,279.19,1489,829,27.96,68.50,0,5.21,16.05.2024 13:27:42
0,278.25,1484,830,27.95,68.52,0,5.12,16.05.2024 13:27:44
0,276.38,1474,830,27.95,68.55,0,4.93,16.05.2024 13:27:46
0,279.75,1492,830,27.98,68.51,0,5.25,16.05.2024 13:27:48
0,275.25,1468,829,27.93,68.49,0,4.84,16.05.2024 13:27:50
0,279.19,1489,828,27.95,68.54,0,5.22,16.05.2024 13:27:52
0,279.56,1491,828,27.96,68.53,0,5.24,16.05.2024 13:27:54
0,274.88,1466,828,27.96,68.53,0,4.77,16.05.2024 13:27:57
0,277.13,1478,829,27.93,68.52,0,5.02,16.05.2024 13:27:59
0,275.25,1468,829,27.95,68.52,0,4.82,16.05.2024 13:28:01
0,277.69,1481,829,27.95,68.51,0,5.07,16.05.2024 13:28:03
0,275.44,1469,829,27.98,68.47,0,4.82,16.05.2024 13:28:05
0,275.06,1467,829,27.95,68.53,0,4.80,16.05.2024 13:28:07
0,275.81,1471,830,27.96,68.50,0,4.87,16.05.2024 13:28:09
0,273.00,1456,830,27.96,68.52,0,4.59,16.05.2024 13:28:11
0,276.38,1474,830,27.95,68.52,0,4.93,16.05.2024 13:28:14
0,275.44,1469,831,27.93,68.53,0,4.85,16.05.2024 13:28:16
0,273.94,1461,831,27.96,68.51,0,4.68,16.05.2024 13:28:18
0,277.13,1478,831,27.93,68.46,0,5.03,16.05.2024 13:28:20
0,278.06,1483,831,27.95,68.52,0,5.10,16.05.2024 13:28:22
0,276.19,1473,831,27.93,68.52,0,4.92,16.05.2024 13:28:24
0,276.56,1475,831,27.96,68.52,0,4.94,16.05.2024 13:28:26
0,275.63,1470,830,27.95,68.51,0,4.86,16.05.2024 13:28:28
0,280.13,1494,831,27.95,68.52,0,5.32,16.05.2024 13:28:30
0,275.06,1467,832,27.96,68.49,0,4.80,16.05.2024 13:28:33
0,274.88,1466,831,27.92,68.52,0,4.80,16.05.2024 13:28:35
0,280.88,1498,832,27.96,68.53,0,5.38,16.05.2024 13:28:37
0,276.75,1476,832,27.95,68.53,0,4.97,16.05.2024 13:28:39
0,277.50,1480,833,27.93,68.52,0,5.06,16.05.2024 13:28:41
0,277.50,1480,833,27.93,68.52,0,5.06,16.05.2024 13:28:43
0,280.50,1496,833,27.95,68.53,0,5.36,16.05.2024 13:28:45
0,279.19,1489,833,27.93,68.49,0,5.24,16.05.2024 13:28:47
0,279.94,1493,834,27.93,68.48,0,5.32,16.05.2024 13:28:50
0,275.06,1467,834,27.95,68.53,0,4.80,16.05.2024 13:28:52
0,276.56,1475,835,27.96,68.51,0,4.94,16.05.2024 13:28:54
0,280.50,1496,835,27.96,68.50,0,5.35,16.05.2024 13:28:56
0,284.25,1516,835,27.93,68.50,0,5.77,16.05.2024 13:28:58
0,283.13,1510,835,27.95,68.51,0,5.64,16.05.2024 13:29:00
0,276.94,1477,835,27.93,68.50,0,5.00,16.05.2024 13:29:02
0,283.31,1511,834,27.95,68.51,0,5.66,16.05.2024 13:29:04
0,279.75,1492,834,27.93,68.50,0,5.29,16.05.2024 13:29:07
0,278.44,1485,834,27.95,68.48,0,5.15,16.05.2024 13:29:09
0,279.56,1491,834,27.95,68.52,0,5.26,16.05.2024 13:29:11
0,282.19,1505,835,27.92,68.50,0,5.56,16.05.2024 13:29:13
0,277.69,1481,834,27.95,68.50,0,5.07,16.05.2024 13:29:15
0,281.63,1502,834,27.93,68.49,0,5.49,16.05.2024 13:29:17
0,281.06,1499,833,27.93,68.52,0,5.43,16.05.2024 13:29:19
0,278.81,1487,833,27.95,68.53,0,5.18,16.05.2024 13:29:21
0,278.25,1484,833,27.95,68.53,0,5.12,16.05.2024 13:29:23
0,278.81,1487,832,27.95,68.52,0,5.18,16.05.2024 13:29:26
0,278.81,1487,833,27.93,68.50,0,5.20,16.05.2024 13:29:28
0,278.63,1486,834,27.95,68.53,0,5.16,16.05.2024 13:29:30
0,276.75,1476,834,27.98,68.52,0,4.95,16.05.2024 13:29:32
0,283.88,1514,835,27.96,68.50,0,5.71,16.05.2024 13:29:34
0,279.00,1488,835,27.96,68.52,0,5.19,16.05.2024 13:29:36
0,278.81,1487,836,27.95,68.50,0,5.19,16.05.2024 13:29:38
0,282.00,1504,836,27.95,68.46,0,5.53,16.05.2024 13:29:40
0,280.50,1496,835,27.93,68.47,0,5.38,16.05.2024 13:29:43
0,277.50,1480,835,27.95,68.51,0,5.05,16.05.2024 13:29:45
0,279.56,1491,835,27.92,68.46,0,5.29,16.05.2024 13:29:47
0,274.50,1464,836,27.95,68.50,0,4.75,16.05.2024 13:29:49
0,279.75,1492,836,27.93,68.50,0,5.29,16.05.2024 13:29:51
0,275.06,1467,835,27.93,68.50,0,4.81,16.05.2024 13:29:53
0,278.06,1483,836,27.93,68.49,0,5.12,16.05.2024 13:29:55
0,279.38,1490,835,27.95,68.50,0,5.24,16.05.2024 13:29:57
0,279.75,1492,835,27.92,68.50,0,5.30,16.05.2024 13:30:00
0,282.00,1504,836,27.93,68.45,0,5.54,16.05.2024 13:30:02
0,281.25,1500,836,27.92,68.48,0,5.47,16.05.2024 13:30:04
0,276.94,1477,836,27.93,68.50,0,5.00,16.05.2024 13:30:06
0,278.06,1483,836,27.92,68.49,0,5.13,16.05.2024 13:30:08
0,280.13,1494,836,27.95,68.50,0,5.32,16.05.2024 13:30:10
0,277.13,1478,836,27.93,68.52,0,5.02,16.05.2024 13:30:12
0,277.50,1480,837,27.90,68.48,0,5.09,16.05.2024 13:30:14
0,276.00,1472,837,27.95,68.48,0,4.90,16.05.2024 13:30:16
0,279.38,1490,837,27.92,68.49,0,5.27,16.05.2024 13:30:19
0,282.00,1504,837,27.92,68.49,0,5.54,16.05.2024 13:30:21
0,280.31,1495,837,27.95,68.48,0,5.34,16.05.2024 13:30:23
0,279.19,1489,836,27.90,68.50,0,5.26,16.05.2024 13:30:25
0,277.69,1481,836,27.93,68.48,0,5.08,16.05.2024 13:30:27
0,276.94,1477,836,27.95,68.51,0,4.99,16.05.2024 13:30:29
0,284.06,1515,836,27.93,68.49,0,5.75,16.05.2024 13:30:31
0,275.63,1470,836,27.92,68.47,0,4.89,16.05.2024 13:30:33
0,280.31,1495,836,27.95,68.48,0,5.35,16.05.2024 13:30:36
0,274.88,1466,837,27.95,68.48,0,4.79,16.05.2024 13:30:38
0,280.13,1494,837,27.95,68.46,0,5.33,16.05.2024 13:30:40
0,277.50,1480,837,27.93,68.47,0,5.07,16.05.2024 13:30:42
0,281.63,1502,838,27.95,68.48,0,5.48,16.05.2024 13:30:44
0,277.31,1479,837,27.93,68.47,0,5.05,16.05.2024 13:30:46
0,280.13,1494,837,27.92,68.46,0,5.35,16.05.2024 13:30:48
0,274.88,1466,837,27.95,68.46,0,4.79,16.05.2024 13:30:50
0,281.25,1500,837,27.93,68.48,0,5.45,16.05.2024 13:30:53
0,278.63,1486,837,27.92,68.46,0,5.19,16.05.2024 13:30:55
0,275.44,1469,838,27.92,68.50,0,4.86,16.05.2024 13:30:57
0,277.88,1482,838,27.93,68.50,0,5.10,16.05.2024 13:30:59
0,279.56,1491,838,27.92,68.46,0,5.29,16.05.2024 13:31:01
0,276.75,1476,839,27.93,68.44,0,5.00,16.05.2024 13:31:03
0,279.94,1493,838,27.92,68.48,0,5.33,16.05.2024 13:31:05
0,279.75,1492,837,27.95,68.48,0,5.29,16.05.2024 13:31:07
0,275.06,1467,838,27.93,68.46,0,4.82,16.05.2024 13:31:09
0,278.63,1486,838,27.95,68.50,0,5.17,16.05.2024 13:31:12
0,279.00,1488,838,27.93,68.47,0,5.22,16.05.2024 13:31:14
0,278.63,1486,838,27.95,68.48,0,5.17,16.05.2024 13:31:16
0,276.00,1472,837,27.92,68.43,0,4.93,16.05.2024 13:31:18
0,276.00,1472,837,27.92,68.49,0,4.92,16.05.2024 13:31:20
0,276.56,1475,837,27.93,68.46,0,4.97,16.05.2024 13:31:22
0,276.19,1473,837,27.93,68.45,0,4.94,16.05.2024 13:31:24
0,281.25,1500,838,27.92,68.46,0,5.47,16.05.2024 13:31:26
0,278.44,1485,839,27.90,68.47,0,5.19,16.05.2024 13:31:29
0,281.81,1503,839,27.93,68.44,0,5.52,16.05.2024 13:31:31
0,278.44,1485,839,27.92,68.46,0,5.18,16.05.2024 13:31:33
0,276.94,1477,839,27.92,68.46,0,5.02,16.05.2024 13:31:35
0,279.75,1492,840,27.89,68.45,0,5.34,16.05.2024 13:31:37
0,280.13,1494,840,27.93,68.47,0,5.34,16.05.2024 13:31:39
0,278.81,1487,840,27.92,68.45,0,5.22,16.05.2024 13:31:41
0,276.38,1474,839,27.93,68.47,0,4.95,16.05.2024 13:31:43
0,275.63,1470,839,27.92,68.48,0,4.89,16.05.2024 13:31:46
0,279.75,1492,840,27.93,68.48,0,5.30,16.05.2024 13:31:48
0,278.25,1484,840,27.93,68.44,0,5.15,16.05.2024 13:31:50
0,276.38,1474,839,27.92,68.43,0,4.97,16.05.2024 13:31:52
0,275.63,1470,840,27.95,68.43,0,4.87,16.05.2024 13:31:54
0,276.94,1477,840,27.95,68.44,0,5.00,16.05.2024 13:31:56
0,278.06,1483,840,27.93,68.44,0,5.13,16.05.2024 13:31:58
0,277.31,1479,840,27.93,68.46,0,5.05,16.05.2024 13:32:00
0,275.81,1471,840,27.90,68.48,0,4.92,16.05.2024 13:32:02
0,274.88,1466,839,27.92,68.44,0,4.82,16.05.2024 13:32:05
0,279.00,1488,839,27.92,68.44,0,5.24,16.05.2024 13:32:07
0,279.19,1489,840,27.90,68.42,0,5.27,16.05.2024 13:32:09
0,273.75,1460,840,27.93,68.44,0,4.70,16.05.2024 13:32:13
0,273.94,1461,840,27.93,68.48,0,4.71,16.05.2024 13:32:15
0,277.13,1478,841,27.92,68.44,0,5.05,16.05.2024 13:32:17
0,279.38,1490,841,27.92,68.43,0,5.28,16.05.2024 13:32:19
0,277.88,1482,841,27.92,68.45,0,5.12,16.05.2024 13:32:21
0,278.44,1485,841,27.95,68.46,0,5.16,16.05.2024 13:32:24
0,275.06,1467,841,27.92,68.46,0,4.83,16.05.2024 13:32:26
0,274.50,1464,841,27.92,68.47,0,4.77,16.05.2024 13:32:28
0,270.75,1444,840,27.90,68.47,0,4.42,16.05.2024 13:32:30
0,272.06,1451,840,27.93,68.43,0,4.53,16.05.2024 13:32:32
0,273.19,1457,840,27.92,68.45,0,4.65,16.05.2024 13:32:34
0,274.69,1465,841,27.92,68.46,0,4.80,16.05.2024 13:32:36
0,273.38,1458,841,27.92,68.44,0,4.67,16.05.2024 13:32:38
0,274.50,1464,841,27.93,68.45,0,4.77,16.05.2024 13:32:41
0,275.25,1468,841,27.95,68.43,0,4.84,16.05.2024 13:32:43
0,278.25,1484,841,27.92,68.45,0,5.16,16.05.2024 13:32:45
0,276.94,1477,841,27.95,68.42,0,5.01,16.05.2024 13:32:47
0,274.50,1464,842,27.92,68.47,0,4.77,16.05.2024 13:32:49
0,272.44,1453,842,27.90,68.45,0,4.59,16.05.2024 13:32:51
0,275.63,1470,843,27.92,68.46,0,4.89,16.05.2024 13:32:53
0,274.69,1465,843,27.92,68.45,0,4.80,16.05.2024 13:32:55
0,276.56,1475,843,27.93,68.43,0,4.98,16.05.2024 13:32:57
0,278.44,1485,843,27.90,68.45,0,5.19,16.05.2024 13:33:00
0,275.81,1471,843,27.92,68.46,0,4.91,16.05.2024 13:33:02
0,276.94,1477,843,27.92,68.46,0,5.02,16.05.2024 13:33:04
0,273.75,1460,843,27.90,68.46,0,4.71,16.05.2024 13:33:06
0,273.75,1460,844,27.90,68.47,0,4.71,16.05.2024 13:33:08
0,276.00,1472,845,27.93,68.46,0,4.92,16.05.2024 13:33:10
0,279.19,1489,845,27.90,68.45,0,5.27,16.05.2024 13:33:12
0,271.31,1447,846,27.92,68.49,0,4.46,16.05.2024 13:33:14
0,274.88,1466,846,27.93,68.46,0,4.80,16.05.2024 13:33:17
0,278.44,1485,845,27.89,68.44,0,5.20,16.05.2024 13:33:19
0,278.06,1483,845,27.92,68.44,0,5.14,16.05.2024 13:33:21
0,277.31,1479,845,27.92,68.47,0,5.06,16.05.2024 13:33:23
0,280.69,1497,845,27.92,68.45,0,5.41,16.05.2024 13:33:25
0,273.00,1456,844,27.90,68.46,0,4.64,16.05.2024 13:33:27
0,275.44,1469,844,27.90,68.42,0,4.89,16.05.2024 13:33:29
0,278.06,1483,844,27.93,68.42,0,5.13,16.05.2024 13:33:31
0,277.50,1480,843,27.88,68.44,0,5.12,16.05.2024 13:33:34
0,276.00,1472,843,27.90,68.45,0,4.94,16.05.2024 13:33:36
0,273.38,1458,844,27.89,68.46,0,4.69,16.05.2024 13:33:38
0,280.13,1494,844,27.92,68.47,0,5.35,16.05.2024 13:33:40
0,278.25,1484,844,27.89,68.48,0,5.18,16.05.2024 13:33:42
0,273.75,1460,845,27.90,68.46,0,4.71,16.05.2024 13:33:44
0,279.38,1490,845,27.90,68.46,0,5.29,16.05.2024 13:33:46
0,279.19,1489,844,27.90,68.46,0,5.27,16.05.2024 13:33:48
0,279.75,1492,845,27.90,68.47,0,5.32,16.05.2024 13:33:50
0,276.56,1475,845,27.90,68.47,0,4.99,16.05.2024 13:33:53
0,277.13,1478,845,27.92,68.47,0,5.04,16.05.2024 13:33:55
0,278.44,1485,845,27.90,68.45,0,5.19,16.05.2024 13:33:57
0,282.38,1506,845,27.89,68.46,0,5.61,16.05.2024 13:33:59
0,278.06,1483,845,27.89,68.46,0,5.16,16.05.2024 13:34:01
0,275.06,1467,845,27.90,68.48,0,4.84,16.05.2024 13:34:03
0,278.81,1487,845,27.90,68.44,0,5.23,16.05.2024 13:34:05
0,274.69,1465,846,27.88,68.43,0,4.83,16.05.2024 13:34:07
0,279.00,1488,846,27.88,68.44,0,5.27,16.05.2024 13:34:10
0,279.00,1488,846,27.89,68.43,0,5.26,16.05.2024 13:34:12
0,278.06,1483,846,27.90,68.46,0,5.15,16.05.2024 13:34:14
0,276.56,1475,845,27.90,68.44,0,5.00,16.05.2024 13:34:16
0,278.63,1486,845,27.89,68.48,0,5.21,16.05.2024 13:34:18
0,277.88,1482,846,27.89,68.44,0,5.14,16.05.2024 13:34:20
0,279.56,1491,845,27.89,68.45,0,5.32,16.05.2024 13:34:22
0,279.56,1491,846,27.89,68.48,0,5.31,16.05.2024 13:34:24
0,283.31,1511,845,27.90,68.47,0,5.70,16.05.2024 13:34:27
0,277.31,1479,845,27.88,68.43,0,5.10,16.05.2024 13:34:29
0,277.88,1482,845,27.90,68.48,0,5.13,16.05.2024 13:34:31
0,276.56,1475,844,27.90,68.42,0,5.00,16.05.2024 13:34:33
0,279.38,1490,844,27.89,68.46,0,5.30,16.05.2024 13:34:35
0,276.56,1475,843,27.90,68.46,0,5.00,16.05.2024 13:34:37
0,275.44,1469,843,27.88,68.47,0,4.90,16.05.2024 13:34:39
0,274.13,1462,844,27.86,68.45,0,4.78,16.05.2024 13:34:41
0,278.63,1486,844,27.89,68.42,0,5.23,16.05.2024 13:34:43
0,276.38,1474,844,27.88,68.43,0,5.00,16.05.2024 13:34:46
0,277.50,1480,844,27.88,68.47,0,5.11,16.05.2024 13:34:48
0,274.50,1464,844,27.92,68.43,0,4.78,16.05.2024 13:34:50
0,277.69,1481,844,27.89,68.44,0,5.12,16.05.2024 13:34:52
0,280.69,1497,844,27.89,68.41,0,5.44,16.05.2024 13:34:54
0,276.38,1474,844,27.88,68.46,0,5.00,16.05.2024 13:34:56
0,278.63,1486,844,27.88,68.44,0,5.23,16.05.2024 13:34:58
0,280.13,1494,844,27.89,68.45,0,5.38,16.05.2024 13:35:00
0,277.88,1482,844,27.89,68.43,0,5.15,16.05.2024 13:35:03
0,275.81,1471,844,27.88,68.43,0,4.95,16.05.2024 13:35:05
0,276.38,1474,845,27.88,68.44,0,5.00,16.05.2024 13:35:07
0,277.50,1480,845,27.88,68.46,0,5.11,16.05.2024 13:35:09
0,281.06,1499,845,27.88,68.40,0,5.50,16.05.2024 13:35:11
0,275.25,1468,845,27.88,68.42,0,4.89,16.05.2024 13:35:13
0,278.81,1487,844,27.88,68.46,0,5.25,16.05.2024 13:35:15
0,274.31,1463,844,27.90,68.45,0,4.77,16.05.2024 13:35:17
0,277.69,1481,844,27.90,68.44,0,5.12,16.05.2024 13:35:20
0,279.38,1490,844,27.89,68.44,0,5.30,16.05.2024 13:35:22
0,279.56,1491,844,27.89,68.43,0,5.32,16.05.2024 13:35:24
0,276.75,1476,844,27.89,68.45,0,5.03,16.05.2024 13:35:26
0,278.44,1485,843,27.89,68.43,0,5.20,16.05.2024 13:35:28
0,278.06,1483,843,27.88,68.43,0,5.18,16.05.2024 13:35:30
0,281.25,1500,844,27.88,68.46,0,5.50,16.05.2024 13:35:32
0,277.13,1478,843,27.88,68.44,0,5.08,16.05.2024 13:35:34
0,278.44,1485,844,27.89,68.44,0,5.20,16.05.2024 13:35:37
0,277.50,1480,843,27.89,68.41,0,5.11,16.05.2024 13:35:39
0,281.81,1503,843,27.89,68.41,0,5.56,16.05.2024 13:35:41
0,274.50,1464,843,27.86,68.44,0,4.82,16.05.2024 13:35:43
0,277.69,1481,844,27.89,68.46,0,5.12,16.05.2024 13:35:45
0,281.06,1499,843,27.88,68.42,0,5.49,16.05.2024 13:35:47
0,277.13,1478,844,27.88,68.41,0,5.08,16.05.2024 13:35:49
0,279.38,1490,844,27.88,68.44,0,5.31,16.05.2024 13:35:51
0,273.94,1461,844,27.88,68.45,0,4.75,16.05.2024 13:35:53
0,280.13,1494,844,27.86,68.44,0,5.40,16.05.2024 13:35:56
0,277.88,1482,844,27.88,68.43,0,5.16,16.05.2024 13:35:58
0,278.06,1483,845,27.89,68.45,0,5.16,16.05.2024 13:36:00
0,278.06,1483,845,27.88,68.41,0,5.18,16.05.2024 13:36:02
0,276.19,1473,844,27.86,68.41,0,5.00,16.05.2024 13:36:04
0,278.25,1484,844,27.88,68.44,0,5.19,16.05.2024 13:36:06
0,276.38,1474,844,27.88,68.44,0,5.00,16.05.2024 13:36:08
0,273.19,1457,844,27.89,68.43,0,4.67,16.05.2024 13:36:10
0,274.88,1466,845,27.86,68.45,0,4.86,16.05.2024 13:36:13
0,275.25,1468,846,27.88,68.45,0,4.89,16.05.2024 13:36:15
0,278.63,1486,846,27.88,68.43,0,5.23,16.05.2024 13:36:17
0,278.81,1487,846,27.88,68.44,0,5.25,16.05.2024 13:36:19
0,281.25,1500,847,27.86,68.43,0,5.52,16.05.2024 13:36:21
0,275.06,1467,847,27.86,68.45,0,4.88,16.05.2024 13:36:23
0,277.69,1481,847,27.88,68.43,0,5.14,16.05.2024 13:36:25
0,277.31,1479,848,27.85,68.42,0,5.12,16.05.2024 13:36:27
0,277.69,1481,847,27.85,68.36,0,5.17,16.05.2024 13:36:30
0,275.25,1468,847,27.86,68.43,0,4.90,16.05.2024 13:36:32
0,275.25,1468,847,27.86,68.46,0,4.89,16.05.2024 13:36:34
0,271.69,1449,847,27.88,68.43,0,4.54,16.05.2024 13:36:36
0,277.88,1482,847,27.86,68.42,0,5.17,16.05.2024 13:36:38
0,276.94,1477,847,27.88,68.43,0,5.06,16.05.2024 13:36:40
0,278.44,1485,848,27.86,68.44,0,5.22,16.05.2024 13:36:42
0,277.50,1480,848,27.86,68.43,0,5.13,16.05.2024 13:36:44
0,278.25,1484,848,27.85,68.42,0,5.22,16.05.2024 13:36:46
0,274.13,1462,848,27.85,68.42,0,4.80,16.05.2024 13:36:49
0,279.56,1491,848,27.86,68.44,0,5.34,16.05.2024 13:36:51
0,275.63,1470,849,27.86,68.43,0,4.94,16.05.2024 13:36:53
0,277.50,1480,848,27.86,68.45,0,5.12,16.05.2024 13:36:55
0,275.81,1471,848,27.88,68.40,0,4.95,16.05.2024 13:36:57
0,275.63,1470,849,27.86,68.41,0,4.94,16.05.2024 13:36:59
0,276.00,1472,848,27.85,68.42,0,4.99,16.05.2024 13:37:01
0,277.88,1482,848,27.85,68.45,0,5.18,16.05.2024 13:37:03
0,278.25,1484,848,27.83,68.42,0,5.23,16.05.2024 13:37:06
0,276.00,1472,849,27.86,68.43,0,4.98,16.05.2024 13:37:08
0,276.75,1476,849,27.85,68.45,0,5.06,16.05.2024 13:37:10
0,276.00,1472,849,27.86,68.41,0,4.98,16.05.2024 13:37:14
0,276.94,1477,849,27.85,68.41,0,5.09,16.05.2024 13:37:16
0,276.00,1472,850,27.86,68.42,0,4.98,16.05.2024 13:37:18
0,275.44,1469,850,27.86,68.44,0,4.92,16.05.2024 13:37:20
0,276.56,1475,850,27.85,68.45,0,5.04,16.05.2024 13:37:22
0,276.19,1473,849,27.85,68.42,0,5.01,16.05.2024 13:37:25
0,274.50,1464,849,27.86,68.41,0,4.83,16.05.2024 13:37:27
0,275.63,1470,849,27.83,68.43,0,4.96,16.05.2024 13:37:29
0,275.63,1470,849,27.83,68.41,0,4.96,16.05.2024 13:37:31
0,276.19,1473,849,27.83,68.43,0,5.02,16.05.2024 13:37:33
0,273.38,1458,850,27.83,68.43,0,4.73,16.05.2024 13:37:35
0,273.94,1461,850,27.85,68.44,0,4.78,16.05.2024 13:37:37
0,268.31,1431,850,27.83,68.42,0,4.25,16.05.2024 13:37:39
0,274.50,1464,849,27.83,68.42,0,4.85,16.05.2024 13:37:41
0,272.06,1451,849,27.83,68.45,0,4.60,16.05.2024 13:37:44
0,272.63,1454,849,27.83,68.43,0,4.66,16.05.2024 13:37:46
0,271.88,1450,850,27.83,68.41,0,4.59,16.05.2024 13:37:48
0,273.75,1460,850,27.85,68.44,0,4.76,16.05.2024 13:37:50
0,271.69,1449,851,27.85,68.42,0,4.56,16.05.2024 13:37:52
0,272.81,1455,851,27.85,68.46,0,4.66,16.05.2024 13:37:54
0,274.69,1465,852,27.83,68.42,0,4.87,16.05.2024 13:37:56
0,273.38,1458,851,27.83,68.40,0,4.74,16.05.2024 13:37:58
0,272.81,1455,851,27.85,68.45,0,4.67,16.05.2024 13:38:01
0,272.06,1451,851,27.86,68.43,0,4.58,16.05.2024 13:38:03
0,276.94,1477,851,27.83,68.43,0,5.09,16.05.2024 13:38:05
0,269.81,1439,851,27.85,68.47,0,4.37,16.05.2024 13:38:07
0,273.75,1460,851,27.83,68.43,0,4.77,16.05.2024 13:38:09
0,271.50,1448,850,27.82,68.45,0,4.56,16.05.2024 13:38:11
0,273.75,1460,850,27.83,68.44,0,4.77,16.05.2024 13:38:13
0,273.56,1459,849,27.83,68.44,0,4.75,16.05.2024 13:38:15
0,272.25,1452,849,27.83,68.43,0,4.62,16.05.2024 13:38:18
0,275.25,1468,849,27.83,68.46,0,4.92,16.05.2024 13:38:20
0,274.31,1463,849,27.82,68.46,0,4.83,16.05.2024 13:38:22
0,277.50,1480,849,27.82,68.41,0,5.17,16.05.2024 13:38:24
0,273.75,1460,848,27.82,68.44,0,4.78,16.05.2024 13:38:26
0,275.81,1471,848,27.82,68.42,0,4.99,16.05.2024 13:38:28
0,277.31,1479,848,27.82,68.47,0,5.13,16.05.2024 13:38:30
0,275.63,1470,847,27.85,68.46,0,4.94,16.05.2024 13:38:32
0,278.44,1485,846,27.82,68.44,0,5.26,16.05.2024 13:38:34
0,277.88,1482,846,27.82,68.46,0,5.19,16.05.2024 13:38:37
0,279.56,1491,846,27.83,68.47,0,5.36,16.05.2024 13:38:39
0,277.13,1478,846,27.82,68.47,0,5.12,16.05.2024 13:38:41
0,276.00,1472,845,27.83,68.44,0,4.99,16.05.2024 13:38:43
0,275.44,1469,845,27.82,68.45,0,4.95,16.05.2024 13:38:45
0,280.88,1498,845,27.82,68.46,0,5.51,16.05.2024 13:38:47
0,274.69,1465,846,27.83,68.45,0,4.86,16.05.2024 13:38:49
0,275.63,1470,847,27.82,68.47,0,4.96,16.05.2024 13:38:51
0,276.00,1472,847,27.82,68.49,0,5.00,16.05.2024 13:38:54
0,277.88,1482,847,27.82,68.46,0,5.19,16.05.2024 13:38:56
0,276.38,1474,847,27.83,68.44,0,5.03,16.05.2024 13:38:58
0,274.88,1466,847,27.80,68.50,0,4.89,16.05.2024 13:39:00
0,276.75,1476,847,27.82,68.51,0,5.07,16.05.2024 13:39:02
0,277.69,1481,847,27.82,68.45,0,5.18,16.05.2024 13:39:04
0,275.44,1469,847,27.82,68.45,0,4.95,16.05.2024 13:39:06
0,276.75,1476,847,27.82,68.47,0,5.08,16.05.2024 13:39:08
0,279.75,1492,847,27.82,68.48,0,5.39,16.05.2024 13:39:11
0,275.63,1470,847,27.82,68.50,0,4.96,16.05.2024 13:39:13
0,274.69,1465,846,27.82,68.50,0,4.86,16.05.2024 13:39:15
0,276.94,1477,847,27.82,68.48,0,5.09,16.05.2024 13:39:17
0,277.50,1480,848,27.82,68.49,0,5.15,16.05.2024 13:39:19
0,275.44,1469,847,27.82,68.49,0,4.94,16.05.2024 13:39:21
0,277.69,1481,847,27.79,68.46,0,5.20,16.05.2024 13:39:23
0,276.38,1474,848,27.79,68.50,0,5.06,16.05.2024 13:39:25
0,275.44,1469,848,27.79,68.46,0,4.97,16.05.2024 13:39:27
0,276.38,1474,848,27.83,68.48,0,5.03,16.05.2024 13:39:30
0,274.88,1466,848,27.82,68.49,0,4.88,16.05.2024 13:39:32
0,278.81,1487,849,27.78,68.46,0,5.32,16.05.2024 13:39:34
0,277.69,1481,849,27.80,68.45,0,5.19,16.05.2024 13:39:36
0,278.25,1484,849,27.80,68.49,0,5.24,16.05.2024 13:39:38
0,275.06,1467,849,27.79,68.48,0,4.93,16.05.2024 13:39:40
0,275.81,1471,848,27.79,68.51,0,5.00,16.05.2024 13:39:42
0,275.44,1469,848,27.79,68.50,0,4.96,16.05.2024 13:39:44
0,278.44,1485,848,27.79,68.47,0,5.27,16.05.2024 13:39:47
0,276.38,1474,848,27.79,68.50,0,5.06,16.05.2024 13:39:49
0,276.38,1474,848,27.80,68.48,0,5.05,16.05.2024 13:39:51
0,278.81,1487,848,27.80,68.46,0,5.31,16.05.2024 13:39:53
0,273.56,1459,848,27.78,68.48,0,4.78,16.05.2024 13:39:55
0,273.94,1461,848,27.78,68.46,0,4.82,16.05.2024 13:39:57
0,276.94,1477,848,27.79,68.48,0,5.12,16.05.2024 13:39:59
0,275.25,1468,848,27.79,68.46,0,4.95,16.05.2024 13:40:01
0,276.56,1475,848,27.78,68.48,0,5.09,16.05.2024 13:40:04
0,278.44,1485,848,27.79,68.47,0,5.27,16.05.2024 13:40:06
0,277.31,1479,848,27.78,68.49,0,5.16,16.05.2024 13:40:08
0,275.44,1469,848,27.79,68.47,0,4.97,16.05.2024 13:40:10
0,278.06,1483,848,27.82,68.51,0,5.20,16.05.2024 13:40:12
0,272.81,1455,847,27.80,68.51,0,4.68,16.05.2024 13:40:14
0,277.13,1478,848,27.80,68.51,0,5.12,16.05.2024 13:40:16
0,274.13,1462,848,27.79,68.49,0,4.83,16.05.2024 13:40:18
0,280.13,1494,848,27.78,68.49,0,5.46,16.05.2024 13:40:20
0,274.69,1465,848,27.78,68.52,0,4.89,16.05.2024 13:40:23
0,275.44,1469,848,27.79,68.51,0,4.96,16.05.2024 13:40:25
0,274.69,1465,848,27.78,68.46,0,4.90,16.05.2024 13:40:27
0,274.13,1462,849,27.80,68.50,0,4.82,16.05.2024 13:40:29
0,276.75,1476,849,27.79,68.48,0,5.10,16.05.2024 13:40:31
0,273.38,1458,849,27.79,68.48,0,4.76,16.05.2024 13:40:33
0,273.75,1460,849,27.76,68.48,0,4.81,16.05.2024 13:40:35
0,275.81,1471,850,27.79,68.51,0,5.00,16.05.2024 13:40:37
0,273.56,1459,850,27.78,68.47,0,4.79,16.05.2024 13:40:40
0,275.06,1467,850,27.78,68.49,0,4.93,16.05.2024 13:40:42
0,278.63,1486,850,27.76,68.50,0,5.31,16.05.2024 13:40:44
0,277.13,1478,851,27.79,68.51,0,5.13,16.05.2024 13:40:46
0,276.94,1477,851,27.76,68.48,0,5.14,16.05.2024 13:40:48
0,276.38,1474,851,27.79,68.49,0,5.06,16.05.2024 13:40:50
0,276.38,1474,851,27.79,68.51,0,5.05,16.05.2024 13:40:52
0,272.81,1455,851,27.80,68.50,0,4.69,16.05.2024 13:40:54
0,276.19,1473,851,27.78,68.49,0,5.05,16.05.2024 13:40:57
0,277.50,1480,851,27.78,68.47,0,5.19,16.05.2024 13:40:59
0,277.31,1479,851,27.79,68.48,0,5.16,16.05.2024 13:41:01
0,272.81,1455,851,27.78,68.48,0,4.71,16.05.2024 13:41:03
0,275.63,1470,851,27.76,68.48,0,5.00,16.05.2024 13:41:05
0,277.50,1480,850,27.78,68.48,0,5.18,16.05.2024 13:41:07
0,274.50,1464,850,27.79,68.55,0,4.86,16.05.2024 13:41:09
0,276.75,1476,851,27.78,68.52,0,5.10,16.05.2024 13:41:11
0,279.00,1488,851,27.76,68.52,0,5.34,16.05.2024 13:41:13
0,274.31,1463,851,27.78,68.54,0,4.85,16.05.2024 13:41:16
0,276.56,1475,851,27.76,68.49,0,5.10,16.05.2024 13:41:18
0,272.63,1454,850,27.78,68.52,0,4.69,16.05.2024 13:41:20
0,274.88,1466,851,27.78,68.52,0,4.91,16.05.2024 13:41:22
0,273.75,1460,850,27.76,68.52,0,4.81,16.05.2024 13:41:24
0,272.44,1453,851,27.76,68.50,0,4.68,16.05.2024 13:41:26
0,273.00,1456,851,27.76,68.50,0,4.73,16.05.2024 13:41:28
0,274.88,1466,851,27.78,68.49,0,4.91,16.05.2024 13:41:30
0,272.25,1452,851,27.78,68.52,0,4.65,16.05.2024 13:41:33
0,274.31,1463,852,27.78,68.52,0,4.85,16.05.2024 13:41:35
0,273.19,1457,852,27.78,68.52,0,4.74,16.05.2024 13:41:37
0,274.31,1463,851,27.78,68.52,0,4.85,16.05.2024 13:41:39
0,276.00,1472,852,27.78,68.52,0,5.02,16.05.2024 13:41:41
0,273.38,1458,852,27.79,68.54,0,4.75,16.05.2024 13:41:43
0,276.38,1474,852,27.75,68.53,0,5.08,16.05.2024 13:41:45
0,275.25,1468,852,27.76,68.56,0,4.95,16.05.2024 13:41:47
0,271.50,1448,852,27.75,68.52,0,4.60,16.05.2024 13:41:50
0,273.00,1456,853,27.75,68.52,0,4.74,16.05.2024 13:41:52
0,274.50,1464,853,27.76,68.52,0,4.88,16.05.2024 13:41:54
0,274.31,1463,852,27.76,68.54,0,4.86,16.05.2024 13:41:56
0,277.31,1479,852,27.75,68.55,0,5.18,16.05.2024 13:41:58
0,276.00,1472,852,27.78,68.53,0,5.02,16.05.2024 13:42:00
0,274.69,1465,851,27.76,68.50,0,4.90,16.05.2024 13:42:02
0,273.38,1458,851,27.76,68.53,0,4.77,16.05.2024 13:42:04
0,270.00,1440,851,27.75,68.56,0,4.44,16.05.2024 13:42:07
0,274.13,1462,851,27.78,68.54,0,4.83,16.05.2024 13:42:09
0,275.63,1470,850,27.75,68.54,0,5.00,16.05.2024 13:42:13
0,273.56,1459,850,27.73,68.55,0,4.80,16.05.2024 13:42:15
0,274.13,1462,850,27.73,68.53,0,4.86,16.05.2024 13:42:17
0,274.31,1463,850,27.76,68.54,0,4.86,16.05.2024 13:42:19
0,273.00,1456,851,27.72,68.54,0,4.76,16.05.2024 13:42:21
0,274.88,1466,852,27.76,68.56,0,4.91,16.05.2024 13:42:23
0,269.25,1436,852,27.73,68.57,0,4.38,16.05.2024 13:42:25
0,272.25,1452,852,27.78,68.53,0,4.64,16.05.2024 13:42:28
0,271.50,1448,851,27.75,68.56,0,4.59,16.05.2024 13:42:30
0,271.88,1450,850,27.75,68.55,0,4.63,16.05.2024 13:42:32
0,272.06,1451,850,27.75,68.55,0,4.65,16.05.2024 13:42:34
0,267.00,1424,851,27.76,68.59,0,4.14,16.05.2024 13:42:36
0,273.00,1456,851,27.76,68.55,0,4.72,16.05.2024 13:42:38
0,270.00,1440,851,27.76,68.51,0,4.44,16.05.2024 13:42:40
0,272.63,1454,852,27.73,68.56,0,4.71,16.05.2024 13:42:42
0,272.44,1453,852,27.73,68.53,0,4.69,16.05.2024 13:42:45
0,271.69,1449,851,27.73,68.53,0,4.62,16.05.2024 13:42:47
0,273.75,1460,852,27.76,68.56,0,4.80,16.05.2024 13:42:49
0,273.56,1459,852,27.73,68.60,0,4.79,16.05.2024 13:42:51
0,271.50,1448,852,27.72,68.55,0,4.61,16.05.2024 13:42:53
0,272.25,1452,851,27.75,68.56,0,4.66,16.05.2024 13:42:55
0,272.44,1453,851,27.73,68.57,0,4.69,16.05.2024 13:42:57
0,274.13,1462,851,27.72,68.57,0,4.87,16.05.2024 13:42:59
0,273.56,1459,851,27.73,68.61,0,4.79,16.05.2024 13:43:01
0,272.44,1453,852,27.72,68.55,0,4.70,16.05.2024 13:43:04
0,273.56,1459,853,27.72,68.57,0,4.81,16.05.2024 13:43:06
0,273.94,1461,853,27.73,68.56,0,4.84,16.05.2024 13:43:08
0,271.69,1449,853,27.73,68.58,0,4.61,16.05.2024 13:43:10
0,273.19,1457,853,27.73,68.56,0,4.76,16.05.2024 13:43:12
0,269.81,1439,853,27.73,68.55,0,4.44,16.05.2024 13:43:14
0,272.63,1454,853,27.73,68.58,0,4.71,16.05.2024 13:43:16
0,270.94,1445,853,27.72,68.55,0,4.55,16.05.2024 13:43:18
0,273.94,1461,854,27.72,68.61,0,4.84,16.05.2024 13:43:21
0,275.06,1467,854,27.72,68.57,0,4.96,16.05.2024 13:43:23
0,281.25,1500,854,27.73,68.58,0,5.60,16.05.2024 13:43:25
0,276.19,1473,854,27.73,68.58,0,5.06,16.05.2024 13:43:27
0,275.81,1471,854,27.71,68.57,0,5.05,16.05.2024 13:43:29
0,276.75,1476,854,27.72,68.57,0,5.13,16.05.2024 13:43:31
0,276.00,1472,854,27.72,68.57,0,5.06,16.05.2024 13:43:33
0,274.69,1465,854,27.73,68.60,0,4.91,16.05.2024 13:43:35
0,276.00,1472,854,27.72,68.63,0,5.05,16.05.2024 13:43:38
0,272.63,1454,854,27.71,68.60,0,4.72,16.05.2024 13:43:40
0,276.38,1474,854,27.72,68.62,0,5.09,16.05.2024 13:43:42
0,273.94,1461,854,27.71,68.60,0,4.85,16.05.2024 13:43:44
0,277.50,1480,855,27.73,68.62,0,5.19,16.05.2024 13:43:46
0,274.69,1465,855,27.71,68.56,0,4.93,16.05.2024 13:43:48
0,277.88,1482,855,27.75,68.60,0,5.22,16.05.2024 13:43:50
0,276.75,1476,854,27.71,68.62,0,5.13,16.05.2024 13:43:52
0,275.25,1468,854,27.72,68.62,0,4.97,16.05.2024 13:43:54
0,277.69,1481,854,27.71,68.62,0,5.23,16.05.2024 13:43:57
0,275.06,1467,854,27.71,68.59,0,4.97,16.05.2024 13:43:59
0,274.31,1463,855,27.71,68.58,0,4.89,16.05.2024 13:44:01
0,277.88,1482,855,27.71,68.59,0,5.26,16.05.2024 13:44:03
0,278.25,1484,855,27.71,68.60,0,5.29,16.05.2024 13:44:05
0,276.75,1476,856,27.72,68.63,0,5.12,16.05.2024 13:44:07
0,276.00,1472,857,27.71,68.58,0,5.06,16.05.2024 13:44:09
0,279.56,1491,857,27.68,68.61,0,5.45,16.05.2024 13:44:11
0,275.81,1471,856,27.69,68.63,0,5.05,16.05.2024 13:44:14
0,280.13,1494,856,27.72,68.62,0,5.48,16.05.2024 13:44:16
0,275.44,1469,856,27.72,68.64,0,4.99,16.05.2024 13:44:18
0,278.81,1487,855,27.72,68.63,0,5.34,16.05.2024 13:44:20
0,278.06,1483,856,27.71,68.64,0,5.27,16.05.2024 13:44:22
0,275.63,1470,855,27.71,68.62,0,5.02,16.05.2024 13:44:24
0,277.69,1481,855,27.69,68.65,0,5.24,16.05.2024 13:44:26
0,273.56,1459,856,27.68,68.60,0,4.84,16.05.2024 13:44:28
0,273.19,1457,856,27.71,68.61,0,4.77,16.05.2024 13:44:31
0,270.56,1443,856,27.69,68.61,0,4.53,16.05.2024 13:44:33
0,273.75,1460,856,27.68,68.63,0,4.85,16.05.2024 13:44:35
0,272.06,1451,856,27.69,68.64,0,4.67,16.05.2024 13:44:37
0,277.13,1478,857,27.71,68.64,0,5.17,16.05.2024 13:44:39
0,279.00,1488,857,27.69,68.67,0,5.37,16.05.2024 13:44:41
0,276.38,1474,856,27.72,68.64,0,5.08,16.05.2024 13:44:43
0,276.19,1473,856,27.73,68.64,0,5.05,16.05.2024 13:44:45
0,275.06,1467,856,27.71,68.65,0,4.96,16.05.2024 13:44:48
0,273.56,1459,856,27.69,68.63,0,4.82,16.05.2024 13:44:50
0,275.44,1469,856,27.71,68.60,0,5.00,16.05.2024 13:44:52
0,275.44,1469,856,27.69,68.62,0,5.01,16.05.2024 13:44:54
0,274.88,1466,856,27.69,68.66,0,4.95,16.05.2024 13:44:56
0,272.44,1453,857,27.68,68.60,0,4.72,16.05.2024 13:44:58
0,278.06,1483,857,27.71,68.65,0,5.26,16.05.2024 13:45:00
0,277.69,1481,858,27.71,68.66,0,5.22,16.05.2024 13:45:02
0,276.56,1475,857,27.69,68.64,0,5.12,16.05.2024 13:45:04
0,275.25,1468,857,27.68,68.67,0,4.99,16.05.2024 13:45:07
0,273.00,1456,857,27.68,68.62,0,4.78,16.05.2024 13:45:09
0,280.31,1495,856,27.68,68.66,0,5.52,16.05.2024 13:45:11
0,277.50,1480,857,27.69,68.67,0,5.22,16.05.2024 13:45:13
0,274.69,1465,857,27.69,68.67,0,4.93,16.05.2024 13:45:15
0,274.31,1463,857,27.69,68.64,0,4.89,16.05.2024 13:45:17
0,272.06,1451,857,27.71,68.66,0,4.65,16.05.2024 13:45:19
0,276.75,1476,857,27.69,68.67,0,5.14,16.05.2024 13:45:21
0,276.00,1472,857,27.68,68.68,0,5.07,16.05.2024 13:45:24
0,276.38,1474,857,27.68,68.63,0,5.12,16.05.2024 13:45:26
0,277.13,1478,857,27.69,68.65,0,5.18,16.05.2024 13:45:28
0,274.50,1464,857,27.69,68.67,0,4.91,16.05.2024 13:45:30
0,273.19,1457,857,27.68,68.69,0,4.78,16.05.2024 13:45:32
0,275.06,1467,858,27.68,68.66,0,4.98,16.05.2024 13:45:34
0,275.63,1470,857,27.66,68.63,0,5.05,16.05.2024 13:45:36
0,276.00,1472,858,27.69,68.64,0,5.07,16.05.2024 13:45:38
0,275.44,1469,857,27.66,68.65,0,5.03,16.05.2024 13:45:41
0,276.00,1472,858,27.69,68.68,0,5.06,16.05.2024 13:45:43
0,268.88,1434,858,27.69,68.68,0,4.35,16.05.2024 13:45:45
0,277.69,1481,858,27.68,68.69,0,5.24,16.05.2024 13:45:47
0,273.56,1459,858,27.65,68.65,0,4.85,16.05.2024 13:45:49
0,274.69,1465,858,27.68,68.68,0,4.94,16.05.2024 13:45:51
0,279.00,1488,858,27.68,68.69,0,5.38,16.05.2024 13:45:53
0,276.75,1476,859,27.69,68.69,0,5.13,16.05.2024 13:45:55
0,278.06,1483,858,27.69,68.66,0,5.28,16.05.2024 13:45:57
0,277.88,1482,857,27.68,68.68,0,5.26,16.05.2024 13:46:00
0,278.81,1487,857,27.68,68.69,0,5.36,16.05.2024 13:46:02
0,275.06,1467,856,27.68,68.67,0,4.98,16.05.2024 13:46:04
0,269.06,1435,857,27.69,68.67,0,4.37,16.05.2024 13:46:06
0,278.63,1486,856,27.66,68.69,0,5.35,16.05.2024 13:46:08
0,274.50,1464,857,27.68,68.71,0,4.91,16.05.2024 13:46:10
0,275.81,1471,857,27.66,68.68,0,5.06,16.05.2024 13:46:12
0,273.00,1456,856,27.66,68.69,0,4.77,16.05.2024 13:46:14
0,274.88,1466,857,27.65,68.68,0,4.98,16.05.2024 13:46:17
0,274.69,1465,857,27.65,68.67,0,4.96,16.05.2024 13:46:19
0,272.63,1454,857,27.68,68.70,0,4.72,16.05.2024 13:46:21
0,276.19,1473,857,27.68,68.68,0,5.09,16.05.2024 13:46:23
0,273.19,1457,857,27.68,68.69,0,4.78,16.05.2024 13:46:25
0,275.81,1471,858,27.66,68.69,0,5.06,16.05.2024 13:46:27
0,271.88,1450,858,27.64,68.69,0,4.68,16.05.2024 13:46:29
0,273.94,1461,858,27.66,68.69,0,4.87,16.05.2024 13:46:31
0,272.44,1453,858,27.66,68.71,0,4.71,16.05.2024 13:46:34
0,271.88,1450,858,27.66,68.66,0,4.67,16.05.2024 13:46:36
0,275.44,1469,858,27.65,68.72,0,5.03,16.05.2024 13:46:38
0,276.38,1474,858,27.68,68.71,0,5.10,16.05.2024 13:46:40
0,273.00,1456,858,27.66,68.65,0,4.78,16.05.2024 13:46:42
0,272.81,1455,858,27.65,68.71,0,4.76,16.05.2024 13:46:44
0,276.19,1473,858,27.66,68.68,0,5.10,16.05.2024 13:46:46
0,274.13,1462,859,27.68,68.71,0,4.87,16.05.2024 13:46:48
0,273.19,1457,859,27.65,68.73,0,4.80,16.05.2024 13:46:51
0,273.00,1456,859,27.66,68.68,0,4.77,16.05.2024 13:46:53
0,275.44,1469,860,27.66,68.70,0,5.02,16.05.2024 13:46:55
0,274.31,1463,860,27.68,68.68,0,4.90,16.05.2024 13:46:57
0,275.06,1467,861,27.66,68.71,0,4.98,16.05.2024 13:46:59
0,275.06,1467,860,27.66,68.74,0,4.97,16.05.2024 13:47:01
0,275.81,1471,860,27.64,68.73,0,5.07,16.05.2024 13:47:03
0,278.44,1485,861,27.65,68.68,0,5.34,16.05.2024 13:47:05
0,276.19,1473,861,27.65,68.70,0,5.11,16.05.2024 13:47:07
0,277.31,1479,861,27.65,68.74,0,5.22,16.05.2024 13:47:10
0,274.13,1462,861,27.65,68.70,0,4.90,16.05.2024 13:47:12
0,274.50,1464,861,27.65,68.73,0,4.93,16.05.2024 13:47:14
0,275.25,1468,861,27.65,68.70,0,5.01,16.05.2024 13:47:16
0,274.69,1465,861,27.64,68.71,0,4.96,16.05.2024 13:47:18
0,273.19,1457,860,27.61,68.72,0,4.83,16.05.2024 13:47:20
0,273.75,1460,860,27.65,68.74,0,4.85,16.05.2024 13:47:22
0,275.63,1470,860,27.65,68.74,0,5.04,16.05.2024 13:47:24
0,272.81,1455,861,27.66,68.74,0,4.74,16.05.2024 13:47:27
0,272.63,1454,860,27.64,68.75,0,4.75,16.05.2024 13:47:31
0,277.50,1480,860,27.64,68.75,0,5.24,16.05.2024 13:47:33
0,274.13,1462,860,27.64,68.75,0,4.90,16.05.2024 13:47:35
0,274.50,1464,860,27.64,68.73,0,4.94,16.05.2024 13:47:37
0,272.06,1451,860,27.64,68.75,0,4.69,16.05.2024 13:47:39
0,274.88,1466,860,27.65,68.72,0,4.97,16.05.2024 13:47:41
0,272.63,1454,860,27.66,68.75,0,4.72,16.05.2024 13:47:43
0,276.38,1474,860,27.65,68.75,0,5.12,16.05.2024 13:47:46
0,272.25,1452,860,27.64,68.78,0,4.70,16.05.2024 13:47:48
0,275.25,1468,860,27.65,68.77,0,5.00,16.05.2024 13:47:50
0,273.38,1458,860,27.64,68.75,0,4.82,16.05.2024 13:47:52
0,273.00,1456,860,27.64,68.75,0,4.78,16.05.2024 13:47:54
0,272.25,1452,860,27.64,68.75,0,4.71,16.05.2024 13:47:56
0,268.31,1431,861,27.65,68.75,0,4.32,16.05.2024 13:47:58
0,270.94,1445,860,27.61,68.73,0,4.60,16.05.2024 13:48:00
0,270.94,1445,860,27.62,68.76,0,4.59,16.05.2024 13:48:02
0,271.88,1450,860,27.64,68.73,0,4.67,16.05.2024 13:48:05
0,271.69,1449,860,27.64,68.75,0,4.65,16.05.2024 13:48:07
0,272.06,1451,861,27.61,68.78,0,4.70,16.05.2024 13:48:09
0,271.50,1448,860,27.61,68.76,0,4.65,16.05.2024 13:48:11
0,269.06,1435,859,27.64,68.79,0,4.39,16.05.2024 13:48:13
0,273.00,1456,859,27.62,68.75,0,4.79,16.05.2024 13:48:15
0,270.38,1442,859,27.62,68.74,0,4.53,16.05.2024 13:48:17
0,271.69,1449,858,27.64,68.78,0,4.65,16.05.2024 13:48:19
0,271.88,1450,858,27.61,68.80,0,4.68,16.05.2024 13:48:22
0,269.25,1436,858,27.65,68.75,0,4.41,16.05.2024 13:48:24
0,270.19,1441,858,27.62,68.80,0,4.51,16.05.2024 13:48:26
0,271.50,1448,857,27.62,68.77,0,4.64,16.05.2024 13:48:28
0,271.13,1446,857,27.61,68.76,0,4.61,16.05.2024 13:48:30
0,272.25,1452,857,27.61,68.79,0,4.72,16.05.2024 13:48:32
0,271.13,1446,857,27.64,68.79,0,4.59,16.05.2024 13:48:34
0,272.25,1452,858,27.64,68.80,0,4.70,16.05.2024 13:48:36
0,279.38,1490,858,27.64,68.79,0,5.43,16.05.2024 13:48:39
0,273.19,1457,858,27.62,68.79,0,4.80,16.05.2024 13:48:41
0,277.13,1478,858,27.61,68.79,0,5.22,16.05.2024 13:48:43
0,274.31,1463,858,27.62,68.79,0,4.92,16.05.2024 13:48:45
0,274.69,1465,859,27.64,68.81,0,4.94,16.05.2024 13:48:47
0,275.63,1470,859,27.59,68.80,0,5.07,16.05.2024 13:48:49
0,274.31,1463,859,27.61,68.79,0,4.93,16.05.2024 13:48:51
0,274.88,1466,859,27.61,68.81,0,4.98,16.05.2024 13:48:53
0,275.81,1471,859,27.62,68.83,0,5.06,16.05.2024 13:48:55
0,276.94,1477,859,27.62,68.79,0,5.19,16.05.2024 13:48:58
0,273.56,1459,860,27.62,68.80,0,4.84,16.05.2024 13:49:00
0,276.38,1474,860,27.62,68.82,0,5.12,16.05.2024 13:49:02
0,276.75,1476,860,27.62,68.81,0,5.16,16.05.2024 13:49:04
0,273.38,1458,860,27.62,68.82,0,4.82,16.05.2024 13:49:06
0,275.63,1470,860,27.62,68.82,0,5.05,16.05.2024 13:49:08
0,272.81,1455,861,27.61,68.81,0,4.77,16.05.2024 13:49:10
0,278.81,1487,861,27.61,68.80,0,5.39,16.05.2024 13:49:12
0,273.19,1457,861,27.62,68.80,0,4.80,16.05.2024 13:49:15
0,273.75,1460,861,27.61,68.87,0,4.86,16.05.2024 13:49:17
0,274.88,1466,862,27.59,68.80,0,4.99,16.05.2024 13:49:19
0,276.00,1472,862,27.61,68.82,0,5.10,16.05.2024 13:49:21
0,278.81,1487,862,27.62,68.80,0,5.38,16.05.2024 13:49:23
0,278.81,1487,862,27.61,68.81,0,5.39,16.05.2024 13:49:25
0,271.50,1448,861,27.61,68.82,0,4.64,16.05.2024 13:49:27
0,278.25,1484,861,27.58,68.80,0,5.36,16.05.2024 13:49:29
0,272.63,1454,861,27.58,68.83,0,4.77,16.05.2024 13:49:32
0,278.06,1483,861,27.61,68.83,0,5.31,16.05.2024 13:49:34
0,278.06,1483,860,27.58,68.85,0,5.33,16.05.2024 13:49:36
0,275.63,1470,859,27.59,68.82,0,5.07,16.05.2024 13:49:38
0,275.25,1468,859,27.58,68.85,0,5.03,16.05.2024 13:49:40
0,273.19,1457,860,27.61,68.81,0,4.81,16.05.2024 13:49:42
0,274.69,1465,860,27.61,68.85,0,4.96,16.05.2024 13:49:44
0,277.31,1479,860,27.58,68.83,0,5.25,16.05.2024 13:49:46
0,276.00,1472,860,27.61,68.85,0,5.09,16.05.2024 13:49:48
0,278.25,1484,860,27.61,68.85,0,5.32,16.05.2024 13:49:51
0,274.31,1463,860,27.61,68.88,0,4.91,16.05.2024 13:49:53
0,275.63,1470,860,27.59,68.85,0,5.06,16.05.2024 13:49:55
0,272.81,1455,860,27.57,68.86,0,4.80,16.05.2024 13:49:57
0,276.00,1472,860,27.59,68.84,0,5.10,16.05.2024 13:49:59
0,279.75,1492,859,27.59,68.86,0,5.49,16.05.2024 13:50:01
0,275.63,1470,859,27.59,68.85,0,5.06,16.05.2024 13:50:03
0,275.25,1468,859,27.61,68.83,0,5.02,16.05.2024 13:50:05
0,277.50,1480,859,27.61,68.87,0,5.24,16.05.2024 13:50:08
0,275.81,1471,859,27.61,68.85,0,5.07,16.05.2024 13:50:10
0,274.88,1466,859,27.59,68.87,0,4.98,16.05.2024 13:50:12
0,271.13,1446,858,27.62,68.86,0,4.59,16.05.2024 13:50:14
0,273.56,1459,858,27.61,68.87,0,4.84,16.05.2024 13:50:16
0,274.88,1466,857,27.59,68.85,0,4.99,16.05.2024 13:50:18
0,274.13,1462,857,27.59,68.85,0,4.91,16.05.2024 13:50:20
0,276.94,1477,858,27.59,68.84,0,5.20,16.05.2024 13:50:22
0,275.06,1467,857,27.58,68.85,0,5.02,16.05.2024 13:50:25
0,276.75,1476,858,27.58,68.86,0,5.19,16.05.2024 13:50:27
0,274.13,1462,859,27.59,68.86,0,4.91,16.05.2024 13:50:29
0,273.00,1456,859,27.59,68.84,0,4.80,16.05.2024 13:50:31
0,276.19,1473,860,27.59,68.83,0,5.13,16.05.2024 13:50:33
0,275.06,1467,860,27.57,68.87,0,5.02,16.05.2024 13:50:35
0,275.81,1471,860,27.58,68.87,0,5.09,16.05.2024 13:50:37
0,273.00,1456,859,27.59,68.86,0,4.79,16.05.2024 13:50:39
0,274.69,1465,859,27.55,68.86,0,5.00,16.05.2024 13:50:41
0,273.19,1457,858,27.58,68.82,0,4.83,16.05.2024 13:50:44
0,273.56,1459,858,27.59,68.85,0,4.85,16.05.2024 13:50:46
0,272.25,1452,858,27.59,68.87,0,4.72,16.05.2024 13:50:48
0,275.81,1471,858,27.59,68.86,0,5.08,16.05.2024 13:50:50
0,276.00,1472,858,27.58,68.86,0,5.11,16.05.2024 13:50:52
0,276.00,1472,858,27.57,68.88,0,5.12,16.05.2024 13:50:54
0,272.63,1454,859,27.58,68.84,0,4.77,16.05.2024 13:50:56
0,274.50,1464,859,27.58,68.81,0,4.96,16.05.2024 13:50:58
0,274.88,1466,859,27.55,68.86,0,5.02,16.05.2024 13:51:01
0,276.00,1472,859,27.59,68.87,0,5.10,16.05.2024 13:51:03
0,278.06,1483,859,27.58,68.90,0,5.32,16.05.2024 13:51:05
0,276.38,1474,859,27.58,68.91,0,5.14,16.05.2024 13:51:07
0,274.88,1466,860,27.59,68.86,0,4.98,16.05.2024 13:51:09
0,274.50,1464,861,27.57,68.87,0,4.96,16.05.2024 13:51:11
0,273.94,1461,861,27.58,68.87,0,4.90,16.05.2024 13:51:13
0,276.00,1472,861,27.58,68.87,0,5.11,16.05.2024 13:51:15
0,274.50,1464,860,27.57,68.87,0,4.96,16.05.2024 13:51:18
0,274.13,1462,861,27.58,68.88,0,4.91,16.05.2024 13:51:20
0,273.19,1457,862,27.58,68.87,0,4.82,16.05.2024 13:51:22
0,273.94,1461,861,27.59,68.90,0,4.88,16.05.2024 13:51:24
0,277.13,1478,860,27.55,68.83,0,5.26,16.05.2024 13:51:26
0,270.38,1442,860,27.58,68.87,0,4.54,16.05.2024 13:51:28
0,279.19,1489,859,27.58,68.88,0,5.44,16.05.2024 13:51:30
0,271.13,1446,859,27.58,68.90,0,4.61,16.05.2024 13:51:32
0,272.63,1454,859,27.59,68.89,0,4.75,16.05.2024 13:51:34
0,275.25,1468,859,27.58,68.90,0,5.03,16.05.2024 13:51:37
0,273.19,1457,859,27.57,68.89,0,4.83,16.05.2024 13:51:39
0,274.31,1463,859,27.55,68.89,0,4.95,16.05.2024 13:51:41
0,275.06,1467,860,27.58,68.90,0,5.01,16.05.2024 13:51:43
0,271.31,1447,859,27.59,68.89,0,4.62,16.05.2024 13:51:45
0,276.19,1473,860,27.55,68.86,0,5.15,16.05.2024 13:51:47
0,273.94,1461,860,27.58,68.86,0,4.90,16.05.2024 13:51:49
0,273.94,1461,860,27.54,68.87,0,4.93,16.05.2024 13:51:51
0,274.69,1465,860,27.57,68.89,0,4.98,16.05.2024 13:51:54
0,272.25,1452,860,27.55,68.90,0,4.74,16.05.2024 13:51:56
0,273.94,1461,860,27.57,68.90,0,4.90,16.05.2024 13:51:58
0,271.13,1446,861,27.55,68.89,0,4.63,16.05.2024 13:52:00
0,276.56,1475,861,27.57,68.89,0,5.17,16.05.2024 13:52:02
0,272.81,1455,860,27.55,68.85,0,4.81,16.05.2024 13:52:04
0,275.81,1471,860,27.55,68.88,0,5.11,16.05.2024 13:52:06
0,270.38,1442,861,27.55,68.89,0,4.56,16.05.2024 13:52:08
0,275.81,1471,861,27.55,68.89,0,5.11,16.05.2024 13:52:11
0,276.56,1475,862,27.57,68.87,0,5.18,16.05.2024 13:52:13
0,274.31,1463,862,27.55,68.91,0,4.95,16.05.2024 13:52:15
0,273.19,1457,862,27.55,68.94,0,4.83,16.05.2024 13:52:17
0,273.38,1458,862,27.57,68.91,0,4.84,16.05.2024 13:52:21
0,273.38,1458,861,27.55,68.91,0,4.86,16.05.2024 13:52:23
0,275.63,1470,861,27.55,68.91,0,5.09,16.05.2024 13:52:25
0,277.50,1480,861,27.57,68.88,0,5.27,16.05.2024 13:52:27
0,273.38,1458,862,27.57,68.91,0,4.84,16.05.2024 13:52:29
0,271.50,1448,862,27.52,68.88,0,4.69,16.05.2024 13:52:32
0,272.81,1455,863,27.57,68.91,0,4.79,16.05.2024 13:52:34
0,270.75,1444,863,27.57,68.91,0,4.58,16.05.2024 13:52:36
0,269.06,1435,863,27.55,68.90,0,4.43,16.05.2024 13:52:38
0,269.44,1437,863,27.54,68.89,0,4.48,16.05.2024 13:52:40
0,267.19,1425,863,27.55,68.89,0,4.25,16.05.2024 13:52:42
0,272.81,1455,863,27.54,68.87,0,4.81,16.05.2024 13:52:44
0,268.88,1434,863,27.54,68.90,0,4.42,16.05.2024 13:52:46
0,272.06,1451,863,27.51,68.90,0,4.76,16.05.2024 13:52:49
0,269.63,1438,864,27.57,68.93,0,4.47,16.05.2024 13:52:51
0,271.50,1448,864,27.57,68.93,0,4.65,16.05.2024 13:52:53
0,271.13,1446,864,27.54,68.90,0,4.64,16.05.2024 13:52:55
0,269.25,1436,863,27.55,68.92,0,4.44,16.05.2024 13:52:57
0,267.38,1426,863,27.55,68.91,0,4.27,16.05.2024 13:52:59
0,270.19,1441,862,27.54,68.89,0,4.55,16.05.2024 13:53:01
0,269.81,1439,862,27.55,68.88,0,4.51,16.05.2024 13:53:03
0,269.06,1435,862,27.54,68.92,0,4.44,16.05.2024 13:53:06
0,270.00,1440,864,27.55,68.94,0,4.52,16.05.2024 13:53:08
0,270.19,1441,863,27.54,68.91,0,4.55,16.05.2024 13:53:10
0,272.63,1454,864,27.54,68.91,0,4.79,16.05.2024 13:53:12
0,271.88,1450,864,27.54,68.96,0,4.71,16.05.2024 13:53:14
0,266.06,1419,864,27.55,68.92,0,4.14,16.05.2024 13:53:16
0,267.00,1424,865,27.54,68.96,0,4.23,16.05.2024 13:53:18
0,270.19,1441,865,27.54,68.91,0,4.55,16.05.2024 13:53:20
0,272.63,1454,865,27.54,68.92,0,4.79,16.05.2024 13:53:22
0,276.19,1473,865,27.54,68.93,0,5.15,16.05.2024 13:53:25
0,276.94,1477,865,27.52,68.93,0,5.24,16.05.2024 13:53:27
0,267.75,1428,865,27.52,68.95,0,4.31,16.05.2024 13:53:29
0,274.13,1462,865,27.54,68.95,0,4.93,16.05.2024 13:53:31
0,272.25,1452,866,27.52,68.93,0,4.76,16.05.2024 13:53:33
0,274.31,1463,865,27.52,68.92,0,4.97,16.05.2024 13:53:35
0,272.44,1453,865,27.54,68.91,0,4.77,16.05.2024 13:53:37
0,273.75,1460,866,27.51,68.95,0,4.92,16.05.2024 13:53:39
0,274.50,1464,866,27.54,68.96,0,4.97,16.05.2024 13:53:42
0,274.69,1465,866,27.54,68.91,0,5.00,16.05.2024 13:53:44
0,274.31,1463,866,27.57,68.95,0,4.93,16.05.2024 13:53:46
0,278.81,1487,865,27.51,68.97,0,5.44,16.05.2024 13:53:48
0,274.31,1463,865,27.51,68.89,0,4.98,16.05.2024 13:53:50
0,276.75,1476,865,27.52,68.95,0,5.21,16.05.2024 13:53:52
0,274.50,1464,865,27.49,68.95,0,5.00,16.05.2024 13:53:54
0,272.63,1454,866,27.54,68.93,0,4.79,16.05.2024 13:53:56
0,274.88,1466,866,27.52,68.93,0,5.02,16.05.2024 13:53:59
0,276.00,1472,866,27.49,68.95,0,5.16,16.05.2024 13:54:01
0,273.75,1460,866,27.49,68.93,0,4.93,16.05.2024 13:54:03
0,274.50,1464,866,27.52,68.97,0,4.98,16.05.2024 13:54:05
0,274.69,1465,866,27.52,68.97,0,5.00,16.05.2024 13:54:07
0,272.06,1451,866,27.52,68.94,0,4.74,16.05.2024 13:54:09
0,272.63,1454,866,27.49,68.91,0,4.82,16.05.2024 13:54:11
0,272.81,1455,866,27.51,68.94,0,4.82,16.05.2024 13:54:13
0,277.13,1478,866,27.52,68.95,0,5.25,16.05.2024 13:54:15
0,274.88,1466,866,27.51,68.96,0,5.03,16.05.2024 13:54:18
0,277.69,1481,865,27.49,68.95,0,5.33,16.05.2024 13:54:20
0,276.75,1476,866,27.51,68.95,0,5.22,16.05.2024 13:54:22
0,271.69,1449,866,27.52,68.96,0,4.70,16.05.2024 13:54:24
0,273.19,1457,866,27.51,68.99,0,4.85,16.05.2024 13:54:26
0,273.94,1461,866,27.52,68.95,0,4.92,16.05.2024 13:54:28
0,273.38,1458,866,27.51,68.96,0,4.88,16.05.2024 13:54:30
0,276.00,1472,866,27.49,68.97,0,5.15,16.05.2024 13:54:32
0,274.13,1462,866,27.51,68.96,0,4.95,16.05.2024 13:54:35
0,278.06,1483,866,27.51,68.95,0,5.36,16.05.2024 13:54:37
0,276.38,1474,866,27.51,68.93,0,5.19,16.05.2024 13:54:39
0,275.44,1469,866,27.52,68.99,0,5.07,16.05.2024 13:54:41
0,272.25,1452,866,27.48,68.94,0,4.79,16.05.2024 13:54:43
0,274.69,1465,866,27.49,68.95,0,5.02,16.05.2024 13:54:45
0,274.31,1463,866,27.49,68.98,0,4.98,16.05.2024 13:54:47
0,275.06,1467,866,27.51,68.97,0,5.05,16.05.2024 13:54:49
0,275.44,1469,867,27.52,68.96,0,5.08,16.05.2024 13:54:52
0,276.19,1473,867,27.51,68.97,0,5.16,16.05.2024 13:54:54
0,273.38,1458,867,27.52,68.95,0,4.87,16.05.2024 13:54:56
0,272.63,1454,867,27.48,68.95,0,4.82,16.05.2024 13:54:58
0,274.13,1462,867,27.48,68.97,0,4.97,16.05.2024 13:55:00
0,276.00,1472,866,27.49,68.93,0,5.16,16.05.2024 13:55:02
0,275.63,1470,866,27.49,68.97,0,5.12,16.05.2024 13:55:04
0,273.00,1456,866,27.48,68.95,0,4.86,16.05.2024 13:55:06
0,275.63,1470,866,27.49,68.95,0,5.12,16.05.2024 13:55:08
0,272.25,1452,866,27.51,68.99,0,4.76,16.05.2024 13:55:11
0,275.81,1471,866,27.49,68.93,0,5.14,16.05.2024 13:55:13
0,272.06,1451,867,27.49,68.97,0,4.75,16.05.2024 13:55:15
0,271.88,1450,866,27.52,68.96,0,4.72,16.05.2024 13:55:17
0,274.31,1463,866,27.49,68.97,0,4.98,16.05.2024 13:55:19
0,273.94,1461,866,27.48,68.99,0,4.95,16.05.2024 13:55:21
0,275.44,1469,866,27.49,68.99,0,5.09,16.05.2024 13:55:23
0,270.00,1440,865,27.48,68.93,0,4.57,16.05.2024 13:55:25
0,275.63,1470,866,27.49,68.95,0,5.12,16.05.2024 13:55:28
0,273.19,1457,866,27.49,68.98,0,4.86,16.05.2024 13:55:30
0,273.56,1459,867,27.49,68.95,0,4.91,16.05.2024 13:55:32
0,275.81,1471,867,27.48,68.97,0,5.15,16.05.2024 13:55:34
0,274.31,1463,867,27.49,68.96,0,4.98,16.05.2024 13:55:36
0,274.31,1463,867,27.47,68.94,0,5.01,16.05.2024 13:55:38
0,273.75,1460,866,27.49,68.99,0,4.92,16.05.2024 13:55:40
0,273.00,1456,867,27.49,68.95,0,4.85,16.05.2024 13:55:42
0,270.56,1443,866,27.48,68.96,0,4.62,16.05.2024 13:55:45
0,275.63,1470,867,27.49,68.97,0,5.12,16.05.2024 13:55:47
0,274.13,1462,867,27.49,68.95,0,4.96,16.05.2024 13:55:49
0,270.56,1443,867,27.49,68.95,0,4.61,16.05.2024 13:55:51
0,271.31,1447,867,27.48,68.94,0,4.69,16.05.2024 13:55:53
0,273.75,1460,866,27.47,68.95,0,4.95,16.05.2024 13:55:55
0,272.44,1453,866,27.49,68.95,0,4.80,16.05.2024 13:55:57
0,277.50,1480,866,27.48,68.98,0,5.32,16.05.2024 13:55:59
0,274.13,1462,866,27.49,68.93,0,4.97,16.05.2024 13:56:01
0,273.56,1459,866,27.47,68.98,0,4.92,16.05.2024 13:56:04
0,274.31,1463,866,27.48,68.94,0,5.00,16.05.2024 13:56:06
0,268.88,1434,865,27.48,68.96,0,4.45,16.05.2024 13:56:08
0,273.38,1458,866,27.47,68.96,0,4.91,16.05.2024 13:56:10
0,276.94,1477,865,27.47,68.96,0,5.28,16.05.2024 13:56:12
0,274.13,1462,864,27.49,68.97,0,4.96,16.05.2024 13:56:14
0,271.31,1447,865,27.48,68.96,0,4.69,16.05.2024 13:56:16
0,272.06,1451,865,27.49,68.99,0,4.75,16.05.2024 13:56:18
0,270.75,1444,865,27.47,68.97,0,4.64,16.05.2024 13:56:21
0,271.88,1450,864,27.47,68.95,0,4.76,16.05.2024 13:56:23
0,273.38,1458,864,27.48,68.97,0,4.90,16.05.2024 13:56:25
0,274.88,1466,864,27.49,68.95,0,5.04,16.05.2024 13:56:27
0,271.50,1448,864,27.47,68.96,0,4.72,16.05.2024 13:56:29
0,273.19,1457,864,27.47,68.95,0,4.89,16.05.2024 13:56:31
0,271.50,1448,864,27.47,68.99,0,4.71,16.05.2024 13:56:33
0,270.38,1442,864,27.45,68.98,0,4.61,16.05.2024 13:56:35
0,271.31,1447,864,27.47,68.97,0,4.70,16.05.2024 13:56:38
0,271.69,1449,864,27.47,68.94,0,4.74,16.05.2024 13:56:40
0,270.38,1442,864,27.44,68.94,0,4.63,16.05.2024 13:56:42
0,271.13,1446,864,27.48,68.97,0,4.67,16.05.2024 13:56:44
0,273.00,1456,864,27.45,68.97,0,4.88,16.05.2024 13:56:46
0,275.81,1471,863,27.48,68.95,0,5.15,16.05.2024 13:56:48
0,274.31,1463,864,27.45,69.01,0,5.01,16.05.2024 13:56:50
0,270.19,1441,864,27.45,68.96,0,4.60,16.05.2024 13:56:52
0,272.25,1452,864,27.48,68.98,0,4.78,16.05.2024 13:56:54
0,273.94,1461,864,27.48,68.99,0,4.95,16.05.2024 13:56:57
0,275.63,1470,864,27.45,68.96,0,5.15,16.05.2024 13:56:59
0,273.00,1456,864,27.45,68.97,0,4.88,16.05.2024 13:57:01
0,270.94,1445,864,27.45,68.96,0,4.67,16.05.2024 13:57:03
0,269.44,1437,864,27.45,68.97,0,4.52,16.05.2024 13:57:05
0,272.81,1455,864,27.47,68.96,0,4.85,16.05.2024 13:57:07
0,272.63,1454,864,27.44,68.97,0,4.85,16.05.2024 13:57:09
0,270.38,1442,864,27.47,68.96,0,4.61,16.05.2024 13:57:11
0,270.38,1442,864,27.44,68.97,0,4.63,16.05.2024 13:57:14
0,272.44,1453,864,27.45,68.95,0,4.83,16.05.2024 13:57:16
0,273.38,1458,864,27.45,68.96,0,4.92,16.05.2024 13:57:18
0,272.25,1452,865,27.47,68.97,0,4.79,16.05.2024 13:57:20
0,272.44,1453,864,27.47,68.99,0,4.81,16.05.2024 13:57:24
0,270.94,1445,864,27.45,68.96,0,4.67,16.05.2024 13:57:26
0,272.63,1454,865,27.45,68.96,0,4.84,16.05.2024 13:57:28
0,269.25,1436,865,27.45,68.95,0,4.51,16.05.2024 13:57:30
0,271.50,1448,865,27.44,69.00,0,4.73,16.05.2024 13:57:33
0,271.31,1447,866,27.47,69.01,0,4.69,16.05.2024 13:57:35
0,272.06,1451,865,27.47,68.96,0,4.78,16.05.2024 13:57:37
0,273.19,1457,865,27.45,69.00,0,4.89,16.05.2024 13:57:39
0,269.06,1435,865,27.44,68.96,0,4.50,16.05.2024 13:57:41
0,271.88,1450,866,27.44,68.99,0,4.77,16.05.2024 13:57:43
0,268.13,1430,866,27.45,68.97,0,4.40,16.05.2024 13:57:45
0,270.19,1441,866,27.44,68.98,0,4.61,16.05.2024 13:57:47
0,269.25,1436,865,27.42,68.98,0,4.52,16.05.2024 13:57:49
0,268.88,1434,865,27.44,68.99,0,4.48,16.05.2024 13:57:52
0,266.06,1419,866,27.42,68.99,0,4.22,16.05.2024 13:57:54
0,268.50,1432,866,27.44,68.98,0,4.44,16.05.2024 13:57:56
0,269.81,1439,866,27.45,68.95,0,4.57,16.05.2024 13:57:58
0,268.88,1434,866,27.42,68.97,0,4.49,16.05.2024 13:58:00
0,264.94,1413,866,27.42,68.97,0,4.11,16.05.2024 13:58:02
0,267.75,1428,865,27.44,68.98,0,4.37,16.05.2024 13:58:04
0,266.63,1422,866,27.41,68.96,0,4.28,16.05.2024 13:58:06
0,269.06,1435,865,27.41,69.00,0,4.51,16.05.2024 13:58:09
0,268.31,1431,865,27.42,69.02,0,4.43,16.05.2024 13:58:11
0,270.19,1441,866,27.42,68.98,0,4.62,16.05.2024 13:58:13
0,271.88,1450,866,27.41,69.00,0,4.79,16.05.2024 13:58:15
0,270.94,1445,866,27.41,68.98,0,4.70,16.05.2024 13:58:17
0,268.69,1433,866,27.41,69.00,0,4.48,16.05.2024 13:58:19
0,269.25,1436,866,27.42,68.97,0,4.53,16.05.2024 13:58:21
0,269.06,1435,866,27.44,68.99,0,4.49,16.05.2024 13:58:23
0,270.38,1442,866,27.42,68.98,0,4.64,16.05.2024 13:58:26
0,271.31,1447,866,27.40,68.98,0,4.75,16.05.2024 13:58:28
0,269.06,1435,865,27.44,69.02,0,4.49,16.05.2024 13:58:30
0,277.13,1478,865,27.41,68.97,0,5.34,16.05.2024 13:58:32
0,271.50,1448,865,27.41,69.00,0,4.75,16.05.2024 13:58:34
0,272.25,1452,866,27.42,68.97,0,4.82,16.05.2024 13:58:36
0,271.88,1450,866,27.44,69.00,0,4.77,16.05.2024 13:58:38
0,272.81,1455,866,27.40,68.99,0,4.90,16.05.2024 13:58:40
0,269.25,1436,866,27.41,69.00,0,4.53,16.05.2024 13:58:42
0,273.00,1456,866,27.40,68.96,0,4.92,16.05.2024 13:58:45
0,275.44,1469,866,27.41,69.00,0,5.16,16.05.2024 13:58:47
0,271.69,1449,866,27.38,68.99,0,4.80,16.05.2024 13:58:49
0,269.06,1435,867,27.41,69.00,0,4.51,16.05.2024 13:58:51
0,270.38,1442,867,27.41,69.00,0,4.64,16.05.2024 13:58:53
0,269.44,1437,867,27.41,69.00,0,4.55,16.05.2024 13:58:55
0,273.19,1457,867,27.40,69.02,0,4.93,16.05.2024 13:58:57
0,270.00,1440,867,27.41,69.02,0,4.60,16.05.2024 13:58:59
0,274.31,1463,867,27.41,68.97,0,5.04,16.05.2024 13:59:02
0,275.25,1468,867,27.41,69.00,0,5.13,16.05.2024 13:59:04
0,274.69,1465,868,27.40,69.00,0,5.09,16.05.2024 13:59:06
0,273.94,1461,867,27.42,69.06,0,4.98,16.05.2024 13:59:08
0,277.13,1478,867,27.40,69.02,0,5.34,16.05.2024 13:59:10
0,271.69,1449,867,27.40,69.00,0,4.78,16.05.2024 13:59:12
0,273.38,1458,868,27.38,69.01,0,4.96,16.05.2024 13:59:14
0,271.50,1448,868,27.40,69.01,0,4.76,16.05.2024 13:59:16
0,275.06,1467,867,27.41,69.02,0,5.11,16.05.2024 13:59:19
0,270.19,1441,866,27.38,69.01,0,4.64,16.05.2024 13:59:21
0,269.44,1437,866,27.41,69.02,0,4.54,16.05.2024 13:59:23
0,270.19,1441,866,27.38,69.02,0,4.64,16.05.2024 13:59:25
0,273.56,1459,865,27.40,69.01,0,4.97,16.05.2024 13:59:27
0,273.38,1458,865,27.40,69.02,0,4.95,16.05.2024 13:59:29
0,271.69,1449,865,27.41,68.97,0,4.78,16.05.2024 13:59:31
0,273.56,1459,865,27.40,68.99,0,4.98,16.05.2024 13:59:33
0,271.88,1450,864,27.38,69.02,0,4.81,16.05.2024 13:59:35
0,275.81,1471,864,27.40,69.02,0,5.20,16.05.2024 13:59:38
0,272.81,1455,864,27.40,69.02,0,4.89,16.05.2024 13:59:40
0,272.63,1454,864,27.38,69.04,0,4.88,16.05.2024 13:59:42
0,270.56,1443,864,27.38,69.01,0,4.68,16.05.2024 13:59:44
0,275.63,1470,864,27.38,69.04,0,5.19,16.05.2024 13:59:46
0,272.81,1455,863,27.38,69.03,0,4.90,16.05.2024 13:59:48
0,276.19,1473,863,27.41,69.02,0,5.23,16.05.2024 13:59:50
0,271.88,1450,863,27.37,69.00,0,4.82,16.05.2024 13:59:52
0,273.94,1461,863,27.38,69.04,0,5.02,16.05.2024 13:59:55
0,275.81,1471,862,27.38,69.04,0,5.21,16.05.2024 13:59:57
0,275.06,1467,863,27.35,69.03,0,5.16,16.05.2024 13:59:59
