0,151.69,809,847,11.53,70.03,0,0.31,17.05.2024 00:00:00
0,153.56,819,847,11.57,70.05,0,0.44,17.05.2024 00:00:02
0,155.63,830,847,11.54,70.00,0,0.60,17.05.2024 00:00:04
0,155.81,831,846,11.54,70.02,0,0.62,17.05.2024 00:00:06
0,153.75,820,845,11.54,70.02,0,0.46,17.05.2024 00:00:08
0,152.25,812,845,11.57,70.03,0,0.34,17.05.2024 00:00:10
0,154.31,823,845,11.57,69.98,0,0.50,17.05.2024 00:00:12
0,154.31,823,844,11.56,70.02,0,0.50,17.05.2024 00:00:14
0,150.94,805,844,11.57,70.04,0,0.24,17.05.2024 00:00:16
0,154.69,825,843,11.56,70.02,0,0.53,17.05.2024 00:00:19
0,160.69,857,843,11.54,70.01,0,1.01,17.05.2024 00:00:21
0,155.25,828,843,11.57,70.01,0,0.57,17.05.2024 00:00:23
0,153.38,818,843,11.57,70.04,0,0.42,17.05.2024 00:00:25
0,156.00,832,844,11.54,70.04,0,0.63,17.05.2024 00:00:27
0,153.94,821,844,11.53,70.03,0,0.47,17.05.2024 00:00:29
0,155.25,828,843,11.57,70.03,0,0.57,17.05.2024 00:00:31
0,152.25,812,843,11.56,70.03,0,0.34,17.05.2024 00:00:33
0,156.75,836,843,11.56,70.03,0,0.69,17.05.2024 00:00:36
0,153.75,820,843,11.57,70.02,0,0.45,17.05.2024 00:00:40
0,153.75,820,843,11.56,70.03,0,0.45,17.05.2024 00:00:42
0,156.00,832,842,11.56,70.05,0,0.63,17.05.2024 00:00:44
0,153.94,821,842,11.56,70.03,0,0.47,17.05.2024 00:00:46
0,152.44,813,842,11.54,70.05,0,0.36,17.05.2024 00:00:48
0,150.56,803,842,11.54,70.02,0,0.22,17.05.2024 00:00:50
0,150.56,803,842,11.56,70.03,0,0.22,17.05.2024 00:00:52
0,153.00,816,843,11.54,70.04,0,0.40,17.05.2024 00:00:55
0,150.94,805,843,11.56,70.01,0,0.25,17.05.2024 00:00:57
0,158.63,846,843,11.56,70.04,0,0.84,17.05.2024 00:00:59
0,154.50,824,843,11.56,70.04,0,0.51,17.05.2024 00:01:01
0,152.06,811,843,11.54,70.03,0,0.33,17.05.2024 00:01:03
0,160.31,855,842,11.57,70.04,0,0.98,17.05.2024 00:01:05
0,154.88,826,843,11.56,70.04,0,0.54,17.05.2024 00:01:07
0,154.13,822,842,11.57,70.05,0,0.48,17.05.2024 00:01:09
0,157.13,838,842,11.54,70.02,0,0.72,17.05.2024 00:01:11
0,154.13,822,842,11.57,70.02,0,0.48,17.05.2024 00:01:14
0,155.44,829,842,11.56,70.04,0,0.58,17.05.2024 00:01:16
0,154.69,825,842,11.56,70.04,0,0.53,17.05.2024 00:01:18
0,156.56,835,842,11.57,70.01,0,0.67,17.05.2024 00:01:20
0,155.63,830,842,11.51,70.03,0,0.61,17.05.2024 00:01:22
0,157.31,839,842,11.54,70.03,0,0.74,17.05.2024 00:01:24
0,152.81,815,842,11.56,70.03,0,0.38,17.05.2024 00:01:26
0,154.69,825,842,11.54,70.04,0,0.53,17.05.2024 00:01:28
0,155.06,827,842,11.56,70.04,0,0.55,17.05.2024 00:01:31
0,158.44,845,842,11.53,70.03,0,0.83,17.05.2024 00:01:33
0,153.38,818,842,11.53,70.03,0,0.43,17.05.2024 00:01:35
0,155.06,827,842,11.56,70.01,0,0.56,17.05.2024 00:01:37
0,155.25,828,842,11.54,70.03,0,0.57,17.05.2024 00:01:39
0,151.50,808,842,11.54,70.01,0,0.29,17.05.2024 00:01:41
0,157.88,842,842,11.53,70.05,0,0.78,17.05.2024 00:01:43
0,153.75,820,841,11.53,70.03,0,0.46,17.05.2024 00:01:45
0,154.88,826,841,11.54,70.04,0,0.54,17.05.2024 00:01:48
0,157.69,841,841,11.53,70.03,0,0.77,17.05.2024 00:01:50
0,156.75,836,840,11.53,70.05,0,0.69,17.05.2024 00:01:52
0,153.94,821,840,11.54,70.03,0,0.47,17.05.2024 00:01:54
0,153.94,821,840,11.54,70.02,0,0.47,17.05.2024 00:01:56
0,157.13,838,840,11.54,70.04,0,0.72,17.05.2024 00:01:58
0,155.44,829,839,11.54,70.02,0,0.59,17.05.2024 00:02:00
0,156.94,837,840,11.54,70.02,0,0.71,17.05.2024 00:02:02
0,156.75,836,840,11.54,70.03,0,0.69,17.05.2024 00:02:04
0,154.13,822,840,11.54,70.00,0,0.49,17.05.2024 00:02:07
0,155.63,830,840,11.53,70.01,0,0.60,17.05.2024 00:02:09
0,157.31,839,840,11.54,70.05,0,0.73,17.05.2024 00:02:11
0,156.00,832,840,11.53,70.02,0,0.63,17.05.2024 00:02:13
0,155.63,830,839,11.53,70.02,0,0.60,17.05.2024 00:02:15
0,155.44,829,840,11.54,70.00,0,0.59,17.05.2024 00:02:17
0,156.56,835,840,11.51,70.03,0,0.68,17.05.2024 00:02:19
0,155.25,828,839,11.53,70.05,0,0.57,17.05.2024 00:02:21
0,159.94,853,839,11.53,70.03,0,0.95,17.05.2024 00:02:24
0,155.06,827,839,11.53,70.06,0,0.56,17.05.2024 00:02:26
0,154.13,822,840,11.56,70.04,0,0.48,17.05.2024 00:02:28
0,152.44,813,840,11.54,70.04,0,0.36,17.05.2024 00:02:30
0,155.25,828,840,11.54,70.03,0,0.57,17.05.2024 00:02:32
0,153.94,821,840,11.50,70.03,0,0.48,17.05.2024 00:02:34
0,155.63,830,840,11.54,70.03,0,0.60,17.05.2024 00:02:36
0,154.50,824,840,11.56,70.04,0,0.51,17.05.2024 00:02:38
0,155.63,830,841,11.53,70.04,0,0.60,17.05.2024 00:02:41
0,153.38,818,841,11.54,70.05,0,0.43,17.05.2024 00:02:43
0,156.94,837,840,11.54,70.05,0,0.70,17.05.2024 00:02:45
0,156.75,836,840,11.54,70.05,0,0.69,17.05.2024 00:02:47
0,155.44,829,840,11.51,70.03,0,0.59,17.05.2024 00:02:49
0,156.75,836,841,11.54,70.04,0,0.69,17.05.2024 00:02:53
0,154.50,824,840,11.54,70.03,0,0.51,17.05.2024 00:02:55
0,154.50,824,840,11.51,70.05,0,0.52,17.05.2024 00:02:57
0,150.94,805,840,11.53,70.03,0,0.25,17.05.2024 00:03:00
0,152.81,815,841,11.54,70.04,0,0.39,17.05.2024 00:03:02
0,154.31,823,840,11.53,70.05,0,0.50,17.05.2024 00:03:04
0,153.19,817,840,11.54,70.05,0,0.41,17.05.2024 00:03:06
0,152.44,813,840,11.51,70.06,0,0.36,17.05.2024 00:03:08
0,152.06,811,840,11.53,70.04,0,0.33,17.05.2024 00:03:10
0,150.38,802,840,11.53,70.04,0,0.21,17.05.2024 00:03:12
0,152.25,812,840,11.51,70.06,0,0.35,17.05.2024 00:03:14
0,152.63,814,840,11.53,70.04,0,0.37,17.05.2024 00:03:16
0,152.44,813,840,11.50,70.05,0,0.37,17.05.2024 00:03:19
0,154.88,826,840,11.53,70.07,0,0.54,17.05.2024 00:03:21
0,157.69,841,841,11.54,70.06,0,0.76,17.05.2024 00:03:23
0,154.88,826,841,11.53,70.07,0,0.54,17.05.2024 00:03:25
0,152.44,813,841,11.51,70.06,0,0.36,17.05.2024 00:03:27
0,155.81,831,841,11.53,70.04,0,0.62,17.05.2024 00:03:29
0,154.69,825,841,11.53,70.04,0,0.53,17.05.2024 00:03:31
0,156.94,837,841,11.51,70.05,0,0.71,17.05.2024 00:03:33
0,152.63,814,841,11.53,70.08,0,0.37,17.05.2024 00:03:36
0,155.63,830,841,11.53,70.07,0,0.60,17.05.2024 00:03:38
0,156.00,832,841,11.54,70.06,0,0.63,17.05.2024 00:03:40
0,153.94,821,841,11.53,70.05,0,0.47,17.05.2024 00:03:42
0,157.13,838,841,11.54,70.06,0,0.72,17.05.2024 00:03:44
0,155.81,831,841,11.54,70.05,0,0.62,17.05.2024 00:03:46
0,157.50,840,840,11.53,70.04,0,0.75,17.05.2024 00:03:48
0,152.81,815,841,11.51,70.05,0,0.39,17.05.2024 00:03:50
0,155.63,830,841,11.53,70.04,0,0.60,17.05.2024 00:03:53
0,157.69,841,841,11.51,70.05,0,0.77,17.05.2024 00:03:55
0,153.00,816,841,11.51,70.07,0,0.40,17.05.2024 00:03:57
0,154.13,822,841,11.54,70.06,0,0.48,17.05.2024 00:03:59
0,155.81,831,841,11.51,70.06,0,0.62,17.05.2024 00:04:01
0,156.19,833,841,11.53,70.05,0,0.65,17.05.2024 00:04:03
0,156.19,833,842,11.53,70.07,0,0.65,17.05.2024 00:04:05
0,156.00,832,842,11.53,70.08,0,0.63,17.05.2024 00:04:07
0,153.94,821,842,11.50,70.03,0,0.48,17.05.2024 00:04:09
0,156.75,836,841,11.53,70.05,0,0.69,17.05.2024 00:04:12
0,152.44,813,842,11.50,70.05,0,0.37,17.05.2024 00:04:14
0,156.38,834,841,11.53,70.09,0,0.66,17.05.2024 00:04:16
0,154.31,823,842,11.53,70.07,0,0.50,17.05.2024 00:04:18
0,156.19,833,842,11.51,70.06,0,0.65,17.05.2024 00:04:20
0,155.25,828,841,11.51,70.07,0,0.58,17.05.2024 00:04:22
0,156.38,834,841,11.53,70.07,0,0.66,17.05.2024 00:04:24
0,157.50,840,841,11.53,70.07,0,0.75,17.05.2024 00:04:26
0,155.44,829,841,11.53,70.06,0,0.59,17.05.2024 00:04:29
0,154.69,825,841,11.53,70.08,0,0.53,17.05.2024 00:04:31
0,155.44,829,841,11.53,70.05,0,0.59,17.05.2024 00:04:33
0,154.31,823,840,11.53,70.07,0,0.50,17.05.2024 00:04:35
0,152.06,811,840,11.53,70.05,0,0.33,17.05.2024 00:04:37
0,156.19,833,841,11.50,70.08,0,0.65,17.05.2024 00:04:39
0,153.00,816,841,11.50,70.05,0,0.41,17.05.2024 00:04:41
0,153.19,817,841,11.50,70.06,0,0.42,17.05.2024 00:04:43
0,154.50,824,841,11.54,70.05,0,0.51,17.05.2024 00:04:46
0,156.19,833,841,11.51,70.05,0,0.65,17.05.2024 00:04:48
0,156.56,835,841,11.51,70.05,0,0.68,17.05.2024 00:04:50
0,152.81,815,841,11.53,70.06,0,0.39,17.05.2024 00:04:52
0,154.69,825,842,11.53,70.09,0,0.53,17.05.2024 00:04:54
0,153.75,820,842,11.54,70.06,0,0.46,17.05.2024 00:04:56
0,156.19,833,841,11.53,70.07,0,0.65,17.05.2024 00:04:58
0,152.44,813,841,11.51,70.05,0,0.36,17.05.2024 00:05:00
0,152.25,812,841,11.51,70.05,0,0.35,17.05.2024 00:05:02
0,156.19,833,842,11.51,70.05,0,0.65,17.05.2024 00:05:05
0,155.63,830,842,11.53,70.08,0,0.60,17.05.2024 00:05:07
0,153.00,816,842,11.53,70.06,0,0.40,17.05.2024 00:05:09
0,156.19,833,843,11.53,70.04,0,0.65,17.05.2024 00:05:11
0,157.31,839,843,11.53,70.07,0,0.74,17.05.2024 00:05:13
0,153.56,819,843,11.51,70.05,0,0.45,17.05.2024 00:05:17
0,154.13,822,844,11.53,70.05,0,0.49,17.05.2024 00:05:19
0,150.75,804,844,11.53,70.06,0,0.24,17.05.2024 00:05:21
0,151.31,807,845,11.53,70.05,0,0.28,17.05.2024 00:05:24
0,151.69,809,845,11.51,70.03,0,0.31,17.05.2024 00:05:26
0,155.44,829,845,11.54,70.04,0,0.59,17.05.2024 00:05:28
0,152.25,812,845,11.53,70.08,0,0.35,17.05.2024 00:05:30
0,152.25,812,845,11.51,70.03,0,0.35,17.05.2024 00:05:32
0,153.94,821,845,11.51,70.03,0,0.48,17.05.2024 00:05:34
0,152.25,812,845,11.51,70.02,0,0.35,17.05.2024 00:05:36
0,152.81,815,845,11.51,70.08,0,0.39,17.05.2024 00:05:38
0,153.56,819,845,11.54,70.06,0,0.44,17.05.2024 00:05:41
0,152.06,811,845,11.51,70.05,0,0.34,17.05.2024 00:05:43
0,152.81,815,845,11.51,70.03,0,0.39,17.05.2024 00:05:45
0,152.25,812,845,11.50,70.03,0,0.35,17.05.2024 00:05:47
0,149.81,799,845,11.53,70.07,0,0.17,17.05.2024 00:05:49
0,153.00,816,845,11.53,70.07,0,0.40,17.05.2024 00:05:51
0,153.56,819,844,11.50,70.03,0,0.45,17.05.2024 00:05:53
0,155.81,831,844,11.51,70.06,0,0.62,17.05.2024 00:05:55
0,156.00,832,844,11.50,70.04,0,0.64,17.05.2024 00:05:57
0,156.19,833,844,11.51,70.05,0,0.65,17.05.2024 00:06:00
0,155.44,829,844,11.51,70.03,0,0.59,17.05.2024 00:06:02
0,151.69,809,844,11.50,70.07,0,0.31,17.05.2024 00:06:04
0,155.06,827,843,11.51,70.06,0,0.56,17.05.2024 00:06:06
0,156.00,832,844,11.51,70.05,0,0.64,17.05.2024 00:06:08
0,154.50,824,844,11.50,70.04,0,0.52,17.05.2024 00:06:10
0,152.25,812,844,11.51,70.06,0,0.35,17.05.2024 00:06:12
0,155.81,831,845,11.53,70.07,0,0.62,17.05.2024 00:06:14
0,152.44,813,844,11.50,70.06,0,0.36,17.05.2024 00:06:17
0,152.25,812,844,11.51,70.05,0,0.35,17.05.2024 00:06:19
0,155.06,827,845,11.50,70.03,0,0.57,17.05.2024 00:06:21
0,151.31,807,845,11.51,70.08,0,0.28,17.05.2024 00:06:23
0,156.19,833,845,11.46,70.03,0,0.66,17.05.2024 00:06:25
0,154.13,822,845,11.49,70.03,0,0.50,17.05.2024 00:06:27
0,155.44,829,845,11.51,70.05,0,0.59,17.05.2024 00:06:29
0,156.56,835,845,11.50,70.04,0,0.68,17.05.2024 00:06:31
0,151.13,806,846,11.53,70.07,0,0.26,17.05.2024 00:06:34
0,155.44,829,846,11.51,70.07,0,0.59,17.05.2024 00:06:36
0,150.75,804,846,11.51,70.09,0,0.24,17.05.2024 00:06:38
0,157.13,838,846,11.50,70.04,0,0.73,17.05.2024 00:06:40
0,156.19,833,845,11.50,70.03,0,0.65,17.05.2024 00:06:42
0,153.00,816,845,11.50,70.05,0,0.41,17.05.2024 00:06:44
0,152.06,811,845,11.49,70.07,0,0.34,17.05.2024 00:06:46
0,154.13,822,845,11.49,70.02,0,0.50,17.05.2024 00:06:48
0,155.63,830,845,11.50,70.03,0,0.61,17.05.2024 00:06:51
0,156.75,836,845,11.50,70.03,0,0.70,17.05.2024 00:06:53
0,153.56,819,845,11.49,70.03,0,0.45,17.05.2024 00:06:55
0,155.81,831,845,11.50,70.04,0,0.62,17.05.2024 00:06:57
0,152.63,814,845,11.49,70.04,0,0.38,17.05.2024 00:06:59
0,155.63,830,845,11.50,70.05,0,0.61,17.05.2024 00:07:01
0,155.81,831,845,11.51,70.03,0,0.62,17.05.2024 00:07:03
0,152.81,815,845,11.53,70.07,0,0.39,17.05.2024 00:07:05
0,154.69,825,845,11.51,70.03,0,0.53,17.05.2024 00:07:07
0,150.94,805,845,11.51,70.05,0,0.25,17.05.2024 00:07:10
0,153.00,816,845,11.50,70.03,0,0.41,17.05.2024 00:07:12
0,156.56,835,845,11.51,70.07,0,0.68,17.05.2024 00:07:14
0,158.63,846,845,11.49,70.05,0,0.85,17.05.2024 00:07:16
0,153.75,820,845,11.49,70.05,0,0.47,17.05.2024 00:07:18
0,155.81,831,845,11.49,70.05,0,0.63,17.05.2024 00:07:20
0,151.88,810,845,11.50,70.04,0,0.32,17.05.2024 00:07:22
0,159.56,851,845,11.50,70.03,0,0.93,17.05.2024 00:07:24
0,156.75,836,845,11.53,70.03,0,0.69,17.05.2024 00:07:27
0,154.69,825,845,11.50,70.04,0,0.54,17.05.2024 00:07:29
0,153.19,817,844,11.50,70.05,0,0.42,17.05.2024 00:07:31
0,153.38,818,844,11.49,70.05,0,0.44,17.05.2024 00:07:33
0,154.50,824,844,11.47,70.04,0,0.53,17.05.2024 00:07:35
0,154.13,822,844,11.51,70.05,0,0.49,17.05.2024 00:07:37
0,155.63,830,844,11.49,70.01,0,0.61,17.05.2024 00:07:39
0,150.94,805,845,11.53,70.04,0,0.25,17.05.2024 00:07:43
0,152.81,815,844,11.53,70.06,0,0.39,17.05.2024 00:07:46
0,153.56,819,845,11.50,70.04,0,0.45,17.05.2024 00:07:48
0,156.00,832,844,11.50,70.05,0,0.64,17.05.2024 00:07:50
0,152.06,811,844,11.49,70.05,0,0.34,17.05.2024 00:07:52
0,153.94,821,844,11.53,70.08,0,0.47,17.05.2024 00:07:54
0,151.13,806,844,11.50,70.07,0,0.27,17.05.2024 00:07:56
0,150.19,801,844,11.50,70.03,0,0.20,17.05.2024 00:07:58
0,151.50,808,844,11.50,70.03,0,0.30,17.05.2024 00:08:00
0,151.88,810,844,11.50,70.01,0,0.33,17.05.2024 00:08:02
0,153.56,819,844,11.50,70.03,0,0.45,17.05.2024 00:08:05
0,149.25,796,844,11.47,70.06,0,0.14,17.05.2024 00:08:07
0,153.19,817,844,11.50,70.06,0,0.42,17.05.2024 00:08:09
0,153.38,818,843,11.50,70.03,0,0.44,17.05.2024 00:08:11
0,153.38,818,843,11.49,70.06,0,0.44,17.05.2024 00:08:13
0,151.69,809,843,11.49,70.06,0,0.31,17.05.2024 00:08:15
0,151.69,809,843,11.50,70.06,0,0.31,17.05.2024 00:08:17
0,157.69,841,843,11.51,70.06,0,0.77,17.05.2024 00:08:19
0,154.69,825,842,11.46,70.05,0,0.54,17.05.2024 00:08:22
0,156.75,836,843,11.49,70.05,0,0.70,17.05.2024 00:08:24
0,153.38,818,843,11.49,70.06,0,0.44,17.05.2024 00:08:26
0,157.31,839,843,11.47,70.04,0,0.75,17.05.2024 00:08:28
0,158.25,844,843,11.49,70.05,0,0.82,17.05.2024 00:08:30
0,157.69,841,843,11.50,70.05,0,0.77,17.05.2024 00:08:32
0,154.69,825,844,11.49,70.03,0,0.54,17.05.2024 00:08:34
0,155.81,831,843,11.51,70.05,0,0.62,17.05.2024 00:08:36
0,155.25,828,843,11.50,70.05,0,0.58,17.05.2024 00:08:39
0,157.69,841,843,11.49,70.04,0,0.78,17.05.2024 00:08:41
0,155.63,830,843,11.49,70.07,0,0.61,17.05.2024 00:08:43
0,157.69,841,843,11.50,70.11,0,0.77,17.05.2024 00:08:45
0,154.31,823,843,11.49,70.06,0,0.51,17.05.2024 00:08:47
0,155.63,830,843,11.49,70.08,0,0.61,17.05.2024 00:08:49
0,150.94,805,843,11.51,70.07,0,0.25,17.05.2024 00:08:51
0,153.56,819,843,11.51,70.08,0,0.45,17.05.2024 00:08:53
0,155.25,828,843,11.49,70.06,0,0.58,17.05.2024 00:08:55
0,156.56,835,843,11.47,70.06,0,0.69,17.05.2024 00:08:58
0,153.00,816,843,11.49,70.04,0,0.41,17.05.2024 00:09:00
0,155.81,831,843,11.49,70.06,0,0.63,17.05.2024 00:09:02
0,153.19,817,844,11.49,70.06,0,0.42,17.05.2024 00:09:04
0,154.13,822,844,11.49,70.06,0,0.49,17.05.2024 00:09:06
0,154.69,825,844,11.50,70.07,0,0.54,17.05.2024 00:09:08
0,152.81,815,844,11.49,70.08,0,0.39,17.05.2024 00:09:10
0,152.63,814,844,11.49,70.06,0,0.38,17.05.2024 00:09:12
0,154.69,825,845,11.50,70.10,0,0.53,17.05.2024 00:09:15
0,154.13,822,844,11.49,70.06,0,0.49,17.05.2024 00:09:17
0,154.13,822,845,11.49,70.04,0,0.50,17.05.2024 00:09:19
0,152.81,815,845,11.47,70.04,0,0.40,17.05.2024 00:09:21
0,156.19,833,846,11.51,70.06,0,0.65,17.05.2024 00:09:23
0,154.13,822,846,11.47,70.03,0,0.50,17.05.2024 00:09:25
0,153.19,817,846,11.49,70.06,0,0.42,17.05.2024 00:09:27
0,153.19,817,846,11.47,70.05,0,0.43,17.05.2024 00:09:29
0,155.44,829,847,11.47,70.06,0,0.60,17.05.2024 00:09:32
0,157.69,841,846,11.47,70.06,0,0.78,17.05.2024 00:09:34
0,152.06,811,846,11.50,70.06,0,0.34,17.05.2024 00:09:36
0,152.81,815,847,11.50,70.06,0,0.39,17.05.2024 00:09:38
0,156.94,837,847,11.49,70.07,0,0.71,17.05.2024 00:09:40
0,154.31,823,847,11.50,70.07,0,0.51,17.05.2024 00:09:42
0,153.38,818,846,11.50,70.08,0,0.43,17.05.2024 00:09:44
0,154.88,826,846,11.50,70.09,0,0.55,17.05.2024 00:09:46
0,154.13,822,846,11.47,70.05,0,0.50,17.05.2024 00:09:48
0,154.31,823,846,11.49,70.08,0,0.51,17.05.2024 00:09:51
0,154.69,825,846,11.47,70.05,0,0.54,17.05.2024 00:09:53
0,154.50,824,846,11.47,70.05,0,0.53,17.05.2024 00:09:55
0,152.63,814,846,11.47,70.04,0,0.38,17.05.2024 00:09:57
0,157.69,841,846,11.47,70.06,0,0.78,17.05.2024 00:09:59
0,153.38,818,846,11.49,70.06,0,0.44,17.05.2024 00:10:01
0,153.75,820,846,11.49,70.05,0,0.47,17.05.2024 00:10:03
0,154.13,822,846,11.49,70.07,0,0.49,17.05.2024 00:10:07
0,155.06,827,846,11.49,70.06,0,0.57,17.05.2024 00:10:10
0,152.06,811,846,11.49,70.03,0,0.34,17.05.2024 00:10:12
0,152.63,814,846,11.46,70.03,0,0.39,17.05.2024 00:10:14
0,154.13,822,846,11.50,70.09,0,0.49,17.05.2024 00:10:16
0,151.31,807,846,11.49,70.07,0,0.28,17.05.2024 00:10:18
0,151.69,809,846,11.47,70.06,0,0.31,17.05.2024 00:10:20
0,151.69,809,846,11.50,70.06,0,0.31,17.05.2024 00:10:22
0,150.38,802,846,11.49,70.06,0,0.22,17.05.2024 00:10:24
0,151.69,809,846,11.49,70.09,0,0.31,17.05.2024 00:10:27
0,149.25,796,846,11.50,70.03,0,0.13,17.05.2024 00:10:29
0,152.25,812,846,11.47,70.05,0,0.36,17.05.2024 00:10:31
0,144.56,771,845,11.49,70.06,0,-0.18,17.05.2024 00:10:33
0,153.75,820,845,11.50,70.04,0,0.46,17.05.2024 00:10:35
0,153.19,817,845,11.47,70.08,0,0.43,17.05.2024 00:10:37
0,155.25,828,844,11.46,70.04,0,0.59,17.05.2024 00:10:39
0,153.75,820,844,11.47,70.06,0,0.47,17.05.2024 00:10:41
0,154.50,824,844,11.49,70.08,0,0.52,17.05.2024 00:10:43
0,155.25,828,844,11.47,70.04,0,0.59,17.05.2024 00:10:46
0,152.63,814,844,11.49,70.07,0,0.38,17.05.2024 00:10:48
0,155.81,831,844,11.47,70.08,0,0.63,17.05.2024 00:10:50
0,152.44,813,845,11.47,70.10,0,0.37,17.05.2024 00:10:52
0,157.13,838,844,11.49,70.05,0,0.73,17.05.2024 00:10:54
0,153.56,819,843,11.47,70.06,0,0.45,17.05.2024 00:10:56
0,154.13,822,843,11.49,70.07,0,0.49,17.05.2024 00:10:58
0,156.19,833,843,11.49,70.10,0,0.65,17.05.2024 00:11:00
0,158.44,845,843,11.49,70.08,0,0.84,17.05.2024 00:11:03
0,158.63,846,843,11.46,70.05,0,0.86,17.05.2024 00:11:05
0,157.88,842,843,11.50,70.06,0,0.79,17.05.2024 00:11:07
0,153.56,819,843,11.47,70.03,0,0.46,17.05.2024 00:11:09
0,154.31,823,843,11.50,70.08,0,0.51,17.05.2024 00:11:11
0,155.06,827,843,11.49,70.08,0,0.57,17.05.2024 00:11:13
0,154.69,825,842,11.49,70.07,0,0.54,17.05.2024 00:11:15
0,156.75,836,843,11.50,70.07,0,0.70,17.05.2024 00:11:17
0,154.69,825,843,11.47,70.05,0,0.54,17.05.2024 00:11:20
0,153.94,821,843,11.46,70.06,0,0.49,17.05.2024 00:11:22
0,155.25,828,844,11.46,70.06,0,0.59,17.05.2024 00:11:24
0,153.19,817,844,11.46,70.05,0,0.43,17.05.2024 00:11:26
0,159.00,848,843,11.46,70.06,0,0.89,17.05.2024 00:11:28
0,154.69,825,844,11.47,70.08,0,0.54,17.05.2024 00:11:30
0,155.06,827,844,11.47,70.06,0,0.57,17.05.2024 00:11:32
0,151.88,810,844,11.50,70.08,0,0.32,17.05.2024 00:11:34
0,156.19,833,844,11.49,70.07,0,0.65,17.05.2024 00:11:36
0,154.88,826,844,11.50,70.08,0,0.55,17.05.2024 00:11:39
0,155.63,830,844,11.49,70.07,0,0.61,17.05.2024 00:11:41
0,150.75,804,844,11.49,70.06,0,0.24,17.05.2024 00:11:43
0,157.69,841,844,11.47,70.06,0,0.78,17.05.2024 00:11:45
0,157.69,841,844,11.47,70.09,0,0.78,17.05.2024 00:11:47
0,154.88,826,845,11.46,70.07,0,0.56,17.05.2024 00:11:49
0,155.63,830,844,11.46,70.05,0,0.62,17.05.2024 00:11:51
0,155.44,829,845,11.49,70.06,0,0.60,17.05.2024 00:11:53
0,155.81,831,845,11.47,70.05,0,0.63,17.05.2024 00:11:56
0,155.81,831,845,11.47,70.09,0,0.63,17.05.2024 00:11:58
0,150.94,805,845,11.47,70.04,0,0.26,17.05.2024 00:12:00
0,151.88,810,844,11.47,70.06,0,0.33,17.05.2024 00:12:02
0,154.69,825,845,11.47,70.06,0,0.54,17.05.2024 00:12:04
0,153.94,821,844,11.47,70.05,0,0.48,17.05.2024 00:12:06
0,154.69,825,844,11.47,70.03,0,0.54,17.05.2024 00:12:08
0,150.94,805,844,11.47,70.06,0,0.26,17.05.2024 00:12:10
0,154.88,826,845,11.46,70.08,0,0.56,17.05.2024 00:12:13
0,151.69,809,845,11.49,70.07,0,0.31,17.05.2024 00:12:15
0,151.31,807,845,11.47,70.05,0,0.29,17.05.2024 00:12:17
0,150.75,804,845,11.47,70.06,0,0.25,17.05.2024 00:12:19
0,154.88,826,845,11.47,70.08,0,0.55,17.05.2024 00:12:23
0,152.44,813,845,11.47,70.08,0,0.37,17.05.2024 00:12:25
0,153.00,816,845,11.47,70.06,0,0.41,17.05.2024 00:12:27
0,151.31,807,845,11.49,70.07,0,0.28,17.05.2024 00:12:29
0,152.63,814,845,11.45,70.05,0,0.39,17.05.2024 00:12:31
0,152.06,811,845,11.49,70.08,0,0.34,17.05.2024 00:12:34
0,151.13,806,845,11.47,70.06,0,0.27,17.05.2024 00:12:36
0,149.25,796,845,11.47,70.06,0,0.14,17.05.2024 00:12:38
0,153.56,819,845,11.46,70.05,0,0.46,17.05.2024 00:12:40
0,153.94,821,845,11.46,70.07,0,0.49,17.05.2024 00:12:42
0,152.06,811,845,11.46,70.08,0,0.34,17.05.2024 00:12:44
0,158.06,843,845,11.45,70.07,0,0.81,17.05.2024 00:12:46
0,153.00,816,845,11.47,70.06,0,0.41,17.05.2024 00:12:48
0,152.81,815,845,11.49,70.05,0,0.40,17.05.2024 00:12:51
0,154.13,822,845,11.46,70.07,0,0.50,17.05.2024 00:12:53
0,153.00,816,845,11.47,70.06,0,0.41,17.05.2024 00:12:55
0,155.44,829,845,11.46,70.06,0,0.60,17.05.2024 00:12:57
0,157.31,839,845,11.47,70.08,0,0.75,17.05.2024 00:12:59
0,153.75,820,846,11.46,70.04,0,0.47,17.05.2024 00:13:01
0,158.06,843,846,11.47,70.09,0,0.81,17.05.2024 00:13:03
0,155.63,830,846,11.46,70.05,0,0.62,17.05.2024 00:13:05
0,155.44,829,846,11.46,70.07,0,0.60,17.05.2024 00:13:08
0,154.88,826,846,11.47,70.05,0,0.56,17.05.2024 00:13:10
0,152.81,815,846,11.46,70.06,0,0.40,17.05.2024 00:13:12
0,154.13,822,846,11.46,70.06,0,0.50,17.05.2024 00:13:14
0,151.69,809,846,11.47,70.06,0,0.31,17.05.2024 00:13:16
0,153.19,817,846,11.46,70.10,0,0.43,17.05.2024 00:13:18
0,154.50,824,846,11.49,70.06,0,0.52,17.05.2024 00:13:20
0,154.88,826,846,11.45,70.04,0,0.56,17.05.2024 00:13:22
0,154.88,826,847,11.47,70.08,0,0.55,17.05.2024 00:13:24
0,153.56,819,846,11.47,70.06,0,0.45,17.05.2024 00:13:27
0,152.44,813,846,11.46,70.06,0,0.37,17.05.2024 00:13:29
0,158.06,843,846,11.47,70.06,0,0.81,17.05.2024 00:13:31
0,153.94,821,846,11.46,70.09,0,0.48,17.05.2024 00:13:33
0,156.19,833,845,11.43,70.07,0,0.67,17.05.2024 00:13:35
0,156.56,835,845,11.47,70.09,0,0.69,17.05.2024 00:13:37
0,155.25,828,845,11.46,70.07,0,0.59,17.05.2024 00:13:39
0,156.00,832,845,11.45,70.05,0,0.65,17.05.2024 00:13:41
0,154.69,825,846,11.45,70.08,0,0.55,17.05.2024 00:13:44
0,152.25,812,846,11.46,70.09,0,0.36,17.05.2024 00:13:46
0,156.56,835,845,11.46,70.07,0,0.69,17.05.2024 00:13:48
0,154.50,824,845,11.47,70.06,0,0.53,17.05.2024 00:13:50
0,154.13,822,845,11.43,70.03,0,0.51,17.05.2024 00:13:52
0,156.75,836,845,11.47,70.04,0,0.70,17.05.2024 00:13:54
0,156.56,835,846,11.45,70.08,0,0.69,17.05.2024 00:13:56
0,155.06,827,846,11.46,70.09,0,0.57,17.05.2024 00:13:58
0,154.31,823,846,11.46,70.07,0,0.51,17.05.2024 00:14:01
0,152.63,814,846,11.46,70.08,0,0.39,17.05.2024 00:14:03
0,157.69,841,846,11.46,70.05,0,0.78,17.05.2024 00:14:05
0,156.19,833,846,11.47,70.09,0,0.66,17.05.2024 00:14:07
0,155.44,829,846,11.45,70.06,0,0.60,17.05.2024 00:14:09
0,153.75,820,847,11.46,70.07,0,0.47,17.05.2024 00:14:11
0,151.69,809,848,11.47,70.10,0,0.31,17.05.2024 00:14:13
0,151.31,807,848,11.49,70.09,0,0.28,17.05.2024 00:14:15
0,153.38,818,848,11.46,70.06,0,0.44,17.05.2024 00:14:17
0,154.13,822,848,11.46,70.06,0,0.50,17.05.2024 00:14:20
0,153.75,820,847,11.47,70.06,0,0.47,17.05.2024 00:14:22
0,154.50,824,848,11.46,70.08,0,0.53,17.05.2024 00:14:24
0,155.44,829,848,11.46,70.08,0,0.60,17.05.2024 00:14:26
0,154.88,826,847,11.49,70.06,0,0.55,17.05.2024 00:14:28
0,154.50,824,848,11.47,70.08,0,0.53,17.05.2024 00:14:30
0,152.81,815,848,11.46,70.07,0,0.40,17.05.2024 00:14:32
0,153.19,817,848,11.47,70.09,0,0.42,17.05.2024 00:14:36
0,151.88,810,848,11.46,70.08,0,0.33,17.05.2024 00:14:39
0,156.94,837,848,11.47,70.08,0,0.72,17.05.2024 00:14:41
0,151.50,808,848,11.45,70.07,0,0.31,17.05.2024 00:14:43
0,147.38,786,848,11.47,70.06,0,0.01,17.05.2024 00:14:45
0,152.63,814,848,11.45,70.09,0,0.39,17.05.2024 00:14:47
0,154.31,823,848,11.45,70.07,0,0.52,17.05.2024 00:14:49
0,149.06,795,848,11.45,70.08,0,0.13,17.05.2024 00:14:51
0,152.06,811,847,11.45,70.09,0,0.35,17.05.2024 00:14:53
0,154.31,823,848,11.45,70.07,0,0.52,17.05.2024 00:14:56
0,150.56,803,848,11.45,70.07,0,0.24,17.05.2024 00:14:58
0,154.13,822,848,11.46,70.08,0,0.50,17.05.2024 00:15:00
0,152.25,812,848,11.45,70.05,0,0.36,17.05.2024 00:15:02
0,155.81,831,848,11.47,70.06,0,0.63,17.05.2024 00:15:04
0,154.13,822,848,11.43,70.09,0,0.50,17.05.2024 00:15:06
0,151.31,807,848,11.46,70.08,0,0.29,17.05.2024 00:15:08
0,153.00,816,847,11.47,70.09,0,0.41,17.05.2024 00:15:10
0,156.00,832,846,11.45,70.07,0,0.65,17.05.2024 00:15:12
0,153.00,816,846,11.46,70.08,0,0.41,17.05.2024 00:15:15
0,152.44,813,847,11.45,70.08,0,0.37,17.05.2024 00:15:17
0,156.94,837,847,11.45,70.07,0,0.72,17.05.2024 00:15:19
0,153.75,820,847,11.45,70.08,0,0.47,17.05.2024 00:15:21
0,153.00,816,847,11.43,70.09,0,0.42,17.05.2024 00:15:23
0,155.06,827,847,11.45,70.07,0,0.57,17.05.2024 00:15:25
0,154.88,826,847,11.47,70.13,0,0.55,17.05.2024 00:15:27
0,156.00,832,847,11.43,70.09,0,0.65,17.05.2024 00:15:29
0,150.94,805,847,11.46,70.09,0,0.26,17.05.2024 00:15:32
0,156.00,832,848,11.43,70.08,0,0.65,17.05.2024 00:15:34
0,153.19,817,848,11.46,70.08,0,0.43,17.05.2024 00:15:36
0,156.00,832,848,11.46,70.10,0,0.64,17.05.2024 00:15:38
0,154.13,822,848,11.45,70.09,0,0.50,17.05.2024 00:15:40
0,154.50,824,848,11.43,70.09,0,0.53,17.05.2024 00:15:42
0,156.56,835,847,11.46,70.10,0,0.69,17.05.2024 00:15:44
0,156.19,833,848,11.45,70.08,0,0.66,17.05.2024 00:15:46
0,154.13,822,848,11.45,70.11,0,0.50,17.05.2024 00:15:49
0,154.50,824,848,11.43,70.10,0,0.53,17.05.2024 00:15:51
0,153.56,819,848,11.47,70.10,0,0.45,17.05.2024 00:15:53
0,155.06,827,848,11.43,70.08,0,0.58,17.05.2024 00:15:55
0,152.06,811,848,11.45,70.07,0,0.35,17.05.2024 00:15:57
0,159.19,849,848,11.45,70.08,0,0.91,17.05.2024 00:15:59
0,153.75,820,848,11.43,70.10,0,0.47,17.05.2024 00:16:01
0,159.94,853,848,11.45,70.12,0,0.97,17.05.2024 00:16:03
0,156.38,834,848,11.49,70.11,0,0.67,17.05.2024 00:16:05
0,155.44,829,848,11.45,70.08,0,0.60,17.05.2024 00:16:08
0,158.44,845,847,11.46,70.10,0,0.84,17.05.2024 00:16:10
0,155.25,828,847,11.45,70.07,0,0.59,17.05.2024 00:16:12
0,151.88,810,847,11.45,70.10,0,0.33,17.05.2024 00:16:14
0,155.06,827,847,11.46,70.06,0,0.57,17.05.2024 00:16:16
0,154.13,822,847,11.46,70.08,0,0.50,17.05.2024 00:16:18
0,154.50,824,846,11.42,70.09,0,0.54,17.05.2024 00:16:20
0,152.44,813,846,11.45,70.10,0,0.37,17.05.2024 00:16:22
0,151.88,810,846,11.46,70.08,0,0.33,17.05.2024 00:16:25
0,155.06,827,846,11.45,70.09,0,0.57,17.05.2024 00:16:27
0,156.38,834,846,11.43,70.09,0,0.68,17.05.2024 00:16:29
0,152.06,811,846,11.46,70.08,0,0.34,17.05.2024 00:16:31
0,154.13,822,846,11.45,70.11,0,0.50,17.05.2024 00:16:33
0,156.94,837,846,11.46,70.05,0,0.72,17.05.2024 00:16:35
0,155.06,827,846,11.45,70.10,0,0.57,17.05.2024 00:16:37
0,154.13,822,845,11.43,70.09,0,0.50,17.05.2024 00:16:39
0,155.63,830,845,11.45,70.08,0,0.62,17.05.2024 00:16:42
0,152.25,812,845,11.45,70.09,0,0.36,17.05.2024 00:16:46
0,151.88,810,845,11.46,70.10,0,0.33,17.05.2024 00:16:48
0,152.44,813,844,11.42,70.07,0,0.38,17.05.2024 00:16:50
0,154.13,822,844,11.45,70.07,0,0.50,17.05.2024 00:16:52
0,151.13,806,844,11.45,70.09,0,0.28,17.05.2024 00:16:54
0,150.75,804,845,11.45,70.08,0,0.25,17.05.2024 00:16:56
0,153.75,820,845,11.45,70.08,0,0.47,17.05.2024 00:16:58
0,153.94,821,845,11.43,70.09,0,0.49,17.05.2024 00:17:00
0,152.81,815,845,11.45,70.10,0,0.40,17.05.2024 00:17:03
0,151.69,809,845,11.43,70.09,0,0.32,17.05.2024 00:17:05
0,153.94,821,844,11.45,70.08,0,0.49,17.05.2024 00:17:07
0,154.31,823,844,11.45,70.09,0,0.52,17.05.2024 00:17:09
0,153.00,816,845,11.45,70.09,0,0.42,17.05.2024 00:17:11
0,153.19,817,845,11.46,70.10,0,0.43,17.05.2024 00:17:13
0,155.63,830,846,11.45,70.06,0,0.62,17.05.2024 00:17:15
0,155.63,830,846,11.46,70.08,0,0.62,17.05.2024 00:17:17
0,154.50,824,846,11.43,70.09,0,0.53,17.05.2024 00:17:20
0,156.38,834,846,11.45,70.11,0,0.68,17.05.2024 00:17:22
0,157.13,838,846,11.43,70.09,0,0.74,17.05.2024 00:17:24
0,152.63,814,846,11.43,70.10,0,0.39,17.05.2024 00:17:26
0,156.75,836,846,11.46,70.10,0,0.70,17.05.2024 00:17:28
0,153.56,819,847,11.45,70.10,0,0.46,17.05.2024 00:17:30
0,153.38,818,846,11.46,70.11,0,0.44,17.05.2024 00:17:32
0,154.69,825,846,11.43,70.08,0,0.55,17.05.2024 00:17:34
0,152.81,815,846,11.43,70.09,0,0.40,17.05.2024 00:17:37
0,157.13,838,846,11.42,70.09,0,0.74,17.05.2024 00:17:39
0,154.69,825,846,11.45,70.10,0,0.54,17.05.2024 00:17:41
0,159.00,848,846,11.43,70.08,0,0.89,17.05.2024 00:17:43
0,152.44,813,846,11.43,70.10,0,0.38,17.05.2024 00:17:45
0,155.44,829,846,11.43,70.09,0,0.61,17.05.2024 00:17:47
0,157.88,842,846,11.42,70.10,0,0.80,17.05.2024 00:17:49
0,156.94,837,846,11.43,70.11,0,0.72,17.05.2024 00:17:51
0,155.81,831,846,11.45,70.10,0,0.63,17.05.2024 00:17:53
0,150.00,800,845,11.43,70.09,0,0.20,17.05.2024 00:17:56
0,153.56,819,845,11.45,70.12,0,0.46,17.05.2024 00:17:58
0,156.94,837,845,11.42,70.10,0,0.73,17.05.2024 00:18:00
0,154.69,825,845,11.42,70.09,0,0.55,17.05.2024 00:18:02
0,155.81,831,846,11.43,70.10,0,0.63,17.05.2024 00:18:04
0,155.44,829,845,11.43,70.09,0,0.61,17.05.2024 00:18:06
0,153.94,821,845,11.45,70.07,0,0.49,17.05.2024 00:18:08
0,155.06,827,845,11.43,70.11,0,0.58,17.05.2024 00:18:10
0,155.63,830,845,11.43,70.07,0,0.62,17.05.2024 00:18:13
0,153.94,821,845,11.43,70.08,0,0.49,17.05.2024 00:18:15
0,155.81,831,845,11.43,70.09,0,0.64,17.05.2024 00:18:17
0,152.63,814,845,11.43,70.09,0,0.39,17.05.2024 00:18:19
0,155.25,828,845,11.43,70.08,0,0.59,17.05.2024 00:18:21
0,153.94,821,845,11.45,70.09,0,0.49,17.05.2024 00:18:23
0,153.00,816,845,11.43,70.09,0,0.42,17.05.2024 00:18:25
0,151.88,810,845,11.43,70.11,0,0.33,17.05.2024 00:18:27
0,152.63,814,845,11.46,70.07,0,0.39,17.05.2024 00:18:30
0,154.13,822,845,11.40,70.08,0,0.51,17.05.2024 00:18:32
0,155.06,827,845,11.43,70.10,0,0.58,17.05.2024 00:18:34
0,156.00,832,844,11.43,70.10,0,0.65,17.05.2024 00:18:36
0,154.69,825,844,11.42,70.03,0,0.55,17.05.2024 00:18:38
0,153.56,819,844,11.45,70.08,0,0.46,17.05.2024 00:18:40
0,153.75,820,844,11.45,70.07,0,0.47,17.05.2024 00:18:42
0,154.13,822,843,11.45,70.09,0,0.50,17.05.2024 00:18:44
0,152.06,811,844,11.43,70.09,0,0.35,17.05.2024 00:18:46
0,151.50,808,843,11.42,70.07,0,0.31,17.05.2024 00:18:49
0,150.94,805,842,11.45,70.07,0,0.26,17.05.2024 00:18:53
0,153.00,816,842,11.45,70.05,0,0.42,17.05.2024 00:18:55
0,153.19,817,842,11.42,70.09,0,0.44,17.05.2024 00:18:57
0,149.44,797,842,11.43,70.05,0,0.16,17.05.2024 00:18:59
0,150.94,805,843,11.43,70.09,0,0.27,17.05.2024 00:19:01
0,153.19,817,843,11.43,70.07,0,0.43,17.05.2024 00:19:03
0,151.88,810,842,11.43,70.04,0,0.34,17.05.2024 00:19:05
0,151.50,808,842,11.43,70.10,0,0.31,17.05.2024 00:19:08
0,152.44,813,842,11.43,70.10,0,0.38,17.05.2024 00:19:10
0,149.44,797,842,11.45,70.09,0,0.16,17.05.2024 00:19:12
0,152.06,811,842,11.46,70.10,0,0.34,17.05.2024 00:19:14
0,154.50,824,843,11.42,70.05,0,0.54,17.05.2024 00:19:16
0,153.75,820,842,11.42,70.07,0,0.48,17.05.2024 00:19:18
0,153.19,817,842,11.45,70.07,0,0.43,17.05.2024 00:19:20
0,156.38,834,842,11.45,70.07,0,0.68,17.05.2024 00:19:22
0,154.31,823,842,11.45,70.06,0,0.52,17.05.2024 00:19:25
0,151.13,806,843,11.42,70.05,0,0.28,17.05.2024 00:19:27
0,156.38,834,843,11.40,70.08,0,0.69,17.05.2024 00:19:29
0,153.56,819,843,11.43,70.08,0,0.46,17.05.2024 00:19:31
0,154.69,825,844,11.43,70.07,0,0.55,17.05.2024 00:19:33
0,153.19,817,843,11.42,70.07,0,0.44,17.05.2024 00:19:35
0,151.69,809,843,11.43,70.06,0,0.32,17.05.2024 00:19:37
0,152.63,814,843,11.42,70.09,0,0.39,17.05.2024 00:19:39
0,157.31,839,843,11.43,70.05,0,0.76,17.05.2024 00:19:41
0,155.44,829,843,11.42,70.07,0,0.61,17.05.2024 00:19:44
0,150.94,805,843,11.43,70.10,0,0.27,17.05.2024 00:19:46
0,155.25,828,843,11.43,70.05,0,0.59,17.05.2024 00:19:48
0,153.94,821,843,11.42,70.05,0,0.49,17.05.2024 00:19:50
0,151.31,807,842,11.43,70.07,0,0.29,17.05.2024 00:19:52
0,152.25,812,842,11.43,70.09,0,0.36,17.05.2024 00:19:54
0,153.38,818,842,11.45,70.08,0,0.44,17.05.2024 00:19:56
0,153.56,819,842,11.43,70.09,0,0.46,17.05.2024 00:19:58
0,153.75,820,841,11.43,70.08,0,0.48,17.05.2024 00:20:01
0,153.75,820,841,11.43,70.09,0,0.48,17.05.2024 00:20:03
0,154.31,823,842,11.40,70.09,0,0.52,17.05.2024 00:20:05
0,157.69,841,841,11.42,70.07,0,0.79,17.05.2024 00:20:07
0,155.44,829,842,11.42,70.05,0,0.61,17.05.2024 00:20:09
0,156.75,836,842,11.42,70.07,0,0.71,17.05.2024 00:20:11
0,153.75,820,842,11.42,70.07,0,0.48,17.05.2024 00:20:13
0,152.81,815,842,11.40,70.06,0,0.41,17.05.2024 00:20:15
0,154.88,826,842,11.40,70.08,0,0.57,17.05.2024 00:20:18
0,156.00,832,842,11.40,70.08,0,0.66,17.05.2024 00:20:20
0,153.19,817,842,11.42,70.07,0,0.44,17.05.2024 00:20:22
0,153.56,819,842,11.43,70.05,0,0.46,17.05.2024 00:20:24
0,154.88,826,842,11.40,70.08,0,0.57,17.05.2024 00:20:26
0,155.63,830,842,11.43,70.05,0,0.62,17.05.2024 00:20:28
0,157.31,839,843,11.42,70.07,0,0.76,17.05.2024 00:20:30
0,155.81,831,843,11.42,70.07,0,0.64,17.05.2024 00:20:32
0,154.31,823,843,11.42,70.05,0,0.52,17.05.2024 00:20:34
0,155.25,828,842,11.42,70.09,0,0.59,17.05.2024 00:20:37
0,152.81,815,843,11.42,70.07,0,0.41,17.05.2024 00:20:39
0,152.44,813,843,11.42,70.05,0,0.38,17.05.2024 00:20:41
0,152.81,815,843,11.40,70.06,0,0.41,17.05.2024 00:20:43
0,152.25,812,843,11.43,70.07,0,0.36,17.05.2024 00:20:45
0,156.00,832,843,11.40,70.08,0,0.66,17.05.2024 00:20:47
0,156.56,835,843,11.40,70.07,0,0.70,17.05.2024 00:20:49
0,148.31,791,843,11.43,70.09,0,0.08,17.05.2024 00:20:51
0,153.38,818,843,11.43,70.04,0,0.45,17.05.2024 00:20:54
0,154.13,822,844,11.43,70.06,0,0.51,17.05.2024 00:20:56
0,154.69,825,844,11.40,70.06,0,0.55,17.05.2024 00:20:58
0,154.88,826,844,11.42,70.09,0,0.56,17.05.2024 00:21:00
0,155.44,829,844,11.45,70.04,0,0.61,17.05.2024 00:21:02
0,154.50,824,844,11.40,70.05,0,0.54,17.05.2024 00:21:06
0,154.13,822,844,11.45,70.07,0,0.50,17.05.2024 00:21:08
0,151.13,806,844,11.40,70.04,0,0.29,17.05.2024 00:21:10
0,151.69,809,844,11.40,70.04,0,0.33,17.05.2024 00:21:13
0,148.13,790,844,11.42,70.10,0,0.07,17.05.2024 00:21:15
0,153.56,819,843,11.42,70.07,0,0.46,17.05.2024 00:21:17
0,151.88,810,843,11.42,70.05,0,0.34,17.05.2024 00:21:19
0,153.38,818,843,11.40,70.04,0,0.45,17.05.2024 00:21:21
0,152.25,812,842,11.42,70.09,0,0.36,17.05.2024 00:21:23
0,151.50,808,842,11.42,70.05,0,0.31,17.05.2024 00:21:25
0,152.06,811,842,11.43,70.08,0,0.35,17.05.2024 00:21:27
0,151.88,810,842,11.40,70.08,0,0.34,17.05.2024 00:21:30
0,153.94,821,842,11.39,70.07,0,0.50,17.05.2024 00:21:32
0,150.94,805,842,11.40,70.09,0,0.27,17.05.2024 00:21:34
0,150.19,801,842,11.42,70.11,0,0.21,17.05.2024 00:21:36
0,153.00,816,842,11.42,70.05,0,0.42,17.05.2024 00:21:38
0,154.13,822,842,11.42,70.05,0,0.51,17.05.2024 00:21:40
0,154.31,823,842,11.40,70.06,0,0.52,17.05.2024 00:21:42
0,156.38,834,842,11.40,70.07,0,0.69,17.05.2024 00:21:44
0,153.56,819,842,11.40,70.06,0,0.47,17.05.2024 00:21:47
0,156.38,834,842,11.40,70.07,0,0.69,17.05.2024 00:21:49
0,151.88,810,842,11.40,70.08,0,0.34,17.05.2024 00:21:51
0,151.31,807,842,11.42,70.11,0,0.29,17.05.2024 00:21:53
0,155.63,830,842,11.40,70.06,0,0.63,17.05.2024 00:21:55
0,157.13,838,841,11.40,70.06,0,0.75,17.05.2024 00:21:57
0,157.50,840,842,11.40,70.10,0,0.78,17.05.2024 00:21:59
0,154.88,826,842,11.40,70.06,0,0.57,17.05.2024 00:22:01
0,156.75,836,842,11.38,70.08,0,0.72,17.05.2024 00:22:04
0,157.88,842,842,11.42,70.09,0,0.80,17.05.2024 00:22:06
0,155.81,831,843,11.42,70.11,0,0.64,17.05.2024 00:22:08
0,153.00,816,843,11.40,70.03,0,0.43,17.05.2024 00:22:10
0,154.50,824,843,11.39,70.07,0,0.54,17.05.2024 00:22:12
0,154.88,826,843,11.38,70.11,0,0.57,17.05.2024 00:22:14
0,150.56,803,842,11.39,70.07,0,0.25,17.05.2024 00:22:16
0,153.94,821,843,11.42,70.07,0,0.49,17.05.2024 00:22:18
0,152.81,815,842,11.42,70.05,0,0.41,17.05.2024 00:22:21
0,154.13,822,843,11.42,70.07,0,0.51,17.05.2024 00:22:23
0,152.63,814,843,11.42,70.09,0,0.39,17.05.2024 00:22:25
0,155.25,828,843,11.39,70.07,0,0.60,17.05.2024 00:22:27
0,156.75,836,843,11.40,70.06,0,0.72,17.05.2024 00:22:29
0,159.38,850,843,11.40,70.07,0,0.93,17.05.2024 00:22:31
0,154.69,825,843,11.42,70.07,0,0.55,17.05.2024 00:22:33
0,154.69,825,843,11.40,70.09,0,0.55,17.05.2024 00:22:35
0,154.50,824,843,11.42,70.07,0,0.54,17.05.2024 00:22:37
0,154.88,826,843,11.39,70.06,0,0.57,17.05.2024 00:22:40
0,153.38,818,842,11.43,70.08,0,0.45,17.05.2024 00:22:42
0,153.94,821,842,11.42,70.07,0,0.49,17.05.2024 00:22:44
0,155.81,831,842,11.40,70.05,0,0.64,17.05.2024 00:22:46
0,151.69,809,842,11.40,70.08,0,0.33,17.05.2024 00:22:48
0,154.13,822,842,11.39,70.08,0,0.51,17.05.2024 00:22:50
0,151.50,808,841,11.39,70.09,0,0.31,17.05.2024 00:22:52
0,154.31,823,841,11.39,70.09,0,0.53,17.05.2024 00:22:54
0,154.69,825,842,11.40,70.10,0,0.55,17.05.2024 00:22:57
0,157.31,839,842,11.40,70.07,0,0.76,17.05.2024 00:22:59
0,152.44,813,842,11.40,70.05,0,0.38,17.05.2024 00:23:01
0,152.25,812,842,11.40,70.08,0,0.37,17.05.2024 00:23:03
0,155.63,830,841,11.39,70.06,0,0.63,17.05.2024 00:23:05
0,157.50,840,841,11.42,70.07,0,0.77,17.05.2024 00:23:07
0,155.81,831,841,11.42,70.07,0,0.64,17.05.2024 00:23:09
0,153.56,819,841,11.43,70.06,0,0.46,17.05.2024 00:23:11
0,155.25,828,841,11.39,70.10,0,0.60,17.05.2024 00:23:14
0,152.44,813,840,11.40,70.06,0,0.38,17.05.2024 00:23:16
0,153.75,820,841,11.42,70.07,0,0.48,17.05.2024 00:23:18
0,155.81,831,841,11.42,70.09,0,0.64,17.05.2024 00:23:20
0,150.94,805,841,11.39,70.09,0,0.27,17.05.2024 00:23:22
0,156.00,832,840,11.42,70.05,0,0.65,17.05.2024 00:23:24
0,154.13,822,840,11.40,70.09,0,0.51,17.05.2024 00:23:28
0,154.31,823,840,11.42,70.05,0,0.52,17.05.2024 00:23:30
0,150.00,800,841,11.40,70.08,0,0.20,17.05.2024 00:23:33
0,153.56,819,841,11.40,70.08,0,0.47,17.05.2024 00:23:35
0,151.31,807,840,11.42,70.07,0,0.30,17.05.2024 00:23:37
0,150.00,800,840,11.42,70.07,0,0.20,17.05.2024 00:23:39
0,152.06,811,840,11.40,70.06,0,0.35,17.05.2024 00:23:41
0,152.44,813,840,11.40,70.05,0,0.38,17.05.2024 00:23:43
0,153.38,818,840,11.42,70.04,0,0.45,17.05.2024 00:23:45
0,152.63,814,840,11.39,70.08,0,0.40,17.05.2024 00:23:47
0,153.94,821,840,11.40,70.05,0,0.50,17.05.2024 00:23:50
0,155.06,827,840,11.39,70.05,0,0.59,17.05.2024 00:23:52
0,149.63,798,840,11.42,70.10,0,0.17,17.05.2024 00:23:54
0,151.88,810,840,11.39,70.08,0,0.34,17.05.2024 00:23:56
0,153.38,818,839,11.38,70.07,0,0.46,17.05.2024 00:23:58
0,157.13,838,839,11.39,70.08,0,0.75,17.05.2024 00:24:00
0,153.38,818,838,11.39,70.10,0,0.45,17.05.2024 00:24:02
0,154.13,822,838,11.39,70.08,0,0.51,17.05.2024 00:24:04
0,156.00,832,839,11.39,70.09,0,0.66,17.05.2024 00:24:07
0,155.06,827,838,11.40,70.10,0,0.58,17.05.2024 00:24:09
0,154.69,825,838,11.39,70.09,0,0.56,17.05.2024 00:24:11
0,153.19,817,838,11.38,70.05,0,0.44,17.05.2024 00:24:13
0,153.00,816,838,11.39,70.05,0,0.43,17.05.2024 00:24:15
0,154.13,822,838,11.39,70.07,0,0.51,17.05.2024 00:24:17
0,154.88,826,838,11.39,70.06,0,0.57,17.05.2024 00:24:19
0,158.63,846,838,11.40,70.09,0,0.87,17.05.2024 00:24:21
0,154.13,822,838,11.40,70.07,0,0.51,17.05.2024 00:24:23
0,156.75,836,839,11.40,70.08,0,0.72,17.05.2024 00:24:26
0,153.38,818,839,11.40,70.08,0,0.45,17.05.2024 00:24:28
0,152.81,815,840,11.40,70.08,0,0.41,17.05.2024 00:24:30
0,156.00,832,840,11.40,70.09,0,0.66,17.05.2024 00:24:32
0,156.75,836,841,11.39,70.07,0,0.72,17.05.2024 00:24:34
0,155.44,829,840,11.40,70.07,0,0.61,17.05.2024 00:24:36
0,153.56,819,841,11.39,70.08,0,0.47,17.05.2024 00:24:38
0,156.38,834,840,11.40,70.07,0,0.69,17.05.2024 00:24:40
0,153.00,816,840,11.39,70.10,0,0.43,17.05.2024 00:24:43
0,155.06,827,840,11.39,70.06,0,0.59,17.05.2024 00:24:45
0,155.44,829,840,11.42,70.12,0,0.61,17.05.2024 00:24:47
0,153.75,820,840,11.39,70.10,0,0.48,17.05.2024 00:24:49
0,153.75,820,840,11.39,70.05,0,0.48,17.05.2024 00:24:51
0,151.50,808,840,11.39,70.07,0,0.32,17.05.2024 00:24:53
0,153.75,820,840,11.36,70.08,0,0.49,17.05.2024 00:24:55
0,151.88,810,839,11.39,70.10,0,0.34,17.05.2024 00:24:57
0,153.19,817,840,11.39,70.08,0,0.44,17.05.2024 00:25:00
0,153.94,821,839,11.39,70.07,0,0.50,17.05.2024 00:25:02
0,157.31,839,839,11.39,70.06,0,0.76,17.05.2024 00:25:04
0,153.00,816,839,11.40,70.09,0,0.42,17.05.2024 00:25:06
0,153.94,821,839,11.40,70.08,0,0.50,17.05.2024 00:25:08
0,153.38,818,839,11.39,70.06,0,0.46,17.05.2024 00:25:10
0,153.00,816,838,11.39,70.08,0,0.43,17.05.2024 00:25:12
0,154.31,823,839,11.39,70.07,0,0.53,17.05.2024 00:25:14
0,153.56,819,839,11.39,70.07,0,0.47,17.05.2024 00:25:17
0,153.56,819,838,11.40,70.09,0,0.47,17.05.2024 00:25:19
0,152.81,815,838,11.39,70.06,0,0.41,17.05.2024 00:25:21
0,155.25,828,838,11.38,70.09,0,0.60,17.05.2024 00:25:23
0,151.88,810,838,11.39,70.10,0,0.34,17.05.2024 00:25:25
0,152.06,811,838,11.38,70.07,0,0.36,17.05.2024 00:25:27
0,151.31,807,838,11.40,70.08,0,0.30,17.05.2024 00:25:29
0,155.44,829,838,11.36,70.07,0,0.62,17.05.2024 00:25:31
0,155.44,829,838,11.39,70.09,0,0.61,17.05.2024 00:25:34
0,156.00,832,838,11.39,70.08,0,0.66,17.05.2024 00:25:36
0,151.69,809,839,11.38,70.08,0,0.33,17.05.2024 00:25:38
0,153.75,820,838,11.39,70.11,0,0.48,17.05.2024 00:25:40
0,154.13,822,838,11.40,70.12,0,0.51,17.05.2024 00:25:42
0,153.94,821,838,11.39,70.10,0,0.50,17.05.2024 00:25:44
0,152.44,813,839,11.39,70.07,0,0.38,17.05.2024 00:25:48
0,153.00,816,839,11.39,70.10,0,0.43,17.05.2024 00:25:50
0,153.75,820,838,11.39,70.10,0,0.48,17.05.2024 00:25:53
0,155.25,828,839,11.39,70.09,0,0.60,17.05.2024 00:25:55
0,151.50,808,838,11.39,70.10,0,0.31,17.05.2024 00:25:57
0,151.69,809,837,11.40,70.09,0,0.33,17.05.2024 00:25:59
0,150.00,800,837,11.36,70.09,0,0.21,17.05.2024 00:26:01
0,149.81,799,837,11.39,70.10,0,0.19,17.05.2024 00:26:03
0,152.25,812,837,11.38,70.10,0,0.37,17.05.2024 00:26:05
0,151.88,810,838,11.40,70.07,0,0.34,17.05.2024 00:26:07
0,154.13,822,837,11.38,70.07,0,0.52,17.05.2024 00:26:09
0,150.19,801,837,11.40,70.07,0,0.22,17.05.2024 00:26:12
0,154.31,823,837,11.39,70.10,0,0.53,17.05.2024 00:26:14
0,152.81,815,837,11.39,70.09,0,0.41,17.05.2024 00:26:16
0,149.25,796,836,11.39,70.09,0,0.15,17.05.2024 00:26:18
0,155.63,830,837,11.38,70.09,0,0.63,17.05.2024 00:26:20
0,154.88,826,838,11.39,70.10,0,0.57,17.05.2024 00:26:22
0,156.19,833,837,11.38,70.10,0,0.68,17.05.2024 00:26:24
0,156.75,836,837,11.38,70.08,0,0.72,17.05.2024 00:26:26
0,158.06,843,837,11.38,70.11,0,0.83,17.05.2024 00:26:29
0,153.56,819,837,11.39,70.12,0,0.47,17.05.2024 00:26:31
0,155.44,829,837,11.39,70.09,0,0.61,17.05.2024 00:26:33
0,157.88,842,837,11.38,70.09,0,0.81,17.05.2024 00:26:35
0,155.25,828,837,11.38,70.11,0,0.60,17.05.2024 00:26:37
0,155.25,828,837,11.39,70.10,0,0.60,17.05.2024 00:26:39
0,151.13,806,838,11.39,70.10,0,0.29,17.05.2024 00:26:41
0,153.38,818,838,11.38,70.09,0,0.46,17.05.2024 00:26:43
0,153.19,817,838,11.39,70.09,0,0.44,17.05.2024 00:26:46
0,159.75,852,839,11.38,70.13,0,0.97,17.05.2024 00:26:48
0,156.00,832,838,11.40,70.11,0,0.65,17.05.2024 00:26:50
0,156.19,833,838,11.39,70.10,0,0.67,17.05.2024 00:26:52
0,154.69,825,838,11.39,70.08,0,0.56,17.05.2024 00:26:54
0,155.63,830,838,11.39,70.11,0,0.63,17.05.2024 00:26:56
0,152.44,813,838,11.36,70.10,0,0.39,17.05.2024 00:26:58
0,152.81,815,837,11.38,70.09,0,0.41,17.05.2024 00:27:00
0,158.06,843,837,11.42,70.10,0,0.82,17.05.2024 00:27:03
0,153.56,819,837,11.38,70.10,0,0.47,17.05.2024 00:27:05
0,152.81,815,837,11.38,70.08,0,0.41,17.05.2024 00:27:07
0,154.69,825,837,11.39,70.10,0,0.56,17.05.2024 00:27:09
0,154.88,826,837,11.38,70.09,0,0.57,17.05.2024 00:27:11
0,157.69,841,837,11.36,70.09,0,0.80,17.05.2024 00:27:13
0,156.75,836,837,11.38,70.07,0,0.72,17.05.2024 00:27:15
0,154.88,826,837,11.38,70.10,0,0.57,17.05.2024 00:27:17
0,155.63,830,837,11.39,70.11,0,0.63,17.05.2024 00:27:20
0,155.81,831,837,11.38,70.09,0,0.65,17.05.2024 00:27:22
0,152.44,813,836,11.38,70.09,0,0.39,17.05.2024 00:27:24
0,152.63,814,836,11.38,70.11,0,0.40,17.05.2024 00:27:26
0,155.06,827,837,11.38,70.09,0,0.59,17.05.2024 00:27:28
0,154.88,826,836,11.39,70.11,0,0.57,17.05.2024 00:27:30
0,154.13,822,837,11.36,70.10,0,0.52,17.05.2024 00:27:32
0,154.13,822,836,11.36,70.11,0,0.52,17.05.2024 00:27:34
0,155.81,831,837,11.36,70.09,0,0.65,17.05.2024 00:27:36
0,152.44,813,837,11.39,70.10,0,0.38,17.05.2024 00:27:39
0,157.31,839,837,11.39,70.10,0,0.76,17.05.2024 00:27:41
0,151.88,810,837,11.36,70.08,0,0.35,17.05.2024 00:27:43
0,154.13,822,837,11.38,70.09,0,0.51,17.05.2024 00:27:45
0,158.06,843,838,11.35,70.10,0,0.83,17.05.2024 00:27:47
0,155.06,827,837,11.36,70.10,0,0.59,17.05.2024 00:27:49
0,152.81,815,838,11.38,70.09,0,0.41,17.05.2024 00:27:51
0,151.13,806,838,11.39,70.10,0,0.29,17.05.2024 00:27:53
0,153.75,820,838,11.36,70.06,0,0.49,17.05.2024 00:27:56
0,150.38,802,838,11.39,70.10,0,0.23,17.05.2024 00:27:58
0,155.63,830,838,11.36,70.09,0,0.63,17.05.2024 00:28:00
0,153.94,821,838,11.38,70.09,0,0.50,17.05.2024 00:28:02
0,153.00,816,838,11.39,70.09,0,0.43,17.05.2024 00:28:06
0,154.88,826,838,11.38,70.09,0,0.57,17.05.2024 00:28:08
0,152.44,813,838,11.36,70.08,0,0.39,17.05.2024 00:28:10
0,144.19,769,838,11.36,70.12,0,-0.19,17.05.2024 00:28:12
0,154.31,823,837,11.39,70.08,0,0.53,17.05.2024 00:28:15
0,156.94,837,838,11.39,70.10,0,0.73,17.05.2024 00:28:17
0,148.31,791,838,11.36,70.08,0,0.09,17.05.2024 00:28:19
0,156.38,834,838,11.38,70.10,0,0.69,17.05.2024 00:28:21
0,151.13,806,838,11.38,70.12,0,0.29,17.05.2024 00:28:23
0,149.63,798,837,11.38,70.10,0,0.18,17.05.2024 00:28:25
0,151.31,807,838,11.38,70.10,0,0.30,17.05.2024 00:28:27
0,152.25,812,838,11.39,70.12,0,0.37,17.05.2024 00:28:29
0,151.31,807,838,11.38,70.09,0,0.30,17.05.2024 00:28:32
0,152.44,813,838,11.39,70.09,0,0.38,17.05.2024 00:28:34
0,153.19,817,838,11.38,70.10,0,0.44,17.05.2024 00:28:36
0,159.00,848,838,11.38,70.09,0,0.90,17.05.2024 00:28:38
0,152.44,813,838,11.38,70.09,0,0.39,17.05.2024 00:28:40
0,151.69,809,838,11.36,70.13,0,0.33,17.05.2024 00:28:42
0,153.94,821,837,11.36,70.11,0,0.50,17.05.2024 00:28:44
0,153.75,820,838,11.36,70.07,0,0.49,17.05.2024 00:28:46
0,155.63,830,837,11.38,70.09,0,0.63,17.05.2024 00:28:49
0,154.88,826,838,11.38,70.09,0,0.57,17.05.2024 00:28:51
0,155.44,829,838,11.35,70.07,0,0.62,17.05.2024 00:28:53
0,156.56,835,837,11.35,70.10,0,0.71,17.05.2024 00:28:55
0,156.00,832,837,11.39,70.14,0,0.66,17.05.2024 00:28:57
0,150.56,803,838,11.36,70.11,0,0.25,17.05.2024 00:28:59
0,153.75,820,838,11.36,70.11,0,0.49,17.05.2024 00:29:01
0,155.81,831,837,11.36,70.08,0,0.65,17.05.2024 00:29:03
0,156.94,837,837,11.36,70.11,0,0.74,17.05.2024 00:29:05
0,153.94,821,837,11.36,70.09,0,0.50,17.05.2024 00:29:08
0,152.06,811,837,11.36,70.11,0,0.36,17.05.2024 00:29:10
0,155.25,828,837,11.38,70.11,0,0.60,17.05.2024 00:29:12
0,154.13,822,837,11.38,70.10,0,0.51,17.05.2024 00:29:14
0,152.81,815,837,11.35,70.07,0,0.42,17.05.2024 00:29:16
0,155.25,828,837,11.36,70.14,0,0.60,17.05.2024 00:29:18
0,154.13,822,837,11.39,70.13,0,0.51,17.05.2024 00:29:20
0,153.19,817,837,11.36,70.08,0,0.45,17.05.2024 00:29:22
0,154.88,826,837,11.39,70.11,0,0.57,17.05.2024 00:29:25
0,149.81,799,837,11.39,70.10,0,0.19,17.05.2024 00:29:27
0,153.38,818,837,11.36,70.10,0,0.46,17.05.2024 00:29:29
0,153.75,820,837,11.36,70.13,0,0.49,17.05.2024 00:29:31
0,151.88,810,837,11.36,70.09,0,0.35,17.05.2024 00:29:33
0,151.50,808,837,11.36,70.11,0,0.32,17.05.2024 00:29:35
0,153.56,819,837,11.36,70.10,0,0.47,17.05.2024 00:29:37
0,154.13,822,836,11.36,70.11,0,0.52,17.05.2024 00:29:39
0,154.88,826,836,11.38,70.13,0,0.57,17.05.2024 00:29:42
0,154.31,823,836,11.36,70.10,0,0.53,17.05.2024 00:29:44
0,154.13,822,836,11.36,70.10,0,0.52,17.05.2024 00:29:46
0,153.00,816,836,11.36,70.10,0,0.43,17.05.2024 00:29:48
0,154.31,823,836,11.36,70.10,0,0.53,17.05.2024 00:29:50
0,154.50,824,835,11.38,70.10,0,0.54,17.05.2024 00:29:52
0,156.75,836,835,11.38,70.12,0,0.72,17.05.2024 00:29:54
0,153.56,819,835,11.38,70.13,0,0.47,17.05.2024 00:29:56
0,149.44,797,835,11.35,70.12,0,0.17,17.05.2024 00:29:59
0,157.31,839,834,11.35,70.08,0,0.77,17.05.2024 00:30:01
0,155.63,830,834,11.35,70.14,0,0.63,17.05.2024 00:30:03
0,157.88,842,834,11.36,70.12,0,0.81,17.05.2024 00:30:05
0,150.75,804,834,11.38,70.11,0,0.26,17.05.2024 00:30:07
0,153.94,821,834,11.36,70.11,0,0.50,17.05.2024 00:30:09
0,152.06,811,834,11.35,70.09,0,0.36,17.05.2024 00:30:11
0,153.19,817,834,11.38,70.11,0,0.44,17.05.2024 00:30:13
0,153.56,819,834,11.38,70.11,0,0.47,17.05.2024 00:30:16
0,152.25,812,834,11.38,70.12,0,0.37,17.05.2024 00:30:18
0,151.50,808,834,11.35,70.09,0,0.32,17.05.2024 00:30:20
0,156.38,834,834,11.36,70.10,0,0.69,17.05.2024 00:30:22
0,155.44,829,834,11.35,70.12,0,0.62,17.05.2024 00:30:24
0,156.00,832,834,11.39,70.10,0,0.66,17.05.2024 00:30:26
0,153.19,817,834,11.36,70.09,0,0.45,17.05.2024 00:30:30
0,153.38,818,834,11.36,70.09,0,0.46,17.05.2024 00:30:32
0,151.50,808,834,11.33,70.13,0,0.32,17.05.2024 00:30:35
0,153.94,821,834,11.36,70.12,0,0.50,17.05.2024 00:30:37
0,153.56,819,834,11.36,70.10,0,0.47,17.05.2024 00:30:39
0,153.38,818,834,11.38,70.10,0,0.46,17.05.2024 00:30:41
0,150.75,804,833,11.38,70.12,0,0.26,17.05.2024 00:30:43
0,151.50,808,833,11.36,70.09,0,0.32,17.05.2024 00:30:45
0,152.81,815,833,11.38,70.12,0,0.41,17.05.2024 00:30:47
0,150.75,804,833,11.33,70.10,0,0.27,17.05.2024 00:30:49
0,152.81,815,832,11.35,70.10,0,0.42,17.05.2024 00:30:51
0,153.94,821,832,11.35,70.10,0,0.50,17.05.2024 00:30:54
0,151.31,807,832,11.38,70.11,0,0.30,17.05.2024 00:30:56
0,150.56,803,832,11.35,70.10,0,0.25,17.05.2024 00:30:58
0,151.50,808,832,11.38,70.11,0,0.32,17.05.2024 00:31:00
0,151.31,807,833,11.35,70.13,0,0.31,17.05.2024 00:31:02
0,154.88,826,832,11.38,70.14,0,0.57,17.05.2024 00:31:04
0,153.19,817,833,11.36,70.12,0,0.44,17.05.2024 00:31:06
0,154.13,822,833,11.36,70.11,0,0.52,17.05.2024 00:31:08
0,154.50,824,833,11.36,70.12,0,0.55,17.05.2024 00:31:11
0,155.06,827,833,11.33,70.10,0,0.59,17.05.2024 00:31:13
0,155.25,828,832,11.35,70.10,0,0.61,17.05.2024 00:31:15
0,152.81,815,832,11.36,70.14,0,0.42,17.05.2024 00:31:17
0,153.94,821,833,11.35,70.13,0,0.50,17.05.2024 00:31:19
0,157.31,839,832,11.36,70.08,0,0.77,17.05.2024 00:31:21
0,155.44,829,832,11.38,70.12,0,0.62,17.05.2024 00:31:23
0,152.25,812,833,11.36,70.14,0,0.37,17.05.2024 00:31:25
0,155.44,829,832,11.35,70.10,0,0.62,17.05.2024 00:31:28
0,152.63,814,832,11.35,70.10,0,0.41,17.05.2024 00:31:30
0,155.06,827,832,11.35,70.09,0,0.59,17.05.2024 00:31:32
0,152.81,815,833,11.36,70.11,0,0.42,17.05.2024 00:31:34
0,151.31,807,833,11.36,70.14,0,0.30,17.05.2024 00:31:36
0,152.25,812,833,11.38,70.11,0,0.37,17.05.2024 00:31:38
0,155.63,830,833,11.35,70.12,0,0.64,17.05.2024 00:31:40
0,155.06,827,832,11.36,70.12,0,0.59,17.05.2024 00:31:42
0,155.25,828,832,11.35,70.13,0,0.61,17.05.2024 00:31:45
0,152.25,812,832,11.35,70.12,0,0.38,17.05.2024 00:31:47
0,155.81,831,832,11.36,70.13,0,0.65,17.05.2024 00:31:49
0,154.88,826,832,11.36,70.13,0,0.57,17.05.2024 00:31:51
0,152.25,812,832,11.36,70.12,0,0.37,17.05.2024 00:31:53
0,154.88,826,832,11.35,70.13,0,0.58,17.05.2024 00:31:55
0,154.50,824,832,11.35,70.13,0,0.55,17.05.2024 00:31:57
0,154.50,824,831,11.33,70.12,0,0.55,17.05.2024 00:31:59
0,153.56,819,831,11.36,70.08,0,0.47,17.05.2024 00:32:02
0,156.38,834,831,11.38,70.13,0,0.69,17.05.2024 00:32:04
0,150.75,804,830,11.35,70.12,0,0.27,17.05.2024 00:32:06
0,153.00,816,831,11.33,70.11,0,0.44,17.05.2024 00:32:08
0,153.56,819,830,11.33,70.11,0,0.48,17.05.2024 00:32:10
0,153.38,818,830,11.36,70.14,0,0.46,17.05.2024 00:32:12
0,157.88,842,830,11.35,70.10,0,0.82,17.05.2024 00:32:14
0,153.94,821,831,11.35,70.13,0,0.50,17.05.2024 00:32:16
0,155.44,829,831,11.35,70.09,0,0.62,17.05.2024 00:32:19
0,156.00,832,830,11.36,70.13,0,0.66,17.05.2024 00:32:21
0,153.94,821,830,11.36,70.10,0,0.50,17.05.2024 00:32:23
0,156.38,834,830,11.33,70.11,0,0.70,17.05.2024 00:32:25
0,156.00,832,831,11.33,70.12,0,0.67,17.05.2024 00:32:27
0,156.38,834,830,11.32,70.09,0,0.70,17.05.2024 00:32:29
0,153.56,819,830,11.35,70.10,0,0.48,17.05.2024 00:32:31
0,154.88,826,830,11.35,70.12,0,0.58,17.05.2024 00:32:33
0,151.13,806,830,11.36,70.11,0,0.29,17.05.2024 00:32:35
0,153.75,820,830,11.35,70.10,0,0.49,17.05.2024 00:32:38
0,153.19,817,830,11.33,70.10,0,0.45,17.05.2024 00:32:40
0,155.06,827,830,11.35,70.10,0,0.59,17.05.2024 00:32:42
0,157.69,841,830,11.38,70.11,0,0.80,17.05.2024 00:32:44
0,155.44,829,831,11.35,70.12,0,0.62,17.05.2024 00:32:46
0,156.19,833,830,11.36,70.11,0,0.68,17.05.2024 00:32:48
0,157.31,839,830,11.38,70.09,0,0.77,17.05.2024 00:32:50
0,153.38,818,830,11.35,70.13,0,0.46,17.05.2024 00:32:54
0,150.19,801,830,11.36,70.11,0,0.22,17.05.2024 00:32:57
0,156.38,834,830,11.33,70.10,0,0.70,17.05.2024 00:32:59
0,153.56,819,830,11.35,70.10,0,0.48,17.05.2024 00:33:01
0,156.00,832,830,11.33,70.10,0,0.67,17.05.2024 00:33:03
0,152.44,813,830,11.33,70.12,0,0.39,17.05.2024 00:33:05
0,149.25,796,831,11.35,70.12,0,0.16,17.05.2024 00:33:07
0,154.88,826,831,11.39,70.11,0,0.57,17.05.2024 00:33:09
0,150.56,803,830,11.33,70.09,0,0.26,17.05.2024 00:33:11
0,152.44,813,830,11.35,70.14,0,0.39,17.05.2024 00:33:14
0,152.81,815,831,11.35,70.10,0,0.42,17.05.2024 00:33:16
0,153.94,821,831,11.33,70.14,0,0.51,17.05.2024 00:33:18
0,147.19,785,831,11.36,70.14,0,0.01,17.05.2024 00:33:20
0,151.50,808,831,11.36,70.11,0,0.32,17.05.2024 00:33:22
0,151.88,810,831,11.35,70.12,0,0.35,17.05.2024 00:33:24
0,147.56,787,831,11.33,70.12,0,0.04,17.05.2024 00:33:26
0,155.25,828,831,11.33,70.10,0,0.61,17.05.2024 00:33:28
0,155.63,830,831,11.35,70.10,0,0.64,17.05.2024 00:33:31
0,150.75,804,831,11.35,70.12,0,0.27,17.05.2024 00:33:33
0,153.19,817,831,11.35,70.14,0,0.45,17.05.2024 00:33:35
0,158.81,847,831,11.33,70.12,0,0.90,17.05.2024 00:33:37
0,154.31,823,831,11.35,70.08,0,0.53,17.05.2024 00:33:39
0,152.44,813,831,11.36,70.13,0,0.39,17.05.2024 00:33:41
0,151.88,810,831,11.35,70.09,0,0.35,17.05.2024 00:33:43
0,156.19,833,832,11.33,70.13,0,0.68,17.05.2024 00:33:45
0,153.56,819,832,11.33,70.14,0,0.48,17.05.2024 00:33:48
0,157.88,842,832,11.33,70.12,0,0.82,17.05.2024 00:33:50
0,152.81,815,831,11.33,70.12,0,0.42,17.05.2024 00:33:52
0,152.44,813,831,11.35,70.10,0,0.39,17.05.2024 00:33:54
0,155.06,827,831,11.35,70.13,0,0.59,17.05.2024 00:33:56
0,153.19,817,830,11.32,70.11,0,0.45,17.05.2024 00:33:58
0,155.81,831,831,11.33,70.12,0,0.65,17.05.2024 00:34:00
0,156.56,835,830,11.32,70.12,0,0.72,17.05.2024 00:34:02
0,152.44,813,830,11.33,70.11,0,0.39,17.05.2024 00:34:04
0,155.81,831,830,11.32,70.11,0,0.66,17.05.2024 00:34:07
0,153.94,821,830,11.33,70.10,0,0.51,17.05.2024 00:34:09
0,156.19,833,830,11.35,70.13,0,0.68,17.05.2024 00:34:11
0,155.25,828,830,11.32,70.12,0,0.61,17.05.2024 00:34:13
0,157.31,839,830,11.36,70.13,0,0.77,17.05.2024 00:34:15
0,155.06,827,830,11.35,70.10,0,0.59,17.05.2024 00:34:17
0,153.00,816,830,11.33,70.11,0,0.44,17.05.2024 00:34:19
0,153.38,818,830,11.33,70.13,0,0.46,17.05.2024 00:34:21
0,156.00,832,829,11.35,70.14,0,0.66,17.05.2024 00:34:24
0,155.44,829,830,11.33,70.11,0,0.62,17.05.2024 00:34:26
0,156.56,835,829,11.35,70.13,0,0.71,17.05.2024 00:34:28
0,156.19,833,829,11.35,70.09,0,0.68,17.05.2024 00:34:30
0,151.69,809,829,11.33,70.11,0,0.34,17.05.2024 00:34:32
0,154.50,824,829,11.35,70.10,0,0.55,17.05.2024 00:34:34
0,156.00,832,829,11.33,70.11,0,0.67,17.05.2024 00:34:36
0,150.19,801,829,11.33,70.13,0,0.23,17.05.2024 00:34:38
0,156.19,833,829,11.33,70.10,0,0.68,17.05.2024 00:34:41
0,155.44,829,829,11.33,70.13,0,0.62,17.05.2024 00:34:43
0,154.13,822,829,11.35,70.12,0,0.52,17.05.2024 00:34:45
0,153.94,821,829,11.32,70.12,0,0.51,17.05.2024 00:34:47
0,155.81,831,829,11.32,70.09,0,0.66,17.05.2024 00:34:49
0,153.56,819,830,11.35,70.12,0,0.48,17.05.2024 00:34:51
0,153.94,821,830,11.35,70.09,0,0.51,17.05.2024 00:34:53
0,152.25,812,830,11.33,70.10,0,0.38,17.05.2024 00:34:55
0,153.75,820,830,11.35,70.14,0,0.49,17.05.2024 00:34:58
0,151.50,808,830,11.32,70.12,0,0.33,17.05.2024 00:35:00
0,153.19,817,830,11.32,70.07,0,0.45,17.05.2024 00:35:02
0,152.25,812,830,11.32,70.09,0,0.38,17.05.2024 00:35:04
0,155.44,829,830,11.33,70.13,0,0.62,17.05.2024 00:35:06
0,158.25,844,830,11.33,70.10,0,0.85,17.05.2024 00:35:08
0,153.19,817,830,11.35,70.09,0,0.45,17.05.2024 00:35:10
0,153.00,816,830,11.36,70.10,0,0.43,17.05.2024 00:35:12
0,151.50,808,830,11.33,70.10,0,0.32,17.05.2024 00:35:15
0,150.94,805,830,11.33,70.09,0,0.28,17.05.2024 00:35:17
0,152.25,812,831,11.32,70.10,0,0.38,17.05.2024 00:35:19
0,153.56,819,831,11.35,70.09,0,0.48,17.05.2024 00:35:23
0,153.38,818,830,11.32,70.10,0,0.47,17.05.2024 00:35:25
0,157.31,839,830,11.33,70.11,0,0.77,17.05.2024 00:35:27
0,150.00,800,831,11.33,70.10,0,0.21,17.05.2024 00:35:29
0,150.38,802,831,11.33,70.10,0,0.24,17.05.2024 00:35:31
0,150.00,800,831,11.33,70.10,0,0.21,17.05.2024 00:35:34
0,150.00,800,831,11.33,70.11,0,0.21,17.05.2024 00:35:36
0,151.50,808,830,11.33,70.10,0,0.32,17.05.2024 00:35:38
0,150.75,804,830,11.32,70.09,0,0.27,17.05.2024 00:35:40
0,152.06,811,830,11.35,70.13,0,0.36,17.05.2024 00:35:42
0,153.00,816,830,11.33,70.12,0,0.44,17.05.2024 00:35:44
0,149.63,798,830,11.33,70.09,0,0.19,17.05.2024 00:35:46
0,152.44,813,829,11.32,70.10,0,0.40,17.05.2024 00:35:48
0,151.88,810,829,11.33,70.10,0,0.35,17.05.2024 00:35:50
0,147.56,787,829,11.33,70.11,0,0.04,17.05.2024 00:35:53
0,152.06,811,830,11.32,70.12,0,0.37,17.05.2024 00:35:55
0,151.50,808,830,11.32,70.11,0,0.33,17.05.2024 00:35:57
0,153.38,818,830,11.33,70.10,0,0.46,17.05.2024 00:35:59
0,154.13,822,830,11.33,70.10,0,0.52,17.05.2024 00:36:01
0,151.69,809,831,11.32,70.10,0,0.34,17.05.2024 00:36:03
0,154.88,826,830,11.35,70.12,0,0.58,17.05.2024 00:36:05
0,153.00,816,831,11.35,70.10,0,0.43,17.05.2024 00:36:07
0,156.75,836,831,11.33,70.10,0,0.73,17.05.2024 00:36:10
0,152.06,811,831,11.33,70.09,0,0.37,17.05.2024 00:36:12
0,156.56,835,831,11.32,70.12,0,0.72,17.05.2024 00:36:14
0,153.00,816,831,11.33,70.10,0,0.44,17.05.2024 00:36:16
0,156.38,834,832,11.33,70.11,0,0.70,17.05.2024 00:36:18
0,155.06,827,831,11.32,70.10,0,0.60,17.05.2024 00:36:20
0,156.56,835,832,11.33,70.10,0,0.71,17.05.2024 00:36:22
0,154.13,822,832,11.32,70.11,0,0.52,17.05.2024 00:36:24
0,154.69,825,832,11.30,70.10,0,0.57,17.05.2024 00:36:27
0,151.31,807,832,11.32,70.12,0,0.31,17.05.2024 00:36:29
0,154.31,823,831,11.32,70.11,0,0.54,17.05.2024 00:36:31
0,152.81,815,831,11.32,70.14,0,0.42,17.05.2024 00:36:33
0,153.38,818,831,11.32,70.11,0,0.47,17.05.2024 00:36:35
0,154.69,825,831,11.30,70.14,0,0.57,17.05.2024 00:36:37
0,153.94,821,831,11.33,70.14,0,0.51,17.05.2024 00:36:39
0,156.94,837,831,11.30,70.11,0,0.75,17.05.2024 00:36:41
0,158.25,844,831,11.32,70.10,0,0.85,17.05.2024 00:36:44
0,156.19,833,830,11.33,70.11,0,0.68,17.05.2024 00:36:46
0,152.06,811,830,11.30,70.10,0,0.37,17.05.2024 00:36:48
0,154.69,825,830,11.30,70.11,0,0.57,17.05.2024 00:36:50
0,156.56,835,830,11.32,70.10,0,0.72,17.05.2024 00:36:52
0,153.38,818,830,11.35,70.10,0,0.46,17.05.2024 00:36:54
0,153.19,817,830,11.33,70.11,0,0.45,17.05.2024 00:36:56
0,153.75,820,830,11.33,70.12,0,0.49,17.05.2024 00:36:58
0,155.25,828,830,11.35,70.10,0,0.61,17.05.2024 00:37:01
0,152.81,815,830,11.33,70.10,0,0.42,17.05.2024 00:37:03
0,153.38,818,830,11.33,70.14,0,0.46,17.05.2024 00:37:05
0,152.81,815,830,11.33,70.09,0,0.42,17.05.2024 00:37:07
0,156.19,833,830,11.32,70.09,0,0.69,17.05.2024 00:37:09
0,153.75,820,830,11.33,70.10,0,0.49,17.05.2024 00:37:11
0,155.44,829,830,11.33,70.10,0,0.62,17.05.2024 00:37:13
0,154.69,825,830,11.32,70.10,0,0.57,17.05.2024 00:37:15
0,154.31,823,830,11.33,70.10,0,0.54,17.05.2024 00:37:18
0,155.25,828,830,11.32,70.07,0,0.61,17.05.2024 00:37:20
0,154.69,825,830,11.32,70.11,0,0.57,17.05.2024 00:37:22
0,152.81,815,829,11.32,70.07,0,0.43,17.05.2024 00:37:24
0,153.38,818,829,11.30,70.11,0,0.47,17.05.2024 00:37:26
0,155.81,831,830,11.32,70.10,0,0.66,17.05.2024 00:37:28
0,151.88,810,830,11.32,70.11,0,0.35,17.05.2024 00:37:30
0,154.50,824,830,11.32,70.09,0,0.55,17.05.2024 00:37:32
0,153.19,817,830,11.30,70.11,0,0.46,17.05.2024 00:37:34
0,153.38,818,830,11.32,70.11,0,0.47,17.05.2024 00:37:37
0,154.69,825,830,11.32,70.10,0,0.57,17.05.2024 00:37:41
0,152.81,815,830,11.32,70.11,0,0.42,17.05.2024 00:37:43
0,153.00,816,830,11.32,70.11,0,0.44,17.05.2024 00:37:45
0,152.25,812,830,11.32,70.07,0,0.38,17.05.2024 00:37:47
0,152.44,813,830,11.32,70.10,0,0.40,17.05.2024 00:37:49
0,150.38,802,829,11.32,70.10,0,0.24,17.05.2024 00:37:51
0,150.38,802,829,11.30,70.08,0,0.25,17.05.2024 00:37:53
0,150.75,804,829,11.33,70.10,0,0.27,17.05.2024 00:37:56
0,149.63,798,829,11.32,70.09,0,0.19,17.05.2024 00:37:58
0,152.06,811,829,11.32,70.12,0,0.37,17.05.2024 00:38:00
0,148.69,793,829,11.32,70.11,0,0.12,17.05.2024 00:38:02
0,157.31,839,828,11.30,70.10,0,0.78,17.05.2024 00:38:04
0,153.56,819,829,11.30,70.08,0,0.49,17.05.2024 00:38:06
0,151.50,808,829,11.33,70.10,0,0.32,17.05.2024 00:38:08
0,153.56,819,829,11.32,70.11,0,0.48,17.05.2024 00:38:10
0,154.50,824,828,11.35,70.10,0,0.55,17.05.2024 00:38:13
0,158.44,845,828,11.30,70.11,0,0.87,17.05.2024 00:38:15
0,156.38,834,828,11.33,70.07,0,0.70,17.05.2024 00:38:17
0,155.06,827,829,11.29,70.10,0,0.60,17.05.2024 00:38:19
0,158.25,844,828,11.32,70.09,0,0.85,17.05.2024 00:38:21
0,156.19,833,829,11.30,70.10,0,0.69,17.05.2024 00:38:23
0,152.06,811,828,11.30,70.15,0,0.37,17.05.2024 00:38:25
0,154.13,822,828,11.30,70.09,0,0.53,17.05.2024 00:38:27
0,154.88,826,828,11.32,70.13,0,0.58,17.05.2024 00:38:30
0,152.63,814,828,11.32,70.09,0,0.41,17.05.2024 00:38:32
0,155.63,830,829,11.32,70.09,0,0.64,17.05.2024 00:38:34
0,156.00,832,829,11.32,70.12,0,0.67,17.05.2024 00:38:36
0,154.50,824,829,11.32,70.12,0,0.55,17.05.2024 00:38:38
0,153.00,816,829,11.30,70.11,0,0.44,17.05.2024 00:38:40
0,155.25,828,830,11.30,70.13,0,0.61,17.05.2024 00:38:42
0,152.63,814,829,11.32,70.12,0,0.41,17.05.2024 00:38:44
0,152.25,812,828,11.30,70.12,0,0.38,17.05.2024 00:38:47
0,152.44,813,828,11.30,70.08,0,0.40,17.05.2024 00:38:49
0,151.31,807,828,11.32,70.11,0,0.31,17.05.2024 00:38:51
0,154.69,825,828,11.32,70.12,0,0.57,17.05.2024 00:38:53
0,155.44,829,828,11.32,70.13,0,0.63,17.05.2024 00:38:55
0,154.13,822,828,11.30,70.14,0,0.53,17.05.2024 00:38:57
0,153.75,820,828,11.32,70.12,0,0.50,17.05.2024 00:38:59
0,152.06,811,828,11.30,70.12,0,0.37,17.05.2024 00:39:01
0,157.31,839,828,11.30,70.11,0,0.78,17.05.2024 00:39:03
0,156.38,834,828,11.32,70.11,0,0.70,17.05.2024 00:39:06
0,155.44,829,828,11.30,70.11,0,0.63,17.05.2024 00:39:08
0,153.75,820,828,11.33,70.14,0,0.49,17.05.2024 00:39:10
0,154.69,825,828,11.32,70.10,0,0.57,17.05.2024 00:39:12
0,151.50,808,829,11.33,70.11,0,0.32,17.05.2024 00:39:14
0,153.00,816,828,11.32,70.14,0,0.44,17.05.2024 00:39:16
0,154.69,825,829,11.32,70.11,0,0.57,17.05.2024 00:39:18
0,155.44,829,829,11.29,70.10,0,0.63,17.05.2024 00:39:20
0,155.25,828,829,11.32,70.12,0,0.61,17.05.2024 00:39:23
0,154.13,822,829,11.33,70.13,0,0.52,17.05.2024 00:39:25
0,153.19,817,829,11.29,70.10,0,0.46,17.05.2024 00:39:27
0,154.31,823,830,11.30,70.08,0,0.54,17.05.2024 00:39:29
0,153.38,818,830,11.32,70.11,0,0.47,17.05.2024 00:39:31
0,153.94,821,829,11.33,70.11,0,0.51,17.05.2024 00:39:33
0,153.56,819,829,11.32,70.11,0,0.48,17.05.2024 00:39:35
0,153.38,818,829,11.32,70.11,0,0.47,17.05.2024 00:39:37
0,157.13,838,829,11.30,70.14,0,0.76,17.05.2024 00:39:40
0,151.69,809,829,11.30,70.09,0,0.34,17.05.2024 00:39:42
0,155.25,828,828,11.30,70.10,0,0.62,17.05.2024 00:39:44
0,152.81,815,828,11.32,70.10,0,0.42,17.05.2024 00:39:46
0,153.56,819,827,11.30,70.09,0,0.48,17.05.2024 00:39:48
0,155.06,827,828,11.29,70.11,0,0.60,17.05.2024 00:39:50
0,153.94,821,827,11.33,70.12,0,0.51,17.05.2024 00:39:52
0,153.94,821,827,11.29,70.10,0,0.52,17.05.2024 00:39:54
0,150.00,800,828,11.32,70.12,0,0.22,17.05.2024 00:39:59
0,153.56,819,828,11.30,70.11,0,0.48,17.05.2024 00:40:01
0,151.88,810,829,11.30,70.11,0,0.36,17.05.2024 00:40:03
0,144.38,770,828,11.29,70.10,0,-0.17,17.05.2024 00:40:05
0,152.44,813,828,11.30,70.11,0,0.40,17.05.2024 00:40:07
0,152.81,815,827,11.32,70.10,0,0.42,17.05.2024 00:40:09
0,153.38,818,828,11.27,70.10,0,0.48,17.05.2024 00:40:11
0,150.94,805,827,11.30,70.08,0,0.29,17.05.2024 00:40:13
0,151.31,807,827,11.30,70.12,0,0.31,17.05.2024 00:40:16
0,150.75,804,827,11.27,70.10,0,0.28,17.05.2024 00:40:18
0,151.69,809,826,11.29,70.11,0,0.34,17.05.2024 00:40:20
0,153.94,821,827,11.30,70.11,0,0.51,17.05.2024 00:40:22
0,144.75,772,827,11.32,70.12,0,-0.15,17.05.2024 00:40:24
0,151.31,807,827,11.32,70.10,0,0.31,17.05.2024 00:40:26
0,155.63,830,828,11.32,70.11,0,0.64,17.05.2024 00:40:28
0,153.94,821,828,11.30,70.13,0,0.51,17.05.2024 00:40:30
0,153.75,820,828,11.30,70.11,0,0.50,17.05.2024 00:40:33
0,155.25,828,827,11.29,70.10,0,0.62,17.05.2024 00:40:35
0,156.38,834,827,11.30,70.10,0,0.70,17.05.2024 00:40:37
0,157.88,842,827,11.29,70.13,0,0.83,17.05.2024 00:40:39
0,157.13,838,827,11.29,70.10,0,0.77,17.05.2024 00:40:41
0,154.31,823,827,11.32,70.11,0,0.54,17.05.2024 00:40:43
0,156.94,837,828,11.32,70.11,0,0.75,17.05.2024 00:40:45
0,152.63,814,828,11.32,70.14,0,0.41,17.05.2024 00:40:47
0,156.00,832,829,11.27,70.11,0,0.68,17.05.2024 00:40:49
0,152.81,815,828,11.30,70.11,0,0.43,17.05.2024 00:40:52
0,152.81,815,829,11.30,70.10,0,0.43,17.05.2024 00:40:54
0,159.94,853,829,11.29,70.14,0,1.00,17.05.2024 00:40:56
0,156.19,833,829,11.30,70.12,0,0.69,17.05.2024 00:40:58
0,154.69,825,830,11.30,70.07,0,0.57,17.05.2024 00:41:00
0,154.31,823,829,11.30,70.09,0,0.54,17.05.2024 00:41:02
0,155.06,827,830,11.27,70.10,0,0.61,17.05.2024 00:41:04
0,154.50,824,830,11.27,70.08,0,0.56,17.05.2024 00:41:06
0,151.69,809,830,11.32,70.14,0,0.34,17.05.2024 00:41:09
0,153.94,821,830,11.30,70.12,0,0.51,17.05.2024 00:41:11
0,153.00,816,830,11.30,70.15,0,0.44,17.05.2024 00:41:13
0,153.94,821,830,11.29,70.11,0,0.52,17.05.2024 00:41:15
0,154.69,825,830,11.30,70.12,0,0.57,17.05.2024 00:41:17
0,154.31,823,831,11.30,70.10,0,0.54,17.05.2024 00:41:19
0,154.31,823,830,11.27,70.11,0,0.55,17.05.2024 00:41:21
0,149.63,798,830,11.32,70.15,0,0.19,17.05.2024 00:41:23
0,153.38,818,831,11.30,70.11,0,0.47,17.05.2024 00:41:26
0,152.25,812,830,11.29,70.10,0,0.39,17.05.2024 00:41:28
0,152.06,811,830,11.30,70.12,0,0.37,17.05.2024 00:41:30
0,151.31,807,830,11.29,70.13,0,0.32,17.05.2024 00:41:32
0,153.38,818,830,11.29,70.10,0,0.47,17.05.2024 00:41:34
0,157.13,838,830,11.32,70.11,0,0.76,17.05.2024 00:41:36
0,157.13,838,830,11.29,70.10,0,0.77,17.05.2024 00:41:38
0,153.56,819,830,11.32,70.12,0,0.48,17.05.2024 00:41:40
0,156.94,837,830,11.30,70.13,0,0.75,17.05.2024 00:41:43
0,156.19,833,831,11.29,70.10,0,0.69,17.05.2024 00:41:45
0,155.06,827,830,11.29,70.11,0,0.60,17.05.2024 00:41:47
0,153.75,820,830,11.30,70.09,0,0.50,17.05.2024 00:41:49
0,155.81,831,830,11.32,70.12,0,0.66,17.05.2024 00:41:51
0,153.38,818,830,11.30,70.10,0,0.47,17.05.2024 00:41:53
0,155.06,827,830,11.30,70.12,0,0.60,17.05.2024 00:41:55
0,154.13,822,831,11.30,70.12,0,0.53,17.05.2024 00:41:57
0,151.50,808,831,11.30,70.13,0,0.33,17.05.2024 00:42:00
0,156.00,832,831,11.29,70.10,0,0.68,17.05.2024 00:42:02
0,156.94,837,830,11.29,70.09,0,0.75,17.05.2024 00:42:04
0,153.56,819,830,11.27,70.10,0,0.49,17.05.2024 00:42:06
0,152.25,812,830,11.32,70.09,0,0.38,17.05.2024 00:42:08
0,155.25,828,831,11.30,70.12,0,0.61,17.05.2024 00:42:10
0,153.38,818,831,11.30,70.13,0,0.47,17.05.2024 00:42:12
0,152.06,811,832,11.29,70.10,0,0.37,17.05.2024 00:42:16
0,153.75,820,833,11.29,70.13,0,0.50,17.05.2024 00:42:19
0,150.38,802,833,11.30,70.10,0,0.25,17.05.2024 00:42:21
0,155.81,831,834,11.29,70.09,0,0.66,17.05.2024 00:42:23
0,148.31,791,833,11.29,70.11,0,0.10,17.05.2024 00:42:25
0,150.56,803,833,11.29,70.10,0,0.26,17.05.2024 00:42:27
0,151.88,810,833,11.32,70.12,0,0.35,17.05.2024 00:42:29
0,152.25,812,834,11.27,70.10,0,0.39,17.05.2024 00:42:31
0,151.13,806,834,11.30,70.08,0,0.30,17.05.2024 00:42:33
0,151.31,807,834,11.29,70.10,0,0.32,17.05.2024 00:42:36
0,147.94,789,834,11.30,70.09,0,0.07,17.05.2024 00:42:38
0,154.88,826,834,11.27,70.10,0,0.59,17.05.2024 00:42:40
0,149.63,798,833,11.27,70.09,0,0.20,17.05.2024 00:42:42
0,151.31,807,833,11.30,70.13,0,0.31,17.05.2024 00:42:44
0,153.38,818,833,11.29,70.10,0,0.47,17.05.2024 00:42:46
0,156.56,835,833,11.30,70.12,0,0.72,17.05.2024 00:42:48
0,153.38,818,833,11.29,70.11,0,0.47,17.05.2024 00:42:50
0,154.69,825,832,11.29,70.10,0,0.57,17.05.2024 00:42:52
0,156.19,833,832,11.27,70.10,0,0.69,17.05.2024 00:42:55
0,156.19,833,832,11.29,70.08,0,0.69,17.05.2024 00:42:57
0,154.50,824,832,11.26,70.10,0,0.56,17.05.2024 00:42:59
0,153.56,819,832,11.30,70.10,0,0.48,17.05.2024 00:43:01
0,155.44,829,832,11.30,70.13,0,0.63,17.05.2024 00:43:03
0,157.31,839,832,11.30,70.15,0,0.78,17.05.2024 00:43:05
0,152.63,814,831,11.29,70.11,0,0.42,17.05.2024 00:43:07
0,153.75,820,831,11.29,70.10,0,0.50,17.05.2024 00:43:09
0,151.69,809,831,11.29,70.10,0,0.35,17.05.2024 00:43:12
0,157.13,838,831,11.27,70.12,0,0.77,17.05.2024 00:43:14
0,158.25,844,831,11.27,70.11,0,0.86,17.05.2024 00:43:16
0,154.13,822,831,11.26,70.07,0,0.54,17.05.2024 00:43:18
0,151.88,810,830,11.27,70.10,0,0.36,17.05.2024 00:43:20
0,157.31,839,831,11.30,70.11,0,0.78,17.05.2024 00:43:22
0,155.63,830,831,11.30,70.11,0,0.64,17.05.2024 00:43:24
0,155.81,831,831,11.27,70.09,0,0.67,17.05.2024 00:43:26
0,151.31,807,830,11.27,70.11,0,0.32,17.05.2024 00:43:29
0,152.44,813,830,11.30,70.15,0,0.40,17.05.2024 00:43:31
0,154.13,822,830,11.27,70.08,0,0.53,17.05.2024 00:43:33
0,152.25,812,830,11.29,70.11,0,0.39,17.05.2024 00:43:35
0,155.06,827,831,11.29,70.10,0,0.60,17.05.2024 00:43:37
0,154.13,822,830,11.29,70.14,0,0.53,17.05.2024 00:43:39
0,155.81,831,830,11.26,70.10,0,0.67,17.05.2024 00:43:41
0,153.38,818,830,11.29,70.08,0,0.47,17.05.2024 00:43:43
0,156.56,835,832,11.27,70.11,0,0.72,17.05.2024 00:43:46
0,153.19,817,832,11.29,70.10,0,0.46,17.05.2024 00:43:48
0,154.31,823,831,11.29,70.11,0,0.54,17.05.2024 00:43:50
0,154.88,826,832,11.30,70.11,0,0.59,17.05.2024 00:43:52
0,154.88,826,832,11.27,70.09,0,0.59,17.05.2024 00:43:54
0,153.38,818,831,11.27,70.09,0,0.48,17.05.2024 00:43:56
0,153.38,818,831,11.29,70.10,0,0.47,17.05.2024 00:43:58
0,152.06,811,831,11.27,70.11,0,0.38,17.05.2024 00:44:00
0,155.06,827,831,11.27,70.12,0,0.60,17.05.2024 00:44:03
0,153.94,821,832,11.29,70.07,0,0.52,17.05.2024 00:44:05
0,151.88,810,832,11.29,70.10,0,0.36,17.05.2024 00:44:07
0,156.00,832,832,11.27,70.10,0,0.68,17.05.2024 00:44:09
0,154.50,824,832,11.29,70.11,0,0.56,17.05.2024 00:44:11
0,153.00,816,832,11.29,70.10,0,0.44,17.05.2024 00:44:13
0,152.44,813,832,11.27,70.11,0,0.40,17.05.2024 00:44:15
0,152.25,812,832,11.29,70.10,0,0.39,17.05.2024 00:44:17
0,154.69,825,832,11.27,70.07,0,0.58,17.05.2024 00:44:19
0,154.31,823,831,11.30,70.11,0,0.54,17.05.2024 00:44:22
0,155.44,829,831,11.29,70.09,0,0.63,17.05.2024 00:44:24
0,150.75,804,831,11.29,70.10,0,0.28,17.05.2024 00:44:26
0,153.19,817,831,11.27,70.09,0,0.46,17.05.2024 00:44:28
0,153.75,820,832,11.29,70.10,0,0.50,17.05.2024 00:44:32
0,153.75,820,832,11.26,70.08,0,0.51,17.05.2024 00:44:34
0,152.81,815,832,11.27,70.09,0,0.43,17.05.2024 00:44:36
0,148.13,790,831,11.27,70.10,0,0.09,17.05.2024 00:44:38
0,150.56,803,831,11.27,70.09,0,0.27,17.05.2024 00:44:41
0,158.44,845,831,11.26,70.08,0,0.88,17.05.2024 00:44:43
0,149.44,797,831,11.27,70.09,0,0.18,17.05.2024 00:44:45
0,152.81,815,831,11.27,70.09,0,0.43,17.05.2024 00:44:47
0,150.19,801,831,11.27,70.09,0,0.24,17.05.2024 00:44:49
0,152.63,814,831,11.27,70.09,0,0.42,17.05.2024 00:44:51
0,160.13,854,831,11.27,70.09,0,1.02,17.05.2024 00:44:53
0,151.31,807,831,11.27,70.09,0,0.32,17.05.2024 00:44:55
0,151.69,809,831,11.29,70.08,0,0.35,17.05.2024 00:44:58
0,151.50,808,831,11.27,70.09,0,0.33,17.05.2024 00:45:00
0,152.25,812,832,11.29,70.10,0,0.39,17.05.2024 00:45:02
0,153.38,818,832,11.29,70.06,0,0.47,17.05.2024 00:45:04
0,155.81,831,832,11.26,70.08,0,0.67,17.05.2024 00:45:06
0,154.13,822,832,11.27,70.11,0,0.53,17.05.2024 00:45:08
0,150.19,801,832,11.29,70.10,0,0.24,17.05.2024 00:45:10
0,155.25,828,833,11.27,70.11,0,0.62,17.05.2024 00:45:12
0,152.81,815,832,11.27,70.11,0,0.43,17.05.2024 00:45:15
0,153.56,819,832,11.30,70.12,0,0.48,17.05.2024 00:45:17
0,154.69,825,832,11.29,70.09,0,0.57,17.05.2024 00:45:19
0,154.50,824,832,11.27,70.08,0,0.56,17.05.2024 00:45:21
0,154.13,822,832,11.27,70.10,0,0.53,17.05.2024 00:45:23
0,155.44,829,832,11.27,70.09,0,0.64,17.05.2024 00:45:25
0,155.81,831,832,11.29,70.08,0,0.66,17.05.2024 00:45:27
0,156.00,832,832,11.29,70.10,0,0.68,17.05.2024 00:45:29
0,154.88,826,832,11.26,70.11,0,0.59,17.05.2024 00:45:32
0,153.38,818,832,11.27,70.09,0,0.48,17.05.2024 00:45:34
0,156.00,832,832,11.26,70.10,0,0.68,17.05.2024 00:45:36
0,154.13,822,833,11.29,70.11,0,0.53,17.05.2024 00:45:38
0,154.13,822,833,11.27,70.09,0,0.53,17.05.2024 00:45:40
0,151.13,806,833,11.25,70.06,0,0.31,17.05.2024 00:45:42
0,151.88,810,833,11.25,70.12,0,0.37,17.05.2024 00:45:44
0,154.69,825,832,11.27,70.12,0,0.58,17.05.2024 00:45:46
0,154.50,824,833,11.26,70.08,0,0.57,17.05.2024 00:45:49
0,154.50,824,833,11.25,70.09,0,0.57,17.05.2024 00:45:51
0,149.25,796,833,11.29,70.07,0,0.17,17.05.2024 00:45:53
0,155.44,829,833,11.27,70.07,0,0.64,17.05.2024 00:45:55
0,157.31,839,833,11.30,70.09,0,0.78,17.05.2024 00:45:57
0,153.94,821,834,11.27,70.09,0,0.52,17.05.2024 00:45:59
0,157.31,839,834,11.25,70.08,0,0.79,17.05.2024 00:46:01
0,157.13,838,833,11.27,70.10,0,0.77,17.05.2024 00:46:03
0,149.06,795,833,11.25,70.09,0,0.16,17.05.2024 00:46:05
0,154.50,824,833,11.29,70.08,0,0.56,17.05.2024 00:46:08
0,156.38,834,833,11.26,70.06,0,0.71,17.05.2024 00:46:10
0,156.94,837,833,11.29,70.08,0,0.75,17.05.2024 00:46:12
0,153.38,818,833,11.27,70.07,0,0.48,17.05.2024 00:46:14
0,156.19,833,833,11.26,70.12,0,0.70,17.05.2024 00:46:16
0,151.88,810,833,11.27,70.10,0,0.36,17.05.2024 00:46:18
0,150.94,805,834,11.27,70.10,0,0.29,17.05.2024 00:46:20
0,155.44,829,834,11.25,70.04,0,0.64,17.05.2024 00:46:22
0,154.50,824,833,11.26,70.15,0,0.56,17.05.2024 00:46:25
0,157.13,838,834,11.26,70.09,0,0.77,17.05.2024 00:46:27
0,152.44,813,834,11.26,70.07,0,0.41,17.05.2024 00:46:29
0,156.56,835,833,11.26,70.10,0,0.73,17.05.2024 00:46:31
0,154.50,824,833,11.26,70.06,0,0.57,17.05.2024 00:46:33
0,155.06,827,833,11.27,70.10,0,0.61,17.05.2024 00:46:35
0,152.44,813,832,11.26,70.07,0,0.41,17.05.2024 00:46:37
0,151.13,806,832,11.26,70.05,0,0.31,17.05.2024 00:46:41
0,151.69,809,832,11.27,70.06,0,0.35,17.05.2024 00:46:44
0,152.81,815,831,11.27,70.12,0,0.43,17.05.2024 00:46:46
0,150.38,802,831,11.29,70.08,0,0.25,17.05.2024 00:46:48
0,153.00,816,831,11.27,70.09,0,0.45,17.05.2024 00:46:50
0,145.88,778,831,11.29,70.09,0,-0.07,17.05.2024 00:46:52
0,152.25,812,831,11.27,70.05,0,0.39,17.05.2024 00:46:54
0,153.75,820,831,11.26,70.06,0,0.51,17.05.2024 00:46:56
0,151.31,807,830,11.26,70.08,0,0.32,17.05.2024 00:46:58
0,153.00,816,830,11.27,70.09,0,0.45,17.05.2024 00:47:01
0,153.56,819,830,11.29,70.09,0,0.49,17.05.2024 00:47:03
0,152.06,811,830,11.26,70.06,0,0.38,17.05.2024 00:47:05
0,152.44,813,830,11.25,70.07,0,0.41,17.05.2024 00:47:07
0,153.38,818,830,11.29,70.08,0,0.47,17.05.2024 00:47:09
0,151.69,809,830,11.25,70.07,0,0.35,17.05.2024 00:47:11
0,152.81,815,830,11.27,70.07,0,0.43,17.05.2024 00:47:13
0,156.56,835,830,11.26,70.07,0,0.73,17.05.2024 00:47:15
0,153.94,821,830,11.26,70.05,0,0.52,17.05.2024 00:47:18
0,152.63,814,830,11.29,70.09,0,0.42,17.05.2024 00:47:20
0,154.88,826,830,11.27,70.09,0,0.59,17.05.2024 00:47:22
0,155.25,828,830,11.27,70.08,0,0.62,17.05.2024 00:47:24
0,153.75,820,830,11.26,70.08,0,0.51,17.05.2024 00:47:26
0,153.75,820,831,11.27,70.05,0,0.51,17.05.2024 00:47:28
0,155.06,827,830,11.26,70.05,0,0.61,17.05.2024 00:47:30
0,156.00,832,830,11.25,70.08,0,0.69,17.05.2024 00:47:32
0,151.69,809,830,11.26,70.07,0,0.35,17.05.2024 00:47:34
0,150.19,801,830,11.25,70.10,0,0.24,17.05.2024 00:47:37
0,154.31,823,830,11.26,70.08,0,0.55,17.05.2024 00:47:39
0,156.56,835,831,11.25,70.07,0,0.73,17.05.2024 00:47:41
0,155.44,829,830,11.27,70.07,0,0.64,17.05.2024 00:47:43
0,152.81,815,830,11.25,70.06,0,0.44,17.05.2024 00:47:45
0,152.81,815,830,11.23,70.10,0,0.44,17.05.2024 00:47:47
0,153.00,816,829,11.25,70.06,0,0.45,17.05.2024 00:47:49
0,153.75,820,829,11.26,70.08,0,0.51,17.05.2024 00:47:51
0,152.63,814,829,11.26,70.06,0,0.42,17.05.2024 00:47:54
0,159.38,850,829,11.26,70.08,0,0.96,17.05.2024 00:47:56
0,155.44,829,830,11.25,70.07,0,0.64,17.05.2024 00:47:58
0,154.50,824,829,11.27,70.09,0,0.56,17.05.2024 00:48:00
0,153.75,820,829,11.26,70.07,0,0.51,17.05.2024 00:48:02
0,156.94,837,829,11.23,70.07,0,0.77,17.05.2024 00:48:04
0,157.50,840,829,11.25,70.07,0,0.81,17.05.2024 00:48:06
0,151.69,809,828,11.26,70.09,0,0.35,17.05.2024 00:48:08
0,154.31,823,828,11.27,70.09,0,0.55,17.05.2024 00:48:11
0,152.25,812,828,11.25,70.05,0,0.40,17.05.2024 00:48:13
0,153.75,820,828,11.25,70.08,0,0.51,17.05.2024 00:48:15
0,154.31,823,829,11.26,70.05,0,0.55,17.05.2024 00:48:17
0,155.44,829,829,11.26,70.05,0,0.64,17.05.2024 00:48:19
0,150.75,804,828,11.25,70.06,0,0.29,17.05.2024 00:48:21
0,155.06,827,828,11.26,70.06,0,0.61,17.05.2024 00:48:23
0,153.75,820,828,11.26,70.07,0,0.51,17.05.2024 00:48:25
0,153.94,821,828,11.22,70.06,0,0.53,17.05.2024 00:48:28
0,155.06,827,829,11.23,70.06,0,0.62,17.05.2024 00:48:30
0,152.06,811,829,11.25,70.07,0,0.38,17.05.2024 00:48:32
0,150.19,801,829,11.23,70.08,0,0.25,17.05.2024 00:48:34
0,152.06,811,829,11.25,70.09,0,0.38,17.05.2024 00:48:36
0,153.56,819,829,11.26,70.05,0,0.49,17.05.2024 00:48:38
0,154.88,826,829,11.25,70.07,0,0.60,17.05.2024 00:48:40
0,151.31,807,828,11.26,70.07,0,0.32,17.05.2024 00:48:42
0,154.31,823,828,11.27,70.07,0,0.55,17.05.2024 00:48:45
0,153.19,817,828,11.26,70.06,0,0.47,17.05.2024 00:48:47
0,153.19,817,828,11.23,70.05,0,0.47,17.05.2024 00:48:49
0,153.38,818,828,11.26,70.05,0,0.48,17.05.2024 00:48:51
0,150.56,803,828,11.26,70.05,0,0.27,17.05.2024 00:48:53
0,153.56,819,827,11.25,70.05,0,0.50,17.05.2024 00:48:57
0,151.88,810,828,11.26,70.06,0,0.37,17.05.2024 00:48:59
0,150.75,804,828,11.27,70.05,0,0.28,17.05.2024 00:49:01
0,152.06,811,827,11.25,70.06,0,0.38,17.05.2024 00:49:04
0,149.25,796,827,11.25,70.06,0,0.18,17.05.2024 00:49:06
0,149.63,798,827,11.23,70.05,0,0.21,17.05.2024 00:49:08
0,153.38,818,827,11.26,70.05,0,0.48,17.05.2024 00:49:10
0,153.38,818,827,11.26,70.05,0,0.48,17.05.2024 00:49:12
0,148.88,794,827,11.25,70.03,0,0.15,17.05.2024 00:49:14
0,149.44,797,827,11.26,70.07,0,0.19,17.05.2024 00:49:16
0,152.25,812,827,11.25,70.06,0,0.40,17.05.2024 00:49:18
0,153.94,821,827,11.26,70.08,0,0.52,17.05.2024 00:49:20
0,147.94,789,827,11.25,70.05,0,0.08,17.05.2024 00:49:23
0,153.94,821,827,11.23,70.04,0,0.53,17.05.2024 00:49:25
0,153.75,820,826,11.26,70.08,0,0.51,17.05.2024 00:49:27
0,156.75,836,826,11.26,70.05,0,0.75,17.05.2024 00:49:29
0,153.56,819,826,11.25,70.04,0,0.50,17.05.2024 00:49:31
0,157.13,838,826,11.25,70.05,0,0.78,17.05.2024 00:49:33
0,155.81,831,826,11.23,70.08,0,0.67,17.05.2024 00:49:35
0,155.44,829,826,11.25,70.07,0,0.64,17.05.2024 00:49:37
0,153.38,818,826,11.25,70.06,0,0.48,17.05.2024 00:49:40
0,150.38,802,826,11.23,70.05,0,0.26,17.05.2024 00:49:42
0,154.50,824,826,11.23,70.08,0,0.57,17.05.2024 00:49:44
0,154.88,826,827,11.25,70.09,0,0.60,17.05.2024 00:49:46
0,153.38,818,826,11.25,70.05,0,0.48,17.05.2024 00:49:48
0,157.69,841,826,11.22,70.07,0,0.83,17.05.2024 00:49:50
0,153.00,816,827,11.23,70.05,0,0.46,17.05.2024 00:49:52
0,153.94,821,827,11.23,70.09,0,0.53,17.05.2024 00:49:54
0,155.81,831,826,11.23,70.07,0,0.67,17.05.2024 00:49:57
0,155.63,830,826,11.25,70.06,0,0.66,17.05.2024 00:49:59
0,157.13,838,826,11.26,70.06,0,0.78,17.05.2024 00:50:01
0,155.81,831,826,11.25,70.06,0,0.67,17.05.2024 00:50:03
0,154.88,826,826,11.25,70.05,0,0.60,17.05.2024 00:50:05
0,152.06,811,827,11.25,70.05,0,0.38,17.05.2024 00:50:07
0,157.13,838,826,11.23,70.03,0,0.78,17.05.2024 00:50:09
0,154.31,823,826,11.25,70.04,0,0.56,17.05.2024 00:50:11
0,154.88,826,826,11.25,70.07,0,0.60,17.05.2024 00:50:14
0,152.63,814,826,11.25,70.04,0,0.43,17.05.2024 00:50:16
0,152.81,815,827,11.25,70.05,0,0.44,17.05.2024 00:50:18
0,154.13,822,827,11.25,70.07,0,0.54,17.05.2024 00:50:20
0,153.75,820,826,11.25,70.08,0,0.51,17.05.2024 00:50:22
0,151.69,809,826,11.23,70.03,0,0.36,17.05.2024 00:50:24
0,153.38,818,826,11.25,70.04,0,0.48,17.05.2024 00:50:26
0,154.88,826,826,11.25,70.04,0,0.60,17.05.2024 00:50:28
0,155.44,829,826,11.22,70.07,0,0.65,17.05.2024 00:50:31
0,155.06,827,826,11.25,70.05,0,0.61,17.05.2024 00:50:33
0,152.44,813,826,11.23,70.08,0,0.41,17.05.2024 00:50:35
0,155.63,830,826,11.23,70.04,0,0.66,17.05.2024 00:50:37
0,151.31,807,826,11.26,70.06,0,0.32,17.05.2024 00:50:39
0,151.50,808,826,11.25,70.06,0,0.34,17.05.2024 00:50:41
0,154.69,825,825,11.25,70.03,0,0.58,17.05.2024 00:50:43
0,156.38,834,825,11.25,70.03,0,0.72,17.05.2024 00:50:45
0,156.00,832,825,11.25,70.04,0,0.69,17.05.2024 00:50:48
0,152.06,811,825,11.22,70.06,0,0.39,17.05.2024 00:50:50
0,152.25,812,825,11.23,70.04,0,0.40,17.05.2024 00:50:52
0,155.81,831,825,11.23,70.07,0,0.67,17.05.2024 00:50:54
0,154.13,822,824,11.23,70.05,0,0.54,17.05.2024 00:50:56
0,155.44,829,824,11.22,70.08,0,0.65,17.05.2024 00:50:58
0,159.00,848,825,11.25,70.06,0,0.93,17.05.2024 00:51:00
0,152.25,812,824,11.23,70.01,0,0.40,17.05.2024 00:51:02
0,154.31,823,824,11.22,70.04,0,0.56,17.05.2024 00:51:04
0,154.13,822,824,11.23,70.01,0,0.54,17.05.2024 00:51:07
0,149.63,798,824,11.22,70.04,0,0.21,17.05.2024 00:51:11
0,151.88,810,824,11.22,70.04,0,0.37,17.05.2024 00:51:13
0,154.50,824,824,11.25,70.05,0,0.57,17.05.2024 00:51:15
0,150.75,804,824,11.23,70.08,0,0.29,17.05.2024 00:51:17
0,150.00,800,824,11.23,70.06,0,0.23,17.05.2024 00:51:19
0,153.00,816,824,11.25,70.04,0,0.45,17.05.2024 00:51:21
0,150.75,804,825,11.25,70.06,0,0.29,17.05.2024 00:51:23
0,151.69,809,825,11.22,70.02,0,0.36,17.05.2024 00:51:26
0,148.69,793,825,11.25,70.06,0,0.14,17.05.2024 00:51:28
0,152.25,812,825,11.22,70.03,0,0.40,17.05.2024 00:51:30
0,150.19,801,826,11.25,70.04,0,0.24,17.05.2024 00:51:32
0,148.69,793,826,11.25,70.02,0,0.14,17.05.2024 00:51:34
0,152.25,812,827,11.25,70.02,0,0.40,17.05.2024 00:51:36
0,150.56,803,827,11.27,70.05,0,0.27,17.05.2024 00:51:38
0,152.81,815,827,11.23,70.04,0,0.44,17.05.2024 00:51:40
0,152.25,812,827,11.23,70.06,0,0.40,17.05.2024 00:51:43
0,155.25,828,827,11.23,70.05,0,0.63,17.05.2024 00:51:45
0,154.50,824,827,11.22,70.02,0,0.58,17.05.2024 00:51:47
0,154.31,823,827,11.22,70.06,0,0.56,17.05.2024 00:51:49
0,153.19,817,827,11.23,70.03,0,0.47,17.05.2024 00:51:51
0,153.38,818,827,11.25,70.06,0,0.48,17.05.2024 00:51:53
0,154.31,823,827,11.22,70.04,0,0.56,17.05.2024 00:51:55
0,154.31,823,826,11.23,70.05,0,0.56,17.05.2024 00:51:57
0,155.06,827,826,11.23,70.03,0,0.62,17.05.2024 00:52:00
0,154.50,824,827,11.23,70.04,0,0.57,17.05.2024 00:52:02
0,157.50,840,827,11.22,70.04,0,0.82,17.05.2024 00:52:04
0,156.19,833,826,11.23,70.06,0,0.71,17.05.2024 00:52:06
0,149.06,795,825,11.23,70.02,0,0.17,17.05.2024 00:52:08
0,157.50,840,825,11.22,70.04,0,0.82,17.05.2024 00:52:10
0,154.13,822,824,11.25,70.05,0,0.54,17.05.2024 00:52:12
0,153.56,819,824,11.25,70.05,0,0.50,17.05.2024 00:52:14
0,156.19,833,824,11.22,70.04,0,0.71,17.05.2024 00:52:17
0,154.50,824,824,11.23,70.02,0,0.57,17.05.2024 00:52:19
0,154.31,823,824,11.23,70.04,0,0.56,17.05.2024 00:52:21
0,152.63,814,824,11.25,70.09,0,0.42,17.05.2024 00:52:23
0,154.88,826,824,11.22,70.04,0,0.60,17.05.2024 00:52:25
0,156.75,836,824,11.23,70.07,0,0.75,17.05.2024 00:52:27
0,156.00,832,823,11.25,70.05,0,0.69,17.05.2024 00:52:29
0,153.75,820,824,11.20,70.02,0,0.52,17.05.2024 00:52:31
0,156.94,837,823,11.25,70.05,0,0.76,17.05.2024 00:52:34
0,155.06,827,823,11.23,70.06,0,0.62,17.05.2024 00:52:36
0,154.13,822,823,11.20,70.05,0,0.55,17.05.2024 00:52:38
0,152.81,815,823,11.22,70.01,0,0.45,17.05.2024 00:52:40
0,154.69,825,822,11.22,70.01,0,0.59,17.05.2024 00:52:42
0,153.38,818,822,11.22,70.05,0,0.49,17.05.2024 00:52:44
0,153.75,820,822,11.23,70.02,0,0.51,17.05.2024 00:52:46
0,156.38,834,821,11.22,70.05,0,0.72,17.05.2024 00:52:48
0,156.38,834,821,11.23,70.05,0,0.72,17.05.2024 00:52:51
0,153.00,816,821,11.23,70.05,0,0.46,17.05.2024 00:52:53
0,150.19,801,821,11.19,70.03,0,0.25,17.05.2024 00:52:55
0,154.31,823,821,11.23,70.05,0,0.56,17.05.2024 00:52:57
0,154.69,825,822,11.23,70.03,0,0.59,17.05.2024 00:52:59
0,152.44,813,822,11.22,70.03,0,0.42,17.05.2024 00:53:01
0,151.50,808,822,11.23,70.03,0,0.34,17.05.2024 00:53:03
0,150.94,805,822,11.23,70.03,0,0.30,17.05.2024 00:53:05
0,152.44,813,822,11.23,70.04,0,0.41,17.05.2024 00:53:07
0,150.00,800,823,11.20,70.03,0,0.24,17.05.2024 00:53:10
0,153.19,817,823,11.20,70.03,0,0.48,17.05.2024 00:53:12
0,153.94,821,823,11.20,70.03,0,0.53,17.05.2024 00:53:14
0,155.63,830,823,11.22,70.04,0,0.66,17.05.2024 00:53:16
0,151.50,808,823,11.22,70.03,0,0.35,17.05.2024 00:53:18
0,153.38,818,823,11.23,70.02,0,0.49,17.05.2024 00:53:20
0,154.31,823,822,11.23,70.02,0,0.56,17.05.2024 00:53:22
0,154.88,826,823,11.22,70.05,0,0.60,17.05.2024 00:53:24
0,156.75,836,823,11.25,70.06,0,0.75,17.05.2024 00:53:27
0,151.69,809,824,11.22,70.02,0,0.36,17.05.2024 00:53:29
0,153.38,818,824,11.22,70.01,0,0.49,17.05.2024 00:53:33
0,149.44,797,823,11.23,70.04,0,0.19,17.05.2024 00:53:35
0,150.38,802,824,11.20,70.05,0,0.27,17.05.2024 00:53:37
0,148.50,792,824,11.22,70.04,0,0.13,17.05.2024 00:53:39
0,151.13,806,824,11.23,70.05,0,0.32,17.05.2024 00:53:41
0,150.94,805,824,11.23,70.01,0,0.30,17.05.2024 00:53:43
0,150.75,804,824,11.22,70.03,0,0.29,17.05.2024 00:53:46
0,152.25,812,824,11.20,70.03,0,0.41,17.05.2024 00:53:48
0,149.81,799,824,11.19,70.02,0,0.23,17.05.2024 00:53:50
0,152.06,811,824,11.20,70.03,0,0.39,17.05.2024 00:53:52
0,149.44,797,825,11.20,70.07,0,0.20,17.05.2024 00:53:54
0,151.50,808,825,11.20,69.98,0,0.35,17.05.2024 00:53:56
0,150.19,801,825,11.22,70.03,0,0.25,17.05.2024 00:53:58
0,151.69,809,826,11.22,70.02,0,0.36,17.05.2024 00:54:00
0,151.50,808,826,11.22,70.03,0,0.35,17.05.2024 00:54:03
0,153.94,821,826,11.20,70.05,0,0.53,17.05.2024 00:54:05
0,151.13,806,826,11.22,70.03,0,0.32,17.05.2024 00:54:07
0,154.50,824,826,11.22,70.02,0,0.58,17.05.2024 00:54:09
0,157.31,839,826,11.20,70.06,0,0.80,17.05.2024 00:54:11
0,153.00,816,826,11.20,70.05,0,0.46,17.05.2024 00:54:13
0,155.44,829,826,11.22,70.04,0,0.65,17.05.2024 00:54:15
0,151.31,807,826,11.20,70.05,0,0.33,17.05.2024 00:54:17
0,152.44,813,827,11.23,70.04,0,0.41,17.05.2024 00:54:20
0,154.88,826,827,11.20,70.05,0,0.61,17.05.2024 00:54:22
0,152.25,812,826,11.19,70.01,0,0.41,17.05.2024 00:54:24
0,156.38,834,827,11.22,70.03,0,0.72,17.05.2024 00:54:26
0,155.25,828,827,11.20,70.05,0,0.64,17.05.2024 00:54:28
0,154.31,823,828,11.20,70.05,0,0.56,17.05.2024 00:54:30
0,153.00,816,828,11.20,70.06,0,0.46,17.05.2024 00:54:32
0,151.31,807,828,11.20,70.06,0,0.33,17.05.2024 00:54:34
0,155.25,828,828,11.19,70.04,0,0.64,17.05.2024 00:54:36
0,153.19,817,828,11.20,70.03,0,0.48,17.05.2024 00:54:39
0,156.56,835,829,11.20,70.03,0,0.74,17.05.2024 00:54:41
0,149.44,797,828,11.20,70.03,0,0.20,17.05.2024 00:54:43
0,155.44,829,828,11.23,70.05,0,0.65,17.05.2024 00:54:45
0,150.75,804,828,11.20,70.05,0,0.29,17.05.2024 00:54:47
0,156.00,832,828,11.22,70.04,0,0.69,17.05.2024 00:54:49
0,157.31,839,829,11.22,70.07,0,0.80,17.05.2024 00:54:51
0,153.19,817,829,11.20,70.06,0,0.48,17.05.2024 00:54:53
0,154.69,825,828,11.22,70.07,0,0.59,17.05.2024 00:54:56
0,153.38,818,829,11.22,70.02,0,0.49,17.05.2024 00:54:58
0,154.69,825,828,11.22,70.04,0,0.59,17.05.2024 00:55:00
0,154.50,824,828,11.19,70.06,0,0.58,17.05.2024 00:55:02
0,151.50,808,828,11.22,70.00,0,0.35,17.05.2024 00:55:04
0,151.50,808,827,11.22,70.06,0,0.35,17.05.2024 00:55:06
0,154.69,825,828,11.19,70.03,0,0.60,17.05.2024 00:55:08
0,155.06,827,827,11.19,70.03,0,0.62,17.05.2024 00:55:10
0,152.44,813,827,11.22,70.04,0,0.42,17.05.2024 00:55:13
0,152.25,812,827,11.19,70.01,0,0.41,17.05.2024 00:55:15
0,156.38,834,827,11.20,70.06,0,0.73,17.05.2024 00:55:17
0,155.81,831,827,11.20,70.05,0,0.68,17.05.2024 00:55:19
0,155.63,830,827,11.19,70.05,0,0.67,17.05.2024 00:55:21
0,152.06,811,827,11.19,70.05,0,0.39,17.05.2024 00:55:23
0,155.44,829,827,11.22,70.03,0,0.65,17.05.2024 00:55:25
0,154.50,824,827,11.22,70.07,0,0.57,17.05.2024 00:55:27
0,150.00,800,827,11.19,70.06,0,0.24,17.05.2024 00:55:30
0,154.88,826,826,11.19,70.03,0,0.61,17.05.2024 00:55:32
0,152.81,815,826,11.19,70.00,0,0.45,17.05.2024 00:55:34
0,155.44,829,826,11.19,70.03,0,0.65,17.05.2024 00:55:36
0,152.06,811,827,11.20,70.03,0,0.39,17.05.2024 00:55:38
0,154.69,825,827,11.20,70.01,0,0.59,17.05.2024 00:55:40
0,154.13,822,826,11.19,70.04,0,0.55,17.05.2024 00:55:42
0,155.81,831,827,11.23,70.06,0,0.68,17.05.2024 00:55:44
0,150.75,804,826,11.22,70.06,0,0.29,17.05.2024 00:55:47
0,151.88,810,827,11.20,70.05,0,0.38,17.05.2024 00:55:49
0,152.44,813,827,11.20,70.05,0,0.42,17.05.2024 00:55:51
0,153.19,817,826,11.19,70.01,0,0.48,17.05.2024 00:55:55
0,148.31,791,827,11.20,70.03,0,0.12,17.05.2024 00:55:57
0,153.75,820,827,11.20,70.03,0,0.52,17.05.2024 00:55:59
0,153.00,816,827,11.19,70.05,0,0.46,17.05.2024 00:56:01
0,152.44,813,828,11.20,70.02,0,0.42,17.05.2024 00:56:03
0,149.63,798,827,11.18,70.04,0,0.22,17.05.2024 00:56:06
0,149.81,799,827,11.23,70.03,0,0.22,17.05.2024 00:56:08
0,150.56,803,826,11.22,70.04,0,0.28,17.05.2024 00:56:10
0,149.06,795,826,11.22,70.07,0,0.17,17.05.2024 00:56:12
0,151.50,808,827,11.20,70.00,0,0.35,17.05.2024 00:56:14
0,149.81,799,827,11.20,70.05,0,0.22,17.05.2024 00:56:16
0,149.44,797,827,11.19,70.02,0,0.20,17.05.2024 00:56:18
0,150.19,801,827,11.22,70.05,0,0.25,17.05.2024 00:56:20
0,148.31,791,827,11.22,70.06,0,0.11,17.05.2024 00:56:22
0,153.38,818,827,11.20,70.05,0,0.49,17.05.2024 00:56:25
0,154.13,822,827,11.20,70.03,0,0.55,17.05.2024 00:56:27
0,155.06,827,827,11.16,70.06,0,0.63,17.05.2024 00:56:29
0,150.56,803,828,11.18,70.08,0,0.28,17.05.2024 00:56:31
0,151.69,809,828,11.20,70.05,0,0.36,17.05.2024 00:56:33
0,152.44,813,828,11.19,70.05,0,0.42,17.05.2024 00:56:35
0,156.56,835,828,11.18,70.03,0,0.75,17.05.2024 00:56:37
0,155.25,828,828,11.19,70.02,0,0.64,17.05.2024 00:56:39
0,154.88,826,828,11.20,70.05,0,0.61,17.05.2024 00:56:42
0,152.81,815,827,11.20,70.05,0,0.45,17.05.2024 00:56:44
0,151.69,809,828,11.18,70.05,0,0.37,17.05.2024 00:56:46
0,155.63,830,828,11.19,70.04,0,0.67,17.05.2024 00:56:48
0,151.88,810,827,11.19,70.07,0,0.38,17.05.2024 00:56:50
0,153.00,816,827,11.19,70.05,0,0.46,17.05.2024 00:56:52
0,154.31,823,828,11.19,70.03,0,0.57,17.05.2024 00:56:54
0,150.19,801,828,11.20,70.05,0,0.25,17.05.2024 00:56:56
0,156.38,834,827,11.19,70.06,0,0.73,17.05.2024 00:56:59
0,150.56,803,827,11.19,70.07,0,0.28,17.05.2024 00:57:01
0,156.38,834,827,11.18,70.07,0,0.73,17.05.2024 00:57:03
0,153.75,820,827,11.19,70.05,0,0.52,17.05.2024 00:57:05
0,152.44,813,827,11.20,70.05,0,0.42,17.05.2024 00:57:07
0,151.13,806,826,11.19,70.05,0,0.32,17.05.2024 00:57:09
0,155.44,829,826,11.18,70.06,0,0.66,17.05.2024 00:57:11
0,150.38,802,826,11.18,70.06,0,0.27,17.05.2024 00:57:13
0,153.75,820,825,11.16,70.04,0,0.53,17.05.2024 00:57:16
0,149.81,799,825,11.19,70.05,0,0.23,17.05.2024 00:57:18
0,152.81,815,825,11.18,70.06,0,0.45,17.05.2024 00:57:20
0,153.19,817,826,11.19,70.05,0,0.48,17.05.2024 00:57:22
0,156.38,834,826,11.19,70.03,0,0.73,17.05.2024 00:57:24
0,152.63,814,826,11.18,70.06,0,0.44,17.05.2024 00:57:26
0,153.19,817,826,11.20,70.05,0,0.48,17.05.2024 00:57:28
0,156.00,832,826,11.16,70.06,0,0.70,17.05.2024 00:57:30
0,150.75,804,826,11.19,70.04,0,0.30,17.05.2024 00:57:33
0,152.44,813,826,11.19,70.07,0,0.42,17.05.2024 00:57:35
0,151.31,807,826,11.19,70.05,0,0.34,17.05.2024 00:57:37
0,154.13,822,826,11.20,70.07,0,0.55,17.05.2024 00:57:39
0,153.19,817,826,11.18,70.06,0,0.48,17.05.2024 00:57:41
0,153.56,819,825,11.19,70.06,0,0.51,17.05.2024 00:57:43
0,153.56,819,825,11.19,70.05,0,0.51,17.05.2024 00:57:45
0,152.44,813,826,11.18,70.08,0,0.42,17.05.2024 00:57:47
0,152.06,811,826,11.19,70.04,0,0.39,17.05.2024 00:57:50
0,152.81,815,826,11.18,70.04,0,0.45,17.05.2024 00:57:52
0,153.56,819,827,11.19,70.07,0,0.51,17.05.2024 00:57:54
0,153.75,820,827,11.20,70.05,0,0.52,17.05.2024 00:57:56
0,156.19,833,827,11.19,70.07,0,0.71,17.05.2024 00:57:58
0,153.38,818,827,11.18,70.06,0,0.49,17.05.2024 00:58:00
0,152.06,811,826,11.18,70.06,0,0.39,17.05.2024 00:58:02
0,153.56,819,827,11.18,70.06,0,0.51,17.05.2024 00:58:04
0,153.94,821,827,11.19,70.06,0,0.54,17.05.2024 00:58:06
0,153.38,818,827,11.19,70.05,0,0.49,17.05.2024 00:58:09
0,151.31,807,828,11.18,70.06,0,0.34,17.05.2024 00:58:11
0,154.13,822,827,11.18,70.07,0,0.55,17.05.2024 00:58:15
0,153.94,821,827,11.16,70.06,0,0.54,17.05.2024 00:58:17
0,152.63,814,827,11.19,70.06,0,0.43,17.05.2024 00:58:19
0,151.69,809,828,11.19,70.07,0,0.36,17.05.2024 00:58:21
0,150.56,803,828,11.20,70.06,0,0.28,17.05.2024 00:58:23
0,150.94,805,828,11.18,70.09,0,0.31,17.05.2024 00:58:25
0,151.50,808,828,11.18,70.08,0,0.35,17.05.2024 00:58:28
0,150.38,802,827,11.20,70.05,0,0.27,17.05.2024 00:58:30
0,153.56,819,828,11.18,70.08,0,0.51,17.05.2024 00:58:32
0,149.44,797,828,11.18,70.08,0,0.20,17.05.2024 00:58:34
0,152.44,813,828,11.19,70.08,0,0.42,17.05.2024 00:58:36
0,149.25,796,828,11.19,70.09,0,0.18,17.05.2024 00:58:38
0,152.81,815,828,11.19,70.09,0,0.45,17.05.2024 00:58:40
0,151.69,809,828,11.19,70.08,0,0.36,17.05.2024 00:58:42
0,150.75,804,828,11.20,70.09,0,0.29,17.05.2024 00:58:45
0,153.38,818,829,11.19,70.06,0,0.49,17.05.2024 00:58:47
0,154.69,825,828,11.19,70.13,0,0.59,17.05.2024 00:58:49
0,155.06,827,828,11.16,70.07,0,0.63,17.05.2024 00:58:51
0,151.13,806,828,11.18,70.07,0,0.32,17.05.2024 00:58:53
0,155.44,829,828,11.16,70.06,0,0.66,17.05.2024 00:58:55
0,154.88,826,827,11.19,70.10,0,0.61,17.05.2024 00:58:57
0,154.88,826,827,11.16,70.10,0,0.61,17.05.2024 00:58:59
0,151.13,806,828,11.18,70.11,0,0.32,17.05.2024 00:59:02
0,153.56,819,828,11.18,70.09,0,0.51,17.05.2024 00:59:04
0,155.06,827,827,11.18,70.11,0,0.62,17.05.2024 00:59:06
0,154.69,825,827,11.19,70.11,0,0.59,17.05.2024 00:59:08
0,152.06,811,827,11.19,70.08,0,0.39,17.05.2024 00:59:10
0,156.00,832,827,11.16,70.09,0,0.70,17.05.2024 00:59:12
0,152.63,814,827,11.18,70.10,0,0.44,17.05.2024 00:59:14
0,152.81,815,827,11.18,70.09,0,0.45,17.05.2024 00:59:16
0,153.75,820,827,11.16,70.10,0,0.52,17.05.2024 00:59:19
0,154.88,826,826,11.18,70.09,0,0.61,17.05.2024 00:59:21
0,152.06,811,826,11.18,70.10,0,0.39,17.05.2024 00:59:23
0,153.56,819,826,11.19,70.07,0,0.51,17.05.2024 00:59:25
0,152.25,812,827,11.19,70.11,0,0.40,17.05.2024 00:59:27
0,155.06,827,827,11.16,70.11,0,0.63,17.05.2024 00:59:29
0,153.19,817,827,11.16,70.11,0,0.48,17.05.2024 00:59:31
0,149.25,796,828,11.18,70.10,0,0.19,17.05.2024 00:59:33
0,154.88,826,828,11.19,70.11,0,0.61,17.05.2024 00:59:36
0,153.19,817,829,11.18,70.11,0,0.48,17.05.2024 00:59:38
0,153.00,816,828,11.19,70.11,0,0.46,17.05.2024 00:59:40
0,154.31,823,828,11.16,70.10,0,0.57,17.05.2024 00:59:42
0,155.63,830,828,11.18,70.12,0,0.67,17.05.2024 00:59:44
0,154.31,823,828,11.18,70.12,0,0.56,17.05.2024 00:59:46
0,154.50,824,828,11.16,70.12,0,0.58,17.05.2024 00:59:48
0,151.88,810,827,11.18,70.13,0,0.38,17.05.2024 00:59:50
0,151.88,810,827,11.15,70.11,0,0.38,17.05.2024 00:59:52
0,154.31,823,826,11.19,70.11,0,0.56,17.05.2024 00:59:55
0,152.44,813,826,11.18,70.09,0,0.42,17.05.2024 00:59:57
0,155.06,827,826,11.18,70.12,0,0.62,17.05.2024 00:59:59
