0,221.06,1179,570,22.62,45.61,0,6.38,16.05.2024 08:00:00
0,217.69,1161,573,22.67,45.56,0,5.88,16.05.2024 08:00:02
0,219.75,1172,572,22.68,45.55,0,6.17,16.05.2024 08:00:04
0,216.94,1157,573,22.68,45.53,0,5.77,16.05.2024 08:00:06
0,221.25,1180,573,22.70,45.48,0,6.39,16.05.2024 08:00:08
0,220.69,1177,574,22.72,45.44,0,6.30,16.05.2024 08:00:10
0,219.19,1169,576,22.74,45.45,0,6.08,16.05.2024 08:00:12
0,217.50,1160,575,22.78,45.43,0,5.82,16.05.2024 08:00:16
0,215.81,1151,576,22.76,45.39,0,5.60,16.05.2024 08:00:19
0,216.38,1154,577,22.81,45.40,0,5.65,16.05.2024 08:00:21
0,216.94,1157,579,22.81,45.38,0,5.73,16.05.2024 08:00:23
0,216.75,1156,579,22.81,45.37,0,5.71,16.05.2024 08:00:25
0,217.88,1162,582,22.82,45.36,0,5.86,16.05.2024 08:00:27
0,214.69,1145,584,22.83,45.29,0,5.43,16.05.2024 08:00:29
0,214.31,1143,586,22.85,45.30,0,5.36,16.05.2024 08:00:31
0,215.44,1149,589,22.88,45.26,0,5.51,16.05.2024 08:00:33
0,214.13,1142,590,22.89,45.25,0,5.33,16.05.2024 08:00:35
0,216.94,1157,591,22.91,45.22,0,5.71,16.05.2024 08:00:38
0,220.31,1175,592,22.92,45.19,0,6.19,16.05.2024 08:00:40
0,217.13,1158,593,22.95,45.22,0,5.71,16.05.2024 08:00:42
0,220.13,1174,595,22.93,45.20,0,6.15,16.05.2024 08:00:44
0,221.06,1179,598,22.96,45.14,0,6.28,16.05.2024 08:00:46
0,218.81,1167,600,22.96,45.13,0,5.96,16.05.2024 08:00:48
0,218.81,1167,602,22.99,45.12,0,5.95,16.05.2024 08:00:50
0,218.63,1166,605,22.99,45.15,0,5.92,16.05.2024 08:00:52
0,219.56,1171,615,23.01,45.15,0,6.04,16.05.2024 08:00:54
0,218.25,1164,623,23.01,45.08,0,5.87,16.05.2024 08:00:57
0,218.25,1164,625,23.03,45.08,0,5.85,16.05.2024 08:00:59
0,219.75,1172,631,23.03,45.07,0,6.07,16.05.2024 08:01:01
0,219.00,1168,624,23.05,45.07,0,5.96,16.05.2024 08:01:03
0,215.81,1151,625,23.03,45.06,0,5.52,16.05.2024 08:01:05
0,217.31,1159,631,23.06,45.06,0,5.71,16.05.2024 08:01:07
0,220.50,1176,628,23.09,45.02,0,6.16,16.05.2024 08:01:09
0,222.19,1185,633,23.09,44.98,0,6.41,16.05.2024 08:01:11
0,218.25,1164,635,23.07,45.01,0,5.85,16.05.2024 08:01:14
0,212.63,1134,641,23.11,44.99,0,5.07,16.05.2024 08:01:16
0,217.50,1160,640,23.13,44.99,0,5.71,16.05.2024 08:01:18
0,215.63,1150,642,23.11,44.92,0,5.48,16.05.2024 08:01:20
0,215.44,1149,642,23.13,44.94,0,5.44,16.05.2024 08:01:22
0,215.25,1148,642,23.13,44.92,0,5.42,16.05.2024 08:01:24
0,219.56,1171,640,23.15,44.90,0,6.01,16.05.2024 08:01:26
0,216.56,1155,641,23.16,44.89,0,5.59,16.05.2024 08:01:28
0,215.81,1151,639,23.15,44.92,0,5.49,16.05.2024 08:01:30
0,217.13,1158,639,23.18,44.87,0,5.66,16.05.2024 08:01:33
0,216.00,1152,639,23.21,44.85,0,5.50,16.05.2024 08:01:35
0,219.94,1173,638,23.21,44.84,0,6.05,16.05.2024 08:01:37
0,219.19,1169,639,23.19,44.82,0,5.95,16.05.2024 08:01:39
0,220.69,1177,638,23.22,44.79,0,6.16,16.05.2024 08:01:41
0,220.88,1178,638,23.21,44.82,0,6.19,16.05.2024 08:01:43
0,219.00,1168,638,23.23,44.78,0,5.91,16.05.2024 08:01:45
0,218.06,1163,637,23.22,44.78,0,5.79,16.05.2024 08:01:47
0,222.00,1184,636,23.25,44.78,0,6.33,16.05.2024 08:01:50
0,220.50,1176,637,23.23,44.78,0,6.12,16.05.2024 08:01:52
0,218.25,1164,637,23.25,44.76,0,5.80,16.05.2024 08:01:54
0,216.56,1155,637,23.25,44.73,0,5.58,16.05.2024 08:01:56
0,217.50,1160,636,23.26,44.74,0,5.69,16.05.2024 08:01:58
0,218.44,1165,635,23.29,44.71,0,5.82,16.05.2024 08:02:00
0,223.31,1191,633,23.27,44.69,0,6.53,16.05.2024 08:02:02
0,222.19,1185,633,23.29,44.71,0,6.35,16.05.2024 08:02:04
0,219.00,1168,633,23.29,44.66,0,5.91,16.05.2024 08:02:06
0,222.94,1189,632,23.30,44.66,0,6.46,16.05.2024 08:02:09
0,219.56,1171,632,23.33,44.67,0,5.96,16.05.2024 08:02:11
0,219.75,1172,631,23.30,44.65,0,6.00,16.05.2024 08:02:13
0,216.56,1155,630,23.32,44.65,0,5.55,16.05.2024 08:02:17
0,221.63,1182,630,23.32,44.64,0,6.27,16.05.2024 08:02:19
0,220.13,1174,629,23.34,44.67,0,6.03,16.05.2024 08:02:21
0,215.44,1149,627,23.34,44.63,0,5.39,16.05.2024 08:02:23
0,213.19,1137,626,23.33,44.60,0,5.10,16.05.2024 08:02:25
0,215.06,1147,626,23.34,44.62,0,5.34,16.05.2024 08:02:28
0,216.56,1155,626,23.37,44.64,0,5.53,16.05.2024 08:02:30
0,214.50,1144,626,23.36,44.62,0,5.26,16.05.2024 08:02:32
0,215.06,1147,625,23.37,44.58,0,5.33,16.05.2024 08:02:34
0,215.06,1147,624,23.37,44.56,0,5.34,16.05.2024 08:02:36
0,215.63,1150,624,23.37,44.56,0,5.41,16.05.2024 08:02:38
0,217.88,1162,624,23.39,44.57,0,5.71,16.05.2024 08:02:40
0,216.56,1155,624,23.39,44.56,0,5.53,16.05.2024 08:02:42
0,221.25,1180,624,23.40,44.50,0,6.20,16.05.2024 08:02:44
0,220.13,1174,624,23.43,44.55,0,6.01,16.05.2024 08:02:47
0,221.25,1180,624,23.40,44.49,0,6.20,16.05.2024 08:02:49
0,221.25,1180,623,23.42,44.54,0,6.18,16.05.2024 08:02:51
0,218.06,1163,623,23.44,44.47,0,5.73,16.05.2024 08:02:53
0,219.75,1172,621,23.43,44.53,0,5.96,16.05.2024 08:02:55
0,219.56,1171,621,23.44,44.45,0,5.94,16.05.2024 08:02:57
0,220.50,1176,621,23.46,44.48,0,6.06,16.05.2024 08:02:59
0,219.94,1173,620,23.46,44.46,0,5.98,16.05.2024 08:03:01
0,219.75,1172,620,23.46,44.46,0,5.96,16.05.2024 08:03:03
0,219.94,1173,620,23.46,44.46,0,5.98,16.05.2024 08:03:06
0,219.38,1170,619,23.44,44.49,0,5.91,16.05.2024 08:03:08
0,223.69,1193,617,23.46,44.39,0,6.54,16.05.2024 08:03:10
0,221.44,1181,617,23.47,44.45,0,6.19,16.05.2024 08:03:12
0,220.69,1177,617,23.46,44.45,0,6.09,16.05.2024 08:03:14
0,220.69,1177,616,23.47,44.45,0,6.09,16.05.2024 08:03:16
0,222.94,1189,615,23.49,44.43,0,6.41,16.05.2024 08:03:18
0,215.44,1149,614,23.50,44.42,0,5.35,16.05.2024 08:03:20
0,220.31,1175,614,23.50,44.41,0,6.03,16.05.2024 08:03:23
0,216.56,1155,614,23.52,44.41,0,5.50,16.05.2024 08:03:25
0,219.38,1170,613,23.50,44.41,0,5.89,16.05.2024 08:03:27
0,223.13,1190,613,23.50,44.36,0,6.44,16.05.2024 08:03:29
0,221.44,1181,613,23.53,44.42,0,6.17,16.05.2024 08:03:31
0,222.19,1185,613,23.50,44.36,0,6.31,16.05.2024 08:03:33
0,222.00,1184,613,23.54,44.35,0,6.26,16.05.2024 08:03:35
0,217.69,1161,613,23.53,44.40,0,5.64,16.05.2024 08:03:37
0,219.94,1173,612,23.54,44.37,0,5.96,16.05.2024 08:03:39
0,219.94,1173,612,23.53,44.36,0,5.97,16.05.2024 08:03:42
0,217.31,1159,613,23.54,44.35,0,5.59,16.05.2024 08:03:44
0,220.31,1175,613,23.56,44.33,0,6.01,16.05.2024 08:03:46
0,218.25,1164,613,23.57,44.31,0,5.72,16.05.2024 08:03:48
0,222.19,1185,612,23.57,44.33,0,6.27,16.05.2024 08:03:50
0,221.63,1182,612,23.56,44.36,0,6.19,16.05.2024 08:03:52
0,218.44,1165,613,23.57,44.35,0,5.74,16.05.2024 08:03:54
0,221.44,1181,613,23.60,44.33,0,6.15,16.05.2024 08:03:56
0,218.06,1163,613,23.58,44.34,0,5.68,16.05.2024 08:03:59
0,221.81,1183,612,23.60,44.31,0,6.20,16.05.2024 08:04:01
0,220.88,1178,612,23.60,44.33,0,6.07,16.05.2024 08:04:03
0,220.50,1176,611,23.60,44.33,0,6.01,16.05.2024 08:04:05
0,219.19,1169,611,23.61,44.31,0,5.82,16.05.2024 08:04:07
0,217.88,1162,611,23.63,44.28,0,5.64,16.05.2024 08:04:09
0,221.44,1181,611,23.61,44.33,0,6.14,16.05.2024 08:04:11
0,222.56,1187,611,23.61,44.31,0,6.30,16.05.2024 08:04:13
0,217.88,1162,611,23.61,44.31,0,5.64,16.05.2024 08:04:15
0,221.44,1181,610,23.63,44.31,0,6.14,16.05.2024 08:04:20
0,218.63,1166,610,23.63,44.29,0,5.74,16.05.2024 08:04:22
0,218.63,1166,611,23.61,44.29,0,5.75,16.05.2024 08:04:24
0,213.00,1136,610,23.63,44.28,0,4.99,16.05.2024 08:04:26
0,217.69,1161,610,23.66,44.26,0,5.60,16.05.2024 08:04:28
0,215.25,1148,609,23.66,44.26,0,5.27,16.05.2024 08:04:30
0,216.75,1156,609,23.67,44.28,0,5.47,16.05.2024 08:04:32
0,220.69,1177,609,23.66,44.24,0,6.03,16.05.2024 08:04:34
0,218.25,1164,608,23.66,44.26,0,5.68,16.05.2024 08:04:36
0,220.88,1178,608,23.66,44.22,0,6.06,16.05.2024 08:04:39
0,217.50,1160,608,23.68,44.24,0,5.57,16.05.2024 08:04:41
0,220.31,1175,607,23.67,44.22,0,5.97,16.05.2024 08:04:43
0,217.88,1162,607,23.67,44.23,0,5.63,16.05.2024 08:04:45
0,221.06,1179,607,23.70,44.24,0,6.06,16.05.2024 08:04:47
0,219.75,1172,607,23.72,44.25,0,5.86,16.05.2024 08:04:49
0,220.13,1174,607,23.70,44.20,0,5.93,16.05.2024 08:04:51
0,221.44,1181,607,23.72,44.19,0,6.11,16.05.2024 08:04:53
0,219.19,1169,607,23.70,44.19,0,5.80,16.05.2024 08:04:56
0,221.06,1179,607,23.72,44.21,0,6.05,16.05.2024 08:04:58
0,217.88,1162,607,23.70,44.20,0,5.62,16.05.2024 08:05:00
0,219.94,1173,607,23.72,44.20,0,5.90,16.05.2024 08:05:02
0,220.13,1174,607,23.70,44.20,0,5.93,16.05.2024 08:05:04
0,223.50,1192,607,23.73,44.21,0,6.40,16.05.2024 08:05:06
0,218.81,1167,607,23.73,44.19,0,5.73,16.05.2024 08:05:08
0,219.56,1171,607,23.76,44.19,0,5.82,16.05.2024 08:05:10
0,220.31,1175,607,23.73,44.18,0,5.95,16.05.2024 08:05:12
0,221.63,1182,606,23.74,44.19,0,6.12,16.05.2024 08:05:15
0,222.94,1189,606,23.76,44.15,0,6.31,16.05.2024 08:05:17
0,223.13,1190,606,23.74,44.13,0,6.35,16.05.2024 08:05:19
0,220.31,1175,606,23.76,44.13,0,5.94,16.05.2024 08:05:21
0,219.00,1168,605,23.77,44.13,0,5.75,16.05.2024 08:05:23
0,220.50,1176,605,23.77,44.15,0,5.96,16.05.2024 08:05:25
0,220.88,1178,605,23.76,44.11,0,6.02,16.05.2024 08:05:27
0,223.50,1192,604,23.77,44.14,0,6.39,16.05.2024 08:05:29
0,221.06,1179,604,23.79,44.15,0,6.03,16.05.2024 08:05:32
0,219.38,1170,604,23.76,44.13,0,5.81,16.05.2024 08:05:34
0,220.13,1174,605,23.80,44.12,0,5.89,16.05.2024 08:05:36
0,222.75,1188,605,23.80,44.09,0,6.27,16.05.2024 08:05:38
0,218.63,1166,605,23.80,44.12,0,5.69,16.05.2024 08:05:40
0,221.81,1183,605,23.80,44.06,0,6.15,16.05.2024 08:05:42
0,225.00,1200,605,23.81,44.11,0,6.59,16.05.2024 08:05:44
0,222.00,1184,605,23.80,44.11,0,6.16,16.05.2024 08:05:46
0,219.38,1170,605,23.83,44.11,0,5.77,16.05.2024 08:05:48
0,222.19,1185,605,23.81,44.11,0,6.18,16.05.2024 08:05:51
0,221.81,1183,605,23.83,44.09,0,6.12,16.05.2024 08:05:53
0,219.94,1173,605,23.85,44.09,0,5.84,16.05.2024 08:05:55
0,223.88,1194,604,23.81,44.08,0,6.43,16.05.2024 08:05:57
0,219.56,1171,604,23.83,44.09,0,5.81,16.05.2024 08:05:59
0,216.19,1153,603,23.85,44.05,0,5.34,16.05.2024 08:06:01
0,218.25,1164,603,23.83,44.05,0,5.63,16.05.2024 08:06:03
0,222.75,1188,603,23.83,44.02,0,6.27,16.05.2024 08:06:05
0,221.44,1181,603,23.87,44.03,0,6.06,16.05.2024 08:06:07
0,221.44,1181,604,23.85,44.04,0,6.06,16.05.2024 08:06:10
0,219.56,1171,604,23.83,44.03,0,5.82,16.05.2024 08:06:12
0,221.25,1180,604,23.85,44.01,0,6.04,16.05.2024 08:06:14
0,219.00,1168,604,23.87,44.00,0,5.72,16.05.2024 08:06:16
0,218.25,1164,604,23.87,44.02,0,5.61,16.05.2024 08:06:18
0,220.69,1177,604,23.88,44.02,0,5.95,16.05.2024 08:06:20
0,218.81,1167,604,23.87,44.00,0,5.70,16.05.2024 08:06:22
0,220.69,1177,603,23.85,44.04,0,5.96,16.05.2024 08:06:24
0,217.69,1161,604,23.87,44.01,0,5.54,16.05.2024 08:06:27
0,217.13,1158,604,23.88,43.99,0,5.46,16.05.2024 08:06:29
0,219.75,1172,603,23.88,43.98,0,5.82,16.05.2024 08:06:31
0,219.19,1169,603,23.88,44.01,0,5.74,16.05.2024 08:06:33
0,220.31,1175,604,23.87,43.96,0,5.91,16.05.2024 08:06:35
0,215.25,1148,603,23.91,43.98,0,5.20,16.05.2024 08:06:37
0,220.50,1176,603,23.91,43.93,0,5.92,16.05.2024 08:06:39
0,219.94,1173,603,23.91,43.98,0,5.83,16.05.2024 08:06:41
0,219.38,1170,603,23.90,43.93,0,5.77,16.05.2024 08:06:43
0,220.13,1174,603,23.91,43.93,0,5.87,16.05.2024 08:06:46
0,219.19,1169,602,23.91,43.91,0,5.74,16.05.2024 08:06:48
0,219.00,1168,602,23.91,43.93,0,5.71,16.05.2024 08:06:52
0,218.81,1167,602,23.93,43.95,0,5.68,16.05.2024 08:06:54
0,221.25,1180,602,23.91,43.93,0,6.03,16.05.2024 08:06:56
0,218.81,1167,602,23.93,43.89,0,5.69,16.05.2024 08:06:58
0,217.13,1158,603,23.94,43.91,0,5.45,16.05.2024 08:07:00
0,218.25,1164,602,23.93,43.88,0,5.61,16.05.2024 08:07:02
0,219.00,1168,603,23.94,43.89,0,5.71,16.05.2024 08:07:05
0,219.94,1173,602,23.94,43.92,0,5.83,16.05.2024 08:07:07
0,217.50,1160,603,23.95,43.88,0,5.50,16.05.2024 08:07:09
0,219.00,1168,603,23.94,43.88,0,5.71,16.05.2024 08:07:11
0,217.50,1160,603,23.95,43.90,0,5.49,16.05.2024 08:07:13
0,214.13,1142,602,23.97,43.91,0,5.04,16.05.2024 08:07:15
0,217.31,1159,602,23.97,43.87,0,5.46,16.05.2024 08:07:17
0,214.50,1144,602,23.94,43.89,0,5.10,16.05.2024 08:07:19
0,213.38,1138,602,23.95,43.87,0,4.95,16.05.2024 08:07:21
0,219.94,1173,603,23.95,43.85,0,5.84,16.05.2024 08:07:24
0,218.44,1165,603,23.95,43.85,0,5.63,16.05.2024 08:07:26
0,218.25,1164,602,23.95,43.85,0,5.61,16.05.2024 08:07:28
0,218.25,1164,603,23.97,43.84,0,5.60,16.05.2024 08:07:30
0,221.25,1180,603,23.98,43.82,0,6.01,16.05.2024 08:07:32
0,220.31,1175,602,23.97,43.85,0,5.88,16.05.2024 08:07:34
0,220.13,1174,602,24.00,43.86,0,5.84,16.05.2024 08:07:36
0,220.88,1178,602,23.95,43.82,0,5.98,16.05.2024 08:07:38
0,219.38,1170,602,24.00,43.79,0,5.75,16.05.2024 08:07:41
0,224.63,1198,602,24.00,43.79,0,6.50,16.05.2024 08:07:43
0,219.19,1169,601,23.95,43.82,0,5.74,16.05.2024 08:07:45
0,220.50,1176,601,24.01,43.84,0,5.89,16.05.2024 08:07:47
0,220.88,1178,601,24.00,43.80,0,5.96,16.05.2024 08:07:49
0,224.25,1196,601,24.00,43.78,0,6.45,16.05.2024 08:07:51
0,222.56,1187,601,24.00,43.79,0,6.20,16.05.2024 08:07:53
0,216.38,1154,601,24.00,43.77,0,5.34,16.05.2024 08:07:55
0,217.31,1159,601,24.00,43.76,0,5.47,16.05.2024 08:07:57
0,218.81,1167,600,24.01,43.80,0,5.66,16.05.2024 08:08:00
0,217.31,1159,600,24.04,43.78,0,5.45,16.05.2024 08:08:02
0,216.19,1153,600,24.01,43.77,0,5.31,16.05.2024 08:08:04
0,219.00,1168,599,24.01,43.78,0,5.69,16.05.2024 08:08:06
0,219.56,1171,600,24.04,43.75,0,5.76,16.05.2024 08:08:08
0,219.19,1169,600,24.01,43.72,0,5.73,16.05.2024 08:08:10
0,215.44,1149,600,24.04,43.75,0,5.20,16.05.2024 08:08:12
0,218.63,1166,600,24.03,43.80,0,5.63,16.05.2024 08:08:14
0,219.56,1171,600,24.05,43.76,0,5.75,16.05.2024 08:08:17
0,217.13,1158,600,24.01,43.77,0,5.44,16.05.2024 08:08:19
0,219.00,1168,600,24.04,43.74,0,5.69,16.05.2024 08:08:21
0,220.69,1177,599,24.04,43.73,0,5.92,16.05.2024 08:08:23
0,220.88,1178,599,24.05,43.71,0,5.94,16.05.2024 08:08:25
0,219.00,1168,599,24.04,43.71,0,5.69,16.05.2024 08:08:27
0,221.25,1180,599,24.05,43.71,0,6.00,16.05.2024 08:08:29
0,219.19,1169,600,24.07,43.68,0,5.71,16.05.2024 08:08:31
0,219.38,1170,600,24.08,43.73,0,5.71,16.05.2024 08:08:33
0,221.06,1179,599,24.07,43.70,0,5.96,16.05.2024 08:08:36
0,218.25,1164,599,24.05,43.68,0,5.59,16.05.2024 08:08:38
0,220.31,1175,599,24.05,43.68,0,5.87,16.05.2024 08:08:40
0,222.38,1186,599,24.09,43.70,0,6.13,16.05.2024 08:08:42
0,220.88,1178,599,24.07,43.71,0,5.94,16.05.2024 08:08:44
0,221.63,1182,599,24.08,43.67,0,6.04,16.05.2024 08:08:46
0,219.38,1170,600,24.07,43.66,0,5.74,16.05.2024 08:08:48
0,218.44,1165,599,24.08,43.65,0,5.60,16.05.2024 08:08:50
0,222.00,1184,600,24.08,43.67,0,6.10,16.05.2024 08:08:53
0,222.94,1189,600,24.09,43.69,0,6.22,16.05.2024 08:08:55
0,221.06,1179,600,24.11,43.68,0,5.95,16.05.2024 08:08:57
0,218.44,1165,600,24.09,43.65,0,5.59,16.05.2024 08:08:59
0,221.25,1180,600,24.11,43.59,0,5.99,16.05.2024 08:09:01
0,213.94,1141,600,24.08,43.63,0,5.01,16.05.2024 08:09:03
0,220.13,1174,599,24.12,43.66,0,5.81,16.05.2024 08:09:05
0,219.00,1168,599,24.09,43.63,0,5.68,16.05.2024 08:09:07
0,217.88,1162,599,24.11,43.63,0,5.52,16.05.2024 08:09:09
0,218.81,1167,599,24.09,43.62,0,5.65,16.05.2024 08:09:12
0,219.38,1170,598,24.14,43.66,0,5.70,16.05.2024 08:09:14
0,216.56,1155,598,24.11,43.62,0,5.34,16.05.2024 08:09:16
0,213.00,1136,598,24.11,43.59,0,4.88,16.05.2024 08:09:18
0,212.06,1131,598,24.11,43.59,0,4.76,16.05.2024 08:09:20
0,214.88,1146,598,24.12,43.62,0,5.11,16.05.2024 08:09:22
0,219.00,1168,598,24.14,43.59,0,5.66,16.05.2024 08:09:24
0,217.50,1160,598,24.11,43.61,0,5.47,16.05.2024 08:09:26
0,216.75,1156,598,24.12,43.60,0,5.36,16.05.2024 08:09:29
0,215.06,1147,599,24.15,43.59,0,5.13,16.05.2024 08:09:31
0,216.38,1154,599,24.14,43.59,0,5.31,16.05.2024 08:09:33
0,218.81,1167,599,24.14,43.59,0,5.64,16.05.2024 08:09:35
0,215.06,1147,598,24.12,43.55,0,5.15,16.05.2024 08:09:37
0,214.88,1146,598,24.14,43.59,0,5.11,16.05.2024 08:09:39
0,216.94,1157,598,24.14,43.53,0,5.39,16.05.2024 08:09:41
0,217.50,1160,598,24.15,43.52,0,5.47,16.05.2024 08:09:43
0,217.69,1161,598,24.15,43.55,0,5.48,16.05.2024 08:09:45
0,219.38,1170,598,24.15,43.58,0,5.71,16.05.2024 08:09:48
0,216.94,1157,598,24.15,43.52,0,5.39,16.05.2024 08:09:52
0,219.56,1171,599,24.15,43.52,0,5.75,16.05.2024 08:09:54
0,214.88,1146,598,24.15,43.54,0,5.11,16.05.2024 08:09:56
0,214.13,1142,598,24.14,43.52,0,5.02,16.05.2024 08:09:58
0,220.88,1178,598,24.15,43.52,0,5.93,16.05.2024 08:10:00
0,213.19,1137,598,24.18,43.57,0,4.87,16.05.2024 08:10:02
0,215.06,1147,598,24.18,43.52,0,5.13,16.05.2024 08:10:04
0,215.06,1147,597,24.17,43.44,0,5.15,16.05.2024 08:10:07
0,216.00,1152,597,24.18,43.52,0,5.25,16.05.2024 08:10:09
0,213.75,1140,597,24.18,43.50,0,4.96,16.05.2024 08:10:11
0,215.81,1151,597,24.18,43.51,0,5.23,16.05.2024 08:10:13
0,216.94,1157,596,24.17,43.48,0,5.39,16.05.2024 08:10:15
0,219.19,1169,597,24.19,43.48,0,5.68,16.05.2024 08:10:17
0,214.31,1143,596,24.17,43.49,0,5.04,16.05.2024 08:10:19
0,214.88,1146,597,24.18,43.49,0,5.11,16.05.2024 08:10:21
0,217.13,1158,596,24.18,43.45,0,5.41,16.05.2024 08:10:23
0,216.94,1157,597,24.21,43.45,0,5.37,16.05.2024 08:10:26
0,214.50,1144,597,24.17,43.41,0,5.08,16.05.2024 08:10:28
0,216.56,1155,596,24.18,43.48,0,5.33,16.05.2024 08:10:30
0,218.63,1166,597,24.19,43.48,0,5.60,16.05.2024 08:10:32
0,217.88,1162,596,24.19,43.45,0,5.51,16.05.2024 08:10:34
0,221.81,1183,596,24.19,43.48,0,6.05,16.05.2024 08:10:36
0,220.69,1177,597,24.18,43.45,0,5.90,16.05.2024 08:10:38
0,219.00,1168,597,24.21,43.42,0,5.66,16.05.2024 08:10:40
0,219.19,1169,597,24.19,43.44,0,5.69,16.05.2024 08:10:43
0,221.06,1179,597,24.22,43.43,0,5.94,16.05.2024 08:10:45
0,218.06,1163,597,24.21,43.42,0,5.53,16.05.2024 08:10:47
0,222.00,1184,597,24.21,43.43,0,6.08,16.05.2024 08:10:49
0,221.63,1182,597,24.21,43.42,0,6.03,16.05.2024 08:10:51
0,222.19,1185,597,24.22,43.42,0,6.10,16.05.2024 08:10:53
0,219.75,1172,597,24.21,43.38,0,5.77,16.05.2024 08:10:55
0,221.44,1181,596,24.22,43.36,0,6.00,16.05.2024 08:10:57
0,221.44,1181,596,24.24,43.42,0,5.98,16.05.2024 08:10:59
0,216.19,1153,595,24.24,43.38,0,5.27,16.05.2024 08:11:02
0,221.44,1181,595,24.21,43.37,0,6.01,16.05.2024 08:11:04
0,217.69,1161,595,24.22,43.37,0,5.48,16.05.2024 08:11:06
0,216.94,1157,595,24.22,43.38,0,5.38,16.05.2024 08:11:08
0,217.31,1159,595,24.25,43.39,0,5.41,16.05.2024 08:11:10
0,215.06,1147,595,24.24,43.36,0,5.13,16.05.2024 08:11:12
0,220.50,1176,595,24.22,43.38,0,5.87,16.05.2024 08:11:14
0,220.31,1175,595,24.22,43.33,0,5.85,16.05.2024 08:11:16
0,214.69,1145,595,24.22,43.36,0,5.09,16.05.2024 08:11:19
0,221.25,1180,595,24.25,43.36,0,5.96,16.05.2024 08:11:21
0,217.31,1159,595,24.24,43.36,0,5.43,16.05.2024 08:11:23
0,220.13,1174,596,24.25,43.35,0,5.81,16.05.2024 08:11:25
0,219.56,1171,597,24.22,43.34,0,5.74,16.05.2024 08:11:27
0,218.63,1166,596,24.25,43.37,0,5.60,16.05.2024 08:11:29
0,217.50,1160,596,24.24,43.36,0,5.45,16.05.2024 08:11:31
0,218.63,1166,596,24.24,43.34,0,5.61,16.05.2024 08:11:33
0,221.44,1181,597,24.27,43.32,0,5.99,16.05.2024 08:11:35
0,223.69,1193,597,24.25,43.29,0,6.32,16.05.2024 08:11:38
0,218.25,1164,596,24.25,43.32,0,5.55,16.05.2024 08:11:40
0,222.75,1188,596,24.25,43.28,0,6.19,16.05.2024 08:11:42
0,222.38,1186,595,24.28,43.34,0,6.11,16.05.2024 08:11:44
0,220.88,1178,595,24.27,43.30,0,5.91,16.05.2024 08:11:46
0,221.06,1179,595,24.28,43.25,0,5.94,16.05.2024 08:11:48
0,217.50,1160,595,24.27,43.28,0,5.45,16.05.2024 08:11:50
0,219.75,1172,595,24.28,43.29,0,5.75,16.05.2024 08:11:52
0,217.50,1160,595,24.28,43.30,0,5.44,16.05.2024 08:11:55
0,218.81,1167,595,24.27,43.30,0,5.63,16.05.2024 08:11:57
0,215.44,1149,595,24.25,43.26,0,5.19,16.05.2024 08:11:59
0,221.81,1183,595,24.28,43.25,0,6.05,16.05.2024 08:12:01
0,216.94,1157,595,24.29,43.28,0,5.36,16.05.2024 08:12:03
0,222.00,1184,595,24.28,43.23,0,6.08,16.05.2024 08:12:05
0,222.00,1184,595,24.29,43.25,0,6.07,16.05.2024 08:12:07
0,222.19,1185,595,24.31,43.23,0,6.09,16.05.2024 08:12:09
0,216.56,1155,595,24.31,43.26,0,5.31,16.05.2024 08:12:11
0,220.88,1178,595,24.29,43.26,0,5.91,16.05.2024 08:12:14
0,215.25,1148,595,24.28,43.23,0,5.16,16.05.2024 08:12:16
0,219.94,1173,595,24.31,43.25,0,5.77,16.05.2024 08:12:18
0,221.25,1180,595,24.31,43.25,0,5.95,16.05.2024 08:12:20
0,220.50,1176,595,24.29,43.21,0,5.86,16.05.2024 08:12:22
0,219.00,1168,595,24.31,43.24,0,5.64,16.05.2024 08:12:24
0,220.69,1177,595,24.31,43.20,0,5.88,16.05.2024 08:12:26
0,218.25,1164,595,24.29,43.20,0,5.56,16.05.2024 08:12:28
0,218.81,1167,595,24.31,43.20,0,5.62,16.05.2024 08:12:31
0,220.31,1175,595,24.31,43.19,0,5.83,16.05.2024 08:12:33
0,217.31,1159,595,24.31,43.19,0,5.42,16.05.2024 08:12:35
0,218.06,1163,595,24.31,43.21,0,5.52,16.05.2024 08:12:37
0,216.19,1153,595,24.32,43.19,0,5.27,16.05.2024 08:12:39
0,220.69,1177,596,24.31,43.23,0,5.88,16.05.2024 08:12:41
0,222.19,1185,596,24.31,43.19,0,6.10,16.05.2024 08:12:43
0,216.75,1156,596,24.34,43.23,0,5.32,16.05.2024 08:12:45
0,220.69,1177,596,24.32,43.16,0,5.88,16.05.2024 08:12:49
0,217.50,1160,596,24.34,43.21,0,5.43,16.05.2024 08:12:52
0,221.81,1183,596,24.31,43.17,0,6.05,16.05.2024 08:12:54
0,223.13,1190,596,24.32,43.23,0,6.21,16.05.2024 08:12:56
0,217.13,1158,596,24.34,43.19,0,5.38,16.05.2024 08:12:58
0,215.44,1149,596,24.35,43.17,0,5.16,16.05.2024 08:13:00
0,210.94,1125,596,24.32,43.16,0,4.59,16.05.2024 08:13:02
0,213.56,1139,596,24.34,43.19,0,4.92,16.05.2024 08:13:04
0,215.25,1148,596,24.34,43.17,0,5.14,16.05.2024 08:13:06
0,213.75,1140,596,24.34,43.22,0,4.93,16.05.2024 08:13:09
0,212.81,1135,596,24.34,43.22,0,4.81,16.05.2024 08:13:11
0,215.63,1150,596,24.37,43.17,0,5.17,16.05.2024 08:13:13
0,214.13,1142,597,24.32,43.20,0,4.99,16.05.2024 08:13:15
0,210.94,1125,598,24.34,43.26,0,4.57,16.05.2024 08:13:17
0,215.63,1150,597,24.35,43.23,0,5.17,16.05.2024 08:13:19
0,213.00,1136,597,24.37,43.19,0,4.83,16.05.2024 08:13:21
0,215.25,1148,598,24.35,43.22,0,5.12,16.05.2024 08:13:23
0,214.69,1145,598,24.34,43.23,0,5.05,16.05.2024 08:13:25
0,216.75,1156,599,24.38,43.25,0,5.30,16.05.2024 08:13:28
0,214.69,1145,600,24.37,43.26,0,5.03,16.05.2024 08:13:30
0,219.00,1168,600,24.34,43.24,0,5.63,16.05.2024 08:13:32
0,216.38,1154,601,24.35,43.28,0,5.26,16.05.2024 08:13:34
0,218.25,1164,603,24.37,43.25,0,5.51,16.05.2024 08:13:36
0,221.44,1181,604,24.37,43.30,0,5.94,16.05.2024 08:13:38
0,219.38,1170,605,24.38,43.27,0,5.65,16.05.2024 08:13:40
0,219.38,1170,609,24.38,43.30,0,5.64,16.05.2024 08:13:42
0,219.75,1172,613,24.37,43.32,0,5.70,16.05.2024 08:13:45
0,220.31,1175,621,24.37,43.30,0,5.78,16.05.2024 08:13:47
0,219.75,1172,629,24.38,43.30,0,5.69,16.05.2024 08:13:49
0,217.31,1159,632,24.37,43.27,0,5.38,16.05.2024 08:13:51
0,216.38,1154,640,24.38,43.31,0,5.24,16.05.2024 08:13:53
0,216.38,1154,645,24.37,43.31,0,5.24,16.05.2024 08:13:55
0,218.25,1164,649,24.39,43.26,0,5.49,16.05.2024 08:13:57
0,217.69,1161,649,24.38,43.29,0,5.42,16.05.2024 08:13:59
0,213.94,1141,652,24.39,43.30,0,4.91,16.05.2024 08:14:01
0,215.81,1151,653,24.38,43.29,0,5.17,16.05.2024 08:14:04
0,219.75,1172,656,24.38,43.26,0,5.70,16.05.2024 08:14:06
0,213.38,1138,661,24.38,43.26,0,4.86,16.05.2024 08:14:08
0,216.94,1157,663,24.37,43.26,0,5.33,16.05.2024 08:14:10
0,215.25,1148,664,24.38,43.25,0,5.10,16.05.2024 08:14:12
0,211.31,1127,666,24.39,43.29,0,4.59,16.05.2024 08:14:14
0,214.50,1144,669,24.38,43.23,0,5.01,16.05.2024 08:14:16
0,216.00,1152,670,24.39,43.27,0,5.19,16.05.2024 08:14:18
0,216.75,1156,670,24.39,43.25,0,5.29,16.05.2024 08:14:21
0,211.50,1128,668,24.39,43.24,0,4.62,16.05.2024 08:14:23
0,215.81,1151,667,24.42,43.28,0,5.15,16.05.2024 08:14:25
0,216.56,1155,669,24.41,43.29,0,5.25,16.05.2024 08:14:27
0,215.25,1148,668,24.42,43.21,0,5.09,16.05.2024 08:14:29
0,217.31,1159,670,24.39,43.21,0,5.37,16.05.2024 08:14:31
0,218.06,1163,669,24.41,43.20,0,5.47,16.05.2024 08:14:33
0,216.00,1152,670,24.38,43.22,0,5.20,16.05.2024 08:14:35
0,217.69,1161,671,24.41,43.30,0,5.40,16.05.2024 08:14:37
0,213.38,1138,671,24.41,43.19,0,4.86,16.05.2024 08:14:40
0,216.56,1155,671,24.41,43.23,0,5.26,16.05.2024 08:14:42
0,217.13,1158,671,24.39,43.20,0,5.35,16.05.2024 08:14:44
0,216.56,1155,671,24.42,43.23,0,5.26,16.05.2024 08:14:46
0,217.88,1162,672,24.42,43.19,0,5.44,16.05.2024 08:14:48
0,218.44,1165,671,24.42,43.21,0,5.51,16.05.2024 08:14:50
0,220.88,1178,673,24.44,43.23,0,5.83,16.05.2024 08:14:52
0,219.94,1173,672,24.41,43.15,0,5.74,16.05.2024 08:14:54
0,222.75,1188,671,24.42,43.23,0,6.11,16.05.2024 08:14:57
0,218.44,1165,670,24.44,43.15,0,5.52,16.05.2024 08:14:59
0,224.44,1197,671,24.44,43.19,0,6.35,16.05.2024 08:15:01
0,222.94,1189,671,24.44,43.15,0,6.14,16.05.2024 08:15:03
0,219.75,1172,672,24.41,43.15,0,5.71,16.05.2024 08:15:05
0,218.81,1167,671,24.45,43.14,0,5.56,16.05.2024 08:15:07
0,219.75,1172,670,24.44,43.17,0,5.69,16.05.2024 08:15:09
0,220.50,1176,670,24.45,43.15,0,5.79,16.05.2024 08:15:11
0,221.25,1180,669,24.46,43.15,0,5.89,16.05.2024 08:15:13
0,218.25,1164,668,24.45,43.14,0,5.48,16.05.2024 08:15:16
0,220.13,1174,669,24.42,43.15,0,5.75,16.05.2024 08:15:18
0,218.63,1166,668,24.44,43.19,0,5.53,16.05.2024 08:15:20
0,220.69,1177,668,24.44,43.14,0,5.83,16.05.2024 08:15:22
0,220.13,1174,667,24.44,43.18,0,5.74,16.05.2024 08:15:24
0,217.50,1160,668,24.45,43.17,0,5.38,16.05.2024 08:15:26
0,218.81,1167,666,24.45,43.19,0,5.55,16.05.2024 08:15:28
0,219.19,1169,665,24.46,43.12,0,5.61,16.05.2024 08:15:30
0,215.63,1150,665,24.46,43.15,0,5.13,16.05.2024 08:15:33
0,218.06,1163,664,24.48,43.17,0,5.44,16.05.2024 08:15:35
0,213.94,1141,664,24.45,43.13,0,4.92,16.05.2024 08:15:37
0,219.00,1168,664,24.44,43.13,0,5.60,16.05.2024 08:15:39
0,217.50,1160,664,24.46,43.12,0,5.38,16.05.2024 08:15:41
0,215.63,1150,664,24.49,43.13,0,5.12,16.05.2024 08:15:45
0,218.06,1163,663,24.46,43.14,0,5.45,16.05.2024 08:15:47
0,220.88,1178,663,24.46,43.13,0,5.84,16.05.2024 08:15:49
0,220.50,1176,663,24.46,43.08,0,5.80,16.05.2024 08:15:51
0,216.94,1157,663,24.46,43.09,0,5.31,16.05.2024 08:15:54
0,218.81,1167,663,24.45,43.10,0,5.57,16.05.2024 08:15:56
0,218.44,1165,662,24.46,43.08,0,5.52,16.05.2024 08:15:58
0,216.75,1156,661,24.48,43.12,0,5.27,16.05.2024 08:16:00
0,219.19,1169,660,24.46,43.09,0,5.62,16.05.2024 08:16:02
0,216.94,1157,660,24.46,43.13,0,5.30,16.05.2024 08:16:04
0,220.13,1174,660,24.48,43.13,0,5.73,16.05.2024 08:16:06
0,220.50,1176,660,24.46,43.06,0,5.80,16.05.2024 08:16:08
0,218.06,1163,660,24.48,43.11,0,5.45,16.05.2024 08:16:11
0,216.38,1154,660,24.49,43.07,0,5.23,16.05.2024 08:16:13
0,219.56,1171,660,24.45,43.09,0,5.67,16.05.2024 08:16:15
0,219.00,1168,660,24.48,43.04,0,5.59,16.05.2024 08:16:17
0,219.00,1168,660,24.45,43.09,0,5.60,16.05.2024 08:16:19
0,217.31,1159,660,24.48,43.07,0,5.36,16.05.2024 08:16:21
0,219.56,1171,660,24.46,43.03,0,5.68,16.05.2024 08:16:23
0,218.81,1167,660,24.51,43.06,0,5.55,16.05.2024 08:16:25
0,219.94,1173,660,24.49,43.05,0,5.71,16.05.2024 08:16:27
0,220.69,1177,660,24.48,43.08,0,5.81,16.05.2024 08:16:30
0,219.75,1172,659,24.51,43.06,0,5.68,16.05.2024 08:16:32
0,220.13,1174,658,24.49,42.99,0,5.75,16.05.2024 08:16:34
0,221.81,1183,656,24.48,43.04,0,5.98,16.05.2024 08:16:36
0,218.63,1166,657,24.49,42.98,0,5.55,16.05.2024 08:16:38
0,217.88,1162,658,24.49,42.98,0,5.44,16.05.2024 08:16:40
0,220.31,1175,657,24.51,42.99,0,5.77,16.05.2024 08:16:42
0,221.44,1181,658,24.49,43.05,0,5.92,16.05.2024 08:16:44
0,217.50,1160,657,24.49,43.02,0,5.39,16.05.2024 08:16:47
0,219.94,1173,656,24.51,43.01,0,5.71,16.05.2024 08:16:49
0,221.63,1182,654,24.49,43.02,0,5.95,16.05.2024 08:16:51
0,216.94,1157,654,24.49,42.98,0,5.32,16.05.2024 08:16:53
0,217.50,1160,653,24.48,42.98,0,5.40,16.05.2024 08:16:55
0,215.81,1151,655,24.51,43.03,0,5.15,16.05.2024 08:16:57
0,216.75,1156,653,24.51,42.98,0,5.29,16.05.2024 08:16:59
0,214.50,1144,654,24.51,42.94,0,5.00,16.05.2024 08:17:01
0,219.19,1169,653,24.51,42.99,0,5.61,16.05.2024 08:17:03
0,217.50,1160,653,24.52,42.99,0,5.38,16.05.2024 08:17:06
0,216.38,1154,653,24.51,42.94,0,5.25,16.05.2024 08:17:08
0,214.69,1145,652,24.54,43.00,0,5.00,16.05.2024 08:17:10
0,214.50,1144,653,24.51,42.96,0,5.00,16.05.2024 08:17:12
0,215.63,1150,653,24.52,42.95,0,5.14,16.05.2024 08:17:14
0,215.44,1149,653,24.51,42.97,0,5.12,16.05.2024 08:17:16
0,215.63,1150,652,24.52,42.97,0,5.13,16.05.2024 08:17:18
0,215.81,1151,652,24.51,42.92,0,5.18,16.05.2024 08:17:20
0,216.19,1153,652,24.52,42.95,0,5.21,16.05.2024 08:17:23
0,215.25,1148,651,24.52,42.95,0,5.09,16.05.2024 08:17:25
0,219.38,1170,651,24.51,42.92,0,5.65,16.05.2024 08:17:27
0,216.75,1156,651,24.52,42.93,0,5.29,16.05.2024 08:17:29
0,215.81,1151,650,24.52,42.96,0,5.16,16.05.2024 08:17:31
0,217.50,1160,650,24.51,42.87,0,5.41,16.05.2024 08:17:33
0,216.56,1155,650,24.52,42.95,0,5.26,16.05.2024 08:17:35
0,218.44,1165,649,24.55,42.96,0,5.49,16.05.2024 08:17:37
0,217.88,1162,649,24.52,42.95,0,5.44,16.05.2024 08:17:39
0,220.13,1174,649,24.54,42.92,0,5.74,16.05.2024 08:17:42
0,220.50,1176,648,24.54,42.91,0,5.80,16.05.2024 08:17:44
0,220.50,1176,648,24.54,42.92,0,5.79,16.05.2024 08:17:46
0,222.38,1186,648,24.52,42.87,0,6.07,16.05.2024 08:17:48
0,218.25,1164,647,24.55,42.91,0,5.48,16.05.2024 08:17:50
0,219.75,1172,646,24.54,42.94,0,5.69,16.05.2024 08:17:52
0,220.13,1174,645,24.55,42.91,0,5.74,16.05.2024 08:17:54
0,222.38,1186,645,24.52,42.92,0,6.06,16.05.2024 08:17:56
0,223.31,1191,645,24.55,42.91,0,6.18,16.05.2024 08:17:59
0,222.56,1187,646,24.54,42.91,0,6.08,16.05.2024 08:18:01
0,223.69,1193,646,24.54,42.90,0,6.25,16.05.2024 08:18:03
0,223.50,1192,646,24.54,42.90,0,6.22,16.05.2024 08:18:05
0,218.25,1164,646,24.54,42.88,0,5.49,16.05.2024 08:18:07
0,219.38,1170,647,24.54,42.86,0,5.65,16.05.2024 08:18:09
0,219.75,1172,647,24.55,42.87,0,5.69,16.05.2024 08:18:11
0,223.88,1194,646,24.55,42.88,0,6.27,16.05.2024 08:18:13
0,221.06,1179,646,24.56,42.86,0,5.87,16.05.2024 08:18:15
0,221.44,1181,645,24.55,42.86,0,5.93,16.05.2024 08:18:18
0,221.44,1181,644,24.54,42.83,0,5.94,16.05.2024 08:18:20
0,221.06,1179,642,24.56,42.86,0,5.87,16.05.2024 08:18:22
0,223.13,1190,641,24.55,42.90,0,6.16,16.05.2024 08:18:24
0,217.88,1162,639,24.55,42.83,0,5.45,16.05.2024 08:18:26
0,220.69,1177,638,24.55,42.86,0,5.82,16.05.2024 08:18:28
0,221.25,1180,638,24.56,42.83,0,5.90,16.05.2024 08:18:30
0,222.00,1184,636,24.55,42.83,0,6.01,16.05.2024 08:18:32
0,220.31,1175,637,24.55,42.77,0,5.79,16.05.2024 08:18:35
0,220.88,1178,637,24.54,42.86,0,5.86,16.05.2024 08:18:37
0,219.94,1173,637,24.58,42.81,0,5.71,16.05.2024 08:18:39
0,219.94,1173,637,24.56,42.83,0,5.72,16.05.2024 08:18:41
0,219.75,1172,636,24.56,42.86,0,5.69,16.05.2024 08:18:45
0,222.75,1188,635,24.58,42.83,0,6.11,16.05.2024 08:18:47
0,222.19,1185,635,24.56,42.81,0,6.04,16.05.2024 08:18:49
0,219.75,1172,635,24.54,42.82,0,5.71,16.05.2024 08:18:51
0,219.38,1170,635,24.56,42.80,0,5.65,16.05.2024 08:18:53
0,227.06,1211,0,23.64,44.26,0,6.97,16.05.2024 08:21:36
0,229.50,1224,703,23.66,44.27,0,7.34,16.05.2024 08:21:38
0,230.06,1227,0,23.66,44.27,0,7.42,16.05.2024 08:21:40
0,229.31,1223,724,23.66,44.31,0,7.30,16.05.2024 08:21:42
0,225.56,1203,749,23.66,44.29,0,6.73,16.05.2024 08:21:44
0,227.63,1214,754,23.70,44.31,0,7.01,16.05.2024 08:21:46
0,224.63,1198,744,23.68,44.29,0,6.57,16.05.2024 08:21:48
0,223.69,1193,746,23.72,44.30,0,6.41,16.05.2024 08:21:50
0,223.69,1193,745,23.73,44.31,0,6.40,16.05.2024 08:21:53
0,219.56,1171,735,23.74,44.26,0,5.82,16.05.2024 08:21:55
0,221.25,1180,735,23.79,44.23,0,6.04,16.05.2024 08:21:57
0,221.63,1182,738,23.80,44.19,0,6.09,16.05.2024 08:21:59
0,221.63,1182,734,23.81,44.19,0,6.08,16.05.2024 08:22:01
0,222.94,1189,737,23.83,44.14,0,6.27,16.05.2024 08:22:03
0,224.06,1195,741,23.85,44.14,0,6.42,16.05.2024 08:22:05
0,221.44,1181,741,23.90,44.11,0,6.03,16.05.2024 08:22:07
0,219.75,1172,738,23.90,44.09,0,5.79,16.05.2024 08:22:10
0,223.13,1190,741,23.91,44.07,0,6.27,16.05.2024 08:22:12
0,228.19,1217,744,23.91,44.02,0,7.03,16.05.2024 08:22:14
0,225.38,1202,0,23.40,44.87,0,6.72,16.05.2024 08:24:46
0,222.75,1188,843,23.43,44.86,0,6.32,16.05.2024 08:24:48
0,222.00,1184,897,23.43,44.94,0,6.19,16.05.2024 08:24:50
0,225.56,1203,889,23.46,44.95,0,6.70,16.05.2024 08:24:52
0,220.69,1177,838,23.46,45.01,0,5.98,16.05.2024 08:24:54
0,220.50,1176,824,23.47,44.98,0,5.95,16.05.2024 08:24:57
0,225.19,1201,823,23.50,44.99,0,6.61,16.05.2024 08:24:59
0,218.44,1165,816,23.53,44.96,0,5.64,16.05.2024 08:25:01
0,222.75,1188,817,23.53,44.93,0,6.25,16.05.2024 08:25:03
0,216.94,1157,803,23.58,44.87,0,5.42,16.05.2024 08:25:05
0,218.63,1166,799,23.58,44.86,0,5.65,16.05.2024 08:25:07
0,220.31,1175,791,23.63,44.77,0,5.88,16.05.2024 08:25:09
0,216.56,1155,793,23.61,44.72,0,5.38,16.05.2024 08:25:11
0,218.06,1163,794,23.67,44.69,0,5.56,16.05.2024 08:25:13
0,217.31,1159,791,23.67,44.66,0,5.47,16.05.2024 08:25:16
0,217.50,1160,791,23.70,44.61,0,5.49,16.05.2024 08:25:18
0,216.00,1152,788,23.70,44.61,0,5.29,16.05.2024 08:25:20
0,219.19,1169,791,23.73,44.62,0,5.70,16.05.2024 08:25:22
0,223.69,1193,788,23.76,44.56,0,6.33,16.05.2024 08:25:26
0,218.25,1164,789,23.76,44.56,0,5.57,16.05.2024 08:25:28
0,216.75,1156,788,23.76,44.50,0,5.38,16.05.2024 08:25:30
0,218.44,1165,788,23.80,44.45,0,5.59,16.05.2024 08:25:32
0,217.50,1160,788,23.79,44.43,0,5.48,16.05.2024 08:25:35
0,217.13,1158,788,23.83,44.39,0,5.41,16.05.2024 08:25:37
0,219.75,1172,788,23.84,44.40,0,5.76,16.05.2024 08:25:39
0,215.63,1150,789,23.85,44.38,0,5.20,16.05.2024 08:25:41
0,219.38,1170,788,23.85,44.35,0,5.71,16.05.2024 08:25:43
0,217.31,1159,786,23.90,44.35,0,5.41,16.05.2024 08:25:45
0,219.56,1171,787,23.90,44.33,0,5.72,16.05.2024 08:25:47
0,219.56,1171,786,23.93,44.27,0,5.71,16.05.2024 08:25:49
0,219.56,1171,787,23.93,44.26,0,5.71,16.05.2024 08:25:52
0,221.63,1182,787,23.94,44.26,0,6.00,16.05.2024 08:25:54
0,221.06,1179,785,23.95,44.25,0,5.91,16.05.2024 08:25:56
0,222.19,1185,784,23.95,44.20,0,6.08,16.05.2024 08:25:58
0,221.81,1183,784,23.97,44.21,0,6.02,16.05.2024 08:26:00
0,227.25,1212,783,24.00,44.19,0,6.80,16.05.2024 08:26:02
0,226.50,1208,783,24.00,44.21,0,6.68,16.05.2024 08:26:04
0,227.81,1215,784,23.98,44.20,0,6.89,16.05.2024 08:26:06
0,228.19,1217,784,24.01,44.21,0,6.92,16.05.2024 08:26:08
0,229.31,1223,782,24.04,44.18,0,7.09,16.05.2024 08:26:11
0,229.13,1222,782,24.03,44.17,0,7.07,16.05.2024 08:26:13
0,228.38,1218,781,24.04,44.13,0,6.96,16.05.2024 08:26:15
0,226.13,1206,781,24.07,44.13,0,6.60,16.05.2024 08:26:17
0,227.81,1215,781,24.04,44.13,0,6.87,16.05.2024 08:26:19
0,229.13,1222,780,24.05,44.10,0,7.07,16.05.2024 08:26:21
0,231.75,1236,779,24.08,44.07,0,7.46,16.05.2024 08:26:23
0,231.94,1237,777,24.08,44.08,0,7.49,16.05.2024 08:26:25
0,230.63,1230,776,24.09,44.02,0,7.29,16.05.2024 08:26:28
0,232.88,1242,775,24.12,44.05,0,7.62,16.05.2024 08:26:30
0,229.69,1225,772,24.11,44.06,0,7.13,16.05.2024 08:26:32
0,233.63,1246,771,24.14,44.02,0,7.74,16.05.2024 08:26:34
0,229.88,1226,770,24.12,43.99,0,7.16,16.05.2024 08:26:36
0,232.69,1241,769,24.15,44.00,0,7.58,16.05.2024 08:26:38
0,233.81,1247,768,24.15,43.93,0,7.78,16.05.2024 08:26:40
0,232.50,1240,767,24.14,43.96,0,7.57,16.05.2024 08:26:42
0,233.81,1247,764,24.17,43.98,0,7.76,16.05.2024 08:26:44
0,234.00,1248,762,24.15,43.93,0,7.81,16.05.2024 08:26:47
0,236.81,1263,759,24.17,43.94,0,8.26,16.05.2024 08:26:49
0,233.81,1247,755,24.19,43.90,0,7.76,16.05.2024 08:26:51
0,234.00,1248,751,24.18,43.93,0,7.79,16.05.2024 08:26:53
0,238.69,1273,749,24.21,43.88,0,8.56,16.05.2024 08:26:55
0,235.50,1256,741,24.19,43.87,0,8.04,16.05.2024 08:26:57
0,237.38,1266,738,24.19,43.85,0,8.36,16.05.2024 08:26:59
0,236.63,1262,735,24.21,43.84,0,8.23,16.05.2024 08:27:01
0,237.19,1265,733,24.22,43.81,0,8.32,16.05.2024 08:27:04
0,233.44,1245,728,24.22,43.81,0,7.70,16.05.2024 08:27:06
0,237.38,1266,723,24.22,43.83,0,8.34,16.05.2024 08:27:08
0,238.69,1273,719,24.25,43.82,0,8.54,16.05.2024 08:27:10
0,237.75,1268,721,24.27,43.82,0,8.38,16.05.2024 08:27:12
0,236.63,1262,718,24.25,43.79,0,8.21,16.05.2024 08:27:14
0,235.31,1255,718,24.25,43.78,0,8.00,16.05.2024 08:27:16
0,238.31,1271,717,24.27,43.78,0,8.48,16.05.2024 08:27:18
0,234.94,1253,718,24.27,43.78,0,7.92,16.05.2024 08:27:21
0,239.25,1276,719,24.28,43.77,0,8.63,16.05.2024 08:27:23
0,235.13,1254,717,24.28,43.76,0,7.95,16.05.2024 08:27:25
0,236.81,1263,718,24.29,43.71,0,8.23,16.05.2024 08:27:27
0,237.00,1264,715,24.28,43.72,0,8.27,16.05.2024 08:27:29
0,233.63,1246,717,24.29,43.72,0,7.71,16.05.2024 08:27:31
0,237.75,1268,716,24.31,43.66,0,8.39,16.05.2024 08:27:33
0,237.00,1264,714,24.29,43.72,0,8.26,16.05.2024 08:27:37
0,237.19,1265,715,24.31,43.70,0,8.28,16.05.2024 08:27:39
0,237.19,1265,713,24.31,43.69,0,8.29,16.05.2024 08:27:42
0,235.69,1257,713,24.34,43.71,0,8.02,16.05.2024 08:27:44
0,235.13,1254,711,24.32,43.66,0,7.95,16.05.2024 08:27:46
0,234.19,1249,711,24.34,43.66,0,7.78,16.05.2024 08:27:48
0,234.00,1248,710,24.34,43.66,0,7.75,16.05.2024 08:27:50
0,234.94,1253,709,24.35,43.62,0,7.91,16.05.2024 08:27:52
0,233.06,1243,709,24.35,43.59,0,7.61,16.05.2024 08:27:54
0,234.56,1251,707,24.35,43.62,0,7.85,16.05.2024 08:27:56
0,237.38,1266,706,24.37,43.60,0,8.30,16.05.2024 08:27:59
0,233.06,1243,706,24.37,43.58,0,7.61,16.05.2024 08:28:01
0,236.25,1260,704,24.35,43.61,0,8.12,16.05.2024 08:28:03
0,232.69,1241,704,24.38,43.58,0,7.54,16.05.2024 08:28:05
0,235.50,1256,703,24.38,43.60,0,7.98,16.05.2024 08:28:07
0,236.63,1262,703,24.38,43.57,0,8.18,16.05.2024 08:28:09
0,234.00,1248,701,24.39,43.57,0,7.74,16.05.2024 08:28:11
0,231.75,1236,701,24.39,43.59,0,7.38,16.05.2024 08:28:13
0,235.31,1255,701,24.39,43.56,0,7.95,16.05.2024 08:28:16
0,233.63,1246,700,24.39,43.55,0,7.69,16.05.2024 08:28:18
0,230.63,1230,700,24.42,43.54,0,7.20,16.05.2024 08:28:20
0,228.19,1217,700,24.41,43.57,0,6.83,16.05.2024 08:28:22
0,228.00,1216,699,24.41,43.61,0,6.79,16.05.2024 08:28:24
0,226.88,1210,699,24.41,43.56,0,6.64,16.05.2024 08:28:26
0,229.88,1226,698,24.42,43.58,0,7.07,16.05.2024 08:28:28
0,227.44,1213,697,24.44,43.55,0,6.70,16.05.2024 08:28:30
0,224.81,1199,697,24.44,43.58,0,6.31,16.05.2024 08:28:32
0,227.06,1211,696,24.44,43.61,0,6.63,16.05.2024 08:28:35
0,228.75,1220,695,24.46,43.57,0,6.88,16.05.2024 08:28:37
0,222.56,1187,694,24.42,43.53,0,6.01,16.05.2024 08:28:39
0,222.19,1185,694,24.44,43.53,0,5.95,16.05.2024 08:28:41
0,226.69,1209,693,24.45,43.52,0,6.59,16.05.2024 08:28:43
0,226.13,1206,693,24.46,43.55,0,6.50,16.05.2024 08:28:45
0,223.88,1194,693,24.48,43.56,0,6.16,16.05.2024 08:28:47
0,219.38,1170,692,24.48,43.52,0,5.54,16.05.2024 08:28:49
0,224.25,1196,692,24.49,43.54,0,6.21,16.05.2024 08:28:52
0,223.31,1191,690,24.48,43.52,0,6.09,16.05.2024 08:28:54
0,222.75,1188,690,24.48,43.51,0,6.01,16.05.2024 08:28:56
0,222.56,1187,689,24.49,43.53,0,5.97,16.05.2024 08:28:58
0,226.13,1206,689,24.48,43.49,0,6.50,16.05.2024 08:29:00
0,222.00,1184,689,24.49,43.49,0,5.90,16.05.2024 08:29:02
0,227.44,1213,689,24.51,43.53,0,6.67,16.05.2024 08:29:04
0,220.50,1176,689,24.51,43.45,0,5.70,16.05.2024 08:29:06
0,221.25,1180,689,24.54,43.47,0,5.78,16.05.2024 08:29:09
0,223.69,1193,688,24.54,43.49,0,6.11,16.05.2024 08:29:11
0,220.69,1177,688,24.54,43.49,0,5.70,16.05.2024 08:29:13
0,222.94,1189,688,24.54,43.46,0,6.02,16.05.2024 08:29:15
0,225.94,1205,687,24.54,43.48,0,6.44,16.05.2024 08:29:17
0,221.44,1181,687,24.55,43.43,0,5.80,16.05.2024 08:29:19
0,220.69,1177,687,24.55,43.45,0,5.70,16.05.2024 08:29:21
0,218.44,1165,687,24.56,43.41,0,5.40,16.05.2024 08:29:23
0,219.75,1172,687,24.56,43.40,0,5.57,16.05.2024 08:29:25
0,219.75,1172,687,24.56,43.40,0,5.57,16.05.2024 08:29:28
0,222.56,1187,686,24.55,43.37,0,5.98,16.05.2024 08:29:30
0,224.81,1199,686,24.59,43.43,0,6.26,16.05.2024 08:29:32
0,222.38,1186,686,24.56,43.38,0,5.94,16.05.2024 08:29:34
0,222.00,1184,686,24.59,43.39,0,5.87,16.05.2024 08:29:36
0,219.19,1169,686,24.60,43.35,0,5.48,16.05.2024 08:29:38
0,222.75,1188,686,24.59,43.37,0,5.98,16.05.2024 08:29:40
0,222.56,1187,685,24.59,43.35,0,5.96,16.05.2024 08:29:42
0,222.75,1188,684,24.59,43.32,0,5.99,16.05.2024 08:29:45
0,224.25,1196,684,24.62,43.35,0,6.18,16.05.2024 08:29:47
0,221.63,1182,685,24.60,43.35,0,5.82,16.05.2024 08:29:49
0,219.00,1168,684,24.62,43.32,0,5.46,16.05.2024 08:29:51
0,222.94,1189,684,24.62,43.32,0,6.00,16.05.2024 08:29:55
0,220.69,1177,684,24.65,43.29,0,5.68,16.05.2024 08:29:57
0,225.00,1200,685,24.62,43.34,0,6.29,16.05.2024 08:29:59
0,220.69,1177,685,24.63,43.35,0,5.67,16.05.2024 08:30:01
0,223.31,1191,685,24.65,43.37,0,6.03,16.05.2024 08:30:04
0,220.13,1174,685,24.63,43.34,0,5.60,16.05.2024 08:30:06
0,220.13,1174,686,24.65,43.36,0,5.59,16.05.2024 08:30:08
0,220.31,1175,686,24.69,43.35,0,5.59,16.05.2024 08:30:10
0,222.56,1187,686,24.66,43.33,0,5.92,16.05.2024 08:30:12
0,222.00,1184,687,24.66,43.34,0,5.84,16.05.2024 08:30:14
0,221.44,1181,688,24.68,43.31,0,5.76,16.05.2024 08:30:16
0,222.38,1186,688,24.65,43.34,0,5.90,16.05.2024 08:30:18
0,222.38,1186,688,24.69,43.28,0,5.89,16.05.2024 08:30:20
0,222.56,1187,688,24.70,43.33,0,5.90,16.05.2024 08:30:23
0,223.50,1192,689,24.69,43.33,0,6.03,16.05.2024 08:30:25
0,221.81,1183,690,24.70,43.28,0,5.80,16.05.2024 08:30:27
0,225.75,1204,691,24.70,43.30,0,6.35,16.05.2024 08:30:29
0,220.50,1176,694,24.70,43.28,0,5.62,16.05.2024 08:30:31
0,222.38,1186,695,24.72,43.29,0,5.87,16.05.2024 08:30:33
0,221.63,1182,700,24.72,43.26,0,5.77,16.05.2024 08:30:35
0,225.19,1201,708,24.73,43.24,0,6.27,16.05.2024 08:30:37
0,221.44,1181,716,24.72,43.29,0,5.74,16.05.2024 08:30:40
0,225.38,1202,712,24.73,43.29,0,6.29,16.05.2024 08:30:42
0,223.50,1192,716,24.72,43.22,0,6.04,16.05.2024 08:30:44
0,222.75,1188,717,24.73,43.20,0,5.93,16.05.2024 08:30:46
0,225.56,1203,722,24.75,43.19,0,6.33,16.05.2024 08:30:48
0,227.63,1214,720,24.75,43.17,0,6.63,16.05.2024 08:30:50
0,225.75,1204,722,24.73,43.16,0,6.37,16.05.2024 08:30:52
0,226.88,1210,725,24.75,43.16,0,6.52,16.05.2024 08:30:54
0,223.31,1191,729,24.76,43.17,0,6.01,16.05.2024 08:30:57
0,225.75,1204,730,24.76,43.17,0,6.35,16.05.2024 08:30:59
0,225.56,1203,728,24.79,43.12,0,6.32,16.05.2024 08:31:01
0,225.94,1205,728,24.80,43.17,0,6.35,16.05.2024 08:31:03
0,226.69,1209,729,24.76,43.10,0,6.50,16.05.2024 08:31:05
0,225.38,1202,728,24.79,43.10,0,6.29,16.05.2024 08:31:07
0,223.31,1191,727,24.80,43.12,0,5.99,16.05.2024 08:31:09
0,223.69,1193,726,24.78,43.09,0,6.07,16.05.2024 08:31:11
0,222.38,1186,726,24.79,43.04,0,5.88,16.05.2024 08:31:13
0,224.44,1197,725,24.80,43.08,0,6.16,16.05.2024 08:31:16
0,228.56,1219,724,24.80,43.03,0,6.77,16.05.2024 08:31:18
0,225.75,1204,724,24.82,43.03,0,6.35,16.05.2024 08:31:20
0,225.19,1201,722,24.82,43.07,0,6.26,16.05.2024 08:31:22
0,226.13,1206,721,24.79,43.00,0,6.43,16.05.2024 08:31:24
0,225.75,1204,722,24.83,43.05,0,6.34,16.05.2024 08:31:26
0,225.00,1200,720,24.83,42.99,0,6.24,16.05.2024 08:31:28
0,224.44,1197,720,24.85,42.97,0,6.16,16.05.2024 08:31:30
0,226.31,1207,720,24.86,42.95,0,6.43,16.05.2024 08:31:33
0,225.56,1203,720,24.86,43.00,0,6.30,16.05.2024 08:31:35
0,225.75,1204,719,24.86,43.01,0,6.33,16.05.2024 08:31:37
0,218.63,1166,717,24.83,42.94,0,5.37,16.05.2024 08:31:39
0,224.81,1199,717,24.87,42.92,0,6.21,16.05.2024 08:31:41
0,222.75,1188,716,24.87,42.94,0,5.91,16.05.2024 08:31:43
0,226.31,1207,715,24.86,42.94,0,6.43,16.05.2024 08:31:45
0,228.56,1219,713,24.87,42.88,0,6.76,16.05.2024 08:31:47
0,225.38,1202,712,24.89,42.89,0,6.29,16.05.2024 08:31:50
0,226.13,1206,711,24.90,42.91,0,6.38,16.05.2024 08:31:52
0,224.44,1197,709,24.90,42.85,0,6.15,16.05.2024 08:31:54
0,225.38,1202,709,24.91,42.92,0,6.26,16.05.2024 08:31:56
0,225.75,1204,710,24.89,42.86,0,6.35,16.05.2024 08:31:58
0,226.50,1208,708,24.90,42.85,0,6.45,16.05.2024 08:32:00
0,225.94,1205,707,24.89,42.89,0,6.37,16.05.2024 08:32:02
0,224.44,1197,707,24.91,42.85,0,6.14,16.05.2024 08:32:04
0,224.06,1195,706,24.91,42.81,0,6.10,16.05.2024 08:32:06
0,224.81,1199,706,24.91,42.83,0,6.20,16.05.2024 08:32:09
0,226.31,1207,705,24.93,42.83,0,6.41,16.05.2024 08:32:11
0,228.38,1218,704,24.93,42.78,0,6.72,16.05.2024 08:32:13
0,222.75,1188,703,24.91,42.81,0,5.92,16.05.2024 08:32:15
0,226.13,1206,702,24.91,42.79,0,6.40,16.05.2024 08:32:17
0,222.19,1185,702,24.95,42.77,0,5.83,16.05.2024 08:32:21
0,224.25,1196,701,24.95,42.78,0,6.12,16.05.2024 08:32:23
0,222.94,1189,700,24.96,42.75,0,5.93,16.05.2024 08:32:25
0,223.50,1192,700,24.98,42.76,0,6.00,16.05.2024 08:32:28
0,225.19,1201,699,24.96,42.75,0,6.25,16.05.2024 08:32:30
0,225.75,1204,699,24.98,42.73,0,6.32,16.05.2024 08:32:32
0,219.94,1173,699,24.95,42.70,0,5.54,16.05.2024 08:32:34
0,221.44,1181,698,24.96,42.68,0,5.74,16.05.2024 08:32:36
0,222.75,1188,698,24.98,42.72,0,5.90,16.05.2024 08:32:38
0,222.38,1186,697,24.99,42.69,0,5.85,16.05.2024 08:32:40
0,223.13,1190,696,24.98,42.69,0,5.96,16.05.2024 08:32:42
0,221.25,1180,696,24.96,42.67,0,5.72,16.05.2024 08:32:45
0,222.94,1189,696,24.98,42.64,0,5.95,16.05.2024 08:32:47
0,223.31,1191,696,24.98,42.65,0,6.00,16.05.2024 08:32:49
0,221.44,1181,696,24.98,42.63,0,5.74,16.05.2024 08:32:51
0,223.69,1193,695,25.02,42.63,0,6.03,16.05.2024 08:32:53
0,225.56,1203,694,25.02,42.62,0,6.30,16.05.2024 08:32:55
0,224.25,1196,694,24.99,42.62,0,6.13,16.05.2024 08:32:57
0,223.69,1193,694,25.03,42.62,0,6.02,16.05.2024 08:32:59
0,225.94,1205,693,25.02,42.60,0,6.36,16.05.2024 08:33:01
0,226.50,1208,692,25.02,42.57,0,6.45,16.05.2024 08:33:04
0,226.31,1207,692,25.03,42.57,0,6.41,16.05.2024 08:33:06
0,224.81,1199,691,25.03,42.61,0,6.19,16.05.2024 08:33:08
0,228.19,1217,690,25.03,42.56,0,6.69,16.05.2024 08:33:10
0,224.06,1195,690,25.03,42.57,0,6.09,16.05.2024 08:33:12
0,225.00,1200,689,25.06,42.56,0,6.21,16.05.2024 08:33:14
0,225.56,1203,689,25.03,42.55,0,6.31,16.05.2024 08:33:16
0,226.69,1209,689,25.06,42.54,0,6.46,16.05.2024 08:33:18
0,228.00,1216,689,25.05,42.55,0,6.65,16.05.2024 08:33:21
0,228.75,1220,688,25.09,42.54,0,6.74,16.05.2024 08:33:23
0,227.63,1214,688,25.06,42.56,0,6.59,16.05.2024 08:33:25
0,227.25,1212,687,25.06,42.50,0,6.55,16.05.2024 08:33:27
0,223.88,1194,687,25.09,42.50,0,6.05,16.05.2024 08:33:29
0,229.50,1224,686,25.07,42.50,0,6.87,16.05.2024 08:33:31
0,226.88,1210,686,25.09,42.46,0,6.48,16.05.2024 08:33:33
0,226.50,1208,686,25.09,42.46,0,6.43,16.05.2024 08:33:35
0,225.00,1200,685,25.09,42.46,0,6.21,16.05.2024 08:33:38
0,227.81,1215,684,25.09,42.46,0,6.62,16.05.2024 08:33:40
0,231.00,1232,683,25.10,42.48,0,7.09,16.05.2024 08:33:42
0,228.56,1219,683,25.09,42.40,0,6.75,16.05.2024 08:33:44
0,228.75,1220,682,25.11,42.44,0,6.75,16.05.2024 08:33:46
0,232.69,1241,682,25.11,42.45,0,7.34,16.05.2024 08:33:48
0,245.81,1311,0,25.09,42.39,0,9.57,16.05.2024 08:33:56
0,241.31,1287,660,25.10,42.35,0,8.78,16.05.2024 08:33:58
0,238.31,1271,651,25.11,42.39,0,8.26,16.05.2024 08:34:00
0,235.31,1255,708,25.10,42.38,0,7.78,16.05.2024 08:34:02
0,235.31,1255,670,25.10,42.38,0,7.78,16.05.2024 08:34:05
0,232.50,1240,665,25.09,42.40,0,7.34,16.05.2024 08:34:07
0,229.69,1225,667,25.10,42.38,0,6.91,16.05.2024 08:34:09
0,230.06,1227,662,25.10,42.38,0,6.97,16.05.2024 08:34:11
0,228.56,1219,656,25.13,42.43,0,6.71,16.05.2024 08:34:13
0,224.63,1198,653,25.13,42.44,0,6.14,16.05.2024 08:34:15
0,222.75,1188,657,25.14,42.45,0,5.87,16.05.2024 08:34:17
0,225.56,1203,656,25.11,42.48,0,6.27,16.05.2024 08:34:19
0,226.31,1207,657,25.14,42.52,0,6.35,16.05.2024 08:34:21
0,226.31,1207,661,25.14,42.64,0,6.33,16.05.2024 08:34:24
0,229.69,1225,660,25.17,42.72,0,6.78,16.05.2024 08:34:26
0,224.25,1196,660,25.14,42.79,0,6.00,16.05.2024 08:34:28
0,225.56,1203,659,25.16,42.90,0,6.15,16.05.2024 08:34:30
0,225.56,1203,659,25.17,43.01,0,6.12,16.05.2024 08:34:32
0,229.88,1226,657,25.19,43.15,0,6.70,16.05.2024 08:34:34
0,230.25,1228,656,25.19,43.31,0,6.71,16.05.2024 08:34:36
0,227.44,1213,656,25.17,43.45,0,6.28,16.05.2024 08:34:38
0,228.00,1216,655,25.20,43.59,0,6.31,16.05.2024 08:34:41
0,232.50,1240,656,25.20,43.69,0,6.94,16.05.2024 08:34:43
0,229.13,1222,655,25.20,43.74,0,6.44,16.05.2024 08:34:45
0,227.81,1215,655,25.19,43.93,0,6.21,16.05.2024 08:34:47
0,231.75,1236,657,25.17,44.06,0,6.76,16.05.2024 08:34:49
0,227.81,1215,657,25.21,44.14,0,6.15,16.05.2024 08:34:51
0,232.13,1238,657,25.20,44.26,0,6.75,16.05.2024 08:34:53
0,229.69,1225,658,25.23,44.38,0,6.35,16.05.2024 08:34:55
0,235.50,1256,656,25.23,44.50,0,7.17,16.05.2024 08:34:58
0,233.44,1245,655,25.20,44.59,0,6.86,16.05.2024 08:35:00
0,233.63,1246,657,25.23,44.71,0,6.84,16.05.2024 08:35:02
0,229.50,1224,657,25.23,44.83,0,6.22,16.05.2024 08:35:04
0,233.44,1245,657,25.23,44.92,0,6.76,16.05.2024 08:35:06
0,230.44,1229,657,25.23,45.01,0,6.31,16.05.2024 08:35:08
0,235.50,1256,657,25.23,45.16,0,7.00,16.05.2024 08:35:10
0,233.06,1243,658,25.23,45.25,0,6.63,16.05.2024 08:35:12
0,236.44,1261,658,25.24,45.37,0,7.08,16.05.2024 08:35:14
0,235.31,1255,660,25.24,45.48,0,6.89,16.05.2024 08:35:17
0,236.06,1259,661,25.24,45.60,0,6.97,16.05.2024 08:35:19
0,235.31,1255,662,25.26,45.72,0,6.82,16.05.2024 08:35:21
0,233.81,1247,662,25.27,45.80,0,6.58,16.05.2024 08:35:23
0,237.75,1268,663,25.24,45.93,0,7.14,16.05.2024 08:35:25
0,237.75,1268,665,25.29,46.02,0,7.09,16.05.2024 08:35:27
0,238.50,1272,666,25.27,46.12,0,7.18,16.05.2024 08:35:29
0,237.19,1265,666,25.27,46.20,0,6.97,16.05.2024 08:35:31
0,237.19,1265,668,25.29,46.26,0,6.94,16.05.2024 08:35:34
0,235.88,1258,670,25.29,46.37,0,6.73,16.05.2024 08:35:36
0,225.19,1201,672,25.30,46.42,0,5.26,16.05.2024 08:35:38
0,227.81,1215,675,25.29,46.49,0,5.59,16.05.2024 08:35:40
0,228.75,1220,687,25.31,46.56,0,5.68,16.05.2024 08:35:42
0,230.81,1231,716,25.31,46.59,0,5.95,16.05.2024 08:35:44
0,230.06,1227,731,25.34,46.68,0,5.82,16.05.2024 08:35:46
0,231.00,1232,738,25.31,46.74,0,5.94,16.05.2024 08:35:48
0,235.69,1257,732,25.31,46.79,0,6.58,16.05.2024 08:35:51
0,232.31,1239,743,25.31,46.83,0,6.10,16.05.2024 08:35:53
0,232.31,1239,745,25.30,46.91,0,6.09,16.05.2024 08:35:55
0,235.50,1256,745,25.33,46.91,0,6.52,16.05.2024 08:35:57
0,236.44,1261,750,25.34,46.92,0,6.64,16.05.2024 08:35:59
0,234.19,1249,754,25.33,46.95,0,6.32,16.05.2024 08:36:01
0,237.19,1265,755,25.33,46.96,0,6.74,16.05.2024 08:36:03
0,238.31,1271,760,25.34,46.98,0,6.89,16.05.2024 08:36:05
0,235.50,1256,764,25.34,46.98,0,6.49,16.05.2024 08:36:07
0,238.13,1270,764,25.36,46.97,0,6.86,16.05.2024 08:36:10
0,237.38,1266,763,25.36,46.97,0,6.75,16.05.2024 08:36:12
0,237.75,1268,763,25.36,46.95,0,6.81,16.05.2024 08:36:14
0,240.00,1280,765,25.36,46.99,0,7.13,16.05.2024 08:36:16
0,238.69,1273,766,25.36,46.97,0,6.94,16.05.2024 08:36:18
0,236.63,1262,767,25.37,47.00,0,6.63,16.05.2024 08:36:20
0,234.19,1249,769,25.37,46.97,0,6.29,16.05.2024 08:36:22
0,240.94,1285,767,25.36,46.98,0,7.27,16.05.2024 08:36:24
0,237.75,1268,767,25.38,47.01,0,6.77,16.05.2024 08:36:27
0,238.50,1272,769,25.38,47.03,0,6.88,16.05.2024 08:36:29
0,242.25,1292,769,25.40,47.00,0,7.43,16.05.2024 08:36:31
0,237.56,1267,769,25.38,47.00,0,6.75,16.05.2024 08:36:35
0,241.50,1288,770,25.37,47.03,0,7.33,16.05.2024 08:36:37
0,241.88,1290,771,25.40,47.05,0,7.36,16.05.2024 08:36:39
0,238.31,1271,772,25.38,47.07,0,6.84,16.05.2024 08:36:41
0,239.81,1279,772,25.41,47.17,0,7.02,16.05.2024 08:36:43
0,242.63,1294,773,25.40,47.15,0,7.45,16.05.2024 08:36:46
0,240.00,1280,774,25.41,47.21,0,7.03,16.05.2024 08:36:48
0,241.88,1290,774,25.42,47.26,0,7.29,16.05.2024 08:36:50
0,239.81,1279,773,25.41,47.29,0,6.99,16.05.2024 08:36:52
0,240.56,1283,773,25.41,47.35,0,7.08,16.05.2024 08:36:54
0,241.31,1287,773,25.41,47.39,0,7.18,16.05.2024 08:36:56
0,241.88,1290,773,25.42,47.47,0,7.23,16.05.2024 08:36:58
0,240.75,1284,773,25.44,47.51,0,7.05,16.05.2024 08:37:00
0,237.19,1265,773,25.44,47.58,0,6.52,16.05.2024 08:37:02
0,246.00,1312,773,25.45,47.67,0,7.78,16.05.2024 08:37:05
0,242.81,1295,773,25.44,47.73,0,7.30,16.05.2024 08:37:07
0,242.06,1291,773,25.45,47.81,0,7.15,16.05.2024 08:37:09
0,250.50,1336,774,25.45,47.92,0,8.42,16.05.2024 08:37:11
0,251.25,1340,773,25.45,47.98,0,8.52,16.05.2024 08:37:13
0,249.56,1331,773,25.45,48.06,0,8.23,16.05.2024 08:37:15
0,250.50,1336,773,25.44,48.14,0,8.37,16.05.2024 08:37:17
0,249.56,1331,773,25.45,48.25,0,8.18,16.05.2024 08:37:19
0,251.06,1339,772,25.45,48.33,0,8.39,16.05.2024 08:37:22
0,253.69,1353,771,25.45,48.39,0,8.80,16.05.2024 08:37:24
0,250.88,1338,770,25.48,48.50,0,8.29,16.05.2024 08:37:26
0,249.38,1330,770,25.47,48.63,0,8.03,16.05.2024 08:37:28
0,251.44,1341,769,25.50,48.68,0,8.32,16.05.2024 08:37:30
0,255.00,1360,769,25.48,48.82,0,8.86,16.05.2024 08:37:32
0,257.44,1373,769,25.48,48.93,0,9.23,16.05.2024 08:37:34
0,256.31,1367,769,25.50,49.01,0,9.01,16.05.2024 08:37:36
0,253.88,1354,768,25.47,49.10,0,8.61,16.05.2024 08:37:39
0,255.56,1363,768,25.51,49.16,0,8.83,16.05.2024 08:37:41
0,255.19,1361,767,25.50,49.25,0,8.76,16.05.2024 08:37:43
0,255.75,1364,767,25.50,49.36,0,8.82,16.05.2024 08:37:45
0,256.13,1366,767,25.48,49.46,0,8.86,16.05.2024 08:37:47
0,260.25,1388,767,25.50,49.52,0,9.51,16.05.2024 08:37:49
0,260.81,1391,767,25.50,49.78,0,9.53,16.05.2024 08:37:51
0,257.25,1372,766,25.52,50.08,0,8.83,16.05.2024 08:37:53
0,264.94,1413,766,25.52,50.31,0,10.05,16.05.2024 08:37:55
0,258.38,1378,766,25.51,50.48,0,8.91,16.05.2024 08:37:58
0,265.13,1414,767,25.54,50.66,0,9.95,16.05.2024 08:38:00
0,264.00,1408,766,25.54,50.77,0,9.72,16.05.2024 08:38:02
0,263.44,1405,767,25.56,50.88,0,9.58,16.05.2024 08:38:04
0,264.00,1408,768,25.54,50.95,0,9.66,16.05.2024 08:38:06
0,260.63,1390,768,25.57,51.09,0,9.04,16.05.2024 08:38:08
0,264.56,1411,769,25.54,51.15,0,9.70,16.05.2024 08:38:10
0,263.44,1405,770,25.56,51.21,0,9.48,16.05.2024 08:38:12
0,260.44,1389,772,25.54,51.27,0,8.98,16.05.2024 08:38:15
0,264.75,1412,774,25.56,51.28,0,9.68,16.05.2024 08:38:17
0,264.56,1411,779,25.56,51.30,0,9.64,16.05.2024 08:38:19
0,263.63,1406,789,25.57,51.33,0,9.46,16.05.2024 08:38:21
0,267.75,1428,819,25.58,51.39,0,10.13,16.05.2024 08:38:23
0,265.13,1414,838,25.60,51.75,0,9.56,16.05.2024 08:38:25
0,266.06,1419,857,25.57,52.08,0,9.64,16.05.2024 08:38:27
0,264.38,1410,862,25.56,52.25,0,9.32,16.05.2024 08:38:29
0,261.94,1397,879,25.60,52.37,0,8.85,16.05.2024 08:38:31
0,264.94,1413,890,25.58,52.42,0,9.34,16.05.2024 08:38:34
0,262.88,1402,906,25.62,52.47,0,8.95,16.05.2024 08:38:36
0,270.19,1441,929,25.61,52.48,0,10.17,16.05.2024 08:38:38
0,264.75,1412,953,25.62,52.53,0,9.24,16.05.2024 08:38:40
0,269.25,1436,979,25.61,52.56,0,9.99,16.05.2024 08:38:42
0,268.88,1434,997,25.61,52.63,0,9.90,16.05.2024 08:38:44
0,270.00,1440,1011,25.62,52.66,0,10.07,16.05.2024 08:38:46
0,267.94,1429,1027,25.62,52.71,0,9.71,16.05.2024 08:38:48
0,267.19,1425,1037,25.62,52.74,0,9.57,16.05.2024 08:38:51
0,269.06,1435,1049,25.62,52.77,0,9.88,16.05.2024 08:38:53
0,269.63,1438,1060,25.64,52.77,0,9.96,16.05.2024 08:38:55
0,268.50,1432,1076,25.65,52.73,0,9.77,16.05.2024 08:38:57
0,272.44,1453,1087,25.62,52.74,0,10.46,16.05.2024 08:38:59
0,268.69,1433,1112,25.62,52.74,0,9.82,16.05.2024 08:39:01
0,268.31,1431,1139,25.67,52.75,0,9.71,16.05.2024 08:39:03
0,267.19,1425,1171,25.65,52.75,0,9.54,16.05.2024 08:39:05
0,271.50,1448,1197,25.64,52.72,0,10.29,16.05.2024 08:39:08
0,269.81,1439,1198,25.68,52.76,0,9.95,16.05.2024 08:39:10
0,271.50,1448,1205,25.70,52.73,0,10.23,16.05.2024 08:39:12
0,272.81,1455,1214,25.67,52.70,0,10.50,16.05.2024 08:39:14
0,268.13,1430,1222,25.68,52.71,0,9.68,16.05.2024 08:39:16
0,267.94,1429,1228,25.67,52.76,0,9.65,16.05.2024 08:39:18
0,274.50,1464,1231,25.70,52.74,0,10.75,16.05.2024 08:39:20
0,271.13,1446,1236,25.70,52.78,0,10.15,16.05.2024 08:39:22
0,272.25,1452,1238,25.70,52.77,0,10.35,16.05.2024 08:39:24
0,271.88,1450,1243,25.68,52.80,0,10.29,16.05.2024 08:39:27
0,268.88,1434,1244,25.70,52.80,0,9.76,16.05.2024 08:39:29
0,269.44,1437,1246,25.71,52.88,0,9.82,16.05.2024 08:39:31
0,272.44,1453,1248,25.72,52.91,0,10.31,16.05.2024 08:39:33
0,270.00,1440,1249,25.68,52.95,0,9.92,16.05.2024 08:39:35
0,275.25,1468,1254,25.71,53.02,0,10.78,16.05.2024 08:39:37
0,273.19,1457,1257,25.74,53.09,0,10.36,16.05.2024 08:39:39
0,273.56,1459,1260,25.71,53.12,0,10.45,16.05.2024 08:39:41
0,274.88,1466,1260,25.71,53.18,0,10.66,16.05.2024 08:39:44
0,274.88,1466,1262,25.72,53.27,0,10.61,16.05.2024 08:39:46
0,275.25,1468,1263,25.74,53.30,0,10.65,16.05.2024 08:39:48
0,278.06,1483,1266,25.74,53.38,0,11.12,16.05.2024 08:39:50
0,272.81,1455,1266,25.74,53.46,0,10.18,16.05.2024 08:39:52
0,278.81,1487,1267,25.75,53.67,0,11.15,16.05.2024 08:39:54
0,277.50,1480,1268,25.75,53.90,0,10.83,16.05.2024 08:39:56
0,279.38,1490,1268,25.74,54.13,0,11.10,16.05.2024 08:39:58
0,273.56,1459,1267,25.74,54.35,0,10.03,16.05.2024 08:40:01
0,280.13,1494,1269,25.77,54.57,0,11.06,16.05.2024 08:40:03
0,282.00,1504,1272,25.75,54.69,0,11.37,16.05.2024 08:40:05
0,281.06,1499,1272,25.78,54.85,0,11.11,16.05.2024 08:40:07
0,281.25,1500,1272,25.78,54.84,0,11.15,16.05.2024 08:40:09
0,277.50,1480,1271,25.75,54.89,0,10.51,16.05.2024 08:40:11
0,281.81,1503,1270,25.80,54.91,0,11.21,16.05.2024 08:40:13
0,277.31,1479,1269,25.80,54.93,0,10.42,16.05.2024 08:40:15
0,272.06,1451,1268,25.78,54.95,0,9.55,16.05.2024 08:40:17
0,278.25,1484,1265,25.80,54.92,0,10.58,16.05.2024 08:40:20
0,273.00,1456,1263,25.80,54.89,0,9.71,16.05.2024 08:40:24
0,271.69,1449,1261,25.81,54.81,0,9.50,16.05.2024 08:40:26
0,271.69,1449,1258,25.81,54.79,0,9.51,16.05.2024 08:40:28
0,273.75,1460,1253,25.82,54.75,0,9.85,16.05.2024 08:40:30
0,270.75,1444,1246,25.82,54.65,0,9.39,16.05.2024 08:40:32
0,270.19,1441,1226,25.82,54.61,0,9.31,16.05.2024 08:40:34
0,266.25,1420,1181,25.84,54.56,0,8.69,16.05.2024 08:40:36
0,264.19,1409,1175,25.85,54.54,0,8.37,16.05.2024 08:40:39
0,263.63,1406,1151,25.84,54.49,0,8.31,16.05.2024 08:40:41
0,263.81,1407,1133,25.82,54.45,0,8.36,16.05.2024 08:40:43
0,264.19,1409,1120,25.84,54.43,0,8.41,16.05.2024 08:40:45
0,261.38,1394,1111,25.84,54.43,0,7.99,16.05.2024 08:40:47
0,262.88,1402,1104,25.84,54.44,0,8.21,16.05.2024 08:40:49
0,267.56,1427,1099,25.85,54.41,0,8.93,16.05.2024 08:40:51
0,264.00,1408,1095,25.87,54.44,0,8.36,16.05.2024 08:40:53
0,264.94,1413,1087,25.85,54.45,0,8.51,16.05.2024 08:40:56
0,263.81,1407,1080,25.85,54.41,0,8.35,16.05.2024 08:40:58
0,264.94,1413,1079,25.87,54.63,0,8.45,16.05.2024 08:41:00
0,264.56,1411,1075,25.87,54.75,0,8.36,16.05.2024 08:41:02
0,260.81,1391,1072,25.89,54.84,0,7.75,16.05.2024 08:41:04
0,264.94,1413,1067,25.88,54.87,0,8.37,16.05.2024 08:41:06
0,258.75,1380,1066,25.89,54.94,0,7.43,16.05.2024 08:41:08
0,259.69,1385,1061,25.88,54.97,0,7.57,16.05.2024 08:41:10
0,261.56,1395,1060,25.87,55.04,0,7.83,16.05.2024 08:41:12
0,259.50,1384,1054,25.89,55.07,0,7.51,16.05.2024 08:41:15
0,256.69,1369,1053,25.91,55.10,0,7.09,16.05.2024 08:41:17
0,252.94,1349,1047,25.92,55.15,0,6.57,16.05.2024 08:41:19
0,257.63,1374,1044,25.91,55.15,0,7.21,16.05.2024 08:41:21
0,260.63,1390,1040,25.92,55.18,0,7.62,16.05.2024 08:41:23
0,257.63,1374,1036,25.92,55.20,0,7.19,16.05.2024 08:41:25
0,256.13,1366,1028,25.91,55.18,0,7.00,16.05.2024 08:41:27
0,257.63,1374,1025,25.92,55.17,0,7.20,16.05.2024 08:41:29
0,255.75,1364,1019,25.95,55.17,0,6.91,16.05.2024 08:41:32
0,254.81,1359,1003,25.92,55.19,0,6.81,16.05.2024 08:41:34
0,252.75,1348,990,25.96,55.21,0,6.50,16.05.2024 08:41:36
0,254.63,1358,960,25.95,55.18,0,6.76,16.05.2024 08:41:38
0,256.69,1369,935,25.94,55.16,0,7.06,16.05.2024 08:41:40
0,255.56,1363,928,25.98,55.17,0,6.87,16.05.2024 08:41:42
0,256.50,1368,925,25.96,55.20,0,7.00,16.05.2024 08:41:44
0,256.31,1367,927,25.96,55.21,0,6.97,16.05.2024 08:41:46
0,254.06,1355,922,25.96,55.24,0,6.66,16.05.2024 08:41:49
0,251.63,1342,920,25.96,55.24,0,6.34,16.05.2024 08:41:51
0,255.56,1363,917,25.98,55.31,0,6.84,16.05.2024 08:41:53
0,255.56,1363,915,25.98,55.31,0,6.84,16.05.2024 08:41:55
0,251.81,1343,916,25.98,55.35,0,6.33,16.05.2024 08:41:57
0,251.63,1342,914,26.01,55.36,0,6.28,16.05.2024 08:41:59
0,255.19,1361,912,25.98,55.40,0,6.76,16.05.2024 08:42:01
0,256.31,1367,909,26.01,55.43,0,6.89,16.05.2024 08:42:03
0,255.00,1360,906,26.01,55.45,0,6.70,16.05.2024 08:42:05
0,256.50,1368,902,26.02,55.52,0,6.88,16.05.2024 08:42:08
0,252.00,1344,900,26.02,55.57,0,6.27,16.05.2024 08:42:10
0,253.88,1354,896,26.03,55.59,0,6.50,16.05.2024 08:42:12
0,257.63,1374,895,26.05,55.69,0,6.97,16.05.2024 08:42:14
0,252.19,1345,892,26.05,55.71,0,6.25,16.05.2024 08:42:16
0,254.81,1359,889,26.02,55.79,0,6.59,16.05.2024 08:42:18
0,254.06,1355,888,26.06,55.85,0,6.45,16.05.2024 08:42:20
0,256.50,1368,884,26.08,55.91,0,6.74,16.05.2024 08:42:22
0,256.31,1367,882,26.05,55.94,0,6.73,16.05.2024 08:42:25
0,253.50,1352,879,26.05,55.99,0,6.35,16.05.2024 08:42:27
0,256.13,1366,878,26.06,56.05,0,6.67,16.05.2024 08:42:29
0,258.00,1376,874,26.06,56.10,0,6.91,16.05.2024 08:42:31
0,252.19,1345,872,26.06,56.18,0,6.13,16.05.2024 08:42:33
0,254.44,1357,870,26.09,56.24,0,6.39,16.05.2024 08:42:35
0,254.06,1355,866,26.09,56.28,0,6.33,16.05.2024 08:42:37
0,256.50,1368,865,26.12,56.38,0,6.60,16.05.2024 08:42:39
0,260.06,1387,860,26.11,56.45,0,7.07,16.05.2024 08:42:42
0,258.00,1376,857,26.09,56.50,0,6.79,16.05.2024 08:42:44
0,255.38,1362,850,26.12,56.59,0,6.41,16.05.2024 08:42:46
0,257.06,1371,842,26.12,56.61,0,6.62,16.05.2024 08:42:48
0,255.94,1365,834,26.11,56.67,0,6.47,16.05.2024 08:42:50
0,257.25,1372,828,26.11,56.75,0,6.62,16.05.2024 08:42:52
0,253.69,1353,824,26.13,56.81,0,6.13,16.05.2024 08:42:54
0,257.63,1374,824,26.12,56.91,0,6.63,16.05.2024 08:42:56
0,257.81,1375,819,26.13,56.95,0,6.63,16.05.2024 08:42:58
0,253.88,1354,815,26.15,57.06,0,6.09,16.05.2024 08:43:01
0,259.50,1384,813,26.15,57.11,0,6.80,16.05.2024 08:43:03
0,256.50,1368,812,26.15,57.16,0,6.40,16.05.2024 08:43:05
0,255.75,1364,809,26.18,57.24,0,6.26,16.05.2024 08:43:07
0,255.00,1360,810,26.16,57.31,0,6.16,16.05.2024 08:43:09
0,252.94,1349,809,26.21,57.37,0,5.86,16.05.2024 08:43:11
0,254.06,1355,808,26.18,57.46,0,6.01,16.05.2024 08:43:13
0,258.94,1381,804,26.18,57.51,0,6.61,16.05.2024 08:43:15
0,258.00,1376,802,26.19,57.59,0,6.46,16.05.2024 08:43:18
0,259.88,1386,802,26.19,57.64,0,6.69,16.05.2024 08:43:20
0,258.94,1381,802,26.22,57.71,0,6.53,16.05.2024 08:43:22
0,256.50,1368,803,26.19,57.80,0,6.22,16.05.2024 08:43:24
0,258.94,1381,803,26.22,57.83,0,6.51,16.05.2024 08:43:26
0,256.31,1367,801,26.22,57.89,0,6.16,16.05.2024 08:43:28
0,258.94,1381,802,26.23,57.95,0,6.47,16.05.2024 08:43:30
0,260.63,1390,802,26.21,58.05,0,6.69,16.05.2024 08:43:32
0,259.13,1382,801,26.23,58.08,0,6.46,16.05.2024 08:43:35
0,259.88,1386,802,26.23,58.11,0,6.55,16.05.2024 08:43:37
0,260.06,1387,800,26.25,58.20,0,6.54,16.05.2024 08:43:39
0,255.94,1365,799,26.23,58.26,0,6.02,16.05.2024 08:43:41
0,258.94,1381,798,26.25,58.30,0,6.38,16.05.2024 08:43:43
0,260.25,1388,798,26.26,58.36,0,6.52,16.05.2024 08:43:45
0,257.25,1372,797,26.28,58.47,0,6.11,16.05.2024 08:43:47
0,259.69,1385,796,26.26,58.49,0,6.42,16.05.2024 08:43:49
0,260.06,1387,795,26.28,58.53,0,6.45,16.05.2024 08:43:52
0,259.69,1385,793,26.26,58.60,0,6.40,16.05.2024 08:43:54
0,262.31,1399,792,26.26,58.63,0,6.72,16.05.2024 08:43:56
0,263.63,1406,791,26.31,58.74,0,6.84,16.05.2024 08:43:58
0,262.31,1399,790,26.29,58.72,0,6.68,16.05.2024 08:44:00
0,261.56,1395,790,26.29,58.81,0,6.56,16.05.2024 08:44:02
0,261.75,1396,790,26.28,58.82,0,6.60,16.05.2024 08:44:04
0,260.44,1389,789,26.31,58.91,0,6.39,16.05.2024 08:44:06
0,263.06,1403,788,26.28,58.95,0,6.74,16.05.2024 08:44:08
0,260.63,1390,787,26.29,59.00,0,6.40,16.05.2024 08:44:11
0,260.06,1387,788,26.33,59.05,0,6.29,16.05.2024 08:44:13
0,261.56,1395,787,26.29,59.12,0,6.49,16.05.2024 08:44:15
0,263.44,1405,786,26.32,59.13,0,6.71,16.05.2024 08:44:19
0,266.44,1421,785,26.31,59.21,0,7.10,16.05.2024 08:44:21
0,264.75,1412,785,26.32,59.23,0,6.86,16.05.2024 08:44:23
0,264.00,1408,785,26.36,59.31,0,6.71,16.05.2024 08:44:25
0,262.88,1402,785,26.35,59.34,0,6.57,16.05.2024 08:44:27
0,264.00,1408,784,26.35,59.42,0,6.69,16.05.2024 08:44:30
0,264.19,1409,784,26.33,59.45,0,6.72,16.05.2024 08:44:32
0,260.06,1387,785,26.36,59.48,0,6.17,16.05.2024 08:44:34
0,261.94,1397,785,26.35,59.48,0,6.41,16.05.2024 08:44:36
0,261.75,1396,785,26.36,59.53,0,6.37,16.05.2024 08:44:38
0,263.44,1405,784,26.39,59.61,0,6.54,16.05.2024 08:44:40
0,262.69,1401,783,26.39,59.65,0,6.44,16.05.2024 08:44:42
0,262.31,1399,782,26.38,59.72,0,6.39,16.05.2024 08:44:44
0,263.06,1403,782,26.39,59.74,0,6.46,16.05.2024 08:44:46
0,263.44,1405,782,26.38,59.81,0,6.51,16.05.2024 08:44:49
0,262.13,1398,781,26.38,59.85,0,6.34,16.05.2024 08:44:51
0,263.25,1404,781,26.39,59.88,0,6.46,16.05.2024 08:44:53
0,263.25,1404,780,26.40,59.93,0,6.44,16.05.2024 08:44:55
0,262.31,1399,780,26.39,59.93,0,6.33,16.05.2024 08:44:57
0,264.38,1410,779,26.40,60.05,0,6.55,16.05.2024 08:44:59
0,262.88,1402,779,26.42,60.05,0,6.35,16.05.2024 08:45:01
0,262.31,1399,779,26.42,60.12,0,6.27,16.05.2024 08:45:03
0,262.88,1402,779,26.45,60.14,0,6.31,16.05.2024 08:45:06
0,265.13,1414,779,26.43,60.15,0,6.60,16.05.2024 08:45:08
0,265.13,1414,780,26.43,60.19,0,6.59,16.05.2024 08:45:10
0,266.63,1422,779,26.42,60.25,0,6.78,16.05.2024 08:45:12
0,266.44,1421,779,26.45,60.29,0,6.72,16.05.2024 08:45:14
0,267.00,1424,779,26.42,60.34,0,6.81,16.05.2024 08:45:16
0,269.25,1436,779,26.43,60.37,0,7.08,16.05.2024 08:45:18
0,270.00,1440,779,26.46,60.37,0,7.16,16.05.2024 08:45:20
0,270.75,1444,779,26.47,60.43,0,7.23,16.05.2024 08:45:23
0,269.06,1435,778,26.47,60.45,0,7.00,16.05.2024 08:45:25
0,269.06,1435,778,26.45,60.48,0,7.02,16.05.2024 08:45:27
0,264.94,1413,778,26.49,60.56,0,6.44,16.05.2024 08:45:29
0,269.06,1435,777,26.46,60.57,0,6.99,16.05.2024 08:45:31
0,272.25,1452,777,26.47,60.60,0,7.39,16.05.2024 08:45:33
0,267.38,1426,776,26.47,60.60,0,6.75,16.05.2024 08:45:35
0,268.13,1430,775,26.46,60.68,0,6.84,16.05.2024 08:45:37
0,270.19,1441,775,26.50,60.72,0,7.06,16.05.2024 08:45:40
0,269.44,1437,775,26.50,60.74,0,6.96,16.05.2024 08:45:42
0,271.88,1450,774,26.47,60.78,0,7.29,16.05.2024 08:45:44
0,273.00,1456,775,26.50,60.79,0,7.42,16.05.2024 08:45:46
0,271.88,1450,774,26.47,60.81,0,7.29,16.05.2024 08:45:48
0,267.75,1428,775,26.47,60.81,0,6.75,16.05.2024 08:45:50
0,267.94,1429,775,26.50,60.89,0,6.73,16.05.2024 08:45:52
0,274.13,1462,775,26.50,60.90,0,7.54,16.05.2024 08:45:54
0,270.56,1443,775,26.50,60.93,0,7.06,16.05.2024 08:45:56
0,270.00,1440,774,26.52,60.95,0,6.97,16.05.2024 08:45:59
0,274.69,1465,774,26.50,61.00,0,7.59,16.05.2024 08:46:01
0,272.06,1451,775,26.50,61.04,0,7.23,16.05.2024 08:46:03
0,272.25,1452,775,26.49,61.05,0,7.27,16.05.2024 08:46:05
0,268.88,1434,776,26.53,61.06,0,6.79,16.05.2024 08:46:07
0,269.81,1439,775,26.53,61.11,0,6.90,16.05.2024 08:46:09
0,270.75,1444,776,26.52,61.13,0,7.02,16.05.2024 08:46:11
0,271.13,1446,775,26.53,61.14,0,7.06,16.05.2024 08:46:13
0,267.56,1427,775,26.55,61.17,0,6.58,16.05.2024 08:46:16
0,272.63,1454,774,26.55,61.24,0,7.22,16.05.2024 08:46:18
0,272.44,1453,774,26.55,61.26,0,7.19,16.05.2024 08:46:20
0,275.44,1469,773,26.56,61.28,0,7.57,16.05.2024 08:46:22
0,276.00,1472,773,26.56,61.26,0,7.65,16.05.2024 08:46:24
0,273.38,1458,773,26.56,61.32,0,7.29,16.05.2024 08:46:26
0,275.81,1471,774,26.57,61.33,0,7.60,16.05.2024 08:46:28
0,273.38,1458,774,26.55,61.38,0,7.28,16.05.2024 08:46:30
0,269.44,1437,774,26.55,61.39,0,6.77,16.05.2024 08:46:32
0,269.06,1435,774,26.56,61.45,0,6.70,16.05.2024 08:46:35
0,273.56,1459,774,26.57,61.48,0,7.26,16.05.2024 08:46:37
0,276.19,1473,775,26.60,61.46,0,7.59,16.05.2024 08:46:39
0,272.81,1455,775,26.60,61.46,0,7.14,16.05.2024 08:46:41
0,273.75,1460,774,26.59,61.50,0,7.27,16.05.2024 08:46:43
0,274.50,1464,774,26.59,61.54,0,7.36,16.05.2024 08:46:45
0,273.94,1461,774,26.60,61.53,0,7.27,16.05.2024 08:46:47
0,277.31,1479,774,26.60,61.54,0,7.72,16.05.2024 08:46:49
0,276.94,1477,773,26.59,61.59,0,7.67,16.05.2024 08:46:52
0,272.44,1453,774,26.59,61.60,0,7.07,16.05.2024 08:46:54
0,273.56,1459,773,26.62,61.64,0,7.18,16.05.2024 08:46:56
0,274.88,1466,773,26.63,61.65,0,7.34,16.05.2024 08:46:58
0,273.75,1460,772,26.62,61.71,0,7.19,16.05.2024 08:47:00
0,275.44,1469,772,26.62,61.70,0,7.42,16.05.2024 08:47:02
0,273.00,1456,773,26.63,61.72,0,7.08,16.05.2024 08:47:04
0,275.06,1467,772,26.64,61.73,0,7.33,16.05.2024 08:47:06
0,274.13,1462,773,26.63,61.74,0,7.22,16.05.2024 08:47:09
0,274.88,1466,773,26.64,61.77,0,7.30,16.05.2024 08:47:11
0,274.69,1465,773,26.63,61.77,0,7.29,16.05.2024 08:47:13
0,276.94,1477,773,26.63,61.83,0,7.57,16.05.2024 08:47:15
0,274.88,1466,773,26.64,61.85,0,7.28,16.05.2024 08:47:17
0,275.81,1471,773,26.63,61.90,0,7.40,16.05.2024 08:47:19
0,274.31,1463,772,26.63,61.90,0,7.21,16.05.2024 08:47:21
0,275.81,1471,772,26.64,61.90,0,7.39,16.05.2024 08:47:23
0,271.69,1449,772,26.64,61.93,0,6.85,16.05.2024 08:47:26
0,277.50,1480,772,26.64,61.98,0,7.59,16.05.2024 08:47:28
0,273.75,1460,773,26.67,61.93,0,7.09,16.05.2024 08:47:30
0,276.75,1476,773,26.64,61.98,0,7.49,16.05.2024 08:47:32
0,274.88,1466,773,26.67,62.01,0,7.22,16.05.2024 08:47:34
0,276.38,1474,774,26.66,62.03,0,7.42,16.05.2024 08:47:36
0,285.56,1523,774,26.70,62.01,0,8.65,16.05.2024 08:47:38
0,289.50,1544,774,26.67,62.07,0,9.25,16.05.2024 08:47:40
0,299.06,1595,774,26.66,62.07,0,10.76,16.05.2024 08:47:42
0,303.38,1618,775,26.66,62.14,0,11.45,16.05.2024 08:47:45
0,312.19,1665,775,26.70,62.11,0,12.95,16.05.2024 08:47:47
0,317.44,1693,775,26.67,62.14,0,13.95,16.05.2024 08:47:49
0,324.00,1728,775,26.68,62.14,0,15.22,16.05.2024 08:47:51
0,324.94,1733,776,26.70,62.13,0,15.38,16.05.2024 08:47:53
0,331.13,1766,776,26.70,62.17,0,16.64,16.05.2024 08:47:55
0,334.31,1783,777,26.68,62.19,0,17.35,16.05.2024 08:47:57
0,343.31,1831,777,26.71,62.20,0,19.32,16.05.2024 08:47:59
0,337.88,1802,777,26.70,62.23,0,18.09,16.05.2024 08:48:02
0,341.81,1823,776,26.68,62.25,0,19.00,16.05.2024 08:48:04
0,346.13,1846,777,26.71,62.24,0,19.96,16.05.2024 08:48:06
0,343.50,1832,777,26.71,62.28,0,19.32,16.05.2024 08:48:08
0,345.75,1844,777,26.71,62.27,0,19.85,16.05.2024 08:48:10
0,348.19,1857,777,26.71,62.35,0,20.39,16.05.2024 08:48:12
0,349.13,1862,776,26.71,62.34,0,20.62,16.05.2024 08:48:14
0,350.25,1868,777,26.71,62.34,0,20.90,16.05.2024 08:48:16
0,345.00,1840,777,26.73,62.37,0,19.59,16.05.2024 08:48:19
0,348.19,1857,777,26.74,62.39,0,20.32,16.05.2024 08:48:21
0,347.63,1854,777,26.71,62.38,0,20.24,16.05.2024 08:48:25
0,349.31,1863,777,26.73,62.39,0,20.61,16.05.2024 08:48:27
0,351.00,1872,778,26.76,62.43,0,20.94,16.05.2024 08:48:29
0,348.56,1859,778,26.74,62.46,0,20.37,16.05.2024 08:48:31
0,352.88,1882,777,26.74,62.47,0,21.42,16.05.2024 08:48:33
0,349.31,1863,777,26.73,62.46,0,20.58,16.05.2024 08:48:35
0,349.50,1864,778,26.74,62.50,0,20.57,16.05.2024 08:48:37
0,345.38,1842,779,26.77,62.49,0,19.53,16.05.2024 08:48:40
0,345.00,1840,779,26.76,62.54,0,19.44,16.05.2024 08:48:42
0,346.31,1847,779,26.76,62.55,0,19.74,16.05.2024 08:48:44
0,348.75,1860,779,26.76,62.56,0,20.32,16.05.2024 08:48:46
0,349.69,1865,780,26.77,62.55,0,20.52,16.05.2024 08:48:48
0,348.00,1856,779,26.76,62.59,0,20.12,16.05.2024 08:48:50
0,348.00,1856,780,26.76,62.62,0,20.10,16.05.2024 08:48:52
0,345.19,1841,781,26.79,62.62,0,19.39,16.05.2024 08:48:54
0,347.06,1851,780,26.79,62.62,0,19.83,16.05.2024 08:48:57
0,349.31,1863,780,26.74,62.63,0,20.45,16.05.2024 08:48:59
0,346.88,1850,780,26.77,62.68,0,19.78,16.05.2024 08:49:01
0,347.63,1854,780,26.80,62.67,0,19.90,16.05.2024 08:49:03
0,351.19,1873,780,26.76,62.70,0,20.83,16.05.2024 08:49:05
0,349.69,1865,781,26.79,62.70,0,20.41,16.05.2024 08:49:07
0,350.81,1871,781,26.77,62.70,0,20.71,16.05.2024 08:49:09
0,348.56,1859,781,26.77,62.73,0,20.15,16.05.2024 08:49:11
0,348.94,1861,781,26.79,62.77,0,20.19,16.05.2024 08:49:13
0,351.19,1873,780,26.79,62.75,0,20.74,16.05.2024 08:49:16
0,349.88,1866,781,26.80,62.78,0,20.38,16.05.2024 08:49:18
0,354.56,1891,781,26.80,62.82,0,21.50,16.05.2024 08:49:20
0,355.31,1895,782,26.79,62.83,0,21.72,16.05.2024 08:49:22
0,356.44,1901,782,26.79,62.84,0,21.99,16.05.2024 08:49:24
0,358.50,1912,782,26.79,62.88,0,22.50,16.05.2024 08:49:26
0,357.56,1907,783,26.80,62.85,0,22.24,16.05.2024 08:49:28
0,357.94,1909,783,26.80,62.92,0,22.29,16.05.2024 08:49:30
0,359.81,1919,783,26.82,62.90,0,22.75,16.05.2024 08:49:33
0,358.69,1913,784,26.80,62.91,0,22.49,16.05.2024 08:49:35
0,357.00,1904,783,26.82,62.93,0,22.01,16.05.2024 08:49:37
0,360.00,1920,783,26.80,62.95,0,22.80,16.05.2024 08:49:39
0,360.00,1920,784,26.80,62.97,0,22.79,16.05.2024 08:49:41
0,356.44,1901,783,26.82,62.96,0,21.85,16.05.2024 08:49:43
0,356.81,1903,784,26.83,62.99,0,21.90,16.05.2024 08:49:45
0,360.19,1921,784,26.80,63.03,0,22.80,16.05.2024 08:49:47
0,359.63,1918,784,26.80,63.02,0,22.66,16.05.2024 08:49:50
0,358.88,1914,784,26.80,63.01,0,22.47,16.05.2024 08:49:52
0,354.00,1888,784,26.83,63.03,0,21.18,16.05.2024 08:49:54
0,360.94,1925,784,26.84,63.06,0,22.88,16.05.2024 08:49:56
0,359.25,1916,784,26.83,63.05,0,22.49,16.05.2024 08:49:58
0,361.13,1926,784,26.82,63.07,0,22.98,16.05.2024 08:50:00
0,361.50,1928,784,26.83,63.09,0,23.04,16.05.2024 08:50:02
0,362.44,1933,784,26.84,63.09,0,23.25,16.05.2024 08:50:04
0,361.50,1928,785,26.83,63.11,0,23.03,16.05.2024 08:50:06
0,359.44,1917,785,26.83,63.10,0,22.50,16.05.2024 08:50:09
0,361.69,1929,786,26.84,63.18,0,23.00,16.05.2024 08:50:11
0,360.94,1925,785,26.84,63.12,0,22.84,16.05.2024 08:50:13
0,361.88,1930,786,26.83,63.14,0,23.10,16.05.2024 08:50:15
0,358.69,1913,785,26.86,63.15,0,22.21,16.05.2024 08:50:17
0,360.94,1925,786,26.84,63.19,0,22.80,16.05.2024 08:50:19
0,362.06,1931,786,26.86,63.17,0,23.06,16.05.2024 08:50:21
0,363.75,1940,785,26.84,63.21,0,23.52,16.05.2024 08:50:23
0,362.81,1935,786,26.86,63.19,0,23.25,16.05.2024 08:50:26
0,361.50,1928,786,26.86,63.22,0,22.89,16.05.2024 08:50:28
0,363.75,1940,786,26.87,63.24,0,23.43,16.05.2024 08:50:30
0,360.56,1923,785,26.86,63.24,0,22.64,16.05.2024 08:50:32
0,367.88,1962,785,26.86,63.25,0,24.56,16.05.2024 08:50:34
0,365.63,1950,785,26.86,63.29,0,23.93,16.05.2024 08:50:36
0,361.50,1928,785,26.87,63.27,0,22.83,16.05.2024 08:50:38
0,363.38,1938,785,26.89,63.28,0,23.27,16.05.2024 08:50:40
0,364.13,1942,786,26.87,63.30,0,23.49,16.05.2024 08:50:43
0,367.69,1961,786,26.89,63.29,0,24.41,16.05.2024 08:50:45
0,358.88,1914,786,26.89,63.32,0,22.10,16.05.2024 08:50:47
0,366.56,1955,786,26.87,63.32,0,24.12,16.05.2024 08:50:49
0,367.50,1960,787,26.89,63.32,0,24.34,16.05.2024 08:50:51
0,364.13,1942,787,26.89,63.37,0,23.42,16.05.2024 08:50:53
0,364.13,1942,787,26.87,63.36,0,23.45,16.05.2024 08:50:55
0,363.75,1940,787,26.87,63.38,0,23.34,16.05.2024 08:50:57
0,363.56,1939,787,26.90,63.39,0,23.22,16.05.2024 08:50:59
0,366.75,1956,787,26.89,63.37,0,24.11,16.05.2024 08:51:02
0,363.75,1940,787,26.90,63.41,0,23.26,16.05.2024 08:51:04
0,366.00,1952,787,26.87,63.41,0,23.91,16.05.2024 08:51:06
0,366.38,1954,788,26.90,63.44,0,23.92,16.05.2024 08:51:08
0,364.88,1946,788,26.91,63.45,0,23.49,16.05.2024 08:51:10
0,366.56,1955,788,26.90,63.48,0,23.95,16.05.2024 08:51:12
0,367.50,1960,788,26.90,63.44,0,24.22,16.05.2024 08:51:14
0,368.25,1964,788,26.90,63.47,0,24.41,16.05.2024 08:51:16
0,366.94,1957,789,26.90,63.45,0,24.07,16.05.2024 08:51:19
0,366.75,1956,789,26.93,63.49,0,23.93,16.05.2024 08:51:21
0,370.13,1974,789,26.91,63.51,0,24.85,16.05.2024 08:51:23
0,365.81,1951,789,26.90,63.50,0,23.74,16.05.2024 08:51:25
0,365.06,1947,789,26.89,63.50,0,23.58,16.05.2024 08:51:27
0,367.50,1960,790,26.90,63.52,0,24.17,16.05.2024 08:51:29
0,366.19,1953,790,26.93,63.52,0,23.76,16.05.2024 08:51:31
0,368.63,1966,790,26.93,63.56,0,24.38,16.05.2024 08:51:33
0,369.75,1972,790,26.91,63.55,0,24.72,16.05.2024 08:51:36
0,369.94,1973,790,26.94,63.54,0,24.72,16.05.2024 08:51:38
0,370.50,1976,790,26.90,63.53,0,24.97,16.05.2024 08:51:40
0,366.56,1955,790,26.93,63.60,0,23.81,16.05.2024 08:51:42
0,369.19,1969,790,26.93,63.59,0,24.52,16.05.2024 08:51:44
0,369.56,1971,790,26.93,63.59,0,24.62,16.05.2024 08:51:46
0,370.31,1975,790,26.94,63.60,0,24.78,16.05.2024 08:51:48
0,366.94,1957,790,26.93,63.60,0,23.91,16.05.2024 08:51:50
0,369.38,1970,791,26.94,63.63,0,24.50,16.05.2024 08:51:52
0,367.88,1962,791,26.94,63.65,0,24.09,16.05.2024 08:51:55
0,366.75,1956,791,26.96,63.64,0,23.76,16.05.2024 08:51:57
0,371.44,1981,791,26.94,63.66,0,25.04,16.05.2024 08:51:59
0,369.56,1971,791,26.94,63.66,0,24.53,16.05.2024 08:52:01
0,368.63,1966,791,26.93,63.65,0,24.32,16.05.2024 08:52:03
0,368.06,1963,791,26.96,63.68,0,24.08,16.05.2024 08:52:05
0,368.25,1964,791,26.94,63.71,0,24.15,16.05.2024 08:52:07
0,368.44,1965,791,26.94,63.71,0,24.20,16.05.2024 08:52:09
0,370.69,1977,791,26.94,63.65,0,24.85,16.05.2024 08:52:12
0,371.06,1979,791,26.94,63.75,0,24.88,16.05.2024 08:52:14
0,371.06,1979,791,26.96,63.70,0,24.88,16.05.2024 08:52:16
0,366.75,1956,791,26.96,63.72,0,23.71,16.05.2024 08:52:18
0,370.69,1977,791,26.93,63.73,0,24.82,16.05.2024 08:52:20
0,368.81,1967,791,26.94,63.74,0,24.28,16.05.2024 08:52:22
0,372.94,1989,792,26.96,63.76,0,25.35,16.05.2024 08:52:26
0,368.44,1965,792,26.97,63.76,0,24.10,16.05.2024 08:52:28
0,369.56,1971,792,26.97,63.77,0,24.39,16.05.2024 08:52:31
0,369.19,1969,792,26.97,63.79,0,24.28,16.05.2024 08:52:33
0,369.94,1973,792,26.96,63.83,0,24.48,16.05.2024 08:52:35
0,371.06,1979,792,26.97,63.79,0,24.78,16.05.2024 08:52:37
0,372.00,1984,792,26.97,63.81,0,25.02,16.05.2024 08:52:39
0,369.19,1969,793,26.97,63.79,0,24.28,16.05.2024 08:52:41
0,364.13,1942,793,26.97,63.79,0,22.95,16.05.2024 08:52:43
0,368.44,1965,794,26.97,63.82,0,24.06,16.05.2024 08:52:45
0,364.13,1942,794,26.98,63.85,0,22.88,16.05.2024 08:52:47
0,365.44,1949,794,26.97,63.84,0,23.26,16.05.2024 08:52:50
0,368.44,1965,795,26.97,63.87,0,24.02,16.05.2024 08:52:52
0,369.38,1970,795,26.98,63.86,0,24.25,16.05.2024 08:52:54
0,370.69,1977,795,26.98,63.87,0,24.59,16.05.2024 08:52:56
0,367.88,1962,795,26.98,63.93,0,23.81,16.05.2024 08:52:58
0,367.50,1960,796,26.98,63.92,0,23.72,16.05.2024 08:53:00
0,367.31,1959,795,26.98,63.88,0,23.69,16.05.2024 08:53:02
0,371.63,1982,796,26.98,63.86,0,24.85,16.05.2024 08:53:04
0,370.69,1977,797,27.00,63.90,0,24.54,16.05.2024 08:53:07
0,368.25,1964,798,27.01,63.91,0,23.85,16.05.2024 08:53:09
0,367.50,1960,798,27.00,63.93,0,23.67,16.05.2024 08:53:11
0,368.25,1964,798,27.00,63.97,0,23.84,16.05.2024 08:53:13
0,370.69,1977,798,26.98,63.96,0,24.54,16.05.2024 08:53:15
0,371.63,1982,798,27.00,63.95,0,24.75,16.05.2024 08:53:17
0,370.69,1977,797,27.00,63.98,0,24.48,16.05.2024 08:53:19
0,374.63,1998,797,26.97,63.96,0,25.64,16.05.2024 08:53:21
0,372.56,1987,797,26.98,63.96,0,25.04,16.05.2024 08:53:24
0,376.13,2006,797,26.98,64.01,0,25.99,16.05.2024 08:53:26
0,375.38,2002,798,27.01,64.00,0,25.71,16.05.2024 08:53:28
0,374.44,1997,797,27.01,64.02,0,25.44,16.05.2024 08:53:30
0,376.88,2010,796,27.00,64.03,0,26.14,16.05.2024 08:53:32
0,375.94,2005,796,27.01,64.04,0,25.84,16.05.2024 08:53:34
0,377.25,2012,796,27.00,64.02,0,26.25,16.05.2024 08:53:36
0,377.63,2014,796,26.98,64.04,0,26.39,16.05.2024 08:53:38
0,376.69,2009,796,26.98,64.05,0,26.12,16.05.2024 08:53:40
0,375.56,2003,796,27.01,64.07,0,25.72,16.05.2024 08:53:43
0,378.00,2016,796,26.98,64.08,0,26.46,16.05.2024 08:53:45
0,377.63,2014,796,27.01,64.07,0,26.28,16.05.2024 08:53:47
0,375.19,2001,796,27.00,64.11,0,25.61,16.05.2024 08:53:49
0,375.94,2005,797,27.00,64.08,0,25.84,16.05.2024 08:53:51
0,378.00,2016,797,27.01,64.09,0,26.38,16.05.2024 08:53:53
0,378.19,2017,798,27.01,64.13,0,26.41,16.05.2024 08:53:55
0,375.75,2004,798,27.01,64.12,0,25.73,16.05.2024 08:53:57
0,377.81,2015,799,27.01,64.12,0,26.31,16.05.2024 08:54:00
0,380.44,2029,798,27.00,64.13,0,27.07,16.05.2024 08:54:02
0,375.56,2003,798,27.01,64.15,0,25.66,16.05.2024 08:54:04
0,374.25,1996,798,27.01,64.14,0,25.31,16.05.2024 08:54:06
0,376.13,2006,798,27.00,64.17,0,25.84,16.05.2024 08:54:08
0,374.06,1995,797,27.00,64.15,0,25.28,16.05.2024 08:54:10
0,378.94,2021,797,27.03,64.18,0,26.54,16.05.2024 08:54:12
0,376.13,2006,797,27.01,64.18,0,25.79,16.05.2024 08:54:14
0,375.75,2004,798,27.01,64.19,0,25.68,16.05.2024 08:54:17
0,375.56,2003,797,27.01,64.19,0,25.63,16.05.2024 08:54:19
0,376.13,2006,797,27.03,64.21,0,25.74,16.05.2024 08:54:21
0,377.06,2011,797,27.01,64.25,0,26.01,16.05.2024 08:54:23
0,375.94,2005,797,27.01,64.21,0,25.72,16.05.2024 08:54:25
0,376.50,2008,798,27.01,64.23,0,25.86,16.05.2024 08:54:27
0,376.50,2008,798,27.03,64.24,0,25.82,16.05.2024 08:54:29
0,377.06,2011,797,27.03,64.23,0,25.98,16.05.2024 08:54:31
0,374.25,1996,798,27.03,64.24,0,25.20,16.05.2024 08:54:33
0,374.25,1996,799,27.03,64.27,0,25.18,16.05.2024 08:54:36
0,377.06,2011,800,27.03,64.26,0,25.96,16.05.2024 08:54:38
0,375.00,2000,800,27.03,64.26,0,25.39,16.05.2024 08:54:40
0,380.44,2029,800,27.04,64.29,0,26.86,16.05.2024 08:54:42
0,377.63,2014,801,27.03,64.29,0,26.10,16.05.2024 08:54:44
0,376.31,2007,800,27.04,64.31,0,25.69,16.05.2024 08:54:46
0,377.63,2014,801,27.04,64.29,0,26.07,16.05.2024 08:54:48
0,375.19,2001,801,27.04,64.31,0,25.37,16.05.2024 08:54:50
0,375.38,2002,801,27.04,64.31,0,25.43,16.05.2024 08:54:53
0,375.75,2004,801,27.06,64.33,0,25.48,16.05.2024 08:54:55
0,376.88,2010,802,27.07,64.32,0,25.76,16.05.2024 08:54:57
0,373.69,1993,802,27.03,64.33,0,24.99,16.05.2024 08:54:59
0,379.69,2025,802,27.06,64.33,0,26.57,16.05.2024 08:55:01
0,379.13,2022,802,27.07,64.33,0,26.37,16.05.2024 08:55:03
0,373.88,1994,802,27.04,64.37,0,24.98,16.05.2024 08:55:05
0,377.63,2014,802,27.04,64.34,0,26.03,16.05.2024 08:55:07
0,377.63,2014,802,27.06,64.40,0,25.94,16.05.2024 08:55:10
0,373.50,1992,803,27.06,64.41,0,24.81,16.05.2024 08:55:12
0,380.63,2030,802,27.06,64.39,0,26.79,16.05.2024 08:55:14
0,375.00,2000,802,27.04,64.41,0,25.26,16.05.2024 08:55:16
0,376.50,2008,803,27.04,64.41,0,25.67,16.05.2024 08:55:18
0,379.31,2023,803,27.06,64.39,0,26.42,16.05.2024 08:55:20
0,380.63,2030,803,27.06,64.41,0,26.78,16.05.2024 08:55:22
0,378.56,2019,803,27.07,64.42,0,26.15,16.05.2024 08:55:24
0,381.00,2032,803,27.03,64.41,0,26.97,16.05.2024 08:55:26
0,379.50,2024,803,27.04,64.46,0,26.47,16.05.2024 08:55:29
0,380.25,2028,803,27.04,64.42,0,26.71,16.05.2024 08:55:31
0,379.13,2022,804,27.06,64.47,0,26.31,16.05.2024 08:55:33
0,379.31,2023,804,27.07,64.45,0,26.34,16.05.2024 08:55:35
0,377.25,2012,804,27.07,64.47,0,25.76,16.05.2024 08:55:37
0,375.94,2005,804,27.08,64.50,0,25.34,16.05.2024 08:55:39
0,375.75,2004,804,27.06,64.47,0,25.38,16.05.2024 08:55:41
0,384.00,2048,804,27.06,64.50,0,27.68,16.05.2024 08:55:43
0,378.75,2020,805,27.08,64.50,0,26.12,16.05.2024 08:55:46
0,377.25,2012,805,27.06,64.48,0,25.78,16.05.2024 08:55:48
0,382.13,2038,806,27.07,64.50,0,27.11,16.05.2024 08:55:50
0,373.50,1992,807,27.07,64.48,0,24.73,16.05.2024 08:55:52
0,380.06,2027,807,27.07,64.54,0,26.49,16.05.2024 08:55:54
0,379.13,2022,807,27.07,64.51,0,26.25,16.05.2024 08:55:56
0,380.63,2030,807,27.07,64.54,0,26.65,16.05.2024 08:55:58
0,380.81,2031,808,27.07,64.52,0,26.71,16.05.2024 08:56:00
0,379.13,2022,808,27.10,64.53,0,26.16,16.05.2024 08:56:03
0,378.38,2018,808,27.08,64.57,0,25.97,16.05.2024 08:56:05
0,374.25,1996,808,27.07,64.58,0,24.87,16.05.2024 08:56:07
0,377.81,2015,808,27.10,64.54,0,25.79,16.05.2024 08:56:09
0,376.50,2008,808,27.07,64.60,0,25.46,16.05.2024 08:56:11
0,379.31,2023,808,27.08,64.57,0,26.23,16.05.2024 08:56:13
0,378.56,2019,809,27.10,64.63,0,25.94,16.05.2024 08:56:15
0,381.94,2037,809,27.07,64.60,0,26.98,16.05.2024 08:56:17
0,381.19,2033,809,27.08,64.59,0,26.74,16.05.2024 08:56:19
0,381.19,2033,809,27.10,64.59,0,26.70,16.05.2024 08:56:22
0,380.44,2029,809,27.08,64.62,0,26.50,16.05.2024 08:56:24
0,379.69,2025,809,27.07,64.64,0,26.32,16.05.2024 08:56:26
0,377.44,2013,810,27.08,64.63,0,25.66,16.05.2024 08:56:30
0,379.13,2022,810,27.08,64.65,0,26.11,16.05.2024 08:56:32
0,377.25,2012,810,27.10,64.68,0,25.55,16.05.2024 08:56:34
0,381.19,2033,810,27.08,64.65,0,26.69,16.05.2024 08:56:36
0,377.63,2014,810,27.06,64.66,0,25.77,16.05.2024 08:56:38
0,382.69,2041,810,27.08,64.67,0,27.10,16.05.2024 08:56:41
0,373.88,1994,811,27.10,64.67,0,24.64,16.05.2024 08:56:43
0,372.56,1987,811,27.11,64.70,0,24.23,16.05.2024 08:56:45
0,374.63,1998,811,27.10,64.67,0,24.84,16.05.2024 08:56:47
0,375.56,2003,811,27.08,64.72,0,25.09,16.05.2024 08:56:49
0,375.19,2001,812,27.08,64.69,0,25.01,16.05.2024 08:56:51
0,372.56,1987,812,27.10,64.73,0,24.25,16.05.2024 08:56:53
0,373.31,1991,812,27.08,64.74,0,24.47,16.05.2024 08:56:55
0,378.38,2018,812,27.10,64.74,0,25.81,16.05.2024 08:56:58
0,371.44,1981,812,27.08,64.73,0,23.99,16.05.2024 08:57:00
0,375.94,2005,812,27.10,64.73,0,25.15,16.05.2024 08:57:02
0,374.63,1998,812,27.11,64.78,0,24.73,16.05.2024 08:57:04
0,376.88,2010,813,27.11,64.72,0,25.37,16.05.2024 08:57:06
0,377.63,2014,813,27.10,64.75,0,25.60,16.05.2024 08:57:08
0,374.81,1999,813,27.07,64.75,0,24.90,16.05.2024 08:57:10
0,378.75,2020,814,27.11,64.79,0,25.84,16.05.2024 08:57:12
0,378.75,2020,814,27.08,64.78,0,25.93,16.05.2024 08:57:14
0,384.94,2053,814,27.10,64.80,0,27.62,16.05.2024 08:57:17
0,389.06,2075,815,27.10,64.80,0,28.83,16.05.2024 08:57:19
0,400.50,2136,815,27.11,64.79,0,32.31,16.05.2024 08:57:21
0,404.25,2156,815,27.10,64.83,0,33.55,16.05.2024 08:57:23
0,411.75,2196,815,27.10,64.83,0,36.08,16.05.2024 08:57:25
0,416.06,2219,816,27.10,64.81,0,37.61,16.05.2024 08:57:27
0,419.81,2239,816,27.10,64.81,0,38.97,16.05.2024 08:57:29
0,424.69,2265,815,27.08,64.85,0,40.79,16.05.2024 08:57:31
0,427.31,2279,816,27.11,64.83,0,41.69,16.05.2024 08:57:34
0,426.94,2277,816,27.08,64.85,0,41.64,16.05.2024 08:57:36
0,427.31,2279,816,27.10,64.85,0,41.73,16.05.2024 08:57:38
0,433.50,2312,818,27.11,64.86,0,44.07,16.05.2024 08:57:40
0,433.88,2314,818,27.11,64.85,0,44.23,16.05.2024 08:57:42
0,432.19,2305,818,27.11,64.85,0,43.56,16.05.2024 08:57:44
0,430.88,2298,818,27.11,64.88,0,43.01,16.05.2024 08:57:46
0,426.56,2275,819,27.10,64.88,0,41.41,16.05.2024 08:57:48
0,430.50,2296,819,27.10,64.88,0,42.93,16.05.2024 08:57:50
0,430.88,2298,819,27.11,64.88,0,43.01,16.05.2024 08:57:53
0,432.38,2306,819,27.11,64.90,0,43.57,16.05.2024 08:57:55
0,433.50,2312,819,27.11,64.89,0,44.03,16.05.2024 08:57:57
0,429.94,2293,819,27.11,64.86,0,42.67,16.05.2024 08:57:59
0,429.38,2290,819,27.11,64.92,0,42.38,16.05.2024 08:58:01
0,429.75,2292,819,27.13,64.94,0,42.45,16.05.2024 08:58:03
0,428.25,2284,818,27.10,64.91,0,42.03,16.05.2024 08:58:05
0,431.06,2299,819,27.11,64.92,0,43.04,16.05.2024 08:58:07
0,426.56,2275,819,27.13,64.94,0,41.23,16.05.2024 08:58:10
0,429.56,2291,819,27.13,64.94,0,42.38,16.05.2024 08:58:12
0,425.81,2271,820,27.14,64.97,0,40.86,16.05.2024 08:58:14
0,423.94,2261,819,27.13,64.97,0,40.21,16.05.2024 08:58:16
0,424.88,2266,820,27.13,64.94,0,40.60,16.05.2024 08:58:18
0,431.06,2299,820,27.11,64.97,0,42.99,16.05.2024 08:58:20
0,426.38,2274,820,27.13,64.96,0,41.14,16.05.2024 08:58:22
0,425.25,2268,821,27.10,64.98,0,40.81,16.05.2024 08:58:24
0,426.94,2277,821,27.14,64.98,0,41.28,16.05.2024 08:58:27
0,427.50,2280,821,27.13,65.03,0,41.49,16.05.2024 08:58:29
0,427.31,2279,821,27.13,65.02,0,41.43,16.05.2024 08:58:31
0,426.19,2273,821,27.10,65.02,0,41.12,16.05.2024 08:58:33
0,427.31,2279,821,27.15,65.03,0,41.30,16.05.2024 08:58:35
0,427.13,2278,822,27.13,65.01,0,41.37,16.05.2024 08:58:37
0,428.81,2287,823,27.11,65.04,0,42.04,16.05.2024 08:58:39
0,423.19,2257,822,27.13,65.02,0,39.88,16.05.2024 08:58:41
0,423.75,2260,823,27.11,65.03,0,40.13,16.05.2024 08:58:43
0,429.94,2293,822,27.13,65.04,0,42.41,16.05.2024 08:58:46
0,426.00,2272,823,27.13,65.05,0,40.90,16.05.2024 08:58:48
0,427.50,2280,822,27.13,65.06,0,41.46,16.05.2024 08:58:50
0,424.69,2265,823,27.13,65.07,0,40.39,16.05.2024 08:58:52
0,425.63,2270,823,27.13,65.06,0,40.75,16.05.2024 08:58:54
0,426.75,2276,823,27.14,65.05,0,41.13,16.05.2024 08:58:56
0,426.94,2277,823,27.13,65.09,0,41.21,16.05.2024 08:58:58
0,425.81,2271,824,27.14,65.08,0,40.74,16.05.2024 08:59:00
0,426.75,2276,824,27.13,65.07,0,41.16,16.05.2024 08:59:03
0,428.06,2283,825,27.13,65.06,0,41.67,16.05.2024 08:59:05
0,424.88,2266,824,27.14,65.08,0,40.39,16.05.2024 08:59:07
0,429.38,2290,824,27.13,65.09,0,42.14,16.05.2024 08:59:09
0,425.06,2267,824,27.14,65.10,0,40.44,16.05.2024 08:59:11
0,425.25,2268,825,27.13,65.12,0,40.54,16.05.2024 08:59:13
0,428.44,2285,825,27.15,65.13,0,41.62,16.05.2024 08:59:15
0,426.75,2276,825,27.14,65.12,0,41.05,16.05.2024 08:59:17
0,426.75,2276,826,27.14,65.16,0,41.02,16.05.2024 08:59:20
0,424.50,2264,826,27.13,65.11,0,40.28,16.05.2024 08:59:22
0,429.19,2289,827,27.15,65.15,0,41.89,16.05.2024 08:59:24
0,427.31,2279,827,27.13,65.12,0,41.32,16.05.2024 08:59:26
0,427.50,2280,827,27.14,65.13,0,41.32,16.05.2024 08:59:28
0,427.50,2280,827,27.11,65.16,0,41.41,16.05.2024 08:59:30
0,430.13,2294,826,27.15,65.17,0,42.23,16.05.2024 08:59:32
0,428.81,2287,826,27.15,65.17,0,41.72,16.05.2024 08:59:34
0,429.56,2291,826,27.15,65.18,0,42.00,16.05.2024 08:59:36
0,429.38,2290,826,27.14,65.17,0,42.00,16.05.2024 08:59:39
0,433.88,2314,826,27.15,65.17,0,43.69,16.05.2024 08:59:41
0,428.81,2287,827,27.13,65.17,0,41.84,16.05.2024 08:59:43
0,431.06,2299,827,27.15,65.18,0,42.58,16.05.2024 08:59:45
0,429.94,2293,827,27.13,65.19,0,42.25,16.05.2024 08:59:47
0,429.38,2290,827,27.14,65.20,0,41.97,16.05.2024 08:59:49
0,431.63,2302,827,27.14,65.22,0,42.82,16.05.2024 08:59:51
0,431.81,2303,827,27.15,65.23,0,42.81,16.05.2024 08:59:53
0,427.88,2282,826,27.14,65.22,0,41.38,16.05.2024 08:59:56
0,431.44,2301,827,27.15,65.24,0,42.65,16.05.2024 08:59:58
