2,165.00,880,969,13.80,69.79,0,0.88,16.05.2024 20:00:00
2,164.25,876,968,13.78,69.79,0,0.83,16.05.2024 20:00:02
2,163.50,872,968,13.78,69.80,0,0.77,16.05.2024 20:00:04
2,167.63,894,968,13.77,69.81,0,1.10,16.05.2024 20:00:06
2,165.38,882,969,13.80,69.81,0,0.91,16.05.2024 20:00:08
2,163.88,874,968,13.78,69.79,0,0.80,16.05.2024 20:00:12
2,163.13,870,969,13.77,69.77,0,0.74,16.05.2024 20:00:14
2,163.31,871,969,13.77,69.78,0,0.76,16.05.2024 20:00:16
2,164.06,875,969,13.78,69.81,0,0.81,16.05.2024 20:00:19
2,164.06,875,970,13.78,69.77,0,0.81,16.05.2024 20:00:21
2,161.25,860,970,13.78,69.80,0,0.59,16.05.2024 20:00:23
2,161.81,863,970,13.78,69.81,0,0.64,16.05.2024 20:00:25
2,164.25,876,970,13.78,69.78,0,0.83,16.05.2024 20:00:27
2,163.88,874,970,13.80,69.79,0,0.79,16.05.2024 20:00:29
2,162.94,869,969,13.75,69.78,0,0.73,16.05.2024 20:00:31
2,161.63,862,970,13.77,69.80,0,0.63,16.05.2024 20:00:33
2,164.06,875,970,13.78,69.80,0,0.81,16.05.2024 20:00:36
2,168.00,896,970,13.77,69.77,0,1.14,16.05.2024 20:00:38
2,156.56,835,971,13.77,69.80,0,0.26,16.05.2024 20:00:40
2,165.75,884,970,13.77,69.74,0,0.95,16.05.2024 20:00:42
2,167.81,895,970,13.75,69.76,0,1.12,16.05.2024 20:00:44
2,168.19,897,970,13.77,69.79,0,1.15,16.05.2024 20:00:46
2,164.25,876,970,13.77,69.81,0,0.83,16.05.2024 20:00:48
2,162.75,868,970,13.77,69.79,0,0.71,16.05.2024 20:00:50
2,162.94,869,970,13.75,69.78,0,0.73,16.05.2024 20:00:52
2,168.94,901,970,13.75,69.79,0,1.22,16.05.2024 20:00:55
2,165.75,884,970,13.77,69.78,0,0.95,16.05.2024 20:00:57
2,164.44,877,971,13.77,69.80,0,0.84,16.05.2024 20:00:59
2,165.94,885,970,13.75,69.78,0,0.97,16.05.2024 20:01:01
2,166.50,888,970,13.78,69.79,0,1.01,16.05.2024 20:01:03
2,167.25,892,969,13.74,69.82,0,1.08,16.05.2024 20:01:05
2,164.06,875,969,13.74,69.79,0,0.82,16.05.2024 20:01:07
2,166.13,886,969,13.75,69.80,0,0.98,16.05.2024 20:01:09
2,163.50,872,969,13.77,69.78,0,0.77,16.05.2024 20:01:12
2,165.56,883,969,13.75,69.79,0,0.94,16.05.2024 20:01:14
2,169.13,902,969,13.74,69.78,0,1.24,16.05.2024 20:01:16
2,167.81,895,968,13.74,69.79,0,1.13,16.05.2024 20:01:18
2,165.19,881,968,13.77,69.82,0,0.90,16.05.2024 20:01:20
2,165.19,881,969,13.74,69.79,0,0.91,16.05.2024 20:01:22
2,161.44,861,968,13.75,69.79,0,0.62,16.05.2024 20:01:24
2,166.31,887,967,13.75,69.78,0,1.00,16.05.2024 20:01:26
2,169.13,902,967,13.72,69.81,0,1.24,16.05.2024 20:01:29
2,167.81,895,967,13.75,69.83,0,1.12,16.05.2024 20:01:31
2,167.25,892,966,13.75,69.83,0,1.07,16.05.2024 20:01:33
2,166.88,890,966,13.75,69.83,0,1.04,16.05.2024 20:01:35
2,167.06,891,966,13.75,69.81,0,1.06,16.05.2024 20:01:37
2,168.00,896,967,13.75,69.83,0,1.14,16.05.2024 20:01:39
2,166.50,888,966,13.74,69.80,0,1.02,16.05.2024 20:01:41
2,166.50,888,966,13.75,69.82,0,1.01,16.05.2024 20:01:43
2,165.19,881,966,13.75,69.83,0,0.91,16.05.2024 20:01:45
2,166.31,887,966,13.72,69.81,0,1.00,16.05.2024 20:01:48
2,164.25,876,967,13.75,69.80,0,0.83,16.05.2024 20:01:50
2,165.94,885,967,13.74,69.78,0,0.97,16.05.2024 20:01:52
2,168.75,900,967,13.74,69.79,0,1.21,16.05.2024 20:01:54
2,164.81,879,966,13.74,69.82,0,0.88,16.05.2024 20:01:56
2,167.06,891,966,13.75,69.80,0,1.06,16.05.2024 20:01:58
2,159.38,850,966,13.75,69.82,0,0.46,16.05.2024 20:02:00
2,164.25,876,966,13.75,69.82,0,0.83,16.05.2024 20:02:02
2,165.56,883,966,13.74,69.82,0,0.94,16.05.2024 20:02:05
2,163.31,871,966,13.77,69.81,0,0.76,16.05.2024 20:02:07
2,165.56,883,966,13.75,69.81,0,0.94,16.05.2024 20:02:09
2,163.69,873,966,13.74,69.79,0,0.79,16.05.2024 20:02:11
2,162.38,866,965,13.75,69.83,0,0.68,16.05.2024 20:02:13
2,162.75,868,965,13.74,69.80,0,0.72,16.05.2024 20:02:15
2,165.00,880,965,13.74,69.82,0,0.89,16.05.2024 20:02:17
2,163.88,874,965,13.74,69.82,0,0.81,16.05.2024 20:02:19
2,163.88,874,964,13.71,69.83,0,0.81,16.05.2024 20:02:22
2,163.50,872,964,13.74,69.82,0,0.78,16.05.2024 20:02:26
2,162.56,867,964,13.72,69.83,0,0.71,16.05.2024 20:02:28
2,164.25,876,964,13.74,69.83,0,0.83,16.05.2024 20:02:30
2,163.13,870,964,13.75,69.82,0,0.74,16.05.2024 20:02:32
2,166.13,886,964,13.74,69.84,0,0.98,16.05.2024 20:02:34
2,160.13,854,964,13.74,69.82,0,0.52,16.05.2024 20:02:36
2,161.25,860,964,13.74,69.82,0,0.60,16.05.2024 20:02:38
2,162.00,864,964,13.72,69.83,0,0.66,16.05.2024 20:02:40
2,162.56,867,963,13.72,69.83,0,0.71,16.05.2024 20:02:43
2,162.38,866,963,13.72,69.85,0,0.69,16.05.2024 20:02:45
2,164.81,879,964,13.74,69.82,0,0.88,16.05.2024 20:02:47
2,164.44,877,963,13.74,69.79,0,0.85,16.05.2024 20:02:49
2,164.06,875,963,13.74,69.85,0,0.82,16.05.2024 20:02:51
2,163.13,870,963,13.75,69.85,0,0.74,16.05.2024 20:02:53
2,164.63,878,964,13.72,69.86,0,0.87,16.05.2024 20:02:55
2,163.31,871,963,13.72,69.84,0,0.76,16.05.2024 20:02:57
2,163.69,873,963,13.72,69.84,0,0.79,16.05.2024 20:03:00
2,168.38,898,962,13.72,69.84,0,1.17,16.05.2024 20:03:02
2,167.44,893,962,13.72,69.82,0,1.10,16.05.2024 20:03:04
2,163.13,870,962,13.72,69.83,0,0.75,16.05.2024 20:03:06
2,167.44,893,963,13.72,69.84,0,1.10,16.05.2024 20:03:08
2,164.81,879,962,13.71,69.86,0,0.88,16.05.2024 20:03:10
2,166.88,890,963,13.71,69.83,0,1.05,16.05.2024 20:03:12
2,162.75,868,962,13.70,69.82,0,0.73,16.05.2024 20:03:14
2,165.19,881,963,13.74,69.84,0,0.91,16.05.2024 20:03:17
2,167.44,893,962,13.71,69.83,0,1.10,16.05.2024 20:03:19
2,167.25,892,962,13.71,69.86,0,1.08,16.05.2024 20:03:21
2,165.38,882,963,13.72,69.84,0,0.93,16.05.2024 20:03:23
2,168.75,900,963,13.72,69.84,0,1.21,16.05.2024 20:03:25
2,163.69,873,963,13.71,69.83,0,0.80,16.05.2024 20:03:27
2,166.88,890,963,13.70,69.83,0,1.06,16.05.2024 20:03:29
2,168.19,897,963,13.74,69.82,0,1.16,16.05.2024 20:03:31
2,166.69,889,964,13.71,69.83,0,1.04,16.05.2024 20:03:33
2,162.19,865,963,13.71,69.84,0,0.68,16.05.2024 20:03:36
2,164.44,877,963,13.71,69.86,0,0.85,16.05.2024 20:03:38
2,166.31,887,963,13.70,69.84,0,1.01,16.05.2024 20:03:40
2,167.44,893,963,13.71,69.86,0,1.10,16.05.2024 20:03:42
2,165.94,885,964,13.71,69.86,0,0.97,16.05.2024 20:03:44
2,168.19,897,964,13.72,69.86,0,1.16,16.05.2024 20:03:46
2,165.19,881,964,13.70,69.83,0,0.92,16.05.2024 20:03:48
2,164.81,879,964,13.72,69.87,0,0.88,16.05.2024 20:03:50
2,163.31,871,964,13.71,69.83,0,0.77,16.05.2024 20:03:53
2,167.44,893,965,13.70,69.83,0,1.10,16.05.2024 20:03:55
2,167.06,891,964,13.70,69.85,0,1.07,16.05.2024 20:03:57
2,165.19,881,964,13.71,69.84,0,0.91,16.05.2024 20:03:59
2,165.00,880,965,13.71,69.79,0,0.90,16.05.2024 20:04:01
0,166.88,890,965,13.71,69.82,0,1.05,16.05.2024 20:04:03
0,168.00,896,965,13.70,69.85,0,1.15,16.05.2024 20:04:05
0,162.38,866,965,13.70,69.82,0,0.70,16.05.2024 20:04:07
0,169.69,905,965,13.71,69.82,0,1.29,16.05.2024 20:04:10
0,170.81,911,965,13.74,69.82,0,1.38,16.05.2024 20:04:12
0,164.44,877,964,13.71,69.86,0,0.85,16.05.2024 20:04:14
0,165.75,884,964,13.71,69.84,0,0.96,16.05.2024 20:04:16
0,164.81,879,965,13.70,69.82,0,0.89,16.05.2024 20:04:18
0,163.13,870,965,13.70,69.82,0,0.76,16.05.2024 20:04:20
0,163.13,870,965,13.71,69.83,0,0.75,16.05.2024 20:04:22
0,169.50,904,965,13.71,69.80,0,1.28,16.05.2024 20:04:24
0,167.06,891,965,13.71,69.84,0,1.07,16.05.2024 20:04:26
0,166.50,888,965,13.72,69.87,0,1.02,16.05.2024 20:04:29
0,163.69,873,965,13.71,69.86,0,0.80,16.05.2024 20:04:31
0,164.81,879,965,13.70,69.84,0,0.89,16.05.2024 20:04:33
0,162.19,865,964,13.70,69.82,0,0.68,16.05.2024 20:04:35
0,166.13,886,965,13.71,69.84,0,0.99,16.05.2024 20:04:37
0,163.69,873,965,13.71,69.81,0,0.80,16.05.2024 20:04:39
0,162.00,864,965,13.70,69.87,0,0.67,16.05.2024 20:04:43
0,163.31,871,964,13.70,69.82,0,0.77,16.05.2024 20:04:45
0,163.88,874,964,13.70,69.83,0,0.81,16.05.2024 20:04:48
0,163.88,874,964,13.70,69.82,0,0.81,16.05.2024 20:04:50
0,159.56,851,964,13.71,69.84,0,0.48,16.05.2024 20:04:52
0,162.19,865,964,13.70,69.85,0,0.68,16.05.2024 20:04:54
0,161.63,862,964,13.70,69.84,0,0.64,16.05.2024 20:04:56
0,161.06,859,964,13.70,69.82,0,0.60,16.05.2024 20:04:58
0,163.69,873,963,13.70,69.86,0,0.80,16.05.2024 20:05:00
0,166.50,888,964,13.70,69.83,0,1.03,16.05.2024 20:05:02
0,164.25,876,964,13.68,69.82,0,0.85,16.05.2024 20:05:05
0,164.81,879,964,13.70,69.83,0,0.89,16.05.2024 20:05:07
0,160.88,858,964,13.68,69.84,0,0.59,16.05.2024 20:05:09
0,162.94,869,965,13.70,69.84,0,0.74,16.05.2024 20:05:11
0,165.94,885,965,13.68,69.87,0,0.98,16.05.2024 20:05:13
0,166.88,890,965,13.70,69.83,0,1.06,16.05.2024 20:05:15
0,165.75,884,966,13.68,69.84,0,0.97,16.05.2024 20:05:17
0,166.31,887,966,13.70,69.87,0,1.01,16.05.2024 20:05:19
0,163.69,873,966,13.70,69.84,0,0.80,16.05.2024 20:05:21
0,166.69,889,965,13.70,69.84,0,1.04,16.05.2024 20:05:24
0,163.50,872,965,13.70,69.84,0,0.78,16.05.2024 20:05:26
0,164.25,876,965,13.68,69.87,0,0.85,16.05.2024 20:05:28
0,167.25,892,965,13.70,69.86,0,1.09,16.05.2024 20:05:30
0,164.06,875,966,13.68,69.83,0,0.83,16.05.2024 20:05:32
0,163.31,871,966,13.70,69.86,0,0.77,16.05.2024 20:05:34
0,165.38,882,966,13.68,69.88,0,0.94,16.05.2024 20:05:36
0,165.94,885,965,13.66,69.84,0,0.99,16.05.2024 20:05:38
0,167.25,892,965,13.66,69.86,0,1.09,16.05.2024 20:05:41
0,168.38,898,965,13.68,69.87,0,1.18,16.05.2024 20:05:43
0,164.81,879,965,13.65,69.84,0,0.90,16.05.2024 20:05:45
0,166.50,888,965,13.66,69.84,0,1.03,16.05.2024 20:05:47
0,166.13,886,965,13.68,69.86,0,1.00,16.05.2024 20:05:49
0,165.19,881,965,13.68,69.86,0,0.92,16.05.2024 20:05:51
0,167.44,893,965,13.65,69.84,0,1.11,16.05.2024 20:05:53
0,165.38,882,966,13.65,69.83,0,0.94,16.05.2024 20:05:55
0,163.69,873,965,13.68,69.88,0,0.80,16.05.2024 20:05:58
0,169.13,902,965,13.66,69.85,0,1.25,16.05.2024 20:06:00
0,161.44,861,965,13.70,69.87,0,0.62,16.05.2024 20:06:02
0,165.56,883,965,13.68,69.86,0,0.95,16.05.2024 20:06:04
0,166.88,890,965,13.66,69.86,0,1.06,16.05.2024 20:06:06
0,161.63,862,965,13.66,69.87,0,0.64,16.05.2024 20:06:08
0,165.38,882,964,13.65,69.85,0,0.94,16.05.2024 20:06:10
0,165.19,881,965,13.66,69.89,0,0.92,16.05.2024 20:06:12
0,167.44,893,965,13.68,69.87,0,1.11,16.05.2024 20:06:14
0,163.50,872,964,13.66,69.87,0,0.79,16.05.2024 20:06:17
0,164.06,875,964,13.65,69.87,0,0.84,16.05.2024 20:06:19
0,165.19,881,964,13.66,69.87,0,0.92,16.05.2024 20:06:21
0,165.00,880,964,13.66,69.87,0,0.91,16.05.2024 20:06:23
0,167.25,892,965,13.66,69.85,0,1.09,16.05.2024 20:06:25
0,166.88,890,965,13.64,69.85,0,1.07,16.05.2024 20:06:27
0,168.19,897,964,13.65,69.86,0,1.17,16.05.2024 20:06:29
0,163.69,873,965,13.65,69.84,0,0.81,16.05.2024 20:06:31
0,166.50,888,965,13.66,69.83,0,1.03,16.05.2024 20:06:34
0,166.88,890,965,13.64,69.85,0,1.07,16.05.2024 20:06:36
0,164.63,878,965,13.65,69.87,0,0.88,16.05.2024 20:06:38
0,168.38,898,966,13.65,69.85,0,1.19,16.05.2024 20:06:40
0,165.00,880,966,13.65,69.88,0,0.91,16.05.2024 20:06:42
0,162.94,869,965,13.66,69.86,0,0.75,16.05.2024 20:06:44
0,164.63,878,965,13.66,69.86,0,0.88,16.05.2024 20:06:46
0,167.63,894,965,13.65,69.83,0,1.13,16.05.2024 20:06:48
0,165.75,884,964,13.68,69.87,0,0.97,16.05.2024 20:06:51
0,163.31,871,964,13.65,69.87,0,0.78,16.05.2024 20:06:53
0,162.56,867,965,13.66,69.87,0,0.72,16.05.2024 20:06:55
0,165.19,881,965,13.64,69.85,0,0.93,16.05.2024 20:06:59
0,164.06,875,965,13.65,69.87,0,0.84,16.05.2024 20:07:01
0,166.31,887,965,13.66,69.85,0,1.02,16.05.2024 20:07:03
0,165.19,881,965,13.65,69.84,0,0.93,16.05.2024 20:07:05
0,162.38,866,965,13.65,69.85,0,0.71,16.05.2024 20:07:07
0,160.31,855,966,13.64,69.82,0,0.55,16.05.2024 20:07:09
0,162.38,866,967,13.65,69.84,0,0.71,16.05.2024 20:07:12
0,167.63,894,966,13.65,69.85,0,1.13,16.05.2024 20:07:14
0,163.31,871,966,13.66,69.86,0,0.78,16.05.2024 20:07:16
0,164.81,879,966,13.66,69.86,0,0.89,16.05.2024 20:07:18
0,162.56,867,966,13.64,69.82,0,0.73,16.05.2024 20:07:20
0,166.31,887,966,13.65,69.85,0,1.02,16.05.2024 20:07:22
0,162.94,869,966,13.65,69.83,0,0.75,16.05.2024 20:07:24
0,163.69,873,966,13.64,69.83,0,0.81,16.05.2024 20:07:26
0,156.75,836,967,13.66,69.86,0,0.29,16.05.2024 20:07:29
0,166.13,886,968,13.65,69.84,0,1.00,16.05.2024 20:07:31
0,167.63,894,967,13.65,69.85,0,1.13,16.05.2024 20:07:33
0,163.69,873,967,13.66,69.84,0,0.81,16.05.2024 20:07:35
0,165.19,881,967,13.65,69.84,0,0.93,16.05.2024 20:07:37
0,164.06,875,967,13.62,69.84,0,0.85,16.05.2024 20:07:39
0,165.19,881,966,13.65,69.87,0,0.93,16.05.2024 20:07:41
0,161.44,861,966,13.64,69.83,0,0.64,16.05.2024 20:07:43
0,162.00,864,967,13.66,69.87,0,0.67,16.05.2024 20:07:46
0,163.88,874,967,13.64,69.85,0,0.83,16.05.2024 20:07:48
0,165.75,884,966,13.64,69.84,0,0.98,16.05.2024 20:07:50
0,164.44,877,966,13.66,69.86,0,0.86,16.05.2024 20:07:52
0,165.94,885,966,13.65,69.86,0,0.99,16.05.2024 20:07:54
0,163.31,871,966,13.65,69.83,0,0.78,16.05.2024 20:07:56
0,165.19,881,965,13.65,69.86,0,0.93,16.05.2024 20:07:58
0,165.56,883,965,13.64,69.83,0,0.96,16.05.2024 20:08:00
0,169.50,904,966,13.65,69.85,0,1.29,16.05.2024 20:08:02
0,165.94,885,966,13.64,69.86,0,0.99,16.05.2024 20:08:05
0,164.25,876,967,13.65,69.87,0,0.85,16.05.2024 20:08:07
0,166.69,889,966,13.62,69.85,0,1.06,16.05.2024 20:08:09
0,165.56,883,966,13.62,69.84,0,0.97,16.05.2024 20:08:11
0,168.38,898,966,13.61,69.85,0,1.20,16.05.2024 20:08:13
0,168.19,897,966,13.62,69.85,0,1.18,16.05.2024 20:08:15
0,166.50,888,966,13.62,69.85,0,1.04,16.05.2024 20:08:17
0,168.38,898,966,13.64,69.83,0,1.20,16.05.2024 20:08:19
0,164.63,878,966,13.65,69.84,0,0.88,16.05.2024 20:08:22
0,164.25,876,966,13.62,69.83,0,0.86,16.05.2024 20:08:24
0,164.63,878,966,13.65,69.85,0,0.88,16.05.2024 20:08:26
0,167.63,894,967,13.64,69.84,0,1.13,16.05.2024 20:08:28
0,166.13,886,967,13.62,69.85,0,1.01,16.05.2024 20:08:30
0,165.75,884,967,13.64,69.88,0,0.98,16.05.2024 20:08:32
0,163.69,873,967,13.64,69.85,0,0.81,16.05.2024 20:08:34
0,164.81,879,967,13.62,69.87,0,0.90,16.05.2024 20:08:36
0,163.31,871,967,13.62,69.86,0,0.78,16.05.2024 20:08:39
0,163.88,874,967,13.64,69.84,0,0.83,16.05.2024 20:08:41
0,167.63,894,0,13.62,69.84,0,1.14,16.05.2024 20:08:43
0,164.06,875,966,13.62,69.83,0,0.85,16.05.2024 20:08:45
0,166.88,890,966,13.62,69.85,0,1.07,16.05.2024 20:08:47
0,162.75,868,966,13.62,69.85,0,0.74,16.05.2024 20:08:49
0,162.94,869,966,13.62,69.84,0,0.76,16.05.2024 20:08:51
0,163.13,870,965,13.62,69.83,0,0.77,16.05.2024 20:08:53
0,164.06,875,965,13.64,69.83,0,0.84,16.05.2024 20:08:55
0,163.31,871,965,13.64,69.83,0,0.78,16.05.2024 20:08:58
0,167.06,891,965,13.62,69.83,0,1.09,16.05.2024 20:09:00
0,163.69,873,964,13.61,69.82,0,0.82,16.05.2024 20:09:02
0,167.25,892,965,13.64,69.81,0,1.10,16.05.2024 20:09:04
0,165.75,884,965,13.64,69.82,0,0.98,16.05.2024 20:09:06
0,163.50,872,965,13.64,69.82,0,0.80,16.05.2024 20:09:08
0,165.94,885,965,13.61,69.86,0,1.00,16.05.2024 20:09:10
0,165.56,883,965,13.64,69.86,0,0.96,16.05.2024 20:09:12
0,163.50,872,965,13.65,69.84,0,0.79,16.05.2024 20:09:17
0,164.44,877,965,13.64,69.85,0,0.87,16.05.2024 20:09:19
0,165.00,880,966,13.62,69.84,0,0.92,16.05.2024 20:09:21
0,162.75,868,966,13.62,69.84,0,0.74,16.05.2024 20:09:23
0,159.19,849,966,13.61,69.84,0,0.47,16.05.2024 20:09:25
0,161.63,862,965,13.62,69.87,0,0.65,16.05.2024 20:09:27
0,160.88,858,966,13.62,69.83,0,0.60,16.05.2024 20:09:29
0,160.69,857,966,13.62,69.85,0,0.58,16.05.2024 20:09:31
0,165.00,880,966,13.62,69.83,0,0.92,16.05.2024 20:09:34
0,162.00,864,966,13.60,69.82,0,0.69,16.05.2024 20:09:36
0,167.44,893,966,13.62,69.83,0,1.12,16.05.2024 20:09:38
0,163.13,870,966,13.60,69.82,0,0.78,16.05.2024 20:09:40
0,165.00,880,966,13.61,69.82,0,0.92,16.05.2024 20:09:42
0,162.38,866,966,13.61,69.84,0,0.72,16.05.2024 20:09:44
0,163.13,870,966,13.60,69.82,0,0.78,16.05.2024 20:09:46
0,163.69,873,966,13.62,69.87,0,0.81,16.05.2024 20:09:48
0,160.69,857,967,13.62,69.83,0,0.58,16.05.2024 20:09:50
0,162.94,869,967,13.61,69.84,0,0.76,16.05.2024 20:09:53
0,165.75,884,967,13.61,69.83,0,0.98,16.05.2024 20:09:55
0,164.81,879,967,13.60,69.81,0,0.91,16.05.2024 20:09:57
0,166.31,887,967,13.60,69.85,0,1.03,16.05.2024 20:09:59
0,165.19,881,967,13.60,69.85,0,0.94,16.05.2024 20:10:01
0,166.13,886,967,13.61,69.87,0,1.01,16.05.2024 20:10:03
0,166.88,890,966,13.61,69.82,0,1.08,16.05.2024 20:10:05
0,166.13,886,967,13.62,69.87,0,1.01,16.05.2024 20:10:07
0,164.81,879,967,13.61,69.85,0,0.91,16.05.2024 20:10:10
0,165.56,883,967,13.61,69.83,0,0.97,16.05.2024 20:10:12
0,161.63,862,967,13.61,69.87,0,0.66,16.05.2024 20:10:14
0,163.50,872,966,13.61,69.85,0,0.80,16.05.2024 20:10:16
0,165.94,885,966,13.61,69.84,0,1.00,16.05.2024 20:10:18
0,166.50,888,965,13.58,69.85,0,1.05,16.05.2024 20:10:20
0,171.00,912,965,13.60,69.85,0,1.43,16.05.2024 20:10:22
0,167.06,891,965,13.62,69.85,0,1.09,16.05.2024 20:10:24
0,167.81,895,965,13.61,69.86,0,1.15,16.05.2024 20:10:27
0,168.00,896,965,13.60,69.83,0,1.17,16.05.2024 20:10:29
0,165.38,882,965,13.60,69.85,0,0.96,16.05.2024 20:10:31
0,168.56,899,965,13.60,69.91,0,1.22,16.05.2024 20:10:33
0,168.19,897,965,13.61,69.87,0,1.18,16.05.2024 20:10:35
0,163.69,873,965,13.60,69.86,0,0.82,16.05.2024 20:10:37
0,166.50,888,965,13.60,69.84,0,1.05,16.05.2024 20:10:39
0,164.63,878,965,13.60,69.85,0,0.90,16.05.2024 20:10:41
0,163.13,870,965,13.58,69.87,0,0.78,16.05.2024 20:10:43
0,164.25,876,965,13.58,69.86,0,0.87,16.05.2024 20:10:46
0,167.06,891,964,13.58,69.86,0,1.10,16.05.2024 20:10:48
0,163.69,873,965,13.61,69.86,0,0.82,16.05.2024 20:10:50
0,167.25,892,964,13.60,69.85,0,1.11,16.05.2024 20:10:52
0,165.19,881,964,13.58,69.87,0,0.94,16.05.2024 20:10:54
0,164.81,879,964,13.61,69.89,0,0.91,16.05.2024 20:10:56
0,167.44,893,964,13.60,69.88,0,1.12,16.05.2024 20:10:58
0,164.25,876,965,13.60,69.87,0,0.86,16.05.2024 20:11:00
0,165.56,883,964,13.61,69.86,0,0.97,16.05.2024 20:11:03
0,165.19,881,964,13.58,69.85,0,0.94,16.05.2024 20:11:05
0,165.38,882,963,13.58,69.86,0,0.96,16.05.2024 20:11:07
0,165.00,880,963,13.60,69.86,0,0.92,16.05.2024 20:11:09
0,166.69,889,963,13.58,69.86,0,1.07,16.05.2024 20:11:11
0,165.38,882,962,13.57,69.89,0,0.96,16.05.2024 20:11:13
0,160.31,855,962,13.57,69.89,0,0.56,16.05.2024 20:11:15
0,166.13,886,961,13.58,69.87,0,1.02,16.05.2024 20:11:17
0,161.63,862,961,13.60,69.87,0,0.66,16.05.2024 20:11:20
0,166.13,886,961,13.58,69.87,0,1.02,16.05.2024 20:11:22
0,164.06,875,961,13.61,69.87,0,0.85,16.05.2024 20:11:24
0,165.19,881,961,13.60,69.89,0,0.94,16.05.2024 20:11:26
0,165.94,885,962,13.60,69.87,0,1.00,16.05.2024 20:11:28
0,163.31,871,961,13.60,69.84,0,0.79,16.05.2024 20:11:30
0,164.06,875,961,13.61,69.87,0,0.85,16.05.2024 20:11:32
0,165.56,883,961,13.60,69.87,0,0.97,16.05.2024 20:11:34
0,164.25,876,961,13.58,69.87,0,0.87,16.05.2024 20:11:38
0,163.69,873,961,13.58,69.88,0,0.82,16.05.2024 20:11:41
0,164.25,876,962,13.60,69.89,0,0.86,16.05.2024 20:11:43
0,161.81,863,962,13.58,69.90,0,0.68,16.05.2024 20:11:45
0,162.94,869,962,13.58,69.88,0,0.76,16.05.2024 20:11:47
0,163.50,872,962,13.60,69.87,0,0.80,16.05.2024 20:11:49
0,162.19,865,962,13.60,69.87,0,0.70,16.05.2024 20:11:51
0,160.50,856,962,13.60,69.87,0,0.57,16.05.2024 20:11:53
0,162.00,864,961,13.57,69.90,0,0.69,16.05.2024 20:11:55
0,163.88,874,962,13.58,69.88,0,0.84,16.05.2024 20:11:58
0,164.06,875,962,13.58,69.89,0,0.85,16.05.2024 20:12:00
0,160.69,857,962,13.57,69.88,0,0.59,16.05.2024 20:12:02
0,162.56,867,962,13.58,69.91,0,0.73,16.05.2024 20:12:04
0,164.44,877,962,13.58,69.90,0,0.88,16.05.2024 20:12:06
0,163.31,871,962,13.57,69.91,0,0.79,16.05.2024 20:12:08
0,164.25,876,962,13.57,69.89,0,0.87,16.05.2024 20:12:10
0,160.88,858,962,13.58,69.91,0,0.60,16.05.2024 20:12:12
0,166.31,887,962,13.57,69.89,0,1.04,16.05.2024 20:12:14
0,167.06,891,962,13.57,69.91,0,1.10,16.05.2024 20:12:17
0,163.88,874,961,13.57,69.89,0,0.84,16.05.2024 20:12:19
0,166.69,889,961,13.58,69.94,0,1.06,16.05.2024 20:12:21
0,164.81,879,961,13.58,69.90,0,0.91,16.05.2024 20:12:23
0,164.81,879,961,13.57,69.92,0,0.91,16.05.2024 20:12:25
0,163.88,874,962,13.57,69.92,0,0.84,16.05.2024 20:12:27
0,167.25,892,962,13.58,69.92,0,1.11,16.05.2024 20:12:29
0,163.88,874,961,13.57,69.93,0,0.84,16.05.2024 20:12:31
0,166.88,890,961,13.57,69.95,0,1.08,16.05.2024 20:12:34
0,167.25,892,962,13.58,69.92,0,1.11,16.05.2024 20:12:36
0,161.63,862,962,13.55,69.90,0,0.67,16.05.2024 20:12:38
0,167.81,895,961,13.55,69.94,0,1.16,16.05.2024 20:12:40
0,162.75,868,962,13.57,69.94,0,0.75,16.05.2024 20:12:42
0,167.06,891,962,13.57,69.93,0,1.10,16.05.2024 20:12:44
0,164.44,877,961,13.55,69.93,0,0.89,16.05.2024 20:12:46
0,163.69,873,961,13.58,69.96,0,0.82,16.05.2024 20:12:48
0,162.38,866,961,13.58,69.91,0,0.72,16.05.2024 20:12:51
0,164.25,876,960,13.58,69.95,0,0.86,16.05.2024 20:12:53
0,163.69,873,960,13.55,69.96,0,0.82,16.05.2024 20:12:55
0,165.94,885,960,13.55,69.93,0,1.01,16.05.2024 20:12:57
0,164.81,879,960,13.55,69.91,0,0.92,16.05.2024 20:12:59
0,165.94,885,960,13.57,69.95,0,1.00,16.05.2024 20:13:01
0,165.00,880,959,13.57,69.94,0,0.93,16.05.2024 20:13:03
0,165.00,880,959,13.55,69.95,0,0.93,16.05.2024 20:13:05
0,164.63,878,959,13.57,69.93,0,0.90,16.05.2024 20:13:07
0,164.06,875,959,13.58,69.99,0,0.85,16.05.2024 20:13:10
0,166.13,886,959,13.55,69.93,0,1.02,16.05.2024 20:13:12
0,166.69,889,959,13.55,69.94,0,1.07,16.05.2024 20:13:14
0,167.63,894,959,13.55,69.94,0,1.15,16.05.2024 20:13:16
0,165.94,885,958,13.55,69.96,0,1.01,16.05.2024 20:13:18
0,167.06,891,958,13.55,69.92,0,1.10,16.05.2024 20:13:20
0,163.69,873,958,13.58,69.97,0,0.82,16.05.2024 20:13:22
0,165.56,883,959,13.57,69.95,0,0.97,16.05.2024 20:13:24
0,164.63,878,959,13.57,69.96,0,0.90,16.05.2024 20:13:27
0,165.38,882,959,13.55,69.95,0,0.96,16.05.2024 20:13:29
0,163.31,871,959,13.55,69.96,0,0.80,16.05.2024 20:13:31
0,165.00,880,959,13.54,69.99,0,0.93,16.05.2024 20:13:33
0,164.44,877,959,13.57,69.98,0,0.88,16.05.2024 20:13:35
0,164.63,878,959,13.57,69.94,0,0.90,16.05.2024 20:13:37
0,164.25,876,959,13.55,69.97,0,0.87,16.05.2024 20:13:39
0,165.00,880,959,13.55,69.95,0,0.93,16.05.2024 20:13:41
0,165.19,881,959,13.55,69.97,0,0.94,16.05.2024 20:13:44
0,164.81,879,959,13.54,69.97,0,0.92,16.05.2024 20:13:46
0,166.69,889,960,13.55,69.96,0,1.07,16.05.2024 20:13:50
0,166.13,886,960,13.55,69.98,0,1.02,16.05.2024 20:13:52
0,160.69,857,959,13.54,69.95,0,0.60,16.05.2024 20:13:54
0,161.06,859,959,13.58,69.98,0,0.61,16.05.2024 20:13:56
0,162.38,866,960,13.57,69.99,0,0.72,16.05.2024 20:13:58
0,162.94,869,960,13.54,69.97,0,0.77,16.05.2024 20:14:00
0,163.31,871,960,13.57,69.98,0,0.79,16.05.2024 20:14:02
0,161.81,863,960,13.54,69.97,0,0.68,16.05.2024 20:14:05
0,162.00,864,959,13.54,69.97,0,0.70,16.05.2024 20:14:07
0,164.06,875,959,13.57,69.97,0,0.85,16.05.2024 20:14:09
0,162.38,866,959,13.57,70.01,0,0.72,16.05.2024 20:14:11
0,157.13,838,959,13.54,69.98,0,0.33,16.05.2024 20:14:13
0,162.94,869,959,13.54,69.97,0,0.77,16.05.2024 20:14:15
0,163.13,870,959,13.54,69.97,0,0.78,16.05.2024 20:14:17
0,167.81,895,959,13.57,69.97,0,1.16,16.05.2024 20:14:19
0,166.13,886,959,13.54,70.00,0,1.02,16.05.2024 20:14:22
0,166.50,888,959,13.54,69.97,0,1.06,16.05.2024 20:14:24
0,166.50,888,959,13.54,70.00,0,1.05,16.05.2024 20:14:26
0,163.88,874,959,13.52,69.99,0,0.84,16.05.2024 20:14:28
0,166.13,886,959,13.52,70.01,0,1.03,16.05.2024 20:14:30
0,166.31,887,959,13.54,70.01,0,1.04,16.05.2024 20:14:32
0,164.25,876,959,13.52,70.01,0,0.87,16.05.2024 20:14:34
0,165.00,880,959,13.54,70.00,0,0.93,16.05.2024 20:14:36
0,169.50,904,960,13.51,69.97,0,1.32,16.05.2024 20:14:39
0,165.75,884,960,13.54,70.03,0,0.99,16.05.2024 20:14:41
0,163.31,871,960,13.55,70.00,0,0.79,16.05.2024 20:14:43
0,166.13,886,960,13.55,70.05,0,1.02,16.05.2024 20:14:45
0,165.94,885,960,13.57,70.01,0,1.00,16.05.2024 20:14:47
0,167.63,894,960,13.54,70.05,0,1.14,16.05.2024 20:14:49
0,166.50,888,960,13.52,69.99,0,1.06,16.05.2024 20:14:51
0,165.00,880,960,13.52,69.98,0,0.94,16.05.2024 20:14:53
0,168.00,896,960,13.54,70.01,0,1.18,16.05.2024 20:14:55
0,162.56,867,961,13.54,70.00,0,0.74,16.05.2024 20:14:58
0,166.50,888,960,13.52,70.02,0,1.06,16.05.2024 20:15:00
0,162.94,869,961,13.51,69.99,0,0.77,16.05.2024 20:15:02
0,165.00,880,961,13.55,70.03,0,0.93,16.05.2024 20:15:04
0,165.94,885,960,13.57,70.03,0,1.00,16.05.2024 20:15:06
0,165.56,883,960,13.54,70.02,0,0.98,16.05.2024 20:15:08
0,164.25,876,960,13.54,70.00,0,0.87,16.05.2024 20:15:10
0,164.44,877,960,13.54,70.02,0,0.88,16.05.2024 20:15:12
0,165.00,880,960,13.54,70.02,0,0.93,16.05.2024 20:15:15
0,168.38,898,960,13.52,70.02,0,1.21,16.05.2024 20:15:17
0,165.94,885,960,13.54,70.02,0,1.01,16.05.2024 20:15:19
0,162.75,868,961,13.50,70.02,0,0.76,16.05.2024 20:15:21
0,166.31,887,961,13.55,70.01,0,1.03,16.05.2024 20:15:23
0,160.50,856,961,13.52,70.03,0,0.58,16.05.2024 20:15:25
0,163.88,874,962,13.54,70.03,0,0.84,16.05.2024 20:15:27
0,162.75,868,961,13.54,70.04,0,0.75,16.05.2024 20:15:29
0,162.38,866,961,13.52,70.02,0,0.73,16.05.2024 20:15:32
0,163.88,874,961,13.54,70.02,0,0.84,16.05.2024 20:15:34
0,162.19,865,961,13.52,70.01,0,0.71,16.05.2024 20:15:36
0,163.13,870,961,13.55,70.01,0,0.78,16.05.2024 20:15:38
0,166.50,888,961,13.52,70.03,0,1.06,16.05.2024 20:15:40
0,164.44,877,961,13.51,70.04,0,0.89,16.05.2024 20:15:42
0,163.69,873,962,13.54,70.03,0,0.82,16.05.2024 20:15:44
0,164.44,877,962,13.54,70.03,0,0.88,16.05.2024 20:15:46
0,166.88,890,962,13.55,70.03,0,1.08,16.05.2024 20:15:48
0,163.31,871,962,13.51,70.03,0,0.80,16.05.2024 20:15:51
0,165.56,883,961,13.52,70.05,0,0.98,16.05.2024 20:15:53
0,165.94,885,962,13.54,70.04,0,1.01,16.05.2024 20:15:55
0,164.63,878,962,13.52,70.03,0,0.90,16.05.2024 20:15:57
0,162.75,868,961,13.52,70.03,0,0.75,16.05.2024 20:15:59
0,164.44,877,962,13.52,70.02,0,0.89,16.05.2024 20:16:03
0,165.19,881,962,13.54,70.02,0,0.94,16.05.2024 20:16:05
0,164.63,878,963,13.52,70.03,0,0.90,16.05.2024 20:16:07
0,160.88,858,963,13.52,70.06,0,0.61,16.05.2024 20:16:10
0,162.00,864,962,13.54,70.06,0,0.69,16.05.2024 20:16:12
0,160.88,858,962,13.52,70.05,0,0.61,16.05.2024 20:16:14
0,164.63,878,962,13.54,70.04,0,0.90,16.05.2024 20:16:16
0,162.94,869,962,13.54,70.04,0,0.76,16.05.2024 20:16:18
0,163.88,874,963,13.54,70.07,0,0.84,16.05.2024 20:16:20
0,165.38,882,963,13.54,70.05,0,0.96,16.05.2024 20:16:22
0,163.50,872,963,13.54,70.04,0,0.81,16.05.2024 20:16:24
0,163.69,873,962,13.54,70.03,0,0.82,16.05.2024 20:16:27
0,163.50,872,963,13.52,70.07,0,0.81,16.05.2024 20:16:29
0,164.63,878,963,13.52,70.03,0,0.90,16.05.2024 20:16:31
0,168.00,896,963,13.51,70.03,0,1.18,16.05.2024 20:16:33
0,166.31,887,963,13.52,70.02,0,1.04,16.05.2024 20:16:35
0,166.50,888,963,13.52,70.06,0,1.05,16.05.2024 20:16:37
0,166.31,887,963,13.51,70.05,0,1.04,16.05.2024 20:16:39
0,163.69,873,962,13.52,70.06,0,0.83,16.05.2024 20:16:41
0,165.19,881,963,13.54,70.07,0,0.94,16.05.2024 20:16:43
0,164.63,878,963,13.52,70.08,0,0.90,16.05.2024 20:16:46
0,166.13,886,963,13.52,70.03,0,1.02,16.05.2024 20:16:48
0,165.56,883,963,13.50,70.07,0,0.98,16.05.2024 20:16:50
0,162.38,866,963,13.52,70.10,0,0.72,16.05.2024 20:16:52
0,167.44,893,962,13.51,70.08,0,1.13,16.05.2024 20:16:54
0,164.81,879,962,13.52,70.03,0,0.92,16.05.2024 20:16:56
0,163.31,871,962,13.52,70.05,0,0.80,16.05.2024 20:16:58
0,165.94,885,962,13.52,70.07,0,1.01,16.05.2024 20:17:00
0,165.19,881,962,13.52,70.03,0,0.95,16.05.2024 20:17:03
0,165.75,884,963,13.51,70.06,0,1.00,16.05.2024 20:17:05
0,162.75,868,963,13.52,70.05,0,0.75,16.05.2024 20:17:07
0,164.25,876,963,13.51,70.04,0,0.88,16.05.2024 20:17:09
0,165.19,881,963,13.50,70.04,0,0.95,16.05.2024 20:17:11
0,165.56,883,963,13.52,70.06,0,0.98,16.05.2024 20:17:13
0,161.06,859,962,13.52,70.03,0,0.62,16.05.2024 20:17:15
0,162.19,865,962,13.51,70.05,0,0.71,16.05.2024 20:17:17
0,164.25,876,962,13.51,70.11,0,0.87,16.05.2024 20:17:20
0,163.69,873,962,13.52,70.06,0,0.83,16.05.2024 20:17:22
0,167.63,894,962,13.52,70.10,0,1.15,16.05.2024 20:17:24
0,163.69,873,962,13.51,70.07,0,0.83,16.05.2024 20:17:26
0,164.25,876,963,13.51,70.06,0,0.87,16.05.2024 20:17:28
0,166.69,889,962,13.52,70.07,0,1.07,16.05.2024 20:17:30
0,164.63,878,963,13.50,70.05,0,0.91,16.05.2024 20:17:32
0,164.63,878,962,13.52,70.05,0,0.90,16.05.2024 20:17:34
0,164.63,878,962,13.54,70.09,0,0.90,16.05.2024 20:17:36
0,164.44,877,963,13.52,70.09,0,0.88,16.05.2024 20:17:39
0,167.06,891,963,13.51,70.06,0,1.10,16.05.2024 20:17:41
0,162.56,867,963,13.51,70.09,0,0.74,16.05.2024 20:17:43
0,167.06,891,963,13.51,70.04,0,1.10,16.05.2024 20:17:45
0,168.00,896,963,13.54,70.06,0,1.18,16.05.2024 20:17:47
0,164.25,876,962,13.51,70.05,0,0.87,16.05.2024 20:17:49
0,165.75,884,962,13.52,70.05,0,0.99,16.05.2024 20:17:51
0,168.75,900,961,13.52,70.05,0,1.24,16.05.2024 20:17:53
0,163.88,874,961,13.52,70.05,0,0.84,16.05.2024 20:17:56
0,167.06,891,961,13.51,70.08,0,1.10,16.05.2024 20:17:58
0,164.44,877,962,13.50,70.07,0,0.89,16.05.2024 20:18:00
0,166.13,886,961,13.50,70.06,0,1.03,16.05.2024 20:18:02
0,162.19,865,961,13.52,70.06,0,0.71,16.05.2024 20:18:04
0,162.38,866,962,13.48,70.06,0,0.73,16.05.2024 20:18:06
0,161.44,861,962,13.51,70.08,0,0.65,16.05.2024 20:18:08
0,164.25,876,962,13.51,70.08,0,0.87,16.05.2024 20:18:10
0,163.31,871,962,13.51,70.09,0,0.80,16.05.2024 20:18:13
0,164.25,876,962,13.52,70.07,0,0.87,16.05.2024 20:18:15
0,162.00,864,962,13.51,70.09,0,0.70,16.05.2024 20:18:17
0,168.19,897,962,13.52,70.06,0,1.20,16.05.2024 20:18:20
0,163.69,873,962,13.50,70.09,0,0.83,16.05.2024 20:18:22
0,166.50,888,962,13.50,70.07,0,1.06,16.05.2024 20:18:24
0,164.06,875,962,13.51,70.06,0,0.86,16.05.2024 20:18:26
0,162.38,866,962,13.51,70.06,0,0.73,16.05.2024 20:18:28
0,169.13,902,962,13.50,70.09,0,1.28,16.05.2024 20:18:30
0,168.38,898,962,13.52,70.06,0,1.21,16.05.2024 20:18:32
0,165.94,885,963,13.51,70.11,0,1.01,16.05.2024 20:18:35
0,164.44,877,962,13.52,70.08,0,0.89,16.05.2024 20:18:37
0,166.88,890,962,13.51,70.09,0,1.09,16.05.2024 20:18:39
0,168.75,900,962,13.51,70.06,0,1.25,16.05.2024 20:18:41
0,170.06,907,962,13.50,70.10,0,1.36,16.05.2024 20:18:43
0,167.06,891,961,13.50,70.10,0,1.11,16.05.2024 20:18:45
0,167.06,891,961,13.50,70.07,0,1.11,16.05.2024 20:18:47
0,167.06,891,961,13.51,70.08,0,1.10,16.05.2024 20:18:49
0,161.81,863,961,13.51,70.07,0,0.68,16.05.2024 20:18:52
0,167.63,894,961,13.50,70.08,0,1.15,16.05.2024 20:18:54
0,162.56,867,961,13.50,70.09,0,0.74,16.05.2024 20:18:56
0,163.50,872,961,13.51,70.12,0,0.81,16.05.2024 20:18:58
0,164.81,879,961,13.50,70.10,0,0.92,16.05.2024 20:19:00
0,164.81,879,962,13.50,70.09,0,0.92,16.05.2024 20:19:02
0,166.13,886,962,13.50,70.10,0,1.03,16.05.2024 20:19:04
0,165.38,882,961,13.51,70.08,0,0.96,16.05.2024 20:19:06
0,164.06,875,961,13.50,70.08,0,0.86,16.05.2024 20:19:09
0,159.38,850,961,13.50,70.10,0,0.50,16.05.2024 20:19:13
0,163.13,870,961,13.51,70.08,0,0.78,16.05.2024 20:19:15
0,162.19,865,961,13.51,70.11,0,0.71,16.05.2024 20:19:17
0,162.38,866,960,13.50,70.10,0,0.73,16.05.2024 20:19:19
0,161.44,861,960,13.50,70.10,0,0.66,16.05.2024 20:19:21
0,164.63,878,960,13.50,70.08,0,0.91,16.05.2024 20:19:23
0,161.44,861,960,13.51,70.11,0,0.65,16.05.2024 20:19:25
0,161.63,862,960,13.48,70.11,0,0.67,16.05.2024 20:19:27
0,163.88,874,960,13.51,70.09,0,0.84,16.05.2024 20:19:30
0,164.63,878,960,13.50,70.09,0,0.91,16.05.2024 20:19:32
0,161.81,863,960,13.50,70.10,0,0.68,16.05.2024 20:19:34
0,162.19,865,960,13.48,70.10,0,0.72,16.05.2024 20:19:36
0,165.38,882,959,13.51,70.10,0,0.96,16.05.2024 20:19:38
0,162.38,866,960,13.51,70.13,0,0.72,16.05.2024 20:19:40
0,163.50,872,960,13.50,70.10,0,0.82,16.05.2024 20:19:42
0,164.81,879,960,13.48,70.10,0,0.92,16.05.2024 20:19:44
0,163.13,870,960,13.51,70.11,0,0.78,16.05.2024 20:19:47
0,166.31,887,960,13.50,70.10,0,1.04,16.05.2024 20:19:49
0,168.00,896,961,13.51,70.09,0,1.18,16.05.2024 20:19:51
0,165.19,881,960,13.50,70.12,0,0.95,16.05.2024 20:19:53
0,162.75,868,960,13.51,70.11,0,0.75,16.05.2024 20:19:55
0,164.63,878,960,13.48,70.10,0,0.91,16.05.2024 20:19:57
0,163.88,874,960,13.47,70.09,0,0.85,16.05.2024 20:19:59
0,164.81,879,959,13.51,70.15,0,0.92,16.05.2024 20:20:01
0,167.44,893,959,13.48,70.09,0,1.14,16.05.2024 20:20:03
0,165.94,885,959,13.50,70.12,0,1.01,16.05.2024 20:20:06
0,168.56,899,959,13.50,70.12,0,1.23,16.05.2024 20:20:08
0,163.50,872,959,13.50,70.12,0,0.81,16.05.2024 20:20:10
0,165.94,885,959,13.47,70.12,0,1.02,16.05.2024 20:20:12
0,166.13,886,959,13.51,70.11,0,1.02,16.05.2024 20:20:14
0,165.75,884,959,13.48,70.11,0,1.00,16.05.2024 20:20:16
0,165.56,883,959,13.50,70.12,0,0.98,16.05.2024 20:20:18
0,164.44,877,958,13.47,70.11,0,0.90,16.05.2024 20:20:20
0,163.13,870,958,13.51,70.14,0,0.78,16.05.2024 20:20:23
0,164.63,878,958,13.51,70.13,0,0.90,16.05.2024 20:20:25
0,165.56,883,957,13.50,70.14,0,0.98,16.05.2024 20:20:27
0,167.44,893,957,13.48,70.12,0,1.14,16.05.2024 20:20:29
0,164.06,875,958,13.47,70.14,0,0.86,16.05.2024 20:20:31
0,167.44,893,959,13.50,70.12,0,1.14,16.05.2024 20:20:33
0,166.13,886,959,13.50,70.14,0,1.03,16.05.2024 20:20:35
0,165.00,880,959,13.48,70.11,0,0.94,16.05.2024 20:20:37
0,166.31,887,958,13.48,70.13,0,1.04,16.05.2024 20:20:40
0,167.25,892,958,13.50,70.12,0,1.12,16.05.2024 20:20:42
0,163.69,873,959,13.48,70.13,0,0.83,16.05.2024 20:20:44
0,164.81,879,959,13.50,70.12,0,0.92,16.05.2024 20:20:46
0,165.19,881,959,13.48,70.15,0,0.95,16.05.2024 20:20:48
0,164.81,879,959,13.48,70.11,0,0.92,16.05.2024 20:20:50
0,164.44,877,960,13.45,70.11,0,0.90,16.05.2024 20:20:52
0,160.50,856,959,13.50,70.10,0,0.58,16.05.2024 20:20:54
0,165.38,882,960,13.47,70.11,0,0.97,16.05.2024 20:20:57
0,162.00,864,960,13.48,70.12,0,0.70,16.05.2024 20:20:59
0,166.13,886,961,13.51,70.12,0,1.02,16.05.2024 20:21:01
0,166.13,886,962,13.50,70.10,0,1.03,16.05.2024 20:21:03
0,166.31,887,962,13.50,70.15,0,1.04,16.05.2024 20:21:05
0,165.56,883,963,13.50,70.12,0,0.98,16.05.2024 20:21:07
0,164.44,877,962,13.50,70.12,0,0.89,16.05.2024 20:21:09
0,164.63,878,962,13.48,70.10,0,0.91,16.05.2024 20:21:11
0,166.31,887,962,13.48,70.11,0,1.05,16.05.2024 20:21:13
0,166.31,887,962,13.47,70.11,0,1.05,16.05.2024 20:21:16
0,162.94,869,963,13.50,70.14,0,0.77,16.05.2024 20:21:18
0,162.94,869,962,13.48,70.15,0,0.77,16.05.2024 20:21:20
0,167.06,891,962,13.50,70.14,0,1.10,16.05.2024 20:21:22
0,163.31,871,962,13.48,70.13,0,0.80,16.05.2024 20:21:24
0,163.13,870,963,13.50,70.12,0,0.78,16.05.2024 20:21:26
0,163.13,870,963,13.50,70.12,0,0.78,16.05.2024 20:21:28
0,164.06,875,963,13.48,70.11,0,0.86,16.05.2024 20:21:32
0,166.31,887,963,13.47,70.13,0,1.05,16.05.2024 20:21:35
0,163.13,870,962,13.45,70.12,0,0.79,16.05.2024 20:21:37
0,163.69,873,963,13.51,70.14,0,0.83,16.05.2024 20:21:39
0,159.94,853,964,13.48,70.15,0,0.54,16.05.2024 20:21:41
0,161.06,859,963,13.50,70.12,0,0.63,16.05.2024 20:21:43
0,164.44,877,963,13.48,70.14,0,0.89,16.05.2024 20:21:45
0,160.13,854,963,13.51,70.15,0,0.55,16.05.2024 20:21:47
0,160.31,855,963,13.50,70.14,0,0.57,16.05.2024 20:21:49
0,159.56,851,963,13.50,70.14,0,0.51,16.05.2024 20:21:52
0,164.25,876,964,13.47,70.13,0,0.88,16.05.2024 20:21:54
0,164.81,879,963,13.48,70.14,0,0.92,16.05.2024 20:21:56
0,160.13,854,962,13.51,70.17,0,0.55,16.05.2024 20:21:58
0,162.94,869,963,13.50,70.12,0,0.77,16.05.2024 20:22:00
0,163.31,871,963,13.45,70.11,0,0.81,16.05.2024 20:22:02
0,165.56,883,963,13.47,70.16,0,0.98,16.05.2024 20:22:04
0,165.19,881,963,13.48,70.17,0,0.95,16.05.2024 20:22:06
0,163.69,873,963,13.47,70.16,0,0.83,16.05.2024 20:22:09
0,164.25,876,963,13.50,70.15,0,0.87,16.05.2024 20:22:11
0,162.56,867,963,13.48,70.16,0,0.74,16.05.2024 20:22:13
0,164.63,878,962,13.48,70.17,0,0.91,16.05.2024 20:22:15
0,167.06,891,962,13.50,70.14,0,1.10,16.05.2024 20:22:17
0,165.00,880,963,13.48,70.15,0,0.94,16.05.2024 20:22:19
0,163.50,872,962,13.48,70.17,0,0.82,16.05.2024 20:22:21
0,165.75,884,962,13.48,70.15,0,1.00,16.05.2024 20:22:23
0,163.31,871,963,13.48,70.14,0,0.80,16.05.2024 20:22:26
0,166.69,889,962,13.45,70.17,0,1.08,16.05.2024 20:22:28
0,163.13,870,963,13.48,70.14,0,0.79,16.05.2024 20:22:30
0,168.94,901,963,13.50,70.14,0,1.26,16.05.2024 20:22:32
0,165.56,883,963,13.47,70.14,0,0.99,16.05.2024 20:22:34
0,166.13,886,963,13.50,70.16,0,1.02,16.05.2024 20:22:36
0,166.69,889,963,13.47,70.15,0,1.08,16.05.2024 20:22:38
0,167.06,891,964,13.47,70.16,0,1.11,16.05.2024 20:22:40
0,167.06,891,963,13.48,70.19,0,1.10,16.05.2024 20:22:43
0,165.56,883,963,13.50,70.17,0,0.98,16.05.2024 20:22:45
0,163.13,870,963,13.47,70.14,0,0.79,16.05.2024 20:22:47
0,162.75,868,962,13.48,70.16,0,0.76,16.05.2024 20:22:49
0,164.06,875,962,13.50,70.16,0,0.86,16.05.2024 20:22:51
0,165.75,884,961,13.48,70.15,0,1.00,16.05.2024 20:22:53
0,165.94,885,961,13.48,70.13,0,1.01,16.05.2024 20:22:55
0,165.75,884,961,13.48,70.17,0,1.00,16.05.2024 20:22:57
0,166.13,886,961,13.50,70.17,0,1.02,16.05.2024 20:22:59
0,165.75,884,961,13.48,70.19,0,1.00,16.05.2024 20:23:02
0,163.31,871,962,13.48,70.19,0,0.80,16.05.2024 20:23:04
0,161.81,863,961,13.47,70.18,0,0.69,16.05.2024 20:23:06
0,167.25,892,962,13.47,70.16,0,1.12,16.05.2024 20:23:08
0,166.69,889,962,13.47,70.15,0,1.08,16.05.2024 20:23:10
0,166.13,886,962,13.45,70.15,0,1.03,16.05.2024 20:23:12
0,162.94,869,962,13.50,70.16,0,0.77,16.05.2024 20:23:14
0,164.06,875,961,13.48,70.15,0,0.86,16.05.2024 20:23:16
0,165.38,882,961,13.47,70.16,0,0.97,16.05.2024 20:23:19
0,165.00,880,962,13.47,70.16,0,0.94,16.05.2024 20:23:21
0,164.63,878,962,13.48,70.16,0,0.91,16.05.2024 20:23:23
0,167.06,891,961,13.47,70.16,0,1.11,16.05.2024 20:23:25
0,163.13,870,961,13.50,70.16,0,0.78,16.05.2024 20:23:27
0,160.31,855,961,13.48,70.14,0,0.57,16.05.2024 20:23:29
0,162.94,869,960,13.48,70.16,0,0.77,16.05.2024 20:23:31
0,165.00,880,960,13.47,70.16,0,0.94,16.05.2024 20:23:33
0,164.81,879,961,13.50,70.16,0,0.92,16.05.2024 20:23:36
0,162.38,866,961,13.48,70.16,0,0.73,16.05.2024 20:23:38
0,166.31,887,960,13.47,70.16,0,1.05,16.05.2024 20:23:40
0,165.19,881,960,13.45,70.17,0,0.96,16.05.2024 20:23:42
0,164.63,878,961,13.47,70.18,0,0.91,16.05.2024 20:23:44
0,164.63,878,960,13.48,70.15,0,0.91,16.05.2024 20:23:46
0,164.25,876,960,13.47,70.16,0,0.88,16.05.2024 20:23:48
0,162.19,865,960,13.48,70.14,0,0.71,16.05.2024 20:23:50
0,162.19,865,961,13.47,70.18,0,0.72,16.05.2024 20:23:55
0,165.19,881,961,13.47,70.15,0,0.96,16.05.2024 20:23:57
0,162.56,867,960,13.45,70.18,0,0.75,16.05.2024 20:23:59
0,161.25,860,960,13.47,70.16,0,0.64,16.05.2024 20:24:01
0,160.31,855,960,13.48,70.18,0,0.57,16.05.2024 20:24:03
0,161.06,859,960,13.47,70.18,0,0.63,16.05.2024 20:24:05
0,162.38,866,960,13.45,70.15,0,0.73,16.05.2024 20:24:07
0,161.81,863,960,13.47,70.18,0,0.69,16.05.2024 20:24:09
0,162.56,867,961,13.47,70.16,0,0.75,16.05.2024 20:24:12
0,167.06,891,960,13.45,70.18,0,1.11,16.05.2024 20:24:14
0,162.00,864,960,13.48,70.18,0,0.70,16.05.2024 20:24:16
0,162.38,866,960,13.48,70.18,0,0.73,16.05.2024 20:24:18
0,165.56,883,960,13.48,70.17,0,0.98,16.05.2024 20:24:20
0,164.63,878,960,13.47,70.16,0,0.91,16.05.2024 20:24:22
0,165.19,881,960,13.48,70.20,0,0.95,16.05.2024 20:24:24
0,166.50,888,960,13.47,70.20,0,1.06,16.05.2024 20:24:26
0,166.50,888,960,13.45,70.19,0,1.06,16.05.2024 20:24:28
0,163.69,873,960,13.47,70.20,0,0.83,16.05.2024 20:24:31
0,163.31,871,960,13.45,70.18,0,0.81,16.05.2024 20:24:33
0,161.81,863,959,13.45,70.17,0,0.69,16.05.2024 20:24:35
0,165.38,882,959,13.47,70.20,0,0.97,16.05.2024 20:24:37
0,163.13,870,960,13.47,70.22,0,0.79,16.05.2024 20:24:39
0,165.19,881,959,13.47,70.18,0,0.95,16.05.2024 20:24:41
0,162.75,868,959,13.47,70.21,0,0.76,16.05.2024 20:24:43
0,162.94,869,959,13.47,70.20,0,0.77,16.05.2024 20:24:45
0,163.69,873,959,13.44,70.19,0,0.84,16.05.2024 20:24:48
0,163.88,874,959,13.44,70.20,0,0.85,16.05.2024 20:24:50
0,165.94,885,959,13.48,70.21,0,1.01,16.05.2024 20:24:52
0,165.56,883,959,13.44,70.20,0,0.99,16.05.2024 20:24:54
0,165.75,884,959,13.48,70.21,0,1.00,16.05.2024 20:24:56
0,162.75,868,959,13.45,70.19,0,0.76,16.05.2024 20:24:58
0,169.31,903,959,13.45,70.18,0,1.30,16.05.2024 20:25:00
0,165.56,883,958,13.47,70.20,0,0.98,16.05.2024 20:25:02
0,165.38,882,958,13.45,70.19,0,0.97,16.05.2024 20:25:05
0,163.50,872,959,13.45,70.19,0,0.82,16.05.2024 20:25:07
0,165.94,885,959,13.47,70.20,0,1.01,16.05.2024 20:25:09
0,166.31,887,958,13.47,70.20,0,1.04,16.05.2024 20:25:11
0,164.25,876,958,13.47,70.22,0,0.88,16.05.2024 20:25:13
0,166.31,887,959,13.47,70.20,0,1.04,16.05.2024 20:25:15
0,164.63,878,959,13.48,70.19,0,0.90,16.05.2024 20:25:17
0,165.00,880,959,13.45,70.23,0,0.94,16.05.2024 20:25:19
0,163.69,873,959,13.47,70.20,0,0.83,16.05.2024 20:25:22
0,162.56,867,960,13.47,70.21,0,0.74,16.05.2024 20:25:24
0,163.31,871,961,13.47,70.23,0,0.80,16.05.2024 20:25:26
0,163.13,870,960,13.48,70.23,0,0.78,16.05.2024 20:25:28
0,164.81,879,961,13.47,70.23,0,0.92,16.05.2024 20:25:30
0,166.13,886,960,13.47,70.20,0,1.03,16.05.2024 20:25:32
0,166.31,887,960,13.45,70.23,0,1.05,16.05.2024 20:25:34
0,164.44,877,961,13.45,70.21,0,0.89,16.05.2024 20:25:36
0,166.50,888,960,13.47,70.21,0,1.06,16.05.2024 20:25:39
0,164.63,878,960,13.47,70.25,0,0.90,16.05.2024 20:25:41
0,166.69,889,960,13.47,70.21,0,1.08,16.05.2024 20:25:43
0,162.56,867,960,13.45,70.18,0,0.75,16.05.2024 20:25:45
0,166.88,890,960,13.47,70.20,0,1.09,16.05.2024 20:25:47
0,164.44,877,960,13.45,70.22,0,0.89,16.05.2024 20:25:49
0,166.88,890,960,13.47,70.20,0,1.09,16.05.2024 20:25:51
0,163.50,872,960,13.45,70.19,0,0.82,16.05.2024 20:25:53
0,165.38,882,961,13.47,70.20,0,0.97,16.05.2024 20:25:55
0,166.88,890,960,13.48,70.22,0,1.09,16.05.2024 20:25:58
0,162.38,866,961,13.47,70.23,0,0.73,16.05.2024 20:26:00
0,163.88,874,960,13.47,70.21,0,0.85,16.05.2024 20:26:02
0,162.56,867,961,13.48,70.21,0,0.74,16.05.2024 20:26:04
0,164.63,878,961,13.45,70.22,0,0.91,16.05.2024 20:26:06
0,166.69,889,961,13.44,70.23,0,1.08,16.05.2024 20:26:08
0,162.19,865,961,13.45,70.20,0,0.72,16.05.2024 20:26:10
0,163.50,872,961,13.47,70.22,0,0.82,16.05.2024 20:26:12
0,163.69,873,960,13.45,70.21,0,0.83,16.05.2024 20:26:15
0,162.19,865,961,13.47,70.23,0,0.71,16.05.2024 20:26:19
0,166.88,890,961,13.47,70.22,0,1.09,16.05.2024 20:26:21
0,168.00,896,961,13.47,70.21,0,1.19,16.05.2024 20:26:23
0,161.63,862,961,13.47,70.20,0,0.67,16.05.2024 20:26:25
0,160.50,856,961,13.48,70.22,0,0.58,16.05.2024 20:26:27
0,162.00,864,961,13.47,70.22,0,0.70,16.05.2024 20:26:29
0,164.25,876,961,13.47,70.23,0,0.88,16.05.2024 20:26:31
0,163.69,873,961,13.47,70.21,0,0.83,16.05.2024 20:26:34
0,165.19,881,961,13.47,70.20,0,0.95,16.05.2024 20:26:36
0,160.31,855,961,13.45,70.20,0,0.57,16.05.2024 20:26:38
0,166.31,887,961,13.45,70.20,0,1.05,16.05.2024 20:26:40
0,162.75,868,961,13.48,70.19,0,0.76,16.05.2024 20:26:42
0,164.06,875,961,13.45,70.15,0,0.87,16.05.2024 20:26:44
0,163.69,873,961,13.47,70.20,0,0.83,16.05.2024 20:26:46
0,165.19,881,961,13.48,70.21,0,0.95,16.05.2024 20:26:48
0,162.56,867,961,13.47,70.24,0,0.74,16.05.2024 20:26:51
0,164.81,879,961,13.47,70.20,0,0.92,16.05.2024 20:26:53
0,162.94,869,961,13.47,70.22,0,0.77,16.05.2024 20:26:55
0,167.25,892,961,13.47,70.20,0,1.12,16.05.2024 20:26:57
0,165.75,884,961,13.48,70.20,0,1.00,16.05.2024 20:26:59
0,165.19,881,962,13.45,70.20,0,0.96,16.05.2024 20:27:01
0,167.06,891,962,13.48,70.19,0,1.10,16.05.2024 20:27:03
0,164.44,877,963,13.47,70.21,0,0.89,16.05.2024 20:27:05
0,166.13,886,962,13.45,70.19,0,1.03,16.05.2024 20:27:08
0,164.25,876,962,13.45,70.20,0,0.88,16.05.2024 20:27:10
0,163.69,873,962,13.44,70.18,0,0.84,16.05.2024 20:27:12
0,165.19,881,961,13.47,70.22,0,0.95,16.05.2024 20:27:14
0,166.69,889,961,13.47,70.20,0,1.08,16.05.2024 20:27:16
0,168.19,897,961,13.47,70.20,0,1.20,16.05.2024 20:27:18
0,165.00,880,961,13.47,70.18,0,0.94,16.05.2024 20:27:20
0,165.94,885,961,13.47,70.18,0,1.01,16.05.2024 20:27:22
0,162.94,869,961,13.47,70.20,0,0.77,16.05.2024 20:27:24
0,166.69,889,960,13.45,70.20,0,1.08,16.05.2024 20:27:27
0,166.50,888,961,13.45,70.22,0,1.06,16.05.2024 20:27:29
0,169.69,905,961,13.47,70.21,0,1.33,16.05.2024 20:27:31
0,165.38,882,961,13.48,70.21,0,0.96,16.05.2024 20:27:33
0,166.31,887,961,13.47,70.20,0,1.04,16.05.2024 20:27:35
0,165.00,880,961,13.45,70.19,0,0.94,16.05.2024 20:27:37
0,163.88,874,960,13.45,70.20,0,0.85,16.05.2024 20:27:39
0,167.25,892,960,13.47,70.21,0,1.12,16.05.2024 20:27:41
0,164.81,879,960,13.45,70.22,0,0.92,16.05.2024 20:27:44
0,162.94,869,960,13.45,70.19,0,0.78,16.05.2024 20:27:46
0,165.00,880,960,13.44,70.20,0,0.94,16.05.2024 20:27:48
0,165.75,884,959,13.45,70.21,0,1.00,16.05.2024 20:27:50
0,167.44,893,959,13.45,70.23,0,1.14,16.05.2024 20:27:52
0,165.19,881,959,13.45,70.23,0,0.95,16.05.2024 20:27:54
0,164.63,878,958,13.44,70.20,0,0.91,16.05.2024 20:27:56
0,165.00,880,958,13.45,70.22,0,0.94,16.05.2024 20:27:58
0,166.50,888,958,13.44,70.23,0,1.06,16.05.2024 20:28:01
0,163.50,872,958,13.44,70.18,0,0.82,16.05.2024 20:28:03
0,168.75,900,958,13.45,70.17,0,1.25,16.05.2024 20:28:05
0,163.31,871,957,13.45,70.22,0,0.80,16.05.2024 20:28:07
0,164.81,879,957,13.47,70.20,0,0.92,16.05.2024 20:28:09
0,165.19,881,958,13.45,70.19,0,0.96,16.05.2024 20:28:11
0,160.50,856,959,13.45,70.18,0,0.59,16.05.2024 20:28:13
0,162.38,866,958,13.47,70.22,0,0.73,16.05.2024 20:28:15
0,163.69,873,958,13.47,70.20,0,0.83,16.05.2024 20:28:18
0,166.31,887,958,13.45,70.20,0,1.05,16.05.2024 20:28:20
0,162.75,868,958,13.44,70.16,0,0.77,16.05.2024 20:28:22
0,164.44,877,958,13.45,70.20,0,0.89,16.05.2024 20:28:24
0,165.19,881,958,13.47,70.21,0,0.95,16.05.2024 20:28:26
0,165.19,881,958,13.44,70.21,0,0.96,16.05.2024 20:28:28
0,164.06,875,958,13.44,70.18,0,0.87,16.05.2024 20:28:30
0,167.06,891,958,13.47,70.22,0,1.11,16.05.2024 20:28:32
0,162.56,867,959,13.45,70.20,0,0.75,16.05.2024 20:28:35
0,163.31,871,959,13.45,70.20,0,0.81,16.05.2024 20:28:37
0,164.25,876,958,13.45,70.20,0,0.88,16.05.2024 20:28:39
0,163.88,874,958,13.45,70.21,0,0.85,16.05.2024 20:28:41
0,165.56,883,958,13.45,70.17,0,0.99,16.05.2024 20:28:43
0,163.31,871,958,13.47,70.18,0,0.80,16.05.2024 20:28:45
0,164.25,876,959,13.45,70.17,0,0.88,16.05.2024 20:28:47
0,162.94,869,958,13.45,70.19,0,0.78,16.05.2024 20:28:49
0,162.19,865,959,13.45,70.20,0,0.72,16.05.2024 20:28:52
0,162.19,865,959,13.45,70.18,0,0.72,16.05.2024 20:28:56
0,165.19,881,959,13.45,70.22,0,0.95,16.05.2024 20:28:58
0,164.63,878,958,13.47,70.18,0,0.91,16.05.2024 20:29:00
0,163.69,873,958,13.44,70.17,0,0.84,16.05.2024 20:29:02
0,163.88,874,958,13.44,70.18,0,0.85,16.05.2024 20:29:04
0,164.25,876,957,13.45,70.21,0,0.88,16.05.2024 20:29:06
0,161.81,863,958,13.45,70.20,0,0.69,16.05.2024 20:29:08
0,163.13,870,958,13.45,70.21,0,0.79,16.05.2024 20:29:10
0,160.69,857,958,13.45,70.23,0,0.60,16.05.2024 20:29:13
0,164.81,879,958,13.44,70.20,0,0.93,16.05.2024 20:29:15
0,163.31,871,958,13.45,70.21,0,0.81,16.05.2024 20:29:17
0,159.38,850,958,13.44,70.18,0,0.51,16.05.2024 20:29:19
0,164.06,875,958,13.45,70.19,0,0.87,16.05.2024 20:29:21
0,160.69,857,959,13.42,70.21,0,0.61,16.05.2024 20:29:23
0,163.13,870,958,13.45,70.20,0,0.79,16.05.2024 20:29:25
0,163.69,873,958,13.45,70.19,0,0.84,16.05.2024 20:29:27
0,165.75,884,958,13.44,70.20,0,1.00,16.05.2024 20:29:30
0,166.50,888,957,13.45,70.21,0,1.06,16.05.2024 20:29:32
0,160.69,857,957,13.44,70.17,0,0.61,16.05.2024 20:29:34
0,168.19,897,957,13.45,70.21,0,1.20,16.05.2024 20:29:36
0,167.63,894,958,13.45,70.20,0,1.16,16.05.2024 20:29:38
0,164.44,877,957,13.45,70.19,0,0.90,16.05.2024 20:29:40
0,164.06,875,957,13.44,70.19,0,0.87,16.05.2024 20:29:42
0,165.38,882,957,13.45,70.20,0,0.97,16.05.2024 20:29:44
0,165.56,883,957,13.44,70.19,0,0.99,16.05.2024 20:29:47
0,165.56,883,956,13.44,70.19,0,0.99,16.05.2024 20:29:49
0,163.88,874,956,13.45,70.20,0,0.85,16.05.2024 20:29:51
0,161.25,860,955,13.44,70.19,0,0.65,16.05.2024 20:29:53
0,167.44,893,956,13.44,70.20,0,1.14,16.05.2024 20:29:55
0,162.56,867,955,13.47,70.20,0,0.74,16.05.2024 20:29:57
0,167.44,893,954,13.44,70.17,0,1.15,16.05.2024 20:29:59
0,168.19,897,955,13.44,70.18,0,1.21,16.05.2024 20:30:01
0,166.88,890,955,13.44,70.17,0,1.10,16.05.2024 20:30:04
0,167.06,891,955,13.44,70.22,0,1.11,16.05.2024 20:30:06
0,163.13,870,955,13.47,70.24,0,0.79,16.05.2024 20:30:08
0,162.00,864,955,13.44,70.18,0,0.71,16.05.2024 20:30:10
0,166.31,887,955,13.44,70.20,0,1.05,16.05.2024 20:30:12
0,163.50,872,955,13.44,70.20,0,0.82,16.05.2024 20:30:14
0,167.81,895,955,13.45,70.20,0,1.17,16.05.2024 20:30:16
0,167.25,892,955,13.45,70.21,0,1.13,16.05.2024 20:30:18
0,164.06,875,955,13.44,70.16,0,0.87,16.05.2024 20:30:21
0,165.00,880,955,13.44,70.19,0,0.94,16.05.2024 20:30:23
0,167.25,892,956,13.42,70.21,0,1.13,16.05.2024 20:30:25
0,167.25,892,956,13.44,70.19,0,1.13,16.05.2024 20:30:27
0,164.25,876,956,13.44,70.19,0,0.88,16.05.2024 20:30:29
0,164.06,875,956,13.44,70.19,0,0.87,16.05.2024 20:30:31
0,165.94,885,956,13.44,70.22,0,1.02,16.05.2024 20:30:33
0,168.38,898,956,13.42,70.20,0,1.23,16.05.2024 20:30:35
0,165.00,880,956,13.44,70.23,0,0.94,16.05.2024 20:30:37
0,166.31,887,956,13.44,70.16,0,1.05,16.05.2024 20:30:40
0,167.06,891,957,13.42,70.21,0,1.12,16.05.2024 20:30:42
0,166.69,889,957,13.45,70.17,0,1.08,16.05.2024 20:30:44
0,162.94,869,957,13.47,70.21,0,0.77,16.05.2024 20:30:46
0,166.31,887,958,13.44,70.19,0,1.05,16.05.2024 20:30:48
0,164.25,876,958,13.44,70.20,0,0.88,16.05.2024 20:30:50
0,163.31,871,958,13.44,70.16,0,0.81,16.05.2024 20:30:52
0,165.38,882,958,13.47,70.18,0,0.97,16.05.2024 20:30:54
0,164.44,877,958,13.45,70.19,0,0.90,16.05.2024 20:30:57
0,165.56,883,959,13.45,70.20,0,0.99,16.05.2024 20:30:59
0,166.50,888,959,13.45,70.17,0,1.06,16.05.2024 20:31:01
0,162.38,866,959,13.44,70.15,0,0.74,16.05.2024 20:31:03
0,159.56,851,959,13.45,70.17,0,0.52,16.05.2024 20:31:05
0,165.00,880,959,13.44,70.17,0,0.94,16.05.2024 20:31:07
0,163.31,871,959,13.45,70.18,0,0.81,16.05.2024 20:31:09
0,162.75,868,959,13.42,70.14,0,0.77,16.05.2024 20:31:11
0,167.63,894,959,13.45,70.19,0,1.16,16.05.2024 20:31:14
0,167.81,895,958,13.42,70.17,0,1.18,16.05.2024 20:31:16
0,162.38,866,958,13.44,70.15,0,0.74,16.05.2024 20:31:18
0,165.94,885,958,13.45,70.16,0,1.02,16.05.2024 20:31:20
0,164.81,879,957,13.45,70.19,0,0.93,16.05.2024 20:31:22
0,165.00,880,957,13.42,70.15,0,0.95,16.05.2024 20:31:26
0,162.00,864,957,13.44,70.17,0,0.71,16.05.2024 20:31:28
0,164.63,878,957,13.45,70.17,0,0.91,16.05.2024 20:31:30
0,164.81,879,957,13.45,70.16,0,0.93,16.05.2024 20:31:33
0,164.06,875,956,13.45,70.14,0,0.87,16.05.2024 20:31:35
0,162.94,869,956,13.44,70.21,0,0.78,16.05.2024 20:31:37
0,162.94,869,956,13.41,70.16,0,0.79,16.05.2024 20:31:39
0,162.94,869,956,13.42,70.15,0,0.78,16.05.2024 20:31:41
0,163.88,874,956,13.42,70.17,0,0.86,16.05.2024 20:31:43
0,163.31,871,956,13.42,70.13,0,0.82,16.05.2024 20:31:45
0,161.25,860,956,13.45,70.16,0,0.65,16.05.2024 20:31:47
0,161.81,863,956,13.45,70.18,0,0.69,16.05.2024 20:31:50
0,163.13,870,956,13.44,70.19,0,0.79,16.05.2024 20:31:52
0,161.63,862,956,13.42,70.12,0,0.68,16.05.2024 20:31:54
0,162.94,869,956,13.44,70.15,0,0.78,16.05.2024 20:31:56
0,165.00,880,956,13.44,70.14,0,0.95,16.05.2024 20:31:58
0,159.75,852,955,13.41,70.16,0,0.54,16.05.2024 20:32:00
0,164.06,875,956,13.42,70.17,0,0.87,16.05.2024 20:32:02
0,164.25,876,956,13.44,70.17,0,0.88,16.05.2024 20:32:04
0,164.44,877,956,13.42,70.17,0,0.90,16.05.2024 20:32:06
0,164.63,878,956,13.45,70.17,0,0.91,16.05.2024 20:32:09
0,166.50,888,956,13.41,70.18,0,1.07,16.05.2024 20:32:11
0,165.38,882,956,13.45,70.15,0,0.97,16.05.2024 20:32:13
0,165.38,882,955,13.42,70.17,0,0.98,16.05.2024 20:32:15
0,164.81,879,955,13.44,70.17,0,0.93,16.05.2024 20:32:17
0,164.06,875,955,13.42,70.17,0,0.87,16.05.2024 20:32:19
0,165.19,881,954,13.42,70.13,0,0.97,16.05.2024 20:32:21
0,165.75,884,954,13.42,70.14,0,1.01,16.05.2024 20:32:23
0,165.56,883,954,13.42,70.16,0,1.00,16.05.2024 20:32:26
0,168.00,896,954,13.41,70.12,0,1.20,16.05.2024 20:32:28
0,165.00,880,954,13.47,70.14,0,0.94,16.05.2024 20:32:30
0,166.31,887,954,13.45,70.14,0,1.05,16.05.2024 20:32:32
0,166.88,890,953,13.44,70.16,0,1.10,16.05.2024 20:32:34
0,165.00,880,953,13.44,70.16,0,0.95,16.05.2024 20:32:36
0,166.88,890,952,13.44,70.15,0,1.10,16.05.2024 20:32:38
0,165.38,882,953,13.42,70.16,0,0.98,16.05.2024 20:32:40
0,166.50,888,952,13.42,70.16,0,1.07,16.05.2024 20:32:43
0,163.69,873,952,13.44,70.16,0,0.84,16.05.2024 20:32:45
0,164.06,875,952,13.42,70.15,0,0.87,16.05.2024 20:32:47
0,165.00,880,953,13.42,70.16,0,0.95,16.05.2024 20:32:49
0,162.00,864,953,13.42,70.15,0,0.71,16.05.2024 20:32:51
0,166.31,887,952,13.42,70.15,0,1.06,16.05.2024 20:32:53
0,164.06,875,952,13.41,70.15,0,0.88,16.05.2024 20:32:55
0,162.56,867,952,13.41,70.14,0,0.76,16.05.2024 20:32:57
0,163.69,873,953,13.42,70.15,0,0.84,16.05.2024 20:33:00
0,161.63,862,952,13.44,70.14,0,0.68,16.05.2024 20:33:02
0,165.75,884,952,13.44,70.12,0,1.01,16.05.2024 20:33:04
0,162.00,864,952,13.44,70.10,0,0.71,16.05.2024 20:33:06
0,167.63,894,952,13.41,70.14,0,1.17,16.05.2024 20:33:08
0,165.00,880,952,13.41,70.15,0,0.95,16.05.2024 20:33:10
0,164.81,879,952,13.41,70.11,0,0.94,16.05.2024 20:33:12
0,167.25,892,953,13.42,70.14,0,1.14,16.05.2024 20:33:14
0,163.69,873,953,13.42,70.11,0,0.85,16.05.2024 20:33:17
0,165.75,884,954,13.42,70.11,0,1.01,16.05.2024 20:33:19
0,169.13,902,953,13.42,70.14,0,1.30,16.05.2024 20:33:21
0,166.50,888,953,13.40,70.10,0,1.08,16.05.2024 20:33:23
0,165.00,880,953,13.42,70.16,0,0.95,16.05.2024 20:33:25
0,163.88,874,953,13.41,70.14,0,0.86,16.05.2024 20:33:27
0,166.50,888,953,13.41,70.10,0,1.08,16.05.2024 20:33:29
0,162.19,865,954,13.42,70.12,0,0.73,16.05.2024 20:33:31
0,161.44,861,954,13.42,70.14,0,0.67,16.05.2024 20:33:34
0,162.19,865,955,13.40,70.10,0,0.73,16.05.2024 20:33:36
0,166.88,890,954,13.41,70.13,0,1.11,16.05.2024 20:33:38
0,164.25,876,955,13.41,70.12,0,0.89,16.05.2024 20:33:40
0,166.88,890,954,13.42,70.09,0,1.11,16.05.2024 20:33:42
0,165.00,880,955,13.41,70.13,0,0.95,16.05.2024 20:33:44
0,162.38,866,954,13.41,70.10,0,0.75,16.05.2024 20:33:46
0,163.13,870,955,13.44,70.15,0,0.80,16.05.2024 20:33:48
0,162.00,864,955,13.41,70.13,0,0.72,16.05.2024 20:33:50
0,161.06,859,954,13.40,70.12,0,0.65,16.05.2024 20:33:55
0,165.19,881,955,13.41,70.09,0,0.97,16.05.2024 20:33:57
0,162.38,866,955,13.41,70.09,0,0.75,16.05.2024 20:33:59
0,163.13,870,955,13.41,70.10,0,0.80,16.05.2024 20:34:01
0,165.00,880,955,13.42,70.13,0,0.95,16.05.2024 20:34:03
0,157.88,842,955,13.44,70.10,0,0.40,16.05.2024 20:34:05
0,164.25,876,955,13.42,70.10,0,0.89,16.05.2024 20:34:07
0,161.25,860,956,13.42,70.07,0,0.66,16.05.2024 20:34:09
0,161.44,861,956,13.42,70.11,0,0.67,16.05.2024 20:34:12
0,162.75,868,956,13.40,70.13,0,0.78,16.05.2024 20:34:14
0,162.94,869,956,13.41,70.06,0,0.79,16.05.2024 20:34:16
0,161.81,863,956,13.44,70.12,0,0.69,16.05.2024 20:34:18
0,167.63,894,957,13.41,70.11,0,1.17,16.05.2024 20:34:20
0,162.00,864,957,13.41,70.09,0,0.72,16.05.2024 20:34:22
0,163.88,874,956,13.41,70.06,0,0.87,16.05.2024 20:34:24
0,162.19,865,956,13.40,70.09,0,0.73,16.05.2024 20:34:26
0,163.69,873,956,13.42,70.11,0,0.85,16.05.2024 20:34:29
0,165.19,881,956,13.40,70.08,0,0.97,16.05.2024 20:34:31
0,167.81,895,956,13.41,70.06,0,1.19,16.05.2024 20:34:33
0,165.94,885,957,13.41,70.09,0,1.03,16.05.2024 20:34:35
0,168.00,896,956,13.41,70.08,0,1.21,16.05.2024 20:34:37
0,166.88,890,956,13.38,70.10,0,1.12,16.05.2024 20:34:39
0,166.50,888,956,13.41,70.10,0,1.08,16.05.2024 20:34:41
0,165.38,882,956,13.42,70.09,0,0.98,16.05.2024 20:34:43
0,163.88,874,956,13.41,70.08,0,0.87,16.05.2024 20:34:46
0,163.50,872,957,13.41,70.11,0,0.83,16.05.2024 20:34:48
0,166.69,889,957,13.40,70.06,0,1.10,16.05.2024 20:34:50
0,166.69,889,957,13.41,70.09,0,1.09,16.05.2024 20:34:52
0,166.50,888,957,13.40,70.09,0,1.08,16.05.2024 20:34:54
0,166.88,890,957,13.40,70.06,0,1.12,16.05.2024 20:34:56
0,163.13,870,957,13.42,70.10,0,0.80,16.05.2024 20:34:58
0,162.56,867,958,13.41,70.08,0,0.76,16.05.2024 20:35:00
0,165.00,880,958,13.40,70.10,0,0.96,16.05.2024 20:35:03
0,167.25,892,959,13.40,70.08,0,1.15,16.05.2024 20:35:05
0,165.38,882,959,13.40,70.08,0,0.99,16.05.2024 20:35:07
0,163.69,873,959,13.40,70.08,0,0.85,16.05.2024 20:35:09
0,166.50,888,960,13.41,70.06,0,1.08,16.05.2024 20:35:11
0,167.25,892,960,13.41,70.06,0,1.14,16.05.2024 20:35:13
0,163.69,873,959,13.40,70.09,0,0.85,16.05.2024 20:35:15
0,161.44,861,959,13.41,70.08,0,0.67,16.05.2024 20:35:17
0,165.56,883,959,13.41,70.08,0,1.00,16.05.2024 20:35:19
0,162.19,865,959,13.40,70.07,0,0.74,16.05.2024 20:35:22
0,165.75,884,959,13.40,70.05,0,1.02,16.05.2024 20:35:24
0,159.19,849,959,13.40,70.07,0,0.51,16.05.2024 20:35:26
0,163.31,871,958,13.38,70.08,0,0.83,16.05.2024 20:35:28
0,162.94,869,959,13.40,70.05,0,0.80,16.05.2024 20:35:30
0,162.19,865,958,13.41,70.06,0,0.73,16.05.2024 20:35:32
0,166.69,889,959,13.41,70.05,0,1.10,16.05.2024 20:35:34
0,162.38,866,959,13.40,70.06,0,0.75,16.05.2024 20:35:36
0,166.69,889,959,13.42,70.07,0,1.09,16.05.2024 20:35:39
0,168.38,898,960,13.40,70.05,0,1.24,16.05.2024 20:35:41
0,163.69,873,960,13.40,70.06,0,0.85,16.05.2024 20:35:43
0,166.13,886,960,13.38,70.07,0,1.06,16.05.2024 20:35:45
0,163.69,873,959,13.41,70.05,0,0.85,16.05.2024 20:35:47
0,164.63,878,960,13.40,70.06,0,0.93,16.05.2024 20:35:49
0,163.50,872,960,13.38,70.06,0,0.84,16.05.2024 20:35:51
0,162.38,866,960,13.40,70.06,0,0.75,16.05.2024 20:35:53
0,160.13,854,960,13.40,70.07,0,0.58,16.05.2024 20:35:56
0,165.19,881,960,13.38,70.04,0,0.98,16.05.2024 20:35:58
0,162.38,866,959,13.40,70.04,0,0.75,16.05.2024 20:36:00
0,162.19,865,960,13.38,70.07,0,0.74,16.05.2024 20:36:02
0,161.81,863,960,13.38,70.07,0,0.71,16.05.2024 20:36:04
0,162.94,869,959,13.40,70.07,0,0.79,16.05.2024 20:36:06
0,164.25,876,960,13.40,70.06,0,0.90,16.05.2024 20:36:08
0,165.19,881,960,13.35,70.02,0,0.99,16.05.2024 20:36:10
0,162.75,868,960,13.40,70.06,0,0.78,16.05.2024 20:36:13
0,161.63,862,960,13.35,70.04,0,0.70,16.05.2024 20:36:15
0,164.06,875,959,13.40,70.04,0,0.89,16.05.2024 20:36:19
0,162.75,868,959,13.40,70.04,0,0.78,16.05.2024 20:36:21
0,162.94,869,960,13.41,70.04,0,0.79,16.05.2024 20:36:23
0,165.19,881,959,13.40,70.05,0,0.98,16.05.2024 20:36:25
0,161.81,863,959,13.41,70.06,0,0.70,16.05.2024 20:36:27
0,160.88,858,959,13.40,70.02,0,0.64,16.05.2024 20:36:29
0,161.25,860,960,13.40,70.06,0,0.66,16.05.2024 20:36:32
0,162.19,865,960,13.40,70.04,0,0.74,16.05.2024 20:36:34
0,162.19,865,961,13.38,70.02,0,0.74,16.05.2024 20:36:36
0,162.56,867,961,13.38,70.06,0,0.77,16.05.2024 20:36:38
0,159.56,851,960,13.38,70.03,0,0.54,16.05.2024 20:36:40
0,162.94,869,960,13.38,70.04,0,0.80,16.05.2024 20:36:42
0,162.00,864,960,13.38,70.03,0,0.73,16.05.2024 20:36:44
0,162.75,868,959,13.38,70.02,0,0.79,16.05.2024 20:36:46
0,164.44,877,959,13.37,70.06,0,0.92,16.05.2024 20:36:48
0,163.31,871,959,13.41,70.05,0,0.82,16.05.2024 20:36:51
0,166.69,889,958,13.40,70.07,0,1.10,16.05.2024 20:36:53
0,166.50,888,958,13.38,70.07,0,1.09,16.05.2024 20:36:55
0,163.13,870,958,13.40,70.03,0,0.81,16.05.2024 20:36:57
0,163.31,871,956,13.40,70.08,0,0.82,16.05.2024 20:36:59
0,162.19,865,956,13.38,70.05,0,0.74,16.05.2024 20:37:01
0,165.38,882,955,13.37,70.04,0,1.00,16.05.2024 20:37:03
0,163.88,874,955,13.38,70.03,0,0.87,16.05.2024 20:37:05
0,167.63,894,955,13.40,70.06,0,1.18,16.05.2024 20:37:08
0,167.63,894,956,13.38,70.06,0,1.18,16.05.2024 20:37:10
0,165.00,880,955,13.37,70.05,0,0.97,16.05.2024 20:37:12
0,164.63,878,955,13.40,70.03,0,0.93,16.05.2024 20:37:14
0,163.69,873,955,13.38,70.03,0,0.86,16.05.2024 20:37:16
0,166.88,890,955,13.37,70.04,0,1.12,16.05.2024 20:37:18
0,163.31,871,955,13.40,70.06,0,0.82,16.05.2024 20:37:20
0,165.19,881,956,13.40,70.08,0,0.97,16.05.2024 20:37:22
0,162.94,869,955,13.37,70.03,0,0.80,16.05.2024 20:37:25
0,167.25,892,955,13.37,70.05,0,1.15,16.05.2024 20:37:27
0,163.50,872,955,13.38,70.05,0,0.84,16.05.2024 20:37:29
0,164.44,877,955,13.40,70.06,0,0.91,16.05.2024 20:37:31
0,165.56,883,955,13.38,70.05,0,1.01,16.05.2024 20:37:33
0,163.50,872,955,13.37,70.03,0,0.85,16.05.2024 20:37:35
0,165.00,880,955,13.38,70.05,0,0.96,16.05.2024 20:37:37
0,164.63,878,954,13.40,70.03,0,0.93,16.05.2024 20:37:39
0,165.75,884,954,13.37,70.04,0,1.03,16.05.2024 20:37:42
0,163.88,874,954,13.37,70.03,0,0.88,16.05.2024 20:37:44
0,164.63,878,954,13.37,70.02,0,0.94,16.05.2024 20:37:46
0,165.75,884,954,13.38,70.05,0,1.03,16.05.2024 20:37:48
0,162.75,868,954,13.37,70.02,0,0.79,16.05.2024 20:37:50
0,162.38,866,953,13.37,70.03,0,0.76,16.05.2024 20:37:52
0,165.38,882,953,13.37,70.03,0,1.00,16.05.2024 20:37:54
0,162.19,865,953,13.38,70.00,0,0.74,16.05.2024 20:37:56
0,160.31,855,953,13.37,70.04,0,0.60,16.05.2024 20:37:59
0,164.44,877,953,13.35,70.00,0,0.93,16.05.2024 20:38:01
0,166.31,887,952,13.37,70.02,0,1.08,16.05.2024 20:38:03
0,163.69,873,952,13.37,70.03,0,0.86,16.05.2024 20:38:05
0,165.38,882,952,13.37,69.99,0,1.00,16.05.2024 20:38:07
0,164.25,876,952,13.38,70.02,0,0.90,16.05.2024 20:38:09
0,168.19,897,952,13.37,70.02,0,1.24,16.05.2024 20:38:11
0,163.31,871,952,13.37,70.02,0,0.83,16.05.2024 20:38:13
0,164.06,875,952,13.35,70.00,0,0.90,16.05.2024 20:38:15
0,168.38,898,953,13.35,70.00,0,1.26,16.05.2024 20:38:18
0,163.69,873,954,13.38,70.02,0,0.86,16.05.2024 20:38:20
0,165.38,882,954,13.38,70.04,0,1.00,16.05.2024 20:38:22
0,162.94,869,954,13.35,69.99,0,0.81,16.05.2024 20:38:24
0,162.38,866,954,13.35,70.02,0,0.76,16.05.2024 20:38:26
0,166.13,886,954,13.34,69.97,0,1.07,16.05.2024 20:38:28
0,163.13,870,954,13.37,69.98,0,0.82,16.05.2024 20:38:30
0,162.19,865,954,13.38,70.04,0,0.74,16.05.2024 20:38:32
0,160.88,858,954,13.37,69.99,0,0.64,16.05.2024 20:38:35
0,166.69,889,954,13.37,70.02,0,1.11,16.05.2024 20:38:37
0,163.31,871,955,13.37,70.00,0,0.83,16.05.2024 20:38:39
0,165.00,880,955,13.35,70.00,0,0.97,16.05.2024 20:38:41
0,161.81,863,954,13.35,70.03,0,0.72,16.05.2024 20:38:43
0,163.88,874,954,13.35,70.00,0,0.88,16.05.2024 20:38:47
0,162.56,867,955,13.37,70.01,0,0.77,16.05.2024 20:38:49
0,163.31,871,954,13.37,70.05,0,0.83,16.05.2024 20:38:51
0,165.00,880,955,13.37,70.04,0,0.97,16.05.2024 20:38:54
0,160.31,855,955,13.40,70.02,0,0.59,16.05.2024 20:38:56
0,165.19,881,956,13.38,70.00,0,0.98,16.05.2024 20:38:58
0,160.69,857,955,13.37,70.01,0,0.63,16.05.2024 20:39:00
0,159.56,851,955,13.35,70.00,0,0.55,16.05.2024 20:39:02
0,160.69,857,955,13.37,70.01,0,0.63,16.05.2024 20:39:04
0,162.75,868,955,13.38,70.02,0,0.79,16.05.2024 20:39:06
0,162.38,866,956,13.37,70.02,0,0.76,16.05.2024 20:39:08
0,161.44,861,956,13.37,69.99,0,0.69,16.05.2024 20:39:11
0,159.38,850,955,13.34,70.00,0,0.54,16.05.2024 20:39:13
0,163.69,873,955,13.34,69.99,0,0.87,16.05.2024 20:39:15
0,156.94,837,955,13.34,70.00,0,0.36,16.05.2024 20:39:17
0,159.94,853,955,13.35,70.00,0,0.57,16.05.2024 20:39:19
0,158.25,844,955,13.37,70.03,0,0.45,16.05.2024 20:39:21
0,165.38,882,955,13.35,69.99,0,1.00,16.05.2024 20:39:23
0,162.38,866,955,13.34,70.01,0,0.76,16.05.2024 20:39:25
0,164.06,875,955,13.37,70.03,0,0.89,16.05.2024 20:39:28
0,160.88,858,955,13.35,70.02,0,0.65,16.05.2024 20:39:30
0,163.31,871,954,13.38,70.03,0,0.83,16.05.2024 20:39:32
0,161.63,862,955,13.35,70.02,0,0.70,16.05.2024 20:39:34
0,163.31,871,955,13.35,70.03,0,0.84,16.05.2024 20:39:36
0,164.06,875,955,13.35,70.00,0,0.90,16.05.2024 20:39:38
0,164.63,878,955,13.37,70.05,0,0.94,16.05.2024 20:39:40
0,162.38,866,955,13.37,70.02,0,0.76,16.05.2024 20:39:42
0,164.25,876,955,13.34,70.01,0,0.91,16.05.2024 20:39:45
0,167.44,893,955,13.34,70.01,0,1.18,16.05.2024 20:39:47
0,165.75,884,955,13.35,70.02,0,1.03,16.05.2024 20:39:49
0,165.00,880,955,13.34,70.02,0,0.97,16.05.2024 20:39:51
0,162.38,866,954,13.35,70.02,0,0.76,16.05.2024 20:39:53
0,165.94,885,954,13.38,70.02,0,1.04,16.05.2024 20:39:55
0,164.63,878,954,13.34,70.00,0,0.95,16.05.2024 20:39:57
0,161.63,862,954,13.34,69.99,0,0.71,16.05.2024 20:39:59
0,162.19,865,954,13.37,70.05,0,0.74,16.05.2024 20:40:01
0,161.81,863,954,13.35,70.02,0,0.72,16.05.2024 20:40:04
0,163.88,874,954,13.34,70.01,0,0.88,16.05.2024 20:40:06
0,165.94,885,954,13.31,70.03,0,1.06,16.05.2024 20:40:08
0,165.94,885,953,13.35,70.02,0,1.05,16.05.2024 20:40:10
0,166.69,889,953,13.33,70.00,0,1.12,16.05.2024 20:40:12
0,161.63,862,953,13.34,70.01,0,0.71,16.05.2024 20:40:14
0,167.06,891,953,13.33,70.02,0,1.15,16.05.2024 20:40:16
0,160.69,857,953,13.34,70.01,0,0.63,16.05.2024 20:40:18
0,162.94,869,953,13.35,70.02,0,0.81,16.05.2024 20:40:21
0,164.63,878,954,13.37,70.03,0,0.94,16.05.2024 20:40:23
0,166.13,886,954,13.34,70.03,0,1.07,16.05.2024 20:40:25
0,166.31,887,955,13.35,70.02,0,1.08,16.05.2024 20:40:27
0,162.19,865,955,13.34,70.01,0,0.75,16.05.2024 20:40:29
0,160.69,857,954,13.34,70.03,0,0.63,16.05.2024 20:40:31
0,162.94,869,954,13.35,70.05,0,0.80,16.05.2024 20:40:33
0,166.69,889,954,13.34,70.02,0,1.11,16.05.2024 20:40:35
0,162.75,868,954,13.35,70.02,0,0.79,16.05.2024 20:40:38
0,160.69,857,954,13.34,70.05,0,0.63,16.05.2024 20:40:40
0,162.75,868,954,13.34,70.01,0,0.79,16.05.2024 20:40:42
0,166.69,889,954,13.33,69.97,0,1.12,16.05.2024 20:40:44
0,164.06,875,954,13.33,69.98,0,0.90,16.05.2024 20:40:46
0,163.31,871,954,13.34,70.01,0,0.84,16.05.2024 20:40:48
0,161.06,859,954,13.34,70.02,0,0.66,16.05.2024 20:40:50
0,163.31,871,954,13.33,70.01,0,0.84,16.05.2024 20:40:52
0,163.31,871,954,13.34,70.03,0,0.84,16.05.2024 20:40:55
0,165.56,883,954,13.34,70.01,0,1.02,16.05.2024 20:40:57
0,164.25,876,954,13.34,70.02,0,0.91,16.05.2024 20:40:59
0,164.81,879,954,13.33,70.03,0,0.96,16.05.2024 20:41:01
0,162.38,866,954,13.34,70.01,0,0.76,16.05.2024 20:41:03
0,163.13,870,954,13.33,70.03,0,0.83,16.05.2024 20:41:05
0,165.94,885,954,13.33,70.00,0,1.06,16.05.2024 20:41:07
0,164.44,877,954,13.31,70.02,0,0.94,16.05.2024 20:41:09
0,164.63,878,954,13.34,70.01,0,0.94,16.05.2024 20:41:12
0,163.69,873,954,13.33,70.02,0,0.87,16.05.2024 20:41:14
0,165.94,885,954,13.31,70.01,0,1.06,16.05.2024 20:41:16
0,162.94,869,954,13.33,69.97,0,0.82,16.05.2024 20:41:18
0,162.56,867,954,13.31,70.01,0,0.79,16.05.2024 20:41:20
0,162.38,866,954,13.34,70.01,0,0.76,16.05.2024 20:41:24
0,162.38,866,954,13.34,69.99,0,0.77,16.05.2024 20:41:26
0,164.06,875,954,13.33,70.02,0,0.90,16.05.2024 20:41:28
0,162.56,867,954,13.34,70.01,0,0.78,16.05.2024 20:41:30
0,162.75,868,954,13.34,69.98,0,0.80,16.05.2024 20:41:33
0,161.63,862,955,13.33,70.00,0,0.71,16.05.2024 20:41:35
0,160.69,857,955,13.33,70.01,0,0.64,16.05.2024 20:41:37
0,166.88,890,954,13.31,69.99,0,1.14,16.05.2024 20:41:39
0,160.69,857,955,13.34,70.00,0,0.63,16.05.2024 20:41:41
0,160.69,857,955,13.33,70.03,0,0.64,16.05.2024 20:41:43
0,164.25,876,955,13.33,70.03,0,0.92,16.05.2024 20:41:45
0,161.44,861,956,13.33,70.01,0,0.70,16.05.2024 20:41:47
0,161.44,861,956,13.33,70.01,0,0.70,16.05.2024 20:41:50
0,158.63,846,956,13.30,70.00,0,0.49,16.05.2024 20:41:52
0,164.63,878,956,13.33,70.01,0,0.95,16.05.2024 20:41:54
0,164.63,878,956,13.30,70.02,0,0.95,16.05.2024 20:41:56
0,160.69,857,956,13.33,70.02,0,0.64,16.05.2024 20:41:58
0,164.25,876,957,13.31,70.01,0,0.92,16.05.2024 20:42:00
0,165.38,882,956,13.33,70.01,0,1.01,16.05.2024 20:42:02
0,162.19,865,956,13.33,69.98,0,0.76,16.05.2024 20:42:04
0,165.00,880,956,13.34,70.03,0,0.97,16.05.2024 20:42:07
0,161.63,862,956,13.33,70.01,0,0.71,16.05.2024 20:42:09
0,164.81,879,956,13.30,70.01,0,0.97,16.05.2024 20:42:11
0,165.00,880,956,13.31,69.99,0,0.98,16.05.2024 20:42:13
0,164.81,879,955,13.30,70.03,0,0.97,16.05.2024 20:42:15
0,163.69,873,956,13.33,70.03,0,0.87,16.05.2024 20:42:17
0,165.56,883,956,13.33,70.02,0,1.03,16.05.2024 20:42:19
0,161.25,860,955,13.31,70.02,0,0.68,16.05.2024 20:42:21
0,164.63,878,955,13.34,69.99,0,0.95,16.05.2024 20:42:24
0,165.00,880,956,13.31,69.99,0,0.98,16.05.2024 20:42:26
0,165.56,883,956,13.31,70.02,0,1.03,16.05.2024 20:42:28
0,163.50,872,955,13.34,70.01,0,0.85,16.05.2024 20:42:30
0,163.50,872,955,13.31,70.01,0,0.86,16.05.2024 20:42:32
0,164.81,879,954,13.31,70.01,0,0.97,16.05.2024 20:42:34
0,165.75,884,955,13.31,70.03,0,1.04,16.05.2024 20:42:36
0,162.00,864,955,13.34,70.00,0,0.74,16.05.2024 20:42:38
0,162.75,868,955,13.31,70.01,0,0.80,16.05.2024 20:42:41
0,162.75,868,954,13.33,70.02,0,0.80,16.05.2024 20:42:43
0,163.31,871,954,13.31,70.03,0,0.85,16.05.2024 20:42:45
0,162.56,867,953,13.33,70.05,0,0.78,16.05.2024 20:42:47
0,164.81,879,954,13.30,70.00,0,0.97,16.05.2024 20:42:49
0,164.81,879,953,13.28,70.01,0,0.97,16.05.2024 20:42:51
0,163.31,871,954,13.30,70.01,0,0.85,16.05.2024 20:42:53
0,162.94,869,953,13.33,70.02,0,0.81,16.05.2024 20:42:55
0,161.63,862,954,13.28,69.99,0,0.72,16.05.2024 20:42:58
0,165.38,882,953,13.31,70.02,0,1.01,16.05.2024 20:43:00
0,163.69,873,953,13.33,70.01,0,0.87,16.05.2024 20:43:02
0,165.00,880,953,13.33,70.03,0,0.98,16.05.2024 20:43:04
0,162.00,864,953,13.33,70.01,0,0.74,16.05.2024 20:43:06
0,163.88,874,952,13.33,69.98,0,0.89,16.05.2024 20:43:08
0,164.63,878,953,13.30,70.00,0,0.95,16.05.2024 20:43:10
0,163.88,874,953,13.30,69.99,0,0.90,16.05.2024 20:43:12
0,159.00,848,953,13.30,70.00,0,0.52,16.05.2024 20:43:14
0,160.50,856,953,13.30,69.99,0,0.63,16.05.2024 20:43:17
0,166.13,886,953,13.31,70.02,0,1.07,16.05.2024 20:43:19
0,162.19,865,954,13.30,70.00,0,0.76,16.05.2024 20:43:21
0,161.81,863,953,13.31,70.00,0,0.73,16.05.2024 20:43:23
0,163.50,872,954,13.30,69.99,0,0.86,16.05.2024 20:43:25
0,162.94,869,954,13.31,70.02,0,0.82,16.05.2024 20:43:27
0,161.81,863,953,13.30,69.99,0,0.73,16.05.2024 20:43:29
0,162.75,868,953,13.30,70.01,0,0.80,16.05.2024 20:43:31
0,164.63,878,953,13.30,70.00,0,0.96,16.05.2024 20:43:34
0,164.44,877,953,13.30,70.00,0,0.94,16.05.2024 20:43:36
0,162.00,864,953,13.30,69.98,0,0.75,16.05.2024 20:43:38
0,161.44,861,953,13.30,70.01,0,0.70,16.05.2024 20:43:40
0,165.00,880,953,13.31,69.98,0,0.98,16.05.2024 20:43:42
0,163.88,874,953,13.30,69.97,0,0.90,16.05.2024 20:43:44
0,161.25,860,953,13.30,69.98,0,0.69,16.05.2024 20:43:46
0,162.38,866,953,13.33,69.99,0,0.77,16.05.2024 20:43:48
0,163.50,872,954,13.31,70.03,0,0.86,16.05.2024 20:43:51
0,165.19,881,954,13.28,70.00,0,1.00,16.05.2024 20:43:53
0,165.00,880,954,13.31,69.98,0,0.98,16.05.2024 20:43:57
0,163.88,874,954,13.31,70.00,0,0.89,16.05.2024 20:43:59
0,162.94,869,953,13.31,69.97,0,0.82,16.05.2024 20:44:01
0,163.31,871,954,13.31,69.99,0,0.85,16.05.2024 20:44:03
0,162.75,868,954,13.31,69.99,0,0.80,16.05.2024 20:44:05
0,161.25,860,954,13.33,69.98,0,0.68,16.05.2024 20:44:07
0,160.69,857,954,13.28,69.98,0,0.65,16.05.2024 20:44:10
0,159.56,851,953,13.28,69.97,0,0.56,16.05.2024 20:44:12
0,162.94,869,953,13.30,69.96,0,0.82,16.05.2024 20:44:14
0,161.25,860,953,13.30,70.00,0,0.69,16.05.2024 20:44:16
0,162.56,867,952,13.28,69.98,0,0.79,16.05.2024 20:44:18
0,164.81,879,952,13.30,70.00,0,0.97,16.05.2024 20:44:20
0,161.63,862,952,13.28,69.96,0,0.72,16.05.2024 20:44:22
0,161.44,861,952,13.30,70.00,0,0.70,16.05.2024 20:44:24
0,162.75,868,951,13.30,69.98,0,0.81,16.05.2024 20:44:27
0,162.00,864,951,13.28,70.00,0,0.75,16.05.2024 20:44:29
0,163.50,872,951,13.28,69.99,0,0.87,16.05.2024 20:44:31
0,166.69,889,952,13.28,69.97,0,1.13,16.05.2024 20:44:33
0,164.44,877,952,13.30,69.99,0,0.94,16.05.2024 20:44:35
0,164.81,879,952,13.30,69.98,0,0.97,16.05.2024 20:44:37
0,164.81,879,952,13.31,69.98,0,0.97,16.05.2024 20:44:39
0,163.50,872,952,13.28,69.97,0,0.87,16.05.2024 20:44:41
0,164.63,878,952,13.28,69.98,0,0.96,16.05.2024 20:44:43
0,166.88,890,952,13.31,69.98,0,1.14,16.05.2024 20:44:46
0,167.81,895,952,13.31,69.98,0,1.22,16.05.2024 20:44:48
0,164.25,876,951,13.30,70.00,0,0.92,16.05.2024 20:44:50
0,163.88,874,950,13.28,69.98,0,0.90,16.05.2024 20:44:52
0,164.44,877,950,13.28,69.97,0,0.95,16.05.2024 20:44:54
0,162.94,869,948,13.30,70.00,0,0.82,16.05.2024 20:44:56
0,162.00,864,949,13.26,69.97,0,0.76,16.05.2024 20:44:58
0,162.56,867,950,13.28,69.99,0,0.79,16.05.2024 20:45:00
0,165.94,885,950,13.31,70.00,0,1.06,16.05.2024 20:45:03
0,163.13,870,949,13.27,69.98,0,0.84,16.05.2024 20:45:05
0,166.88,890,949,13.27,69.97,0,1.15,16.05.2024 20:45:07
0,162.94,869,949,13.30,69.99,0,0.82,16.05.2024 20:45:09
0,167.44,893,949,13.27,69.96,0,1.20,16.05.2024 20:45:11
0,164.81,879,949,13.30,69.97,0,0.97,16.05.2024 20:45:13
0,162.00,864,949,13.27,69.97,0,0.75,16.05.2024 20:45:15
0,165.56,883,948,13.28,70.00,0,1.04,16.05.2024 20:45:17
0,165.00,880,949,13.26,69.99,0,1.00,16.05.2024 20:45:20
0,162.00,864,948,13.28,69.98,0,0.75,16.05.2024 20:45:22
0,165.19,881,948,13.30,69.99,0,1.00,16.05.2024 20:45:24
0,164.44,877,948,13.28,69.94,0,0.95,16.05.2024 20:45:26
0,162.38,866,948,13.30,69.97,0,0.78,16.05.2024 20:45:28
0,160.69,857,948,13.27,69.96,0,0.65,16.05.2024 20:45:30
0,164.44,877,948,13.28,69.99,0,0.94,16.05.2024 20:45:32
0,162.56,867,948,13.28,69.96,0,0.80,16.05.2024 20:45:34
0,162.00,864,947,13.27,69.98,0,0.75,16.05.2024 20:45:37
0,165.00,880,947,13.28,69.98,0,0.99,16.05.2024 20:45:39
0,163.31,871,947,13.28,69.97,0,0.85,16.05.2024 20:45:41
0,161.25,860,947,13.28,69.97,0,0.69,16.05.2024 20:45:43
0,165.19,881,947,13.27,69.97,0,1.01,16.05.2024 20:45:45
0,162.38,866,947,13.28,69.94,0,0.78,16.05.2024 20:45:47
0,164.25,876,947,13.28,69.97,0,0.93,16.05.2024 20:45:49
0,165.38,882,947,13.28,69.98,0,1.02,16.05.2024 20:45:51
0,166.13,886,947,13.27,69.96,0,1.09,16.05.2024 20:45:54
0,163.31,871,946,13.26,69.98,0,0.86,16.05.2024 20:45:56
0,164.63,878,946,13.26,69.98,0,0.97,16.05.2024 20:45:58
0,161.63,862,945,13.26,69.96,0,0.73,16.05.2024 20:46:00
0,162.56,867,946,13.27,69.95,0,0.80,16.05.2024 20:46:02
0,162.56,867,946,13.28,69.98,0,0.79,16.05.2024 20:46:04
0,160.69,857,946,13.26,69.96,0,0.65,16.05.2024 20:46:06
0,165.75,884,946,13.28,69.94,0,1.05,16.05.2024 20:46:08
0,160.50,856,946,13.28,69.98,0,0.63,16.05.2024 20:46:10
0,166.50,888,946,13.26,69.95,0,1.12,16.05.2024 20:46:13
0,162.19,865,946,13.28,69.97,0,0.77,16.05.2024 20:46:15
0,164.25,876,946,13.26,69.94,0,0.94,16.05.2024 20:46:17
0,164.25,876,946,13.26,69.95,0,0.94,16.05.2024 20:46:19
0,160.50,856,947,13.27,69.96,0,0.64,16.05.2024 20:46:21
0,162.19,865,947,13.28,69.99,0,0.76,16.05.2024 20:46:23
0,165.38,882,947,13.27,69.96,0,1.03,16.05.2024 20:46:25
0,162.38,866,947,13.26,69.96,0,0.79,16.05.2024 20:46:29
0,163.31,871,947,13.26,69.98,0,0.86,16.05.2024 20:46:32
0,161.06,859,947,13.26,69.93,0,0.68,16.05.2024 20:46:34
0,162.00,864,947,13.26,69.94,0,0.76,16.05.2024 20:46:36
0,160.31,855,948,13.26,69.95,0,0.63,16.05.2024 20:46:38
0,162.38,866,949,13.26,69.98,0,0.79,16.05.2024 20:46:40
0,163.13,870,949,13.27,69.95,0,0.84,16.05.2024 20:46:42
0,162.00,864,949,13.24,69.95,0,0.76,16.05.2024 20:46:44
0,160.50,856,950,13.27,69.98,0,0.64,16.05.2024 20:46:46
0,160.13,854,950,13.24,69.93,0,0.62,16.05.2024 20:46:49
0,155.25,828,949,13.26,69.96,0,0.25,16.05.2024 20:46:51
0,161.25,860,950,13.24,69.95,0,0.70,16.05.2024 20:46:53
0,162.75,868,949,13.26,69.96,0,0.82,16.05.2024 20:46:55
0,161.25,860,950,13.27,69.96,0,0.70,16.05.2024 20:46:57
0,160.31,855,950,13.26,69.96,0,0.63,16.05.2024 20:46:59
0,160.88,858,950,13.27,69.96,0,0.67,16.05.2024 20:47:01
0,162.38,866,950,13.26,69.95,0,0.79,16.05.2024 20:47:03
0,165.00,880,950,13.27,69.97,0,0.99,16.05.2024 20:47:06
0,163.88,874,950,13.26,69.93,0,0.91,16.05.2024 20:47:08
0,164.06,875,950,13.26,69.94,0,0.92,16.05.2024 20:47:10
0,164.06,875,950,13.24,69.96,0,0.92,16.05.2024 20:47:12
0,164.81,879,949,13.26,69.94,0,0.98,16.05.2024 20:47:14
0,163.88,874,950,13.26,69.93,0,0.91,16.05.2024 20:47:16
0,166.31,887,950,13.26,69.95,0,1.11,16.05.2024 20:47:18
0,164.06,875,950,13.26,69.98,0,0.92,16.05.2024 20:47:20
0,164.25,876,949,13.24,69.92,0,0.94,16.05.2024 20:47:23
0,162.75,868,950,13.26,69.96,0,0.82,16.05.2024 20:47:25
0,165.94,885,950,13.24,69.98,0,1.08,16.05.2024 20:47:27
0,163.88,874,950,13.26,69.94,0,0.91,16.05.2024 20:47:29
0,166.88,890,950,13.26,69.94,0,1.15,16.05.2024 20:47:31
0,162.94,869,950,13.23,69.94,0,0.84,16.05.2024 20:47:33
0,163.88,874,950,13.27,69.96,0,0.90,16.05.2024 20:47:35
0,164.81,879,950,13.26,69.95,0,0.98,16.05.2024 20:47:37
0,164.81,879,950,13.26,69.97,0,0.98,16.05.2024 20:47:39
0,165.38,882,949,13.24,69.95,0,1.03,16.05.2024 20:47:42
0,160.13,854,950,13.26,69.96,0,0.61,16.05.2024 20:47:44
0,165.38,882,950,13.24,69.98,0,1.03,16.05.2024 20:47:46
0,160.31,855,950,13.26,69.96,0,0.63,16.05.2024 20:47:48
0,161.25,860,949,13.26,69.99,0,0.70,16.05.2024 20:47:50
0,164.06,875,949,13.26,69.94,0,0.92,16.05.2024 20:47:52
0,165.75,884,949,13.23,69.97,0,1.07,16.05.2024 20:47:54
0,163.88,874,949,13.24,69.95,0,0.91,16.05.2024 20:47:56
0,164.44,877,948,13.26,69.95,0,0.95,16.05.2024 20:47:59
0,162.56,867,949,13.21,69.93,0,0.81,16.05.2024 20:48:01
0,167.06,891,948,13.24,69.94,0,1.17,16.05.2024 20:48:03
0,162.94,869,948,13.26,69.95,0,0.83,16.05.2024 20:48:05
0,162.38,866,948,13.24,69.95,0,0.79,16.05.2024 20:48:07
0,165.94,885,948,13.23,69.97,0,1.08,16.05.2024 20:48:09
0,162.75,868,948,13.24,69.98,0,0.82,16.05.2024 20:48:11
0,163.88,874,947,13.26,69.99,0,0.90,16.05.2024 20:48:13
0,161.44,861,947,13.23,69.95,0,0.72,16.05.2024 20:48:16
0,167.25,892,947,13.23,69.97,0,1.19,16.05.2024 20:48:18
0,162.38,866,947,13.23,69.94,0,0.79,16.05.2024 20:48:20
0,162.19,865,946,13.24,69.94,0,0.78,16.05.2024 20:48:22
0,163.13,870,946,13.24,69.94,0,0.85,16.05.2024 20:48:24
0,163.13,870,946,13.26,69.93,0,0.85,16.05.2024 20:48:26
0,164.25,876,946,13.21,69.95,0,0.95,16.05.2024 20:48:28
0,163.31,871,945,13.23,69.93,0,0.87,16.05.2024 20:48:30
0,161.06,859,945,13.24,69.94,0,0.69,16.05.2024 20:48:33
0,166.69,889,945,13.24,69.93,0,1.14,16.05.2024 20:48:35
0,161.81,863,945,13.24,69.97,0,0.74,16.05.2024 20:48:37
0,165.38,882,945,13.24,69.95,0,1.03,16.05.2024 20:48:39
0,160.31,855,946,13.24,69.97,0,0.63,16.05.2024 20:48:41
0,162.94,869,946,13.24,69.96,0,0.83,16.05.2024 20:48:44
0,165.19,881,946,13.23,69.94,0,1.02,16.05.2024 20:48:46
0,162.00,864,946,13.23,69.93,0,0.76,16.05.2024 20:48:48
0,163.13,870,947,13.24,69.95,0,0.85,16.05.2024 20:48:50
0,159.56,851,946,13.23,69.94,0,0.58,16.05.2024 20:48:52
0,165.94,885,946,13.23,69.99,0,1.08,16.05.2024 20:48:54
0,163.31,871,945,13.23,69.95,0,0.87,16.05.2024 20:48:56
0,163.31,871,945,13.26,69.95,0,0.86,16.05.2024 20:48:58
0,162.75,868,945,13.24,69.95,0,0.82,16.05.2024 20:49:01
0,164.63,878,945,13.23,69.94,0,0.97,16.05.2024 20:49:03
0,160.69,857,945,13.24,69.95,0,0.66,16.05.2024 20:49:05
0,160.31,855,945,13.24,69.96,0,0.63,16.05.2024 20:49:07
0,163.31,871,945,13.23,69.97,0,0.87,16.05.2024 20:49:09
0,163.31,871,944,13.23,69.95,0,0.87,16.05.2024 20:49:11
0,163.50,872,945,13.21,69.96,0,0.89,16.05.2024 20:49:13
0,166.69,889,945,13.21,69.96,0,1.15,16.05.2024 20:49:15
0,162.94,869,945,13.23,69.95,0,0.84,16.05.2024 20:49:17
0,162.94,869,946,13.23,69.93,0,0.84,16.05.2024 20:49:20
0,163.69,873,946,13.23,69.94,0,0.90,16.05.2024 20:49:22
0,164.06,875,946,13.21,69.95,0,0.93,16.05.2024 20:49:24
0,162.94,869,946,13.23,69.94,0,0.84,16.05.2024 20:49:26
0,164.63,878,946,13.23,69.94,0,0.97,16.05.2024 20:49:30
0,160.69,857,946,13.24,69.93,0,0.66,16.05.2024 20:49:32
0,163.88,874,946,13.24,69.93,0,0.91,16.05.2024 20:49:34
0,160.50,856,945,13.24,69.97,0,0.64,16.05.2024 20:49:36
0,161.25,860,946,13.24,69.96,0,0.70,16.05.2024 20:49:39
0,159.19,849,946,13.23,69.95,0,0.55,16.05.2024 20:49:41
0,164.81,879,946,13.23,69.98,0,0.99,16.05.2024 20:49:43
0,162.00,864,946,13.23,69.97,0,0.76,16.05.2024 20:49:45
0,154.88,826,946,13.21,69.95,0,0.24,16.05.2024 20:49:47
0,159.56,851,946,13.23,69.97,0,0.57,16.05.2024 20:49:49
0,164.63,878,945,13.21,69.96,0,0.98,16.05.2024 20:49:51
0,159.56,851,945,13.24,69.95,0,0.57,16.05.2024 20:49:53
0,161.25,860,945,13.21,69.94,0,0.71,16.05.2024 20:49:56
0,163.13,870,945,13.21,69.98,0,0.85,16.05.2024 20:49:58
0,155.06,827,945,13.21,69.94,0,0.25,16.05.2024 20:50:00
0,162.75,868,945,13.21,69.96,0,0.82,16.05.2024 20:50:02
0,162.56,867,945,13.21,69.95,0,0.81,16.05.2024 20:50:04
0,161.81,863,944,13.19,69.97,0,0.76,16.05.2024 20:50:06
0,161.81,863,945,13.23,69.97,0,0.75,16.05.2024 20:50:08
0,161.81,863,945,13.23,69.97,0,0.75,16.05.2024 20:50:10
0,162.56,867,944,13.23,69.94,0,0.81,16.05.2024 20:50:13
0,165.75,884,944,13.21,69.95,0,1.07,16.05.2024 20:50:15
0,165.56,883,944,13.21,69.97,0,1.05,16.05.2024 20:50:17
0,163.13,870,944,13.21,69.93,0,0.86,16.05.2024 20:50:19
0,160.88,858,943,13.21,69.93,0,0.68,16.05.2024 20:50:21
0,165.56,883,944,13.24,69.98,0,1.05,16.05.2024 20:50:23
0,162.75,868,944,13.21,69.93,0,0.83,16.05.2024 20:50:25
0,163.13,870,943,13.20,69.94,0,0.86,16.05.2024 20:50:27
0,164.81,879,943,13.21,69.95,0,0.99,16.05.2024 20:50:30
0,162.94,869,943,13.20,69.94,0,0.84,16.05.2024 20:50:32
0,163.50,872,943,13.20,69.96,0,0.89,16.05.2024 20:50:34
0,162.38,866,943,13.20,69.95,0,0.80,16.05.2024 20:50:36
0,167.44,893,943,13.21,69.94,0,1.21,16.05.2024 20:50:38
0,160.88,858,944,13.23,69.98,0,0.67,16.05.2024 20:50:40
0,163.88,874,944,13.20,69.96,0,0.92,16.05.2024 20:50:42
0,162.75,868,944,13.20,69.97,0,0.83,16.05.2024 20:50:44
0,165.19,881,944,13.20,69.95,0,1.03,16.05.2024 20:50:46
0,163.69,873,943,13.23,69.95,0,0.90,16.05.2024 20:50:49
0,163.50,872,943,13.20,69.98,0,0.89,16.05.2024 20:50:51
0,161.25,860,942,13.21,69.94,0,0.71,16.05.2024 20:50:53
0,163.69,873,943,13.20,69.95,0,0.90,16.05.2024 20:50:55
0,161.44,861,942,13.20,69.92,0,0.73,16.05.2024 20:50:57
0,160.88,858,942,13.20,69.96,0,0.68,16.05.2024 20:50:59
0,160.31,855,943,13.20,69.96,0,0.64,16.05.2024 20:51:01
0,166.31,887,942,13.21,69.97,0,1.12,16.05.2024 20:51:03
0,167.25,892,942,13.20,69.96,0,1.20,16.05.2024 20:51:06
0,160.88,858,943,13.21,69.95,0,0.68,16.05.2024 20:51:08
0,163.31,871,943,13.21,69.97,0,0.87,16.05.2024 20:51:10
0,163.13,870,943,13.23,69.98,0,0.85,16.05.2024 20:51:12
0,163.31,871,943,13.19,69.97,0,0.88,16.05.2024 20:51:14
0,164.44,877,943,13.23,69.99,0,0.96,16.05.2024 20:51:16
0,166.13,886,943,13.21,69.94,0,1.10,16.05.2024 20:51:18
0,162.19,865,942,13.21,70.00,0,0.78,16.05.2024 20:51:20
0,165.38,882,942,13.20,69.98,0,1.04,16.05.2024 20:51:23
0,165.00,880,942,13.19,69.98,0,1.01,16.05.2024 20:51:25
0,162.00,864,942,13.19,69.98,0,0.77,16.05.2024 20:51:27
0,162.56,867,942,13.19,69.97,0,0.82,16.05.2024 20:51:29
0,162.56,867,942,13.19,69.96,0,0.82,16.05.2024 20:51:31
0,165.00,880,942,13.20,69.98,0,1.01,16.05.2024 20:51:33
0,163.50,872,943,13.20,69.98,0,0.89,16.05.2024 20:51:35
0,161.25,860,942,13.19,70.01,0,0.71,16.05.2024 20:51:37
0,163.13,870,942,13.21,69.99,0,0.85,16.05.2024 20:51:40
0,163.31,871,942,13.19,69.98,0,0.88,16.05.2024 20:51:42
0,160.69,857,942,13.20,69.97,0,0.67,16.05.2024 20:51:44
0,165.19,881,942,13.20,69.97,0,1.03,16.05.2024 20:51:46
0,162.38,866,942,13.20,69.97,0,0.80,16.05.2024 20:51:48
0,162.94,869,942,13.19,69.98,0,0.84,16.05.2024 20:51:50
0,163.69,873,942,13.19,69.96,0,0.91,16.05.2024 20:51:52
0,163.31,871,942,13.20,69.99,0,0.87,16.05.2024 20:51:54
0,162.75,868,942,13.20,69.99,0,0.83,16.05.2024 20:51:57
0,166.31,887,942,13.20,70.00,0,1.12,16.05.2024 20:51:59
0,163.88,874,942,13.19,69.98,0,0.92,16.05.2024 20:52:01
0,165.19,881,942,13.20,69.98,0,1.03,16.05.2024 20:52:03
0,162.19,865,942,13.19,69.97,0,0.79,16.05.2024 20:52:05
0,160.50,856,942,13.19,69.96,0,0.65,16.05.2024 20:52:07
0,161.06,859,942,13.20,70.00,0,0.69,16.05.2024 20:52:09
0,162.19,865,942,13.20,69.99,0,0.78,16.05.2024 20:52:11
0,163.69,873,941,13.19,69.98,0,0.91,16.05.2024 20:52:16
0,160.13,854,942,13.21,70.00,0,0.62,16.05.2024 20:52:18
0,160.69,857,942,13.21,69.96,0,0.66,16.05.2024 20:52:20
0,163.69,873,941,13.19,69.98,0,0.91,16.05.2024 20:52:22
0,162.19,865,941,13.20,69.98,0,0.78,16.05.2024 20:52:24
0,160.88,858,941,13.20,69.98,0,0.68,16.05.2024 20:52:26
0,158.81,847,942,13.20,69.97,0,0.52,16.05.2024 20:52:28
0,161.63,862,941,13.20,69.98,0,0.74,16.05.2024 20:52:30
0,162.19,865,941,13.19,69.98,0,0.79,16.05.2024 20:52:32
0,159.94,853,941,13.19,69.98,0,0.61,16.05.2024 20:52:35
0,159.00,848,941,13.17,69.99,0,0.54,16.05.2024 20:52:37
0,159.38,850,941,13.19,69.97,0,0.57,16.05.2024 20:52:39
0,163.50,872,941,13.20,69.98,0,0.89,16.05.2024 20:52:41
0,159.19,849,941,13.19,70.00,0,0.55,16.05.2024 20:52:43
0,156.75,836,941,13.19,70.01,0,0.37,16.05.2024 20:52:45
0,162.75,868,942,13.20,69.98,0,0.83,16.05.2024 20:52:47
0,160.50,856,941,13.17,69.98,0,0.66,16.05.2024 20:52:49
0,162.00,864,941,13.16,69.98,0,0.78,16.05.2024 20:52:52
0,161.63,862,941,13.20,69.97,0,0.74,16.05.2024 20:52:54
0,164.06,875,941,13.19,69.99,0,0.94,16.05.2024 20:52:56
0,163.88,874,941,13.17,69.97,0,0.92,16.05.2024 20:52:58
0,164.44,877,940,13.17,69.96,0,0.97,16.05.2024 20:53:00
0,166.31,887,940,13.19,69.98,0,1.12,16.05.2024 20:53:02
0,165.38,882,940,13.19,69.98,0,1.04,16.05.2024 20:53:04
0,164.44,877,940,13.16,69.99,0,0.97,16.05.2024 20:53:06
0,162.94,869,940,13.17,69.96,0,0.85,16.05.2024 20:53:09
0,162.56,867,939,13.14,70.00,0,0.82,16.05.2024 20:53:11
0,161.06,859,939,13.19,69.97,0,0.70,16.05.2024 20:53:13
0,163.31,871,939,13.19,70.01,0,0.87,16.05.2024 20:53:15
0,164.06,875,939,13.16,70.00,0,0.94,16.05.2024 20:53:17
0,163.69,873,939,13.19,69.99,0,0.90,16.05.2024 20:53:19
0,164.44,877,939,13.17,69.97,0,0.97,16.05.2024 20:53:21
0,161.25,860,938,13.17,69.99,0,0.71,16.05.2024 20:53:23
0,164.44,877,938,13.19,69.98,0,0.97,16.05.2024 20:53:26
0,163.50,872,939,13.19,69.98,0,0.89,16.05.2024 20:53:28
0,164.63,878,938,13.19,70.00,0,0.98,16.05.2024 20:53:30
0,165.94,885,938,13.17,69.96,0,1.10,16.05.2024 20:53:32
0,161.63,862,938,13.19,69.98,0,0.74,16.05.2024 20:53:34
0,160.69,857,938,13.14,70.00,0,0.68,16.05.2024 20:53:36
0,160.88,858,938,13.19,69.98,0,0.68,16.05.2024 20:53:38
0,162.94,869,938,13.14,69.99,0,0.85,16.05.2024 20:53:40
0,162.94,869,938,13.17,70.00,0,0.85,16.05.2024 20:53:43
0,160.88,858,938,13.19,69.99,0,0.68,16.05.2024 20:53:45
0,162.94,869,939,13.17,69.95,0,0.85,16.05.2024 20:53:47
0,163.31,871,939,13.16,69.96,0,0.88,16.05.2024 20:53:49
0,162.94,869,939,13.16,69.98,0,0.85,16.05.2024 20:53:51
0,166.50,888,939,13.16,69.99,0,1.14,16.05.2024 20:53:53
0,160.88,858,939,13.19,69.99,0,0.68,16.05.2024 20:53:55
0,164.06,875,939,13.16,69.99,0,0.94,16.05.2024 20:53:57
0,163.88,874,939,13.17,70.01,0,0.92,16.05.2024 20:53:59
0,163.50,872,939,13.16,69.97,0,0.90,16.05.2024 20:54:02
0,162.94,869,938,13.16,69.99,0,0.85,16.05.2024 20:54:04
0,165.56,883,939,13.19,69.99,0,1.06,16.05.2024 20:54:06
0,161.81,863,939,13.19,69.99,0,0.76,16.05.2024 20:54:08
0,161.44,861,939,13.14,69.94,0,0.74,16.05.2024 20:54:10
0,164.63,878,938,13.16,69.99,0,0.99,16.05.2024 20:54:12
0,164.81,879,938,13.16,70.01,0,1.00,16.05.2024 20:54:14
0,160.50,856,939,13.16,70.00,0,0.66,16.05.2024 20:54:16
0,161.25,860,939,13.16,69.96,0,0.72,16.05.2024 20:54:19
0,165.19,881,938,13.17,69.99,0,1.03,16.05.2024 20:54:21
0,163.88,874,938,13.19,69.98,0,0.92,16.05.2024 20:54:23
0,165.38,882,939,13.17,70.00,0,1.05,16.05.2024 20:54:25
0,160.50,856,939,13.17,69.97,0,0.66,16.05.2024 20:54:27
0,162.94,869,939,13.16,69.99,0,0.85,16.05.2024 20:54:29
0,162.75,868,939,13.16,70.00,0,0.84,16.05.2024 20:54:31
0,164.06,875,939,13.14,69.99,0,0.95,16.05.2024 20:54:33
0,163.13,870,939,13.17,69.99,0,0.86,16.05.2024 20:54:36
0,161.63,862,939,13.16,69.99,0,0.75,16.05.2024 20:54:38
0,159.94,853,938,13.16,70.00,0,0.62,16.05.2024 20:54:40
0,167.06,891,939,13.14,69.98,0,1.20,16.05.2024 20:54:42
0,163.13,870,938,13.16,69.95,0,0.87,16.05.2024 20:54:44
0,164.06,875,938,13.16,69.98,0,0.94,16.05.2024 20:54:46
0,161.06,859,938,13.16,70.00,0,0.70,16.05.2024 20:54:48
0,160.88,858,938,13.14,69.99,0,0.69,16.05.2024 20:54:52
0,161.44,861,938,13.13,69.98,0,0.74,16.05.2024 20:54:55
0,158.63,846,938,13.14,69.98,0,0.52,16.05.2024 20:54:57
0,161.81,863,938,13.16,69.97,0,0.76,16.05.2024 20:54:59
0,166.13,886,938,13.16,70.00,0,1.11,16.05.2024 20:55:01
0,162.00,864,938,13.17,69.99,0,0.77,16.05.2024 20:55:03
0,160.50,856,939,13.17,70.00,0,0.66,16.05.2024 20:55:05
0,158.44,845,938,13.14,69.98,0,0.51,16.05.2024 20:55:07
0,163.69,873,939,13.16,70.02,0,0.91,16.05.2024 20:55:09
0,159.94,853,939,13.16,69.98,0,0.62,16.05.2024 20:55:12
0,161.25,860,939,13.14,69.98,0,0.72,16.05.2024 20:55:14
0,155.44,829,938,13.16,69.99,0,0.28,16.05.2024 20:55:16
0,160.13,854,939,13.14,70.00,0,0.63,16.05.2024 20:55:18
0,160.50,856,939,13.13,69.98,0,0.67,16.05.2024 20:55:20
0,161.44,861,939,13.16,69.97,0,0.73,16.05.2024 20:55:22
0,160.31,855,940,13.16,70.01,0,0.64,16.05.2024 20:55:24
0,163.31,871,939,13.14,69.97,0,0.89,16.05.2024 20:55:26
0,162.56,867,939,13.16,69.97,0,0.82,16.05.2024 20:55:28
0,165.94,885,939,13.17,70.00,0,1.09,16.05.2024 20:55:31
0,162.75,868,939,13.14,70.00,0,0.84,16.05.2024 20:55:33
0,163.88,874,939,13.14,70.03,0,0.93,16.05.2024 20:55:35
0,165.38,882,938,13.16,69.99,0,1.05,16.05.2024 20:55:37
0,162.75,868,938,13.14,69.97,0,0.84,16.05.2024 20:55:39
0,164.25,876,938,13.14,70.00,0,0.96,16.05.2024 20:55:41
0,163.88,874,938,13.16,69.97,0,0.93,16.05.2024 20:55:43
0,163.31,871,938,13.13,70.00,0,0.89,16.05.2024 20:55:45
0,163.50,872,938,13.14,69.99,0,0.90,16.05.2024 20:55:48
0,167.63,894,937,13.14,70.00,0,1.24,16.05.2024 20:55:50
0,162.19,865,937,13.13,69.98,0,0.80,16.05.2024 20:55:52
0,162.19,865,937,13.13,70.02,0,0.80,16.05.2024 20:55:54
0,161.44,861,937,13.14,70.00,0,0.73,16.05.2024 20:55:56
0,162.94,869,937,13.13,69.98,0,0.86,16.05.2024 20:55:58
0,163.13,870,937,13.16,70.00,0,0.87,16.05.2024 20:56:00
0,164.25,876,937,13.13,69.98,0,0.96,16.05.2024 20:56:02
0,164.63,878,937,13.13,70.00,0,0.99,16.05.2024 20:56:05
0,163.50,872,937,13.14,69.98,0,0.90,16.05.2024 20:56:07
0,162.38,866,937,13.13,69.98,0,0.81,16.05.2024 20:56:09
0,160.31,855,937,13.13,69.98,0,0.65,16.05.2024 20:56:11
0,163.13,870,937,13.13,70.00,0,0.87,16.05.2024 20:56:13
0,160.31,855,937,13.14,69.99,0,0.65,16.05.2024 20:56:15
0,160.88,858,937,13.16,70.01,0,0.69,16.05.2024 20:56:17
0,164.44,877,936,13.13,69.98,0,0.98,16.05.2024 20:56:19
0,166.50,888,936,13.11,70.00,0,1.15,16.05.2024 20:56:22
0,164.06,875,936,13.13,69.96,0,0.95,16.05.2024 20:56:24
0,162.56,867,937,13.11,70.00,0,0.83,16.05.2024 20:56:26
0,162.56,867,936,13.14,69.97,0,0.83,16.05.2024 20:56:28
0,166.31,887,936,13.11,69.97,0,1.14,16.05.2024 20:56:30
0,162.94,869,936,13.14,69.99,0,0.85,16.05.2024 20:56:32
0,163.50,872,935,13.11,69.99,0,0.91,16.05.2024 20:56:34
0,160.88,858,934,13.14,70.00,0,0.69,16.05.2024 20:56:36
0,163.31,871,934,13.14,70.00,0,0.88,16.05.2024 20:56:39
0,164.06,875,934,13.14,69.99,0,0.95,16.05.2024 20:56:41
0,165.19,881,934,13.13,69.98,0,1.04,16.05.2024 20:56:43
0,165.00,880,934,13.14,70.00,0,1.02,16.05.2024 20:56:45
0,160.31,855,934,13.11,69.98,0,0.65,16.05.2024 20:56:47
0,163.50,872,934,13.16,70.00,0,0.90,16.05.2024 20:56:49
0,164.44,877,934,13.13,69.98,0,0.98,16.05.2024 20:56:51
0,162.00,864,935,13.13,69.98,0,0.78,16.05.2024 20:56:53
0,163.13,870,934,13.13,69.96,0,0.87,16.05.2024 20:56:55
0,158.44,845,934,13.11,70.00,0,0.51,16.05.2024 20:56:58
0,165.94,885,935,13.13,69.99,0,1.10,16.05.2024 20:57:00
0,162.56,867,934,13.11,69.96,0,0.83,16.05.2024 20:57:02
0,161.81,863,935,13.11,70.02,0,0.77,16.05.2024 20:57:04
0,158.81,847,934,13.11,70.00,0,0.54,16.05.2024 20:57:06
0,165.75,884,935,13.09,69.98,0,1.10,16.05.2024 20:57:08
0,161.25,860,935,13.11,69.98,0,0.73,16.05.2024 20:57:10
0,158.44,845,935,13.11,69.99,0,0.51,16.05.2024 20:57:12
0,160.69,857,935,13.11,70.00,0,0.68,16.05.2024 20:57:15
0,162.00,864,935,13.13,69.99,0,0.78,16.05.2024 20:57:17
0,161.81,863,936,13.14,70.00,0,0.76,16.05.2024 20:57:21
0,160.69,857,936,13.14,69.99,0,0.68,16.05.2024 20:57:23
0,158.25,844,936,13.11,69.97,0,0.50,16.05.2024 20:57:25
0,161.81,863,935,13.10,69.98,0,0.77,16.05.2024 20:57:27
0,164.25,876,935,13.14,69.99,0,0.96,16.05.2024 20:57:29
0,161.06,859,935,13.13,69.98,0,0.71,16.05.2024 20:57:31
0,160.50,856,935,13.13,69.98,0,0.67,16.05.2024 20:57:34
0,161.06,859,935,13.13,70.01,0,0.71,16.05.2024 20:57:36
0,160.69,857,935,13.11,69.99,0,0.68,16.05.2024 20:57:38
0,161.63,862,935,13.10,70.00,0,0.76,16.05.2024 20:57:40
0,162.56,867,936,13.13,69.99,0,0.83,16.05.2024 20:57:42
0,159.38,850,936,13.11,69.97,0,0.58,16.05.2024 20:57:44
0,164.81,879,937,13.11,70.02,0,1.01,16.05.2024 20:57:46
0,163.50,872,937,13.10,69.97,0,0.91,16.05.2024 20:57:48
0,159.38,850,937,13.11,70.00,0,0.58,16.05.2024 20:57:51
0,162.19,865,937,13.10,70.00,0,0.80,16.05.2024 20:57:53
0,162.94,869,938,13.13,70.01,0,0.86,16.05.2024 20:57:55
0,161.06,859,938,13.11,69.97,0,0.71,16.05.2024 20:57:57
0,160.88,858,938,13.13,70.00,0,0.69,16.05.2024 20:57:59
0,164.06,875,937,13.11,70.02,0,0.95,16.05.2024 20:58:01
0,160.13,854,938,13.10,70.01,0,0.64,16.05.2024 20:58:03
0,161.44,861,937,13.11,69.99,0,0.74,16.05.2024 20:58:05
0,159.38,850,937,13.11,70.01,0,0.58,16.05.2024 20:58:08
0,163.50,872,937,13.11,70.02,0,0.90,16.05.2024 20:58:10
0,163.88,874,938,13.10,70.04,0,0.94,16.05.2024 20:58:12
0,162.56,867,938,13.11,69.98,0,0.83,16.05.2024 20:58:14
0,163.13,870,939,13.10,70.00,0,0.88,16.05.2024 20:58:16
0,163.13,870,938,13.13,70.00,0,0.87,16.05.2024 20:58:18
0,165.19,881,939,13.10,70.01,0,1.05,16.05.2024 20:58:20
0,161.63,862,938,13.10,70.03,0,0.76,16.05.2024 20:58:22
0,161.25,860,938,13.13,70.00,0,0.72,16.05.2024 20:58:24
0,164.25,876,937,13.10,70.02,0,0.97,16.05.2024 20:58:27
0,162.94,869,938,13.10,70.04,0,0.86,16.05.2024 20:58:29
0,165.94,885,938,13.11,69.99,0,1.11,16.05.2024 20:58:31
0,159.94,853,937,13.10,70.03,0,0.63,16.05.2024 20:58:33
0,167.81,895,937,13.09,70.04,0,1.27,16.05.2024 20:58:35
0,163.69,873,937,13.10,69.99,0,0.92,16.05.2024 20:58:37
0,160.50,856,937,13.11,70.05,0,0.67,16.05.2024 20:58:39
0,159.19,849,938,13.11,70.00,0,0.57,16.05.2024 20:58:41
0,164.44,877,938,13.10,70.03,0,0.98,16.05.2024 20:58:44
0,162.94,869,938,13.10,70.01,0,0.86,16.05.2024 20:58:46
0,160.50,856,938,13.10,70.01,0,0.67,16.05.2024 20:58:48
0,165.56,883,938,13.07,70.03,0,1.08,16.05.2024 20:58:50
0,161.81,863,937,13.09,70.00,0,0.78,16.05.2024 20:58:52
0,163.13,870,937,13.11,70.01,0,0.87,16.05.2024 20:58:54
0,162.00,864,937,13.10,70.01,0,0.79,16.05.2024 20:58:56
0,164.06,875,938,13.09,70.00,0,0.96,16.05.2024 20:58:58
0,162.75,868,937,13.10,70.01,0,0.85,16.05.2024 20:59:01
0,158.44,845,937,13.09,70.04,0,0.51,16.05.2024 20:59:03
0,163.31,871,937,13.11,70.03,0,0.89,16.05.2024 20:59:05
0,164.25,876,937,13.10,70.03,0,0.97,16.05.2024 20:59:07
0,163.13,870,937,13.09,69.99,0,0.88,16.05.2024 20:59:09
0,163.50,872,937,13.10,70.02,0,0.91,16.05.2024 20:59:11
0,163.13,870,937,13.13,69.99,0,0.87,16.05.2024 20:59:13
0,161.44,861,937,13.10,70.02,0,0.74,16.05.2024 20:59:15
0,161.06,859,937,13.09,70.03,0,0.72,16.05.2024 20:59:18
0,164.25,876,937,13.09,70.05,0,0.97,16.05.2024 20:59:20
0,159.00,848,937,13.07,70.00,0,0.56,16.05.2024 20:59:22
0,162.00,864,937,13.07,70.03,0,0.79,16.05.2024 20:59:24
0,160.13,854,937,13.09,70.01,0,0.64,16.05.2024 20:59:26
0,163.88,874,937,13.10,70.01,0,0.94,16.05.2024 20:59:28
0,165.00,880,937,13.09,69.98,0,1.04,16.05.2024 20:59:30
0,162.94,869,936,13.07,69.98,0,0.87,16.05.2024 20:59:32
0,161.25,860,936,13.07,70.00,0,0.73,16.05.2024 20:59:35
0,160.31,855,936,13.09,70.01,0,0.66,16.05.2024 20:59:37
0,160.88,858,936,13.10,70.00,0,0.70,16.05.2024 20:59:39
0,159.75,852,936,13.09,70.00,0,0.62,16.05.2024 20:59:41
0,165.19,881,936,13.09,70.01,0,1.05,16.05.2024 20:59:43
0,162.56,867,935,13.10,69.99,0,0.83,16.05.2024 20:59:47
0,162.94,869,936,13.07,70.02,0,0.87,16.05.2024 20:59:49
0,161.44,861,935,13.10,70.01,0,0.74,16.05.2024 20:59:51
0,160.50,856,935,13.11,70.05,0,0.67,16.05.2024 20:59:54
0,159.56,851,934,13.07,69.99,0,0.60,16.05.2024 20:59:56
0,161.06,859,935,13.09,70.00,0,0.72,16.05.2024 20:59:58
