0,152.44,813,805,10.99,70.31,0,0.45,17.05.2024 02:00:00
0,152.44,813,805,10.99,70.32,0,0.45,17.05.2024 02:00:03
0,154.69,825,805,10.96,70.32,0,0.63,17.05.2024 02:00:05
0,153.00,816,805,10.96,70.35,0,0.49,17.05.2024 02:00:07
0,156.00,832,805,10.98,70.36,0,0.73,17.05.2024 02:00:09
0,153.38,818,805,10.98,70.32,0,0.52,17.05.2024 02:00:11
0,150.38,802,806,10.98,70.35,0,0.29,17.05.2024 02:00:13
0,151.88,810,805,10.96,70.35,0,0.41,17.05.2024 02:00:15
0,153.75,820,804,10.96,70.33,0,0.55,17.05.2024 02:00:17
0,153.38,818,805,10.95,70.33,0,0.53,17.05.2024 02:00:20
0,154.13,822,804,10.99,70.37,0,0.57,17.05.2024 02:00:22
0,151.50,808,804,10.96,70.34,0,0.38,17.05.2024 02:00:24
0,153.00,816,804,10.98,70.34,0,0.49,17.05.2024 02:00:26
0,157.69,841,804,10.98,70.34,0,0.87,17.05.2024 02:00:28
0,152.25,812,804,10.99,70.36,0,0.43,17.05.2024 02:00:30
0,153.00,816,804,10.98,70.36,0,0.49,17.05.2024 02:00:32
0,153.75,820,804,10.98,70.36,0,0.55,17.05.2024 02:00:34
0,152.25,812,804,10.98,70.37,0,0.43,17.05.2024 02:00:37
0,152.25,812,803,10.98,70.33,0,0.43,17.05.2024 02:00:39
0,153.75,820,803,10.96,70.34,0,0.55,17.05.2024 02:00:41
0,153.19,817,803,10.98,70.33,0,0.51,17.05.2024 02:00:43
0,152.25,812,803,10.99,70.35,0,0.43,17.05.2024 02:00:45
0,150.00,800,803,10.99,70.37,0,0.26,17.05.2024 02:00:47
0,154.88,826,803,10.99,70.37,0,0.63,17.05.2024 02:00:49
0,155.44,829,803,10.96,70.36,0,0.68,17.05.2024 02:00:51
0,149.63,798,803,10.98,70.35,0,0.24,17.05.2024 02:00:53
0,150.19,801,804,10.96,70.36,0,0.28,17.05.2024 02:00:56
0,153.75,820,804,10.98,70.36,0,0.55,17.05.2024 02:00:58
0,153.00,816,804,10.98,70.36,0,0.49,17.05.2024 02:01:00
0,151.88,810,804,10.96,70.36,0,0.41,17.05.2024 02:01:04
0,152.06,811,804,10.98,70.36,0,0.42,17.05.2024 02:01:06
0,151.88,810,804,10.98,70.37,0,0.40,17.05.2024 02:01:08
0,146.25,780,804,10.99,70.34,0,-0.00,17.05.2024 02:01:10
0,151.69,809,804,10.98,70.36,0,0.39,17.05.2024 02:01:12
0,150.75,804,804,11.00,70.38,0,0.31,17.05.2024 02:01:15
0,147.00,784,804,10.99,70.35,0,0.05,17.05.2024 02:01:17
0,154.31,823,804,10.96,70.37,0,0.59,17.05.2024 02:01:19
0,150.75,804,803,10.98,70.38,0,0.32,17.05.2024 02:01:21
0,147.75,788,803,10.96,70.35,0,0.11,17.05.2024 02:01:23
0,150.19,801,803,10.98,70.38,0,0.28,17.05.2024 02:01:25
0,153.75,820,803,10.98,70.33,0,0.55,17.05.2024 02:01:27
0,151.13,806,804,10.98,70.37,0,0.35,17.05.2024 02:01:29
0,151.50,808,804,10.99,70.38,0,0.37,17.05.2024 02:01:32
0,153.00,816,804,10.96,70.34,0,0.49,17.05.2024 02:01:34
0,152.44,813,803,10.98,70.38,0,0.45,17.05.2024 02:01:36
0,155.81,831,804,10.96,70.38,0,0.71,17.05.2024 02:01:38
0,154.69,825,804,10.98,70.39,0,0.62,17.05.2024 02:01:40
0,153.00,816,804,10.99,70.37,0,0.49,17.05.2024 02:01:42
0,154.31,823,804,11.00,70.37,0,0.59,17.05.2024 02:01:44
0,153.38,818,804,10.98,70.39,0,0.52,17.05.2024 02:01:46
0,154.88,826,804,10.96,70.39,0,0.64,17.05.2024 02:01:48
0,153.38,818,803,10.98,70.40,0,0.52,17.05.2024 02:01:51
0,155.44,829,803,10.99,70.39,0,0.68,17.05.2024 02:01:53
0,151.69,809,804,10.99,70.39,0,0.39,17.05.2024 02:01:55
0,154.31,823,804,10.98,70.38,0,0.59,17.05.2024 02:01:57
0,153.94,821,804,10.99,70.38,0,0.56,17.05.2024 02:01:59
0,153.94,821,803,10.95,70.41,0,0.57,17.05.2024 02:02:01
0,154.50,824,804,10.98,70.37,0,0.61,17.05.2024 02:02:03
0,153.56,819,804,10.98,70.39,0,0.53,17.05.2024 02:02:05
0,150.38,802,804,10.98,70.39,0,0.29,17.05.2024 02:02:08
0,153.56,819,804,10.96,70.38,0,0.54,17.05.2024 02:02:10
0,153.00,816,805,11.00,70.41,0,0.48,17.05.2024 02:02:12
0,154.50,824,805,10.96,70.40,0,0.61,17.05.2024 02:02:14
0,152.63,814,804,10.98,70.40,0,0.46,17.05.2024 02:02:16
0,152.63,814,804,10.98,70.38,0,0.46,17.05.2024 02:02:18
0,152.63,814,804,10.98,70.39,0,0.46,17.05.2024 02:02:20
0,152.44,813,804,10.98,70.41,0,0.45,17.05.2024 02:02:22
0,151.31,807,804,10.98,70.39,0,0.36,17.05.2024 02:02:25
0,154.88,826,804,10.99,70.42,0,0.63,17.05.2024 02:02:27
0,151.69,809,804,10.98,70.39,0,0.39,17.05.2024 02:02:29
0,155.44,829,804,10.99,70.39,0,0.68,17.05.2024 02:02:31
0,149.44,797,803,10.98,70.41,0,0.22,17.05.2024 02:02:33
0,153.94,821,803,10.96,70.40,0,0.56,17.05.2024 02:02:35
0,153.75,820,803,10.96,70.41,0,0.55,17.05.2024 02:02:37
0,156.19,833,803,10.99,70.41,0,0.74,17.05.2024 02:02:39
0,155.25,828,803,10.98,70.41,0,0.66,17.05.2024 02:02:42
0,155.63,830,803,10.98,70.39,0,0.70,17.05.2024 02:02:44
0,151.69,809,803,11.00,70.41,0,0.38,17.05.2024 02:02:46
0,151.69,809,803,10.99,70.41,0,0.39,17.05.2024 02:02:48
0,150.75,804,804,11.00,70.47,0,0.31,17.05.2024 02:02:50
0,154.50,824,804,10.98,70.45,0,0.60,17.05.2024 02:02:52
0,149.81,799,803,10.96,70.42,0,0.25,17.05.2024 02:02:54
0,153.38,818,804,11.00,70.42,0,0.51,17.05.2024 02:02:56
0,152.63,814,805,10.99,70.39,0,0.46,17.05.2024 02:02:58
0,153.56,819,804,10.99,70.42,0,0.53,17.05.2024 02:03:01
0,152.81,815,804,11.00,70.41,0,0.47,17.05.2024 02:03:03
0,151.69,809,804,11.00,70.44,0,0.38,17.05.2024 02:03:05
0,155.44,829,804,10.98,70.43,0,0.68,17.05.2024 02:03:07
0,151.31,807,804,10.98,70.41,0,0.36,17.05.2024 02:03:09
0,151.69,809,804,10.99,70.40,0,0.39,17.05.2024 02:03:11
0,151.88,810,803,10.99,70.41,0,0.40,17.05.2024 02:03:13
0,153.00,816,803,10.99,70.44,0,0.48,17.05.2024 02:03:15
0,150.94,805,802,10.98,70.45,0,0.33,17.05.2024 02:03:20
0,152.06,811,802,10.99,70.43,0,0.41,17.05.2024 02:03:22
0,153.94,821,802,10.99,70.43,0,0.56,17.05.2024 02:03:24
0,150.94,805,802,10.98,70.40,0,0.33,17.05.2024 02:03:26
0,149.81,799,802,10.98,70.45,0,0.25,17.05.2024 02:03:28
0,152.25,812,802,10.99,70.43,0,0.43,17.05.2024 02:03:30
0,150.75,804,802,10.99,70.41,0,0.32,17.05.2024 02:03:32
0,149.06,795,802,10.99,70.45,0,0.19,17.05.2024 02:03:34
0,148.69,793,802,10.99,70.46,0,0.16,17.05.2024 02:03:37
0,148.13,790,802,11.00,70.42,0,0.12,17.05.2024 02:03:39
0,154.88,826,802,10.99,70.40,0,0.63,17.05.2024 02:03:41
0,148.50,792,801,10.96,70.43,0,0.16,17.05.2024 02:03:43
0,152.81,815,801,10.99,70.44,0,0.47,17.05.2024 02:03:45
0,153.38,818,801,10.96,70.44,0,0.52,17.05.2024 02:03:47
0,152.63,814,801,10.99,70.43,0,0.46,17.05.2024 02:03:49
0,152.06,811,801,10.98,70.47,0,0.41,17.05.2024 02:03:51
0,153.94,821,800,10.99,70.46,0,0.56,17.05.2024 02:03:53
0,151.88,810,801,11.00,70.46,0,0.40,17.05.2024 02:03:56
0,156.56,835,802,10.98,70.45,0,0.77,17.05.2024 02:03:58
0,154.69,825,802,10.99,70.44,0,0.62,17.05.2024 02:04:00
0,150.94,805,802,10.98,70.44,0,0.33,17.05.2024 02:04:02
0,152.06,811,802,10.99,70.47,0,0.41,17.05.2024 02:04:04
0,151.13,806,802,10.98,70.44,0,0.35,17.05.2024 02:04:06
0,155.63,830,802,11.02,70.47,0,0.68,17.05.2024 02:04:08
0,152.25,812,802,10.99,70.43,0,0.43,17.05.2024 02:04:10
0,153.75,820,802,10.99,70.48,0,0.54,17.05.2024 02:04:13
0,153.00,816,802,10.99,70.46,0,0.48,17.05.2024 02:04:15
0,153.19,817,802,10.99,70.46,0,0.50,17.05.2024 02:04:17
0,154.69,825,802,10.98,70.46,0,0.62,17.05.2024 02:04:19
0,150.38,802,802,11.00,70.46,0,0.28,17.05.2024 02:04:21
0,153.75,820,803,11.00,70.46,0,0.54,17.05.2024 02:04:23
0,154.31,823,803,10.96,70.43,0,0.59,17.05.2024 02:04:25
0,158.44,845,802,11.00,70.49,0,0.92,17.05.2024 02:04:27
0,151.50,808,802,10.99,70.48,0,0.37,17.05.2024 02:04:30
0,150.56,803,802,11.00,70.49,0,0.30,17.05.2024 02:04:32
0,152.81,815,801,10.98,70.44,0,0.47,17.05.2024 02:04:34
0,156.75,836,801,10.99,70.46,0,0.78,17.05.2024 02:04:36
0,156.56,835,801,10.99,70.46,0,0.77,17.05.2024 02:04:38
0,153.75,820,801,10.99,70.46,0,0.54,17.05.2024 02:04:40
0,153.19,817,801,10.98,70.43,0,0.50,17.05.2024 02:04:42
0,154.69,825,801,11.00,70.45,0,0.61,17.05.2024 02:04:44
0,154.13,822,800,10.98,70.47,0,0.57,17.05.2024 02:04:46
0,150.38,802,800,10.98,70.47,0,0.29,17.05.2024 02:04:49
0,152.63,814,800,10.99,70.46,0,0.46,17.05.2024 02:04:51
0,152.06,811,800,11.00,70.48,0,0.41,17.05.2024 02:04:53
0,151.88,810,799,10.99,70.48,0,0.40,17.05.2024 02:04:55
0,155.63,830,797,11.00,70.46,0,0.69,17.05.2024 02:04:57
0,150.56,803,797,11.00,70.46,0,0.30,17.05.2024 02:04:59
0,154.31,823,798,10.98,70.47,0,0.59,17.05.2024 02:05:01
0,153.19,817,797,10.98,70.44,0,0.50,17.05.2024 02:05:03
0,153.38,818,797,10.99,70.45,0,0.51,17.05.2024 02:05:06
0,150.56,803,797,10.99,70.47,0,0.30,17.05.2024 02:05:08
0,156.38,834,798,10.99,70.46,0,0.75,17.05.2024 02:05:10
0,154.31,823,798,10.99,70.48,0,0.59,17.05.2024 02:05:12
0,153.75,820,797,10.98,70.47,0,0.54,17.05.2024 02:05:14
0,156.00,832,798,10.96,70.50,0,0.72,17.05.2024 02:05:16
0,152.63,814,798,10.98,70.49,0,0.46,17.05.2024 02:05:18
0,156.00,832,798,10.99,70.47,0,0.72,17.05.2024 02:05:20
0,153.38,818,798,10.99,70.46,0,0.51,17.05.2024 02:05:23
0,152.25,812,797,11.00,70.47,0,0.42,17.05.2024 02:05:25
0,153.75,820,797,11.00,70.49,0,0.54,17.05.2024 02:05:27
0,152.06,811,796,11.00,70.49,0,0.41,17.05.2024 02:05:29
0,155.81,831,797,10.98,70.48,0,0.71,17.05.2024 02:05:31
0,152.06,811,797,10.98,70.46,0,0.41,17.05.2024 02:05:33
0,155.81,831,796,10.99,70.50,0,0.70,17.05.2024 02:05:35
0,153.38,818,797,10.99,70.47,0,0.51,17.05.2024 02:05:37
0,154.50,824,798,10.98,70.47,0,0.60,17.05.2024 02:05:41
0,155.81,831,798,10.99,70.47,0,0.70,17.05.2024 02:05:44
0,148.88,794,798,10.99,70.50,0,0.18,17.05.2024 02:05:46
0,149.44,797,798,10.98,70.45,0,0.22,17.05.2024 02:05:48
0,148.88,794,798,10.99,70.48,0,0.18,17.05.2024 02:05:50
0,150.56,803,798,11.00,70.48,0,0.30,17.05.2024 02:05:52
0,142.50,760,799,10.99,70.48,0,-0.26,17.05.2024 02:05:54
0,147.75,788,799,10.99,70.44,0,0.10,17.05.2024 02:05:56
0,152.63,814,800,11.00,70.46,0,0.45,17.05.2024 02:05:58
0,149.81,799,800,10.98,70.47,0,0.25,17.05.2024 02:06:01
0,150.19,801,800,10.99,70.47,0,0.27,17.05.2024 02:06:03
0,151.69,809,800,11.00,70.48,0,0.38,17.05.2024 02:06:05
0,150.19,801,801,11.02,70.47,0,0.27,17.05.2024 02:06:07
0,155.44,829,802,11.00,70.46,0,0.67,17.05.2024 02:06:09
0,149.44,797,802,10.99,70.48,0,0.22,17.05.2024 02:06:11
0,148.31,791,802,11.00,70.47,0,0.13,17.05.2024 02:06:13
0,154.13,822,802,10.98,70.46,0,0.57,17.05.2024 02:06:15
0,151.69,809,803,11.00,70.48,0,0.38,17.05.2024 02:06:18
0,151.31,807,803,10.99,70.50,0,0.35,17.05.2024 02:06:20
0,155.81,831,803,11.02,70.47,0,0.70,17.05.2024 02:06:22
0,153.56,819,803,10.99,70.50,0,0.53,17.05.2024 02:06:24
0,152.44,813,803,11.02,70.50,0,0.43,17.05.2024 02:06:26
0,153.00,816,804,10.99,70.48,0,0.48,17.05.2024 02:06:28
0,156.19,833,804,10.98,70.47,0,0.74,17.05.2024 02:06:30
0,150.75,804,803,10.99,70.48,0,0.31,17.05.2024 02:06:32
0,151.88,810,803,10.98,70.50,0,0.40,17.05.2024 02:06:34
0,152.63,814,803,11.00,70.50,0,0.45,17.05.2024 02:06:37
0,154.69,825,803,11.00,70.47,0,0.61,17.05.2024 02:06:39
0,155.06,827,803,11.00,70.51,0,0.64,17.05.2024 02:06:41
0,155.06,827,802,11.02,70.51,0,0.64,17.05.2024 02:06:43
0,153.56,819,802,11.00,70.46,0,0.52,17.05.2024 02:06:45
0,157.31,839,802,11.02,70.52,0,0.82,17.05.2024 02:06:47
0,151.88,810,802,10.99,70.50,0,0.40,17.05.2024 02:06:49
0,155.44,829,802,10.98,70.48,0,0.68,17.05.2024 02:06:51
0,152.06,811,801,11.02,70.47,0,0.41,17.05.2024 02:06:54
0,153.00,816,801,10.99,70.47,0,0.48,17.05.2024 02:06:56
0,152.25,812,801,11.00,70.49,0,0.42,17.05.2024 02:06:58
0,153.94,821,802,10.99,70.50,0,0.55,17.05.2024 02:07:00
0,151.31,807,802,11.00,70.52,0,0.35,17.05.2024 02:07:02
0,154.13,822,801,11.02,70.49,0,0.56,17.05.2024 02:07:04
0,152.06,811,801,10.98,70.50,0,0.41,17.05.2024 02:07:06
0,150.94,805,801,11.00,70.48,0,0.32,17.05.2024 02:07:08
0,153.94,821,801,10.98,70.49,0,0.56,17.05.2024 02:07:11
0,154.31,823,801,11.00,70.47,0,0.58,17.05.2024 02:07:13
0,153.94,821,801,11.00,70.48,0,0.55,17.05.2024 02:07:15
0,152.44,813,802,10.99,70.47,0,0.44,17.05.2024 02:07:17
0,151.31,807,802,11.00,70.50,0,0.35,17.05.2024 02:07:19
0,152.25,812,802,10.98,70.49,0,0.43,17.05.2024 02:07:21
0,153.00,816,802,10.99,70.50,0,0.48,17.05.2024 02:07:23
0,154.50,824,802,11.03,70.51,0,0.59,17.05.2024 02:07:25
0,153.94,821,802,11.00,70.45,0,0.55,17.05.2024 02:07:28
0,156.56,835,802,11.00,70.48,0,0.76,17.05.2024 02:07:30
0,150.94,805,801,11.00,70.49,0,0.32,17.05.2024 02:07:32
0,153.19,817,801,11.00,70.46,0,0.50,17.05.2024 02:07:34
0,154.50,824,801,11.03,70.48,0,0.59,17.05.2024 02:07:36
0,152.81,815,801,11.02,70.47,0,0.46,17.05.2024 02:07:38
0,152.81,815,801,11.00,70.51,0,0.47,17.05.2024 02:07:40
0,152.06,811,801,11.00,70.46,0,0.41,17.05.2024 02:07:42
0,153.56,819,801,11.00,70.47,0,0.52,17.05.2024 02:07:44
0,156.00,832,801,11.00,70.47,0,0.72,17.05.2024 02:07:47
0,154.50,824,801,11.00,70.47,0,0.60,17.05.2024 02:07:49
0,151.13,806,801,10.99,70.47,0,0.34,17.05.2024 02:07:51
0,152.44,813,801,11.00,70.47,0,0.44,17.05.2024 02:07:55
0,153.75,820,801,10.99,70.47,0,0.54,17.05.2024 02:07:57
0,153.19,817,802,10.99,70.48,0,0.50,17.05.2024 02:07:59
0,152.44,813,801,10.98,70.46,0,0.44,17.05.2024 02:08:01
0,148.69,793,801,11.00,70.47,0,0.16,17.05.2024 02:08:03
0,152.25,812,801,10.99,70.49,0,0.43,17.05.2024 02:08:06
0,150.00,800,801,11.02,70.47,0,0.25,17.05.2024 02:08:08
0,153.94,821,801,10.99,70.50,0,0.55,17.05.2024 02:08:10
0,152.44,813,801,11.00,70.47,0,0.44,17.05.2024 02:08:12
0,147.56,787,802,11.00,70.48,0,0.08,17.05.2024 02:08:14
0,152.25,812,802,11.02,70.50,0,0.42,17.05.2024 02:08:16
0,155.44,829,803,11.02,70.49,0,0.67,17.05.2024 02:08:18
0,148.69,793,803,11.00,70.47,0,0.16,17.05.2024 02:08:20
0,150.94,805,803,10.99,70.45,0,0.33,17.05.2024 02:08:23
0,156.19,833,803,11.00,70.47,0,0.73,17.05.2024 02:08:25
0,151.69,809,803,11.05,70.51,0,0.37,17.05.2024 02:08:27
0,151.69,809,803,11.00,70.47,0,0.38,17.05.2024 02:08:29
0,154.31,823,802,11.00,70.43,0,0.58,17.05.2024 02:08:31
0,155.63,830,803,11.02,70.48,0,0.68,17.05.2024 02:08:33
0,151.69,809,803,11.03,70.47,0,0.38,17.05.2024 02:08:35
0,156.00,832,804,11.02,70.45,0,0.71,17.05.2024 02:08:37
0,155.81,831,804,11.02,70.47,0,0.70,17.05.2024 02:08:39
0,154.50,824,803,11.02,70.47,0,0.59,17.05.2024 02:08:42
0,154.31,823,805,11.02,70.47,0,0.58,17.05.2024 02:08:44
0,153.00,816,805,11.02,70.48,0,0.48,17.05.2024 02:08:46
0,151.13,806,805,11.02,70.47,0,0.34,17.05.2024 02:08:48
0,158.25,844,805,11.00,70.46,0,0.90,17.05.2024 02:08:50
0,152.06,811,805,10.99,70.48,0,0.41,17.05.2024 02:08:52
0,155.63,830,805,11.00,70.45,0,0.69,17.05.2024 02:08:54
0,153.00,816,805,11.00,70.47,0,0.48,17.05.2024 02:08:56
0,149.81,799,805,10.99,70.48,0,0.24,17.05.2024 02:08:59
0,152.81,815,805,11.00,70.46,0,0.47,17.05.2024 02:09:01
0,148.69,793,803,11.00,70.46,0,0.16,17.05.2024 02:09:03
0,150.19,801,804,11.02,70.46,0,0.27,17.05.2024 02:09:05
0,155.44,829,804,11.00,70.44,0,0.67,17.05.2024 02:09:07
0,153.75,820,804,11.00,70.49,0,0.54,17.05.2024 02:09:09
0,155.63,830,804,11.02,70.46,0,0.68,17.05.2024 02:09:11
0,153.00,816,804,11.02,70.47,0,0.48,17.05.2024 02:09:13
0,157.50,840,804,11.03,70.44,0,0.83,17.05.2024 02:09:16
0,151.88,810,804,11.00,70.45,0,0.40,17.05.2024 02:09:18
0,154.31,823,803,11.00,70.47,0,0.58,17.05.2024 02:09:20
0,153.94,821,803,10.99,70.45,0,0.56,17.05.2024 02:09:22
0,155.06,827,803,11.00,70.46,0,0.64,17.05.2024 02:09:24
0,149.25,796,802,11.00,70.46,0,0.20,17.05.2024 02:09:26
0,152.44,813,802,11.00,70.48,0,0.44,17.05.2024 02:09:28
0,150.75,804,801,11.02,70.44,0,0.31,17.05.2024 02:09:30
0,150.00,800,801,10.99,70.45,0,0.26,17.05.2024 02:09:32
0,155.06,827,802,11.00,70.44,0,0.64,17.05.2024 02:09:35
0,150.38,802,802,11.02,70.47,0,0.28,17.05.2024 02:09:37
0,156.19,833,802,11.02,70.47,0,0.73,17.05.2024 02:09:39
0,152.81,815,802,11.02,70.44,0,0.47,17.05.2024 02:09:41
0,156.56,835,801,11.00,70.43,0,0.76,17.05.2024 02:09:43
0,150.94,805,801,10.99,70.46,0,0.33,17.05.2024 02:09:45
0,152.81,815,801,11.00,70.46,0,0.47,17.05.2024 02:09:47
0,153.38,818,801,11.02,70.44,0,0.51,17.05.2024 02:09:49
0,149.44,797,801,11.02,70.47,0,0.21,17.05.2024 02:09:52
0,153.19,817,800,10.99,70.45,0,0.50,17.05.2024 02:09:54
0,153.38,818,800,11.00,70.44,0,0.51,17.05.2024 02:09:56
0,152.06,811,801,11.00,70.44,0,0.41,17.05.2024 02:09:58
0,152.44,813,801,11.02,70.44,0,0.44,17.05.2024 02:10:00
0,155.25,828,800,11.00,70.44,0,0.66,17.05.2024 02:10:02
0,155.25,828,800,11.00,70.44,0,0.66,17.05.2024 02:10:04
0,154.88,826,800,11.02,70.45,0,0.63,17.05.2024 02:10:06
0,152.81,815,799,11.02,70.44,0,0.47,17.05.2024 02:10:11
0,150.56,803,799,11.03,70.43,0,0.29,17.05.2024 02:10:13
0,149.81,799,799,11.00,70.45,0,0.24,17.05.2024 02:10:15
0,151.13,806,798,11.02,70.46,0,0.34,17.05.2024 02:10:17
0,149.44,797,798,11.03,70.43,0,0.21,17.05.2024 02:10:19
0,150.94,805,798,11.00,70.42,0,0.33,17.05.2024 02:10:21
0,151.69,809,798,11.02,70.46,0,0.38,17.05.2024 02:10:23
0,153.00,816,797,11.00,70.43,0,0.48,17.05.2024 02:10:25
0,152.25,812,797,11.03,70.45,0,0.42,17.05.2024 02:10:27
0,151.50,808,797,11.03,70.44,0,0.36,17.05.2024 02:10:30
0,152.25,812,797,10.98,70.41,0,0.43,17.05.2024 02:10:32
0,147.19,785,797,11.02,70.41,0,0.06,17.05.2024 02:10:34
0,149.25,796,798,11.02,70.47,0,0.20,17.05.2024 02:10:36
0,148.88,794,797,11.02,70.46,0,0.17,17.05.2024 02:10:38
0,151.31,807,797,11.05,70.47,0,0.35,17.05.2024 02:10:40
0,151.88,810,797,11.02,70.44,0,0.39,17.05.2024 02:10:42
0,154.31,823,797,11.02,70.42,0,0.58,17.05.2024 02:10:44
0,151.88,810,796,11.02,70.43,0,0.39,17.05.2024 02:10:47
0,152.44,813,796,11.00,70.44,0,0.44,17.05.2024 02:10:49
0,152.25,812,796,11.00,70.45,0,0.42,17.05.2024 02:10:51
0,156.56,835,796,11.00,70.43,0,0.76,17.05.2024 02:10:53
0,150.75,804,796,11.02,70.41,0,0.31,17.05.2024 02:10:55
0,156.56,835,796,11.02,70.44,0,0.76,17.05.2024 02:10:57
0,153.38,818,796,11.02,70.40,0,0.51,17.05.2024 02:10:59
0,152.06,811,796,11.02,70.44,0,0.41,17.05.2024 02:11:01
0,152.63,814,796,11.02,70.44,0,0.45,17.05.2024 02:11:04
0,155.25,828,797,11.02,70.45,0,0.65,17.05.2024 02:11:06
0,150.94,805,797,11.03,70.45,0,0.32,17.05.2024 02:11:08
0,156.19,833,797,11.02,70.44,0,0.73,17.05.2024 02:11:10
0,154.88,826,796,11.00,70.44,0,0.63,17.05.2024 02:11:12
0,150.19,801,796,10.99,70.43,0,0.27,17.05.2024 02:11:14
0,150.75,804,796,11.00,70.45,0,0.31,17.05.2024 02:11:16
0,153.75,820,796,11.00,70.40,0,0.54,17.05.2024 02:11:18
0,153.38,818,796,11.02,70.42,0,0.51,17.05.2024 02:11:20
0,155.06,827,796,11.00,70.41,0,0.64,17.05.2024 02:11:23
0,153.75,820,795,11.03,70.44,0,0.53,17.05.2024 02:11:25
0,154.50,824,796,11.03,70.43,0,0.59,17.05.2024 02:11:27
0,151.13,806,796,11.02,70.44,0,0.34,17.05.2024 02:11:29
0,153.75,820,796,11.03,70.44,0,0.53,17.05.2024 02:11:31
0,153.75,820,796,11.02,70.43,0,0.54,17.05.2024 02:11:33
0,151.31,807,796,11.02,70.42,0,0.35,17.05.2024 02:11:35
0,155.81,831,796,11.02,70.43,0,0.70,17.05.2024 02:11:37
0,151.88,810,795,11.02,70.40,0,0.40,17.05.2024 02:11:40
0,152.25,812,796,11.00,70.42,0,0.43,17.05.2024 02:11:42
0,153.00,816,796,11.02,70.45,0,0.48,17.05.2024 02:11:44
0,152.81,815,796,11.02,70.42,0,0.47,17.05.2024 02:11:46
0,152.25,812,796,10.99,70.42,0,0.43,17.05.2024 02:11:48
0,154.31,823,796,11.00,70.42,0,0.58,17.05.2024 02:11:50
0,156.38,834,796,11.03,70.42,0,0.74,17.05.2024 02:11:52
0,155.06,827,796,11.03,70.44,0,0.64,17.05.2024 02:11:54
0,150.75,804,797,11.03,70.40,0,0.31,17.05.2024 02:11:57
0,154.31,823,797,11.00,70.42,0,0.58,17.05.2024 02:11:59
0,152.44,813,796,10.99,70.42,0,0.44,17.05.2024 02:12:01
0,152.25,812,797,11.00,70.46,0,0.42,17.05.2024 02:12:03
0,147.94,789,797,11.03,70.41,0,0.11,17.05.2024 02:12:05
0,152.63,814,797,11.02,70.41,0,0.45,17.05.2024 02:12:07
0,153.56,819,797,11.02,70.42,0,0.52,17.05.2024 02:12:09
0,151.88,810,797,11.02,70.42,0,0.39,17.05.2024 02:12:11
0,151.50,808,797,11.03,70.40,0,0.36,17.05.2024 02:12:14
0,147.75,788,797,11.02,70.42,0,0.09,17.05.2024 02:12:16
0,151.31,807,797,10.99,70.40,0,0.36,17.05.2024 02:12:18
0,150.94,805,796,11.00,70.39,0,0.33,17.05.2024 02:12:20
0,153.75,820,796,11.02,70.38,0,0.54,17.05.2024 02:12:22
0,152.06,811,796,11.03,70.42,0,0.41,17.05.2024 02:12:24
0,149.81,799,796,11.02,70.41,0,0.24,17.05.2024 02:12:26
0,152.06,811,797,11.02,70.41,0,0.41,17.05.2024 02:12:30
0,155.63,830,797,11.03,70.40,0,0.68,17.05.2024 02:12:32
0,150.75,804,796,11.03,70.41,0,0.31,17.05.2024 02:12:35
0,154.88,826,797,11.00,70.39,0,0.63,17.05.2024 02:12:37
0,149.63,798,797,11.02,70.40,0,0.23,17.05.2024 02:12:39
0,148.50,792,797,11.00,70.41,0,0.15,17.05.2024 02:12:41
0,151.69,809,797,11.02,70.39,0,0.38,17.05.2024 02:12:43
0,152.25,812,797,11.02,70.41,0,0.42,17.05.2024 02:12:45
0,149.25,796,797,11.00,70.41,0,0.20,17.05.2024 02:12:47
0,151.88,810,798,10.99,70.40,0,0.40,17.05.2024 02:12:49
0,150.38,802,798,11.00,70.42,0,0.29,17.05.2024 02:12:52
0,151.88,810,797,11.00,70.41,0,0.40,17.05.2024 02:12:54
0,148.69,793,797,11.02,70.41,0,0.16,17.05.2024 02:12:56
0,149.44,797,797,11.00,70.40,0,0.22,17.05.2024 02:12:58
0,153.75,820,797,11.00,70.38,0,0.54,17.05.2024 02:13:00
0,150.75,804,797,11.03,70.38,0,0.31,17.05.2024 02:13:02
0,152.81,815,797,11.02,70.40,0,0.47,17.05.2024 02:13:04
0,153.38,818,797,11.02,70.41,0,0.51,17.05.2024 02:13:06
0,152.81,815,798,11.02,70.37,0,0.47,17.05.2024 02:13:09
0,153.38,818,797,10.99,70.38,0,0.52,17.05.2024 02:13:11
0,154.88,826,797,11.03,70.40,0,0.62,17.05.2024 02:13:13
0,152.06,811,797,11.02,70.40,0,0.41,17.05.2024 02:13:15
0,152.25,812,797,11.00,70.39,0,0.43,17.05.2024 02:13:17
0,151.50,808,797,11.00,70.36,0,0.37,17.05.2024 02:13:19
0,150.94,805,797,11.02,70.37,0,0.33,17.05.2024 02:13:21
0,153.56,819,798,11.02,70.39,0,0.52,17.05.2024 02:13:23
0,153.75,820,797,11.02,70.40,0,0.54,17.05.2024 02:13:25
0,153.75,820,797,11.03,70.38,0,0.54,17.05.2024 02:13:28
0,154.13,822,797,11.00,70.39,0,0.57,17.05.2024 02:13:30
0,156.00,832,797,11.02,70.40,0,0.72,17.05.2024 02:13:32
0,154.50,824,797,11.02,70.38,0,0.60,17.05.2024 02:13:34
0,150.38,802,797,11.00,70.38,0,0.29,17.05.2024 02:13:36
0,152.06,811,797,11.00,70.38,0,0.41,17.05.2024 02:13:38
0,154.69,825,797,11.02,70.38,0,0.61,17.05.2024 02:13:40
0,155.81,831,798,11.03,70.43,0,0.70,17.05.2024 02:13:42
0,151.88,810,798,11.02,70.39,0,0.40,17.05.2024 02:13:45
0,152.63,814,798,11.02,70.38,0,0.45,17.05.2024 02:13:47
0,155.25,828,798,10.99,70.39,0,0.66,17.05.2024 02:13:49
0,152.25,812,798,11.02,70.37,0,0.42,17.05.2024 02:13:51
0,153.38,818,798,11.02,70.38,0,0.51,17.05.2024 02:13:53
0,155.44,829,798,11.02,70.38,0,0.67,17.05.2024 02:13:55
0,153.75,820,798,11.02,70.38,0,0.54,17.05.2024 02:13:57
0,157.31,839,798,11.00,70.41,0,0.83,17.05.2024 02:13:59
0,152.81,815,798,11.03,70.39,0,0.46,17.05.2024 02:14:02
0,152.44,813,799,11.02,70.36,0,0.44,17.05.2024 02:14:04
0,156.75,836,799,11.02,70.37,0,0.78,17.05.2024 02:14:06
0,155.63,830,799,11.02,70.39,0,0.69,17.05.2024 02:14:08
0,151.13,806,799,11.00,70.38,0,0.34,17.05.2024 02:14:10
0,151.13,806,799,11.00,70.36,0,0.34,17.05.2024 02:14:12
0,153.75,820,799,11.03,70.36,0,0.54,17.05.2024 02:14:14
0,150.75,804,799,11.00,70.38,0,0.31,17.05.2024 02:14:16
0,155.06,827,799,11.03,70.38,0,0.64,17.05.2024 02:14:18
0,152.44,813,799,11.02,70.38,0,0.44,17.05.2024 02:14:21
0,151.13,806,800,11.02,70.32,0,0.34,17.05.2024 02:14:23
0,152.44,813,801,11.02,70.38,0,0.44,17.05.2024 02:14:25
0,153.00,816,801,11.03,70.40,0,0.48,17.05.2024 02:14:27
0,153.56,819,800,11.02,70.36,0,0.53,17.05.2024 02:14:29
0,151.69,809,800,11.02,70.39,0,0.38,17.05.2024 02:14:31
0,153.75,820,800,11.00,70.38,0,0.54,17.05.2024 02:14:33
0,152.25,812,800,11.02,70.37,0,0.42,17.05.2024 02:14:37
0,152.06,811,800,11.02,70.36,0,0.41,17.05.2024 02:14:40
0,152.25,812,801,11.02,70.33,0,0.43,17.05.2024 02:14:42
0,149.44,797,800,11.00,70.34,0,0.22,17.05.2024 02:14:44
0,149.63,798,801,11.03,70.34,0,0.23,17.05.2024 02:14:46
0,149.81,799,801,11.00,70.35,0,0.25,17.05.2024 02:14:48
0,150.75,804,801,11.00,70.39,0,0.31,17.05.2024 02:14:50
0,150.94,805,800,11.02,70.33,0,0.33,17.05.2024 02:14:52
0,152.81,815,800,11.03,70.36,0,0.47,17.05.2024 02:14:54
0,148.88,794,800,11.00,70.36,0,0.18,17.05.2024 02:14:57
0,150.00,800,801,10.99,70.33,0,0.26,17.05.2024 02:14:59
0,147.94,789,801,11.00,70.36,0,0.11,17.05.2024 02:15:01
0,159.56,851,800,11.02,70.37,0,1.01,17.05.2024 02:15:03
0,153.75,820,801,11.00,70.34,0,0.54,17.05.2024 02:15:05
0,152.06,811,802,11.03,70.35,0,0.41,17.05.2024 02:15:07
0,155.25,828,802,11.02,70.36,0,0.66,17.05.2024 02:15:09
0,156.56,835,802,11.03,70.33,0,0.76,17.05.2024 02:15:11
0,151.50,808,802,11.03,70.36,0,0.37,17.05.2024 02:15:13
0,154.31,823,802,11.00,70.36,0,0.59,17.05.2024 02:15:16
0,155.25,828,802,11.00,70.31,0,0.66,17.05.2024 02:15:18
0,153.75,820,803,11.02,70.36,0,0.54,17.05.2024 02:15:20
0,155.44,829,803,11.00,70.35,0,0.68,17.05.2024 02:15:22
0,154.88,826,803,11.00,70.34,0,0.63,17.05.2024 02:15:24
0,151.69,809,803,11.02,70.36,0,0.38,17.05.2024 02:15:26
0,155.06,827,803,11.00,70.36,0,0.65,17.05.2024 02:15:28
0,156.38,834,804,11.02,70.36,0,0.75,17.05.2024 02:15:30
0,153.56,819,804,11.00,70.34,0,0.53,17.05.2024 02:15:33
0,154.50,824,804,11.03,70.34,0,0.60,17.05.2024 02:15:35
0,154.31,823,805,10.99,70.33,0,0.59,17.05.2024 02:15:37
0,151.13,806,805,11.02,70.34,0,0.34,17.05.2024 02:15:39
0,149.81,799,805,11.02,70.33,0,0.24,17.05.2024 02:15:41
0,153.38,818,805,11.02,70.33,0,0.51,17.05.2024 02:15:43
0,154.50,824,804,11.02,70.33,0,0.60,17.05.2024 02:15:45
0,155.81,831,804,11.00,70.33,0,0.71,17.05.2024 02:15:47
0,152.63,814,804,11.00,70.33,0,0.46,17.05.2024 02:15:50
0,155.63,830,805,11.00,70.32,0,0.69,17.05.2024 02:15:52
0,152.63,814,805,11.02,70.33,0,0.45,17.05.2024 02:15:54
0,151.13,806,805,11.03,70.35,0,0.34,17.05.2024 02:15:56
0,153.94,821,805,11.02,70.33,0,0.56,17.05.2024 02:15:58
0,154.13,822,805,11.02,70.32,0,0.57,17.05.2024 02:16:00
0,151.50,808,805,11.02,70.34,0,0.37,17.05.2024 02:16:02
0,155.44,829,806,11.03,70.35,0,0.67,17.05.2024 02:16:04
0,152.63,814,806,11.00,70.31,0,0.46,17.05.2024 02:16:06
0,152.63,814,805,11.02,70.33,0,0.45,17.05.2024 02:16:09
0,154.50,824,804,11.02,70.32,0,0.60,17.05.2024 02:16:11
0,151.50,808,805,10.99,70.33,0,0.37,17.05.2024 02:16:13
0,154.13,822,805,11.00,70.33,0,0.57,17.05.2024 02:16:15
0,155.25,828,805,10.99,70.34,0,0.66,17.05.2024 02:16:17
0,151.13,806,805,11.00,70.30,0,0.35,17.05.2024 02:16:19
0,152.06,811,805,11.03,70.31,0,0.41,17.05.2024 02:16:21
0,159.19,849,805,11.00,70.30,0,0.99,17.05.2024 02:16:23
0,155.44,829,805,11.00,70.32,0,0.68,17.05.2024 02:16:26
0,154.88,826,805,11.00,70.34,0,0.63,17.05.2024 02:16:28
0,155.06,827,806,11.03,70.30,0,0.64,17.05.2024 02:16:30
0,155.63,830,806,10.99,70.32,0,0.70,17.05.2024 02:16:32
0,154.88,826,806,11.02,70.32,0,0.63,17.05.2024 02:16:34
0,153.56,819,806,11.03,70.33,0,0.52,17.05.2024 02:16:36
0,152.25,812,805,10.98,70.31,0,0.43,17.05.2024 02:16:38
0,154.13,822,805,11.00,70.30,0,0.57,17.05.2024 02:16:40
0,153.75,820,805,11.00,70.33,0,0.54,17.05.2024 02:16:43
0,150.00,800,805,11.02,70.33,0,0.26,17.05.2024 02:16:47
0,152.81,815,804,11.03,70.32,0,0.47,17.05.2024 02:16:49
0,151.50,808,804,11.02,70.33,0,0.37,17.05.2024 02:16:51
0,151.13,806,803,10.99,70.34,0,0.35,17.05.2024 02:16:53
0,147.00,784,803,11.00,70.30,0,0.05,17.05.2024 02:16:55
0,150.75,804,803,11.02,70.28,0,0.32,17.05.2024 02:16:57
0,150.19,801,804,11.02,70.27,0,0.27,17.05.2024 02:16:59
0,149.44,797,803,11.00,70.30,0,0.22,17.05.2024 02:17:02
0,149.25,796,803,11.03,70.29,0,0.20,17.05.2024 02:17:04
0,151.69,809,804,11.00,70.28,0,0.39,17.05.2024 02:17:06
0,152.44,813,804,11.00,70.26,0,0.45,17.05.2024 02:17:08
0,151.31,807,805,10.99,70.33,0,0.36,17.05.2024 02:17:10
0,152.25,812,804,11.00,70.30,0,0.43,17.05.2024 02:17:12
0,152.25,812,804,11.00,70.27,0,0.43,17.05.2024 02:17:14
0,153.56,819,805,11.03,70.33,0,0.52,17.05.2024 02:17:16
0,150.56,803,805,11.02,70.29,0,0.30,17.05.2024 02:17:18
0,153.56,819,804,11.02,70.30,0,0.53,17.05.2024 02:17:21
0,152.81,815,805,10.99,70.27,0,0.48,17.05.2024 02:17:23
0,152.44,813,804,11.00,70.31,0,0.44,17.05.2024 02:17:25
0,155.25,828,804,11.00,70.30,0,0.66,17.05.2024 02:17:27
0,157.50,840,805,11.02,70.29,0,0.84,17.05.2024 02:17:29
0,155.06,827,804,11.00,70.30,0,0.65,17.05.2024 02:17:31
0,151.50,808,803,11.00,70.30,0,0.37,17.05.2024 02:17:33
0,153.00,816,803,11.00,70.30,0,0.49,17.05.2024 02:17:35
0,153.00,816,802,11.00,70.28,0,0.49,17.05.2024 02:17:38
0,152.63,814,802,11.02,70.32,0,0.46,17.05.2024 02:17:40
0,156.00,832,801,10.99,70.29,0,0.73,17.05.2024 02:17:42
0,153.75,820,800,11.02,70.32,0,0.54,17.05.2024 02:17:44
0,155.06,827,800,11.02,70.31,0,0.65,17.05.2024 02:17:46
0,153.75,820,800,11.02,70.27,0,0.54,17.05.2024 02:17:48
0,155.06,827,800,11.00,70.28,0,0.65,17.05.2024 02:17:50
0,152.25,812,799,11.02,70.30,0,0.43,17.05.2024 02:17:52
0,152.06,811,799,10.99,70.27,0,0.42,17.05.2024 02:17:55
0,156.38,834,799,11.02,70.31,0,0.75,17.05.2024 02:17:57
0,154.31,823,799,11.00,70.30,0,0.59,17.05.2024 02:17:59
0,152.06,811,799,11.00,70.28,0,0.42,17.05.2024 02:18:01
0,153.38,818,800,11.00,70.30,0,0.52,17.05.2024 02:18:03
0,151.31,807,800,10.99,70.27,0,0.36,17.05.2024 02:18:05
0,156.56,835,800,11.02,70.27,0,0.77,17.05.2024 02:18:07
0,154.31,823,800,11.00,70.26,0,0.59,17.05.2024 02:18:09
0,151.88,810,800,11.00,70.28,0,0.40,17.05.2024 02:18:11
0,153.38,818,800,11.02,70.30,0,0.51,17.05.2024 02:18:14
0,152.44,813,800,11.00,70.27,0,0.45,17.05.2024 02:18:16
0,153.38,818,800,11.00,70.28,0,0.52,17.05.2024 02:18:18
0,154.13,822,800,11.00,70.28,0,0.58,17.05.2024 02:18:20
0,152.63,814,801,11.02,70.27,0,0.46,17.05.2024 02:18:22
0,151.88,810,800,10.99,70.29,0,0.40,17.05.2024 02:18:24
0,155.63,830,800,10.98,70.26,0,0.70,17.05.2024 02:18:26
0,156.00,832,800,10.98,70.27,0,0.73,17.05.2024 02:18:28
0,152.25,812,800,11.02,70.25,0,0.43,17.05.2024 02:18:31
0,153.00,816,800,10.99,70.26,0,0.49,17.05.2024 02:18:33
0,152.44,813,800,11.03,70.26,0,0.44,17.05.2024 02:18:35
0,153.38,818,800,11.00,70.28,0,0.52,17.05.2024 02:18:37
0,149.81,799,801,11.02,70.29,0,0.25,17.05.2024 02:18:39
0,152.06,811,801,11.00,70.24,0,0.42,17.05.2024 02:18:41
0,152.06,811,801,11.00,70.30,0,0.42,17.05.2024 02:18:43
0,149.81,799,800,10.99,70.28,0,0.25,17.05.2024 02:18:45
0,152.25,812,800,11.00,70.28,0,0.43,17.05.2024 02:18:48
0,154.88,826,799,11.02,70.27,0,0.63,17.05.2024 02:18:50
0,153.00,816,800,11.00,70.28,0,0.49,17.05.2024 02:18:52
0,150.19,801,800,11.02,70.26,0,0.27,17.05.2024 02:18:56
0,152.63,814,800,11.00,70.28,0,0.46,17.05.2024 02:18:58
0,151.13,806,799,10.99,70.27,0,0.35,17.05.2024 02:19:00
0,151.88,810,800,10.99,70.27,0,0.41,17.05.2024 02:19:02
0,147.19,785,799,10.99,70.26,0,0.06,17.05.2024 02:19:04
0,148.50,792,800,10.99,70.26,0,0.16,17.05.2024 02:19:06
0,149.63,798,799,10.99,70.27,0,0.24,17.05.2024 02:19:09
0,150.00,800,799,10.99,70.27,0,0.27,17.05.2024 02:19:11
0,150.38,802,799,10.99,70.28,0,0.29,17.05.2024 02:19:13
0,152.81,815,799,10.99,70.29,0,0.48,17.05.2024 02:19:15
0,149.06,795,799,11.00,70.27,0,0.20,17.05.2024 02:19:17
0,150.38,802,799,11.02,70.26,0,0.29,17.05.2024 02:19:19
0,150.00,800,798,11.00,70.23,0,0.26,17.05.2024 02:19:21
0,152.44,813,798,11.00,70.26,0,0.45,17.05.2024 02:19:23
0,155.63,830,798,11.02,70.26,0,0.69,17.05.2024 02:19:26
0,156.38,834,798,10.99,70.27,0,0.76,17.05.2024 02:19:28
0,154.31,823,798,11.02,70.26,0,0.59,17.05.2024 02:19:30
0,151.13,806,798,10.99,70.27,0,0.35,17.05.2024 02:19:32
0,151.50,808,797,10.99,70.25,0,0.38,17.05.2024 02:19:34
0,152.81,815,797,10.99,70.26,0,0.48,17.05.2024 02:19:36
0,152.81,815,797,10.99,70.26,0,0.48,17.05.2024 02:19:38
0,153.00,816,796,11.00,70.27,0,0.49,17.05.2024 02:19:40
0,150.94,805,796,10.98,70.21,0,0.34,17.05.2024 02:19:43
0,154.69,825,796,11.00,70.26,0,0.62,17.05.2024 02:19:45
0,153.00,816,797,11.02,70.27,0,0.49,17.05.2024 02:19:47
0,158.25,844,796,10.98,70.23,0,0.92,17.05.2024 02:19:49
0,151.13,806,796,11.00,70.28,0,0.35,17.05.2024 02:19:51
0,152.25,812,797,11.02,70.26,0,0.43,17.05.2024 02:19:53
0,152.81,815,797,11.00,70.22,0,0.48,17.05.2024 02:19:55
0,150.75,804,797,11.00,70.27,0,0.32,17.05.2024 02:19:57
0,153.75,820,798,10.99,70.26,0,0.55,17.05.2024 02:19:59
0,152.25,812,797,11.00,70.28,0,0.43,17.05.2024 02:20:02
0,153.56,819,798,10.99,70.27,0,0.53,17.05.2024 02:20:04
0,155.44,829,798,10.99,70.26,0,0.68,17.05.2024 02:20:06
0,153.94,821,797,10.98,70.26,0,0.57,17.05.2024 02:20:08
0,153.94,821,797,11.03,70.26,0,0.56,17.05.2024 02:20:10
0,151.88,810,798,11.00,70.24,0,0.40,17.05.2024 02:20:12
0,152.63,814,798,11.00,70.27,0,0.46,17.05.2024 02:20:14
0,153.94,821,798,10.99,70.25,0,0.56,17.05.2024 02:20:16
0,151.50,808,798,10.99,70.23,0,0.38,17.05.2024 02:20:19
0,156.56,835,798,10.99,70.27,0,0.77,17.05.2024 02:20:21
0,153.00,816,798,11.00,70.28,0,0.49,17.05.2024 02:20:23
0,150.94,805,799,10.98,70.23,0,0.34,17.05.2024 02:20:25
0,152.25,812,799,11.00,70.27,0,0.43,17.05.2024 02:20:27
0,154.31,823,799,10.99,70.23,0,0.60,17.05.2024 02:20:29
0,151.31,807,798,11.02,70.25,0,0.36,17.05.2024 02:20:31
0,154.50,824,798,11.00,70.26,0,0.61,17.05.2024 02:20:33
0,151.69,809,798,11.00,70.24,0,0.39,17.05.2024 02:20:36
0,153.75,820,798,11.00,70.26,0,0.55,17.05.2024 02:20:38
0,154.50,824,799,11.00,70.26,0,0.61,17.05.2024 02:20:40
0,152.81,815,799,10.98,70.26,0,0.48,17.05.2024 02:20:42
0,153.19,817,799,11.02,70.27,0,0.50,17.05.2024 02:20:44
0,152.06,811,799,10.99,70.27,0,0.42,17.05.2024 02:20:46
0,152.06,811,799,10.98,70.25,0,0.42,17.05.2024 02:20:48
0,149.25,796,799,11.00,70.28,0,0.21,17.05.2024 02:20:50
0,151.50,808,799,10.98,70.23,0,0.38,17.05.2024 02:20:53
0,148.88,794,799,11.00,70.24,0,0.18,17.05.2024 02:20:55
0,149.06,795,798,11.02,70.23,0,0.19,17.05.2024 02:20:57
0,148.88,794,798,11.02,70.24,0,0.18,17.05.2024 02:20:59
0,149.81,799,799,10.99,70.25,0,0.25,17.05.2024 02:21:01
0,151.69,809,799,10.99,70.23,0,0.39,17.05.2024 02:21:05
0,151.50,808,799,11.02,70.25,0,0.37,17.05.2024 02:21:07
0,153.56,819,799,11.02,70.24,0,0.53,17.05.2024 02:21:09
0,151.13,806,799,11.00,70.24,0,0.35,17.05.2024 02:21:11
0,146.63,782,798,10.98,70.25,0,0.03,17.05.2024 02:21:14
0,151.69,809,798,10.98,70.23,0,0.39,17.05.2024 02:21:16
0,149.81,799,798,10.98,70.25,0,0.26,17.05.2024 02:21:18
0,152.81,815,799,10.98,70.23,0,0.48,17.05.2024 02:21:20
0,152.81,815,799,10.99,70.22,0,0.48,17.05.2024 02:21:22
0,150.19,801,799,10.98,70.23,0,0.28,17.05.2024 02:21:24
0,148.13,790,799,10.99,70.23,0,0.13,17.05.2024 02:21:26
0,151.88,810,799,11.02,70.25,0,0.40,17.05.2024 02:21:28
0,149.63,798,799,10.99,70.23,0,0.24,17.05.2024 02:21:31
0,153.00,816,799,10.98,70.21,0,0.50,17.05.2024 02:21:33
0,155.06,827,800,10.99,70.27,0,0.65,17.05.2024 02:21:35
0,151.69,809,800,10.99,70.24,0,0.39,17.05.2024 02:21:37
0,153.19,817,800,10.98,70.23,0,0.51,17.05.2024 02:21:39
0,154.69,825,800,10.98,70.21,0,0.63,17.05.2024 02:21:41
0,153.56,819,800,11.00,70.25,0,0.53,17.05.2024 02:21:43
0,153.00,816,801,10.99,70.21,0,0.49,17.05.2024 02:21:45
0,155.63,830,800,11.00,70.23,0,0.70,17.05.2024 02:21:48
0,150.38,802,800,10.98,70.23,0,0.30,17.05.2024 02:21:50
0,155.44,829,801,11.02,70.23,0,0.68,17.05.2024 02:21:52
0,151.31,807,801,11.00,70.22,0,0.36,17.05.2024 02:21:54
0,152.63,814,801,10.98,70.21,0,0.47,17.05.2024 02:21:56
0,155.81,831,801,10.98,70.21,0,0.72,17.05.2024 02:21:58
0,152.06,811,801,11.00,70.27,0,0.42,17.05.2024 02:22:00
0,152.06,811,802,10.99,70.24,0,0.42,17.05.2024 02:22:02
0,154.50,824,802,10.98,70.21,0,0.61,17.05.2024 02:22:05
0,152.25,812,802,10.98,70.23,0,0.44,17.05.2024 02:22:07
0,155.44,829,802,10.96,70.25,0,0.69,17.05.2024 02:22:09
0,156.38,834,801,10.99,70.23,0,0.76,17.05.2024 02:22:11
0,153.00,816,801,10.98,70.25,0,0.49,17.05.2024 02:22:13
0,156.00,832,801,10.96,70.20,0,0.74,17.05.2024 02:22:15
0,153.38,818,800,10.98,70.23,0,0.52,17.05.2024 02:22:17
0,150.56,803,800,10.99,70.21,0,0.31,17.05.2024 02:22:19
0,153.56,819,800,10.99,70.22,0,0.54,17.05.2024 02:22:22
0,151.88,810,800,10.99,70.23,0,0.41,17.05.2024 02:22:24
0,152.25,812,800,10.99,70.24,0,0.44,17.05.2024 02:22:26
0,154.13,822,799,10.99,70.23,0,0.58,17.05.2024 02:22:28
0,153.56,819,799,11.00,70.21,0,0.53,17.05.2024 02:22:30
0,150.75,804,799,10.99,70.21,0,0.32,17.05.2024 02:22:32
0,152.63,814,798,10.99,70.23,0,0.46,17.05.2024 02:22:34
0,152.44,813,799,10.98,70.23,0,0.45,17.05.2024 02:22:36
0,152.44,813,799,11.00,70.26,0,0.45,17.05.2024 02:22:39
0,155.25,828,799,10.99,70.22,0,0.67,17.05.2024 02:22:41
0,153.19,817,799,10.99,70.27,0,0.51,17.05.2024 02:22:43
0,151.69,809,800,10.99,70.22,0,0.39,17.05.2024 02:22:45
0,153.56,819,800,10.99,70.21,0,0.54,17.05.2024 02:22:47
0,155.44,829,799,10.99,70.21,0,0.69,17.05.2024 02:22:49
0,151.50,808,799,10.99,70.21,0,0.38,17.05.2024 02:22:51
0,151.88,810,800,10.98,70.21,0,0.41,17.05.2024 02:22:53
0,152.81,815,799,10.98,70.21,0,0.48,17.05.2024 02:22:55
0,153.94,821,800,10.99,70.21,0,0.57,17.05.2024 02:22:58
0,153.94,821,799,10.99,70.21,0,0.57,17.05.2024 02:23:00
0,149.06,795,799,10.99,70.20,0,0.20,17.05.2024 02:23:02
0,154.31,823,799,10.96,70.20,0,0.60,17.05.2024 02:23:04
0,154.69,825,799,10.99,70.21,0,0.63,17.05.2024 02:23:06
0,151.13,806,800,10.99,70.23,0,0.35,17.05.2024 02:23:08
0,154.13,822,799,10.99,70.21,0,0.58,17.05.2024 02:23:10
0,151.88,810,800,10.96,70.23,0,0.41,17.05.2024 02:23:13
0,150.38,802,800,10.96,70.20,0,0.30,17.05.2024 02:23:15
0,151.31,807,799,10.98,70.21,0,0.37,17.05.2024 02:23:17
0,155.44,829,800,10.96,70.20,0,0.69,17.05.2024 02:23:19
0,152.63,814,799,10.98,70.18,0,0.47,17.05.2024 02:23:23
0,153.94,821,799,10.99,70.20,0,0.57,17.05.2024 02:23:25
0,151.88,810,799,10.99,70.24,0,0.41,17.05.2024 02:23:27
0,150.38,802,799,10.98,70.21,0,0.30,17.05.2024 02:23:29
0,148.88,794,800,11.00,70.23,0,0.18,17.05.2024 02:23:31
0,153.19,817,800,10.99,70.21,0,0.51,17.05.2024 02:23:34
0,150.94,805,799,10.99,70.22,0,0.34,17.05.2024 02:23:36
0,150.94,805,799,10.96,70.20,0,0.34,17.05.2024 02:23:38
0,150.00,800,799,10.98,70.20,0,0.27,17.05.2024 02:23:40
0,148.88,794,799,10.98,70.21,0,0.19,17.05.2024 02:23:42
0,150.00,800,799,10.99,70.19,0,0.27,17.05.2024 02:23:44
0,149.81,799,799,10.98,70.21,0,0.26,17.05.2024 02:23:46
0,148.13,790,798,10.99,70.18,0,0.13,17.05.2024 02:23:48
0,148.69,793,798,10.98,70.21,0,0.17,17.05.2024 02:23:51
0,153.19,817,798,10.99,70.20,0,0.51,17.05.2024 02:23:53
0,150.94,805,797,10.99,70.22,0,0.34,17.05.2024 02:23:55
0,155.25,828,797,10.98,70.19,0,0.67,17.05.2024 02:23:57
0,154.50,824,797,10.96,70.20,0,0.62,17.05.2024 02:23:59
0,151.50,808,796,10.99,70.18,0,0.38,17.05.2024 02:24:01
0,150.75,804,796,10.98,70.21,0,0.33,17.05.2024 02:24:03
0,153.56,819,796,11.00,70.22,0,0.53,17.05.2024 02:24:05
0,154.69,825,796,10.98,70.21,0,0.63,17.05.2024 02:24:08
0,153.38,818,796,10.96,70.20,0,0.53,17.05.2024 02:24:10
0,154.50,824,796,10.96,70.19,0,0.62,17.05.2024 02:24:12
0,153.19,817,796,10.98,70.20,0,0.51,17.05.2024 02:24:14
0,154.50,824,795,10.98,70.21,0,0.61,17.05.2024 02:24:16
0,150.94,805,796,10.99,70.21,0,0.34,17.05.2024 02:24:18
0,152.25,812,795,10.99,70.17,0,0.44,17.05.2024 02:24:20
0,151.50,808,796,10.96,70.20,0,0.38,17.05.2024 02:24:22
0,153.38,818,796,10.96,70.19,0,0.53,17.05.2024 02:24:25
0,153.19,817,795,10.98,70.20,0,0.51,17.05.2024 02:24:27
0,152.06,811,796,10.99,70.20,0,0.42,17.05.2024 02:24:29
0,153.00,816,795,10.98,70.19,0,0.50,17.05.2024 02:24:31
0,148.31,791,795,10.98,70.21,0,0.15,17.05.2024 02:24:33
0,151.69,809,795,10.98,70.21,0,0.40,17.05.2024 02:24:35
0,152.25,812,796,10.98,70.19,0,0.44,17.05.2024 02:24:37
0,153.75,820,795,10.96,70.20,0,0.56,17.05.2024 02:24:39
0,152.25,812,795,10.98,70.18,0,0.44,17.05.2024 02:24:42
0,151.31,807,795,10.96,70.23,0,0.37,17.05.2024 02:24:44
0,156.19,833,794,10.99,70.18,0,0.75,17.05.2024 02:24:46
0,151.13,806,794,10.96,70.19,0,0.36,17.05.2024 02:24:48
0,155.25,828,794,10.96,70.22,0,0.67,17.05.2024 02:24:50
0,153.94,821,794,10.96,70.20,0,0.57,17.05.2024 02:24:52
0,151.13,806,794,10.99,70.18,0,0.35,17.05.2024 02:24:54
0,152.81,815,795,10.98,70.18,0,0.48,17.05.2024 02:24:56
0,155.25,828,795,10.99,70.22,0,0.67,17.05.2024 02:24:59
0,152.25,812,795,10.98,70.19,0,0.44,17.05.2024 02:25:01
0,150.94,805,795,11.00,70.21,0,0.33,17.05.2024 02:25:03
0,152.63,814,795,10.96,70.20,0,0.47,17.05.2024 02:25:05
0,149.44,797,795,10.96,70.20,0,0.23,17.05.2024 02:25:07
0,153.94,821,795,10.98,70.21,0,0.57,17.05.2024 02:25:09
0,151.69,809,795,10.96,70.20,0,0.40,17.05.2024 02:25:11
0,150.75,804,795,10.99,70.19,0,0.32,17.05.2024 02:25:13
0,155.44,829,795,10.95,70.16,0,0.70,17.05.2024 02:25:15
0,153.00,816,795,10.99,70.18,0,0.49,17.05.2024 02:25:18
0,150.19,801,795,10.96,70.19,0,0.29,17.05.2024 02:25:20
0,151.50,808,795,10.99,70.16,0,0.38,17.05.2024 02:25:22
0,152.25,812,795,10.98,70.18,0,0.44,17.05.2024 02:25:24
0,153.94,821,795,10.99,70.18,0,0.57,17.05.2024 02:25:26
0,151.69,809,795,10.96,70.17,0,0.40,17.05.2024 02:25:28
0,152.44,813,795,10.96,70.19,0,0.46,17.05.2024 02:25:30
0,151.13,806,795,10.96,70.19,0,0.36,17.05.2024 02:25:32
0,153.94,821,794,10.98,70.19,0,0.57,17.05.2024 02:25:35
0,153.56,819,794,10.95,70.18,0,0.55,17.05.2024 02:25:39
0,151.31,807,795,10.96,70.16,0,0.37,17.05.2024 02:25:41
0,153.56,819,794,10.96,70.20,0,0.54,17.05.2024 02:25:43
0,150.38,802,795,10.98,70.18,0,0.30,17.05.2024 02:25:45
0,148.31,791,795,10.98,70.21,0,0.15,17.05.2024 02:25:47
0,152.06,811,794,10.96,70.16,0,0.43,17.05.2024 02:25:49
0,149.81,799,794,10.98,70.18,0,0.26,17.05.2024 02:25:51
0,146.06,779,794,10.96,70.18,0,-0.01,17.05.2024 02:25:54
0,145.88,778,794,10.98,70.21,0,-0.02,17.05.2024 02:25:56
0,151.31,807,794,10.98,70.19,0,0.37,17.05.2024 02:25:58
0,151.50,808,795,10.96,70.17,0,0.39,17.05.2024 02:26:00
0,147.19,785,795,10.95,70.17,0,0.07,17.05.2024 02:26:02
0,153.38,818,795,10.96,70.19,0,0.53,17.05.2024 02:26:04
0,153.56,819,795,10.95,70.17,0,0.55,17.05.2024 02:26:06
0,153.56,819,795,10.98,70.17,0,0.54,17.05.2024 02:26:08
0,150.75,804,795,10.98,70.17,0,0.33,17.05.2024 02:26:11
0,154.13,822,795,10.98,70.15,0,0.59,17.05.2024 02:26:13
0,153.56,819,795,10.96,70.19,0,0.54,17.05.2024 02:26:15
0,155.25,828,795,10.98,70.16,0,0.67,17.05.2024 02:26:17
0,152.25,812,795,10.95,70.18,0,0.44,17.05.2024 02:26:19
0,149.81,799,795,10.95,70.19,0,0.26,17.05.2024 02:26:21
0,152.06,811,794,10.96,70.18,0,0.43,17.05.2024 02:26:23
0,154.13,822,795,10.98,70.21,0,0.58,17.05.2024 02:26:25
0,150.38,802,794,10.98,70.17,0,0.30,17.05.2024 02:26:28
0,151.88,810,794,10.94,70.19,0,0.42,17.05.2024 02:26:30
0,150.00,800,794,10.95,70.16,0,0.28,17.05.2024 02:26:32
0,152.81,815,794,10.95,70.15,0,0.49,17.05.2024 02:26:34
0,156.56,835,794,10.96,70.18,0,0.78,17.05.2024 02:26:36
0,153.00,816,794,10.96,70.17,0,0.50,17.05.2024 02:26:38
0,153.38,818,794,10.95,70.16,0,0.53,17.05.2024 02:26:40
0,150.56,803,794,10.95,70.17,0,0.32,17.05.2024 02:26:42
0,156.19,833,794,10.96,70.18,0,0.75,17.05.2024 02:26:45
0,155.44,829,794,10.96,70.16,0,0.69,17.05.2024 02:26:47
0,155.06,827,794,10.95,70.16,0,0.67,17.05.2024 02:26:49
0,153.94,821,794,10.95,70.17,0,0.58,17.05.2024 02:26:51
0,151.50,808,794,10.94,70.15,0,0.39,17.05.2024 02:26:53
0,152.25,812,794,10.98,70.19,0,0.44,17.05.2024 02:26:55
0,152.44,813,795,10.95,70.16,0,0.46,17.05.2024 02:26:57
0,154.31,823,795,10.98,70.17,0,0.60,17.05.2024 02:26:59
0,152.63,814,794,10.95,70.17,0,0.47,17.05.2024 02:27:01
0,150.19,801,794,10.96,70.14,0,0.29,17.05.2024 02:27:04
0,150.56,803,794,10.96,70.14,0,0.32,17.05.2024 02:27:06
0,151.50,808,794,10.96,70.19,0,0.38,17.05.2024 02:27:08
0,152.25,812,795,10.98,70.14,0,0.44,17.05.2024 02:27:10
0,151.13,806,795,10.95,70.13,0,0.36,17.05.2024 02:27:12
0,153.00,816,795,10.98,70.16,0,0.50,17.05.2024 02:27:14
0,153.19,817,795,10.96,70.16,0,0.51,17.05.2024 02:27:16
0,152.44,813,795,10.98,70.16,0,0.45,17.05.2024 02:27:18
0,153.56,819,795,10.95,70.16,0,0.55,17.05.2024 02:27:21
0,151.50,808,794,10.96,70.17,0,0.39,17.05.2024 02:27:23
0,150.38,802,794,10.96,70.17,0,0.30,17.05.2024 02:27:25
0,148.31,791,795,10.95,70.15,0,0.16,17.05.2024 02:27:27
0,153.38,818,795,10.96,70.16,0,0.53,17.05.2024 02:27:29
0,152.81,815,795,10.95,70.14,0,0.49,17.05.2024 02:27:31
0,152.63,814,795,10.95,70.16,0,0.47,17.05.2024 02:27:33
0,152.25,812,795,10.96,70.14,0,0.44,17.05.2024 02:27:35
0,153.19,817,794,10.95,70.17,0,0.52,17.05.2024 02:27:38
0,152.44,813,794,10.96,70.18,0,0.46,17.05.2024 02:27:40
0,152.25,812,795,10.95,70.15,0,0.45,17.05.2024 02:27:42
0,152.44,813,794,10.95,70.12,0,0.46,17.05.2024 02:27:44
0,155.06,827,794,10.96,70.16,0,0.66,17.05.2024 02:27:46
0,153.19,817,794,10.95,70.16,0,0.52,17.05.2024 02:27:48
0,154.31,823,795,10.95,70.16,0,0.61,17.05.2024 02:27:50
0,157.50,840,794,10.95,70.12,0,0.87,17.05.2024 02:27:52
0,154.50,824,795,10.96,70.15,0,0.62,17.05.2024 02:27:55
0,152.81,815,795,10.98,70.16,0,0.48,17.05.2024 02:27:57
0,150.38,802,795,10.96,70.13,0,0.30,17.05.2024 02:27:59
0,150.19,801,795,10.95,70.16,0,0.29,17.05.2024 02:28:03
0,149.63,798,795,10.96,70.15,0,0.25,17.05.2024 02:28:05
0,151.13,806,794,10.94,70.14,0,0.36,17.05.2024 02:28:07
0,153.56,819,794,10.98,70.15,0,0.54,17.05.2024 02:28:09
0,153.75,820,794,10.96,70.18,0,0.56,17.05.2024 02:28:11
0,149.63,798,794,10.95,70.12,0,0.25,17.05.2024 02:28:14
0,152.63,814,794,10.95,70.14,0,0.48,17.05.2024 02:28:16
0,146.63,782,795,10.96,70.17,0,0.03,17.05.2024 02:28:18
0,150.00,800,795,10.94,70.12,0,0.28,17.05.2024 02:28:20
0,150.38,802,795,10.96,70.17,0,0.30,17.05.2024 02:28:22
0,147.19,785,796,10.94,70.14,0,0.08,17.05.2024 02:28:24
0,146.63,782,796,10.95,70.15,0,0.04,17.05.2024 02:28:26
0,151.50,808,795,10.98,70.16,0,0.38,17.05.2024 02:28:28
0,150.19,801,796,10.98,70.14,0,0.29,17.05.2024 02:28:31
0,151.13,806,796,10.96,70.17,0,0.36,17.05.2024 02:28:33
0,150.19,801,796,10.95,70.11,0,0.29,17.05.2024 02:28:35
0,151.13,806,796,10.94,70.14,0,0.36,17.05.2024 02:28:37
0,155.06,827,796,10.98,70.13,0,0.66,17.05.2024 02:28:39
0,152.25,812,796,10.95,70.15,0,0.45,17.05.2024 02:28:41
0,154.69,825,796,10.96,70.15,0,0.63,17.05.2024 02:28:43
0,149.06,795,796,10.95,70.16,0,0.21,17.05.2024 02:28:45
0,154.50,824,797,10.96,70.12,0,0.62,17.05.2024 02:28:47
0,151.13,806,797,10.94,70.14,0,0.36,17.05.2024 02:28:50
0,151.50,808,797,10.96,70.14,0,0.39,17.05.2024 02:28:52
0,151.88,810,797,10.96,70.14,0,0.41,17.05.2024 02:28:54
0,151.88,810,797,10.95,70.16,0,0.42,17.05.2024 02:28:56
0,150.56,803,797,10.95,70.16,0,0.32,17.05.2024 02:28:58
0,150.94,805,797,10.96,70.14,0,0.34,17.05.2024 02:29:00
0,153.94,821,798,10.96,70.15,0,0.57,17.05.2024 02:29:02
0,153.38,818,798,10.94,70.18,0,0.53,17.05.2024 02:29:04
0,154.69,825,798,10.98,70.15,0,0.63,17.05.2024 02:29:07
0,153.75,820,799,10.95,70.16,0,0.56,17.05.2024 02:29:09
0,154.88,826,798,10.95,70.16,0,0.65,17.05.2024 02:29:11
0,150.75,804,799,10.92,70.12,0,0.34,17.05.2024 02:29:13
0,154.50,824,799,10.95,70.13,0,0.62,17.05.2024 02:29:15
0,151.69,809,798,10.95,70.16,0,0.40,17.05.2024 02:29:17
0,152.44,813,798,10.94,70.14,0,0.46,17.05.2024 02:29:19
0,155.81,831,799,10.96,70.14,0,0.72,17.05.2024 02:29:21
0,153.38,818,798,10.95,70.17,0,0.53,17.05.2024 02:29:24
0,151.69,809,798,10.94,70.12,0,0.41,17.05.2024 02:29:26
0,150.38,802,798,10.96,70.14,0,0.30,17.05.2024 02:29:28
0,151.69,809,799,10.95,70.14,0,0.40,17.05.2024 02:29:30
0,154.13,822,799,10.96,70.14,0,0.59,17.05.2024 02:29:32
0,153.56,819,799,10.95,70.13,0,0.55,17.05.2024 02:29:34
0,152.63,814,799,10.94,70.15,0,0.48,17.05.2024 02:29:36
0,157.31,839,799,10.94,70.16,0,0.85,17.05.2024 02:29:38
0,152.81,815,798,10.94,70.14,0,0.49,17.05.2024 02:29:41
0,151.31,807,797,10.95,70.16,0,0.37,17.05.2024 02:29:43
0,153.94,821,797,10.95,70.15,0,0.58,17.05.2024 02:29:45
0,154.50,824,797,10.96,70.17,0,0.62,17.05.2024 02:29:47
0,154.69,825,797,10.95,70.14,0,0.64,17.05.2024 02:29:49
0,152.06,811,797,10.94,70.14,0,0.43,17.05.2024 02:29:51
0,150.94,805,796,10.95,70.15,0,0.35,17.05.2024 02:29:53
0,147.56,787,797,10.94,70.14,0,0.10,17.05.2024 02:29:55
0,154.88,826,797,10.95,70.13,0,0.65,17.05.2024 02:29:58
0,155.81,831,796,10.92,70.13,0,0.73,17.05.2024 02:30:00
0,151.69,809,796,10.96,70.14,0,0.40,17.05.2024 02:30:02
0,151.13,806,796,10.95,70.15,0,0.36,17.05.2024 02:30:04
0,151.69,809,796,10.94,70.14,0,0.41,17.05.2024 02:30:06
0,151.69,809,796,10.95,70.14,0,0.40,17.05.2024 02:30:08
0,151.69,809,797,10.95,70.14,0,0.40,17.05.2024 02:30:10
0,155.63,830,797,10.92,70.13,0,0.72,17.05.2024 02:30:12
0,151.13,806,796,10.94,70.14,0,0.36,17.05.2024 02:30:15
0,149.25,796,796,10.95,70.13,0,0.22,17.05.2024 02:30:17
0,147.19,785,796,10.96,70.14,0,0.07,17.05.2024 02:30:19
0,151.69,809,797,10.94,70.14,0,0.41,17.05.2024 02:30:21
0,150.75,804,796,10.94,70.10,0,0.34,17.05.2024 02:30:23
0,151.50,808,796,10.96,70.14,0,0.39,17.05.2024 02:30:25
0,154.69,825,796,10.92,70.10,0,0.64,17.05.2024 02:30:27
0,149.63,798,797,10.95,70.11,0,0.25,17.05.2024 02:30:31
0,151.69,809,797,10.96,70.13,0,0.40,17.05.2024 02:30:33
0,150.56,803,796,10.92,70.12,0,0.32,17.05.2024 02:30:36
0,150.19,801,797,10.95,70.14,0,0.29,17.05.2024 02:30:38
0,148.69,793,796,10.94,70.14,0,0.18,17.05.2024 02:30:40
0,150.75,804,796,10.92,70.13,0,0.34,17.05.2024 02:30:42
0,150.00,800,796,10.92,70.11,0,0.28,17.05.2024 02:30:44
0,150.94,805,796,10.95,70.13,0,0.35,17.05.2024 02:30:46
0,149.63,798,796,10.95,70.13,0,0.25,17.05.2024 02:30:48
0,146.81,783,796,10.95,70.16,0,0.05,17.05.2024 02:30:50
0,147.00,784,796,10.95,70.10,0,0.06,17.05.2024 02:30:53
0,152.25,812,796,10.94,70.12,0,0.45,17.05.2024 02:30:55
0,150.75,804,796,10.92,70.11,0,0.34,17.05.2024 02:30:57
0,149.06,795,795,10.95,70.13,0,0.21,17.05.2024 02:30:59
0,152.44,813,796,10.92,70.14,0,0.47,17.05.2024 02:31:01
0,153.56,819,795,10.94,70.15,0,0.55,17.05.2024 02:31:03
0,151.50,808,796,10.94,70.10,0,0.39,17.05.2024 02:31:05
0,150.19,801,795,10.95,70.14,0,0.29,17.05.2024 02:31:07
0,151.31,807,795,10.95,70.14,0,0.38,17.05.2024 02:31:10
0,153.38,818,794,10.95,70.13,0,0.53,17.05.2024 02:31:12
0,154.13,822,794,10.92,70.11,0,0.60,17.05.2024 02:31:14
0,150.56,803,794,10.94,70.10,0,0.32,17.05.2024 02:31:16
0,152.63,814,794,10.94,70.14,0,0.48,17.05.2024 02:31:18
0,153.38,818,794,10.94,70.14,0,0.54,17.05.2024 02:31:20
0,151.50,808,794,10.94,70.14,0,0.39,17.05.2024 02:31:22
0,156.19,833,794,10.94,70.13,0,0.76,17.05.2024 02:31:24
0,153.00,816,795,10.92,70.15,0,0.51,17.05.2024 02:31:27
0,151.50,808,794,10.94,70.14,0,0.39,17.05.2024 02:31:29
0,150.75,804,794,10.94,70.14,0,0.34,17.05.2024 02:31:31
0,152.06,811,794,10.92,70.13,0,0.44,17.05.2024 02:31:33
0,150.94,805,794,10.94,70.14,0,0.35,17.05.2024 02:31:35
0,153.00,816,794,10.92,70.13,0,0.51,17.05.2024 02:31:37
0,149.63,798,794,10.94,70.13,0,0.25,17.05.2024 02:31:39
0,153.38,818,795,10.94,70.13,0,0.54,17.05.2024 02:31:41
0,151.88,810,794,10.92,70.13,0,0.42,17.05.2024 02:31:44
0,150.75,804,795,10.94,70.13,0,0.34,17.05.2024 02:31:46
0,155.44,829,795,10.92,70.12,0,0.70,17.05.2024 02:31:48
0,153.00,816,795,10.94,70.14,0,0.51,17.05.2024 02:31:50
0,153.94,821,795,10.94,70.14,0,0.58,17.05.2024 02:31:52
0,159.38,850,794,10.92,70.13,0,1.03,17.05.2024 02:31:54
0,147.75,788,794,10.92,70.13,0,0.12,17.05.2024 02:31:56
0,153.00,816,795,10.91,70.09,0,0.51,17.05.2024 02:31:58
0,152.06,811,795,10.94,70.13,0,0.44,17.05.2024 02:32:01
0,150.75,804,794,10.92,70.12,0,0.34,17.05.2024 02:32:03
0,153.56,819,794,10.92,70.10,0,0.55,17.05.2024 02:32:05
0,149.81,799,794,10.91,70.12,0,0.27,17.05.2024 02:32:07
0,150.75,804,795,10.95,70.12,0,0.33,17.05.2024 02:32:09
0,157.50,840,794,10.95,70.13,0,0.87,17.05.2024 02:32:11
0,151.88,810,794,10.95,70.13,0,0.42,17.05.2024 02:32:13
0,153.38,818,795,10.94,70.13,0,0.54,17.05.2024 02:32:15
0,154.13,822,795,10.92,70.11,0,0.60,17.05.2024 02:32:17
0,153.38,818,795,10.91,70.10,0,0.54,17.05.2024 02:32:20
0,149.63,798,795,10.94,70.13,0,0.25,17.05.2024 02:32:22
0,149.44,797,795,10.94,70.10,0,0.24,17.05.2024 02:32:24
0,153.38,818,796,10.91,70.09,0,0.54,17.05.2024 02:32:26
0,153.56,819,796,10.94,70.13,0,0.55,17.05.2024 02:32:28
0,152.81,815,797,10.94,70.12,0,0.49,17.05.2024 02:32:30
0,153.56,819,797,10.94,70.12,0,0.55,17.05.2024 02:32:32
0,149.44,797,797,10.92,70.10,0,0.24,17.05.2024 02:32:34
0,149.06,795,797,10.92,70.10,0,0.22,17.05.2024 02:32:37
0,151.88,810,797,10.92,70.12,0,0.42,17.05.2024 02:32:39
0,149.63,798,798,10.94,70.14,0,0.25,17.05.2024 02:32:41
0,153.19,817,798,10.92,70.13,0,0.52,17.05.2024 02:32:43
0,154.88,826,798,10.92,70.12,0,0.66,17.05.2024 02:32:45
0,149.81,799,798,10.91,70.10,0,0.27,17.05.2024 02:32:47
0,152.63,814,797,10.92,70.09,0,0.48,17.05.2024 02:32:49
0,149.63,798,798,10.95,70.10,0,0.25,17.05.2024 02:32:51
0,152.44,813,798,10.94,70.10,0,0.46,17.05.2024 02:32:54
0,150.75,804,798,10.94,70.13,0,0.34,17.05.2024 02:32:56
0,149.81,799,798,10.94,70.10,0,0.27,17.05.2024 02:33:00
0,152.81,815,798,10.91,70.10,0,0.50,17.05.2024 02:33:02
0,151.13,806,798,10.94,70.08,0,0.37,17.05.2024 02:33:04
0,150.38,802,798,10.92,70.10,0,0.31,17.05.2024 02:33:06
0,148.31,791,797,10.92,70.10,0,0.16,17.05.2024 02:33:08
0,146.81,783,798,10.94,70.12,0,0.05,17.05.2024 02:33:10
0,150.00,800,798,10.94,70.10,0,0.28,17.05.2024 02:33:13
0,148.88,794,798,10.92,70.10,0,0.20,17.05.2024 02:33:15
0,152.25,812,798,10.94,70.10,0,0.45,17.05.2024 02:33:17
0,150.94,805,798,10.91,70.11,0,0.36,17.05.2024 02:33:19
0,152.44,813,798,10.94,70.12,0,0.46,17.05.2024 02:33:21
0,150.00,800,798,10.94,70.10,0,0.28,17.05.2024 02:33:23
0,150.56,803,798,10.92,70.10,0,0.33,17.05.2024 02:33:25
0,150.75,804,797,10.91,70.10,0,0.34,17.05.2024 02:33:27
0,151.88,810,797,10.91,70.10,0,0.43,17.05.2024 02:33:30
0,153.38,818,797,10.94,70.10,0,0.54,17.05.2024 02:33:32
0,153.00,816,797,10.92,70.12,0,0.51,17.05.2024 02:33:34
0,152.81,815,797,10.94,70.10,0,0.49,17.05.2024 02:33:36
0,153.56,819,797,10.92,70.07,0,0.56,17.05.2024 02:33:38
0,150.94,805,797,10.91,70.12,0,0.36,17.05.2024 02:33:40
0,153.00,816,798,10.94,70.10,0,0.51,17.05.2024 02:33:42
0,152.25,812,798,10.92,70.12,0,0.45,17.05.2024 02:33:44
0,151.88,810,798,10.92,70.06,0,0.43,17.05.2024 02:33:46
0,151.31,807,798,10.91,70.11,0,0.38,17.05.2024 02:33:49
0,150.00,800,797,10.89,70.07,0,0.29,17.05.2024 02:33:51
0,150.56,803,798,10.91,70.10,0,0.33,17.05.2024 02:33:53
0,152.25,812,798,10.94,70.12,0,0.45,17.05.2024 02:33:55
0,150.19,801,798,10.91,70.10,0,0.30,17.05.2024 02:33:57
0,152.44,813,798,10.88,70.10,0,0.47,17.05.2024 02:33:59
0,155.63,830,798,10.92,70.11,0,0.72,17.05.2024 02:34:01
0,152.25,812,798,10.91,70.11,0,0.46,17.05.2024 02:34:03
0,150.75,804,797,10.92,70.10,0,0.34,17.05.2024 02:34:06
0,150.75,804,797,10.89,70.11,0,0.34,17.05.2024 02:34:08
0,150.75,804,797,10.94,70.10,0,0.34,17.05.2024 02:34:10
0,153.56,819,797,10.91,70.10,0,0.56,17.05.2024 02:34:12
0,155.44,829,796,10.91,70.09,0,0.71,17.05.2024 02:34:14
0,153.19,817,797,10.92,70.10,0,0.52,17.05.2024 02:34:16
0,147.94,789,797,10.92,70.08,0,0.14,17.05.2024 02:34:18
0,150.00,800,797,10.92,70.10,0,0.28,17.05.2024 02:34:20
0,152.06,811,796,10.92,70.10,0,0.44,17.05.2024 02:34:23
0,153.00,816,797,10.92,70.12,0,0.51,17.05.2024 02:34:25
0,151.88,810,797,10.91,70.11,0,0.43,17.05.2024 02:34:27
0,151.31,807,797,10.91,70.09,0,0.38,17.05.2024 02:34:29
0,153.38,818,796,10.91,70.10,0,0.54,17.05.2024 02:34:31
0,151.88,810,796,10.92,70.10,0,0.42,17.05.2024 02:34:33
0,154.13,822,796,10.91,70.09,0,0.60,17.05.2024 02:34:35
0,149.81,799,796,10.91,70.07,0,0.27,17.05.2024 02:34:37
0,152.25,812,797,10.91,70.06,0,0.46,17.05.2024 02:34:40
0,151.50,808,797,10.91,70.11,0,0.40,17.05.2024 02:34:42
0,154.88,826,796,10.91,70.11,0,0.66,17.05.2024 02:34:44
0,153.38,818,797,10.91,70.06,0,0.54,17.05.2024 02:34:46
0,152.06,811,796,10.92,70.09,0,0.44,17.05.2024 02:34:48
0,152.81,815,797,10.92,70.09,0,0.50,17.05.2024 02:34:50
0,153.00,816,797,10.91,70.09,0,0.51,17.05.2024 02:34:52
0,150.38,802,797,10.91,70.09,0,0.31,17.05.2024 02:34:54
0,148.88,794,796,10.91,70.09,0,0.20,17.05.2024 02:34:57
0,152.81,815,796,10.91,70.08,0,0.50,17.05.2024 02:34:59
0,152.25,812,796,10.92,70.10,0,0.45,17.05.2024 02:35:01
0,151.88,810,796,10.89,70.08,0,0.43,17.05.2024 02:35:03
0,151.13,806,796,10.94,70.08,0,0.37,17.05.2024 02:35:05
0,152.06,811,796,10.91,70.07,0,0.44,17.05.2024 02:35:07
0,149.06,795,796,10.91,70.11,0,0.22,17.05.2024 02:35:09
0,151.50,808,796,10.91,70.06,0,0.40,17.05.2024 02:35:11
0,151.31,807,796,10.91,70.08,0,0.38,17.05.2024 02:35:14
0,150.94,805,796,10.91,70.05,0,0.36,17.05.2024 02:35:16
0,153.75,820,796,10.91,70.08,0,0.57,17.05.2024 02:35:18
0,149.25,796,797,10.91,70.09,0,0.23,17.05.2024 02:35:20
0,150.00,800,796,10.89,70.08,0,0.29,17.05.2024 02:35:22
0,151.50,808,796,10.91,70.07,0,0.40,17.05.2024 02:35:24
0,151.69,809,797,10.91,70.11,0,0.41,17.05.2024 02:35:28
0,151.13,806,798,10.89,70.06,0,0.37,17.05.2024 02:35:30
0,148.13,790,798,10.89,70.08,0,0.15,17.05.2024 02:35:33
0,148.88,794,798,10.91,70.06,0,0.21,17.05.2024 02:35:35
0,150.75,804,798,10.92,70.07,0,0.34,17.05.2024 02:35:37
0,151.13,806,798,10.92,70.07,0,0.37,17.05.2024 02:35:39
0,150.38,802,797,10.91,70.08,0,0.31,17.05.2024 02:35:41
0,150.38,802,797,10.91,70.08,0,0.31,17.05.2024 02:35:43
0,143.44,765,797,10.89,70.10,0,-0.17,17.05.2024 02:35:45
0,152.63,814,797,10.89,70.08,0,0.49,17.05.2024 02:35:47
0,146.81,783,797,10.92,70.09,0,0.06,17.05.2024 02:35:49
0,147.75,788,797,10.91,70.08,0,0.12,17.05.2024 02:35:52
0,147.19,785,797,10.89,70.05,0,0.09,17.05.2024 02:35:54
0,150.75,804,798,10.91,70.07,0,0.34,17.05.2024 02:35:56
0,144.38,770,797,10.91,70.09,0,-0.11,17.05.2024 02:35:58
0,149.81,799,798,10.88,70.07,0,0.28,17.05.2024 02:36:00
0,148.50,792,798,10.91,70.07,0,0.18,17.05.2024 02:36:02
0,155.81,831,797,10.88,70.09,0,0.74,17.05.2024 02:36:04
0,153.75,820,797,10.88,70.07,0,0.58,17.05.2024 02:36:06
0,149.44,797,797,10.91,70.07,0,0.25,17.05.2024 02:36:09
0,152.81,815,798,10.89,70.09,0,0.50,17.05.2024 02:36:11
0,150.56,803,797,10.89,70.09,0,0.33,17.05.2024 02:36:13
0,156.75,836,797,10.91,70.08,0,0.81,17.05.2024 02:36:15
0,148.31,791,798,10.89,70.05,0,0.17,17.05.2024 02:36:17
0,153.94,821,797,10.89,70.09,0,0.59,17.05.2024 02:36:19
0,149.25,796,797,10.89,70.08,0,0.23,17.05.2024 02:36:21
0,153.56,819,798,10.91,70.06,0,0.56,17.05.2024 02:36:23
0,149.44,797,797,10.89,70.07,0,0.25,17.05.2024 02:36:26
0,151.31,807,797,10.91,70.08,0,0.38,17.05.2024 02:36:28
0,153.00,816,797,10.88,70.10,0,0.52,17.05.2024 02:36:30
0,152.25,812,796,10.91,70.10,0,0.46,17.05.2024 02:36:32
0,153.19,817,797,10.87,70.09,0,0.54,17.05.2024 02:36:34
0,151.31,807,797,10.91,70.07,0,0.39,17.05.2024 02:36:36
0,148.88,794,797,10.87,70.08,0,0.21,17.05.2024 02:36:38
0,155.63,830,796,10.91,70.08,0,0.72,17.05.2024 02:36:40
0,148.31,791,796,10.91,70.07,0,0.16,17.05.2024 02:36:43
0,149.81,799,796,10.88,70.07,0,0.28,17.05.2024 02:36:45
0,154.31,823,796,10.91,70.09,0,0.62,17.05.2024 02:36:47
0,156.00,832,797,10.89,70.06,0,0.76,17.05.2024 02:36:49
0,155.06,827,797,10.89,70.06,0,0.68,17.05.2024 02:36:51
0,152.63,814,796,10.88,70.10,0,0.49,17.05.2024 02:36:53
0,153.94,821,796,10.88,70.08,0,0.59,17.05.2024 02:36:55
0,152.44,813,796,10.91,70.05,0,0.47,17.05.2024 02:36:57
0,153.56,819,797,10.88,70.08,0,0.56,17.05.2024 02:37:00
0,154.13,822,797,10.89,70.05,0,0.61,17.05.2024 02:37:02
0,151.50,808,796,10.89,70.10,0,0.40,17.05.2024 02:37:04
0,149.06,795,796,10.89,70.08,0,0.22,17.05.2024 02:37:06
0,151.50,808,796,10.88,70.10,0,0.40,17.05.2024 02:37:08
0,156.00,832,796,10.89,70.09,0,0.75,17.05.2024 02:37:10
0,152.44,813,796,10.88,70.09,0,0.48,17.05.2024 02:37:12
0,150.75,804,796,10.89,70.08,0,0.35,17.05.2024 02:37:14
0,150.56,803,797,10.89,70.08,0,0.33,17.05.2024 02:37:16
0,151.31,807,796,10.89,70.06,0,0.39,17.05.2024 02:37:19
0,152.06,811,795,10.88,70.05,0,0.45,17.05.2024 02:37:21
0,152.06,811,795,10.91,70.12,0,0.44,17.05.2024 02:37:23
0,151.69,809,795,10.89,70.06,0,0.42,17.05.2024 02:37:25
0,150.19,801,795,10.89,70.07,0,0.30,17.05.2024 02:37:27
0,152.63,814,795,10.88,70.08,0,0.49,17.05.2024 02:37:29
0,154.31,823,795,10.89,70.07,0,0.62,17.05.2024 02:37:31
0,149.63,798,795,10.91,70.06,0,0.26,17.05.2024 02:37:33
0,149.06,795,795,10.88,70.08,0,0.22,17.05.2024 02:37:36
0,150.56,803,795,10.89,70.05,0,0.33,17.05.2024 02:37:38
0,153.75,820,795,10.89,70.03,0,0.58,17.05.2024 02:37:40
0,149.44,797,795,10.88,70.09,0,0.25,17.05.2024 02:37:42
0,149.63,798,795,10.89,70.08,0,0.26,17.05.2024 02:37:44
0,152.63,814,795,10.91,70.08,0,0.48,17.05.2024 02:37:46
0,151.50,808,795,10.91,70.05,0,0.40,17.05.2024 02:37:48
0,150.94,805,794,10.91,70.06,0,0.36,17.05.2024 02:37:50
0,151.88,810,794,10.89,70.04,0,0.43,17.05.2024 02:37:55
0,148.69,793,793,10.88,70.06,0,0.20,17.05.2024 02:37:57
0,150.56,803,793,10.89,70.08,0,0.33,17.05.2024 02:37:59
0,151.69,809,793,10.91,70.05,0,0.41,17.05.2024 02:38:01
0,152.63,814,794,10.89,70.05,0,0.49,17.05.2024 02:38:03
0,151.69,809,794,10.88,70.06,0,0.42,17.05.2024 02:38:05
0,145.50,776,794,10.88,70.08,0,-0.03,17.05.2024 02:38:07
0,149.44,797,795,10.88,70.04,0,0.25,17.05.2024 02:38:09
0,149.44,797,795,10.88,70.03,0,0.25,17.05.2024 02:38:12
0,151.31,807,795,10.88,70.07,0,0.39,17.05.2024 02:38:14
0,150.00,800,794,10.91,70.05,0,0.29,17.05.2024 02:38:16
0,148.69,793,795,10.91,70.07,0,0.19,17.05.2024 02:38:18
0,150.56,803,795,10.89,70.08,0,0.33,17.05.2024 02:38:20
0,152.25,812,795,10.91,70.07,0,0.46,17.05.2024 02:38:22
0,150.19,801,795,10.84,70.04,0,0.31,17.05.2024 02:38:24
0,150.19,801,795,10.89,70.09,0,0.30,17.05.2024 02:38:26
0,148.69,793,794,10.88,70.06,0,0.20,17.05.2024 02:38:29
0,153.56,819,794,10.88,70.04,0,0.56,17.05.2024 02:38:31
0,155.06,827,794,10.87,70.07,0,0.68,17.05.2024 02:38:33
0,149.63,798,793,10.87,70.08,0,0.27,17.05.2024 02:38:35
0,151.13,806,793,10.87,70.06,0,0.38,17.05.2024 02:38:37
0,148.88,794,794,10.89,70.05,0,0.21,17.05.2024 02:38:39
0,153.75,820,793,10.88,70.07,0,0.58,17.05.2024 02:38:41
0,151.13,806,793,10.88,70.07,0,0.38,17.05.2024 02:38:43
0,149.25,796,793,10.87,70.06,0,0.24,17.05.2024 02:38:46
0,153.38,818,794,10.88,70.05,0,0.55,17.05.2024 02:38:48
0,153.38,818,793,10.85,70.07,0,0.55,17.05.2024 02:38:50
0,153.19,817,793,10.88,70.07,0,0.53,17.05.2024 02:38:52
0,153.38,818,793,10.87,70.08,0,0.55,17.05.2024 02:38:54
0,152.25,812,793,10.87,70.05,0,0.46,17.05.2024 02:38:56
0,155.06,827,793,10.88,70.09,0,0.68,17.05.2024 02:38:58
0,152.25,812,793,10.88,70.05,0,0.46,17.05.2024 02:39:00
0,151.31,807,793,10.87,70.07,0,0.39,17.05.2024 02:39:02
0,152.81,815,793,10.88,70.08,0,0.50,17.05.2024 02:39:05
0,150.75,804,793,10.85,70.07,0,0.35,17.05.2024 02:39:07
0,153.38,818,793,10.89,70.12,0,0.54,17.05.2024 02:39:09
0,151.50,808,794,10.88,70.08,0,0.40,17.05.2024 02:39:11
0,151.13,806,794,10.89,70.05,0,0.37,17.05.2024 02:39:13
0,150.19,801,794,10.87,70.05,0,0.31,17.05.2024 02:39:15
0,153.19,817,794,10.89,70.05,0,0.53,17.05.2024 02:39:17
0,151.69,809,794,10.85,70.05,0,0.42,17.05.2024 02:39:19
0,152.25,812,794,10.87,70.08,0,0.46,17.05.2024 02:39:22
0,152.81,815,794,10.88,70.07,0,0.50,17.05.2024 02:39:24
0,153.75,820,794,10.88,70.07,0,0.58,17.05.2024 02:39:26
0,150.94,805,794,10.88,70.08,0,0.36,17.05.2024 02:39:28
0,151.88,810,794,10.87,70.06,0,0.44,17.05.2024 02:39:30
0,150.19,801,794,10.88,70.04,0,0.31,17.05.2024 02:39:32
0,151.50,808,794,10.87,70.04,0,0.41,17.05.2024 02:39:34
0,152.25,812,794,10.88,70.05,0,0.46,17.05.2024 02:39:36
0,152.06,811,795,10.87,70.05,0,0.45,17.05.2024 02:39:39
0,149.06,795,795,10.89,70.09,0,0.22,17.05.2024 02:39:41
0,151.31,807,794,10.87,70.05,0,0.39,17.05.2024 02:39:43
0,153.19,817,795,10.87,70.06,0,0.54,17.05.2024 02:39:45
0,153.75,820,795,10.85,70.03,0,0.58,17.05.2024 02:39:47
0,148.50,792,794,10.87,70.04,0,0.19,17.05.2024 02:39:49
0,152.63,814,793,10.87,70.04,0,0.49,17.05.2024 02:39:51
0,154.31,823,794,10.88,70.04,0,0.62,17.05.2024 02:39:53
0,149.06,795,794,10.88,70.07,0,0.22,17.05.2024 02:39:56
0,151.31,807,795,10.85,70.07,0,0.40,17.05.2024 02:39:58
0,152.81,815,794,10.87,70.07,0,0.51,17.05.2024 02:40:00
0,151.69,809,795,10.88,70.05,0,0.42,17.05.2024 02:40:02
0,150.38,802,794,10.87,70.03,0,0.32,17.05.2024 02:40:04
0,151.31,807,794,10.88,70.04,0,0.39,17.05.2024 02:40:06
0,152.06,811,794,10.87,70.04,0,0.45,17.05.2024 02:40:08
0,148.50,792,794,10.88,70.07,0,0.18,17.05.2024 02:40:10
0,151.31,807,794,10.88,70.04,0,0.39,17.05.2024 02:40:13
0,153.38,818,794,10.87,70.03,0,0.55,17.05.2024 02:40:15
0,150.38,802,794,10.88,70.04,0,0.32,17.05.2024 02:40:17
0,153.94,821,794,10.87,70.01,0,0.60,17.05.2024 02:40:19
0,156.38,834,794,10.87,70.04,0,0.79,17.05.2024 02:40:21
0,150.94,805,794,10.85,70.03,0,0.37,17.05.2024 02:40:25
0,154.88,826,794,10.85,70.02,0,0.67,17.05.2024 02:40:27
0,150.56,803,793,10.88,70.04,0,0.33,17.05.2024 02:40:29
0,153.00,816,793,10.87,70.05,0,0.52,17.05.2024 02:40:32
0,151.13,806,793,10.88,70.07,0,0.38,17.05.2024 02:40:34
0,151.13,806,792,10.87,70.06,0,0.38,17.05.2024 02:40:36
0,152.06,811,793,10.88,70.05,0,0.45,17.05.2024 02:40:38
0,147.56,787,792,10.87,70.04,0,0.12,17.05.2024 02:40:40
0,150.75,804,791,10.85,70.03,0,0.35,17.05.2024 02:40:42
0,150.19,801,791,10.85,70.05,0,0.31,17.05.2024 02:40:44
0,151.50,808,791,10.85,70.05,0,0.41,17.05.2024 02:40:46
0,151.13,806,791,10.87,70.04,0,0.38,17.05.2024 02:40:49
0,150.75,804,791,10.87,70.03,0,0.35,17.05.2024 02:40:51
0,149.44,797,791,10.85,69.99,0,0.26,17.05.2024 02:40:53
0,150.75,804,790,10.87,70.07,0,0.35,17.05.2024 02:40:55
0,153.38,818,791,10.87,70.06,0,0.55,17.05.2024 02:40:57
0,152.81,815,791,10.85,70.05,0,0.51,17.05.2024 02:40:59
0,156.75,836,791,10.87,70.06,0,0.82,17.05.2024 02:41:01
0,153.75,820,792,10.87,70.08,0,0.58,17.05.2024 02:41:03
0,155.25,828,792,10.85,70.05,0,0.70,17.05.2024 02:41:05
0,152.25,812,791,10.85,70.05,0,0.47,17.05.2024 02:41:08
0,151.69,809,791,10.84,70.05,0,0.43,17.05.2024 02:41:10
0,149.25,796,791,10.88,70.04,0,0.24,17.05.2024 02:41:12
0,150.38,802,791,10.85,70.05,0,0.33,17.05.2024 02:41:14
0,153.75,820,791,10.87,70.05,0,0.58,17.05.2024 02:41:16
0,153.94,821,792,10.85,70.05,0,0.60,17.05.2024 02:41:18
0,152.81,815,791,10.87,69.99,0,0.51,17.05.2024 02:41:20
0,151.13,806,791,10.84,70.04,0,0.38,17.05.2024 02:41:22
0,150.19,801,791,10.87,70.07,0,0.31,17.05.2024 02:41:25
0,154.88,826,790,10.82,70.04,0,0.68,17.05.2024 02:41:27
0,150.75,804,790,10.85,70.05,0,0.35,17.05.2024 02:41:29
0,152.63,814,790,10.87,70.05,0,0.49,17.05.2024 02:41:31
0,153.19,817,790,10.85,70.06,0,0.54,17.05.2024 02:41:33
0,151.31,807,791,10.87,70.03,0,0.39,17.05.2024 02:41:35
0,154.88,826,791,10.85,70.05,0,0.67,17.05.2024 02:41:37
0,152.63,814,791,10.85,70.03,0,0.50,17.05.2024 02:41:39
0,150.38,802,791,10.84,70.04,0,0.33,17.05.2024 02:41:42
0,152.81,815,791,10.87,70.04,0,0.51,17.05.2024 02:41:44
0,154.50,824,791,10.87,70.05,0,0.64,17.05.2024 02:41:46
0,149.81,799,790,10.88,70.06,0,0.28,17.05.2024 02:41:48
0,154.88,826,789,10.87,70.02,0,0.67,17.05.2024 02:41:50
0,151.13,806,789,10.85,70.03,0,0.38,17.05.2024 02:41:52
0,149.06,795,789,10.85,70.02,0,0.23,17.05.2024 02:41:54
0,153.00,816,789,10.85,70.05,0,0.53,17.05.2024 02:41:56
0,151.50,808,789,10.84,70.04,0,0.41,17.05.2024 02:41:59
0,150.00,800,789,10.84,70.04,0,0.30,17.05.2024 02:42:01
0,152.81,815,789,10.87,70.04,0,0.51,17.05.2024 02:42:03
0,151.88,810,790,10.85,70.03,0,0.44,17.05.2024 02:42:05
0,149.63,798,790,10.85,70.03,0,0.27,17.05.2024 02:42:07
0,152.81,815,789,10.82,70.02,0,0.52,17.05.2024 02:42:09
0,149.06,795,789,10.85,70.03,0,0.23,17.05.2024 02:42:11
0,149.63,798,789,10.87,70.06,0,0.27,17.05.2024 02:42:13
0,153.75,820,789,10.87,70.03,0,0.58,17.05.2024 02:42:16
0,154.13,822,789,10.84,70.03,0,0.62,17.05.2024 02:42:18
0,150.56,803,789,10.85,70.03,0,0.34,17.05.2024 02:42:20
0,155.25,828,789,10.87,70.04,0,0.70,17.05.2024 02:42:22
0,151.50,808,789,10.87,70.04,0,0.41,17.05.2024 02:42:24
0,149.44,797,789,10.87,70.06,0,0.25,17.05.2024 02:42:26
0,151.31,807,788,10.84,70.03,0,0.40,17.05.2024 02:42:28
0,153.94,821,788,10.87,70.05,0,0.60,17.05.2024 02:42:30
0,149.63,798,789,10.87,70.03,0,0.27,17.05.2024 02:42:33
0,148.50,792,789,10.85,70.03,0,0.19,17.05.2024 02:42:35
0,152.44,813,789,10.85,70.03,0,0.48,17.05.2024 02:42:37
0,154.31,823,789,10.85,70.03,0,0.63,17.05.2024 02:42:39
0,152.06,811,789,10.85,70.03,0,0.45,17.05.2024 02:42:41
0,150.19,801,789,10.85,70.03,0,0.31,17.05.2024 02:42:43
0,150.75,804,789,10.85,70.02,0,0.35,17.05.2024 02:42:45
0,150.38,802,789,10.87,70.03,0,0.32,17.05.2024 02:42:49
0,149.81,799,789,10.85,70.05,0,0.28,17.05.2024 02:42:51
0,150.75,804,789,10.84,70.04,0,0.36,17.05.2024 02:42:54
0,156.56,835,789,10.85,70.05,0,0.81,17.05.2024 02:42:56
0,149.63,798,789,10.84,70.05,0,0.27,17.05.2024 02:42:58
0,151.69,809,789,10.85,70.02,0,0.43,17.05.2024 02:43:00
0,149.25,796,789,10.85,70.02,0,0.24,17.05.2024 02:43:02
0,150.56,803,789,10.85,70.05,0,0.34,17.05.2024 02:43:04
0,149.63,798,789,10.85,70.05,0,0.27,17.05.2024 02:43:06
0,150.56,803,789,10.88,70.06,0,0.33,17.05.2024 02:43:08
0,150.75,804,789,10.84,70.03,0,0.36,17.05.2024 02:43:11
0,148.88,794,789,10.87,70.06,0,0.21,17.05.2024 02:43:13
0,149.06,795,789,10.84,70.03,0,0.23,17.05.2024 02:43:15
0,148.88,794,788,10.84,70.01,0,0.22,17.05.2024 02:43:17
0,144.00,768,788,10.85,70.05,0,-0.12,17.05.2024 02:43:19
0,147.38,786,787,10.85,70.05,0,0.11,17.05.2024 02:43:21
0,156.75,836,786,10.85,70.05,0,0.83,17.05.2024 02:43:23
0,150.00,800,786,10.84,70.03,0,0.30,17.05.2024 02:43:25
0,152.63,814,786,10.84,70.04,0,0.50,17.05.2024 02:43:28
0,151.13,806,787,10.82,70.02,0,0.39,17.05.2024 02:43:30
0,150.75,804,787,10.84,70.06,0,0.36,17.05.2024 02:43:32
0,151.69,809,787,10.85,70.03,0,0.43,17.05.2024 02:43:34
0,153.94,821,787,10.85,70.03,0,0.60,17.05.2024 02:43:36
0,150.75,804,787,10.85,70.03,0,0.35,17.05.2024 02:43:38
0,151.88,810,787,10.85,70.05,0,0.44,17.05.2024 02:43:40
0,153.94,821,787,10.85,70.03,0,0.60,17.05.2024 02:43:42
0,150.38,802,787,10.87,70.04,0,0.32,17.05.2024 02:43:45
0,152.44,813,787,10.84,70.04,0,0.48,17.05.2024 02:43:47
0,151.13,806,787,10.84,70.03,0,0.39,17.05.2024 02:43:49
0,148.88,794,788,10.85,70.03,0,0.22,17.05.2024 02:43:51
0,154.50,824,788,10.84,70.03,0,0.65,17.05.2024 02:43:53
0,154.31,823,787,10.82,70.03,0,0.63,17.05.2024 02:43:55
0,147.75,788,787,10.84,70.04,0,0.14,17.05.2024 02:43:57
0,151.50,808,786,10.84,70.04,0,0.41,17.05.2024 02:43:59
0,153.38,818,787,10.84,70.04,0,0.56,17.05.2024 02:44:02
0,149.63,798,787,10.82,70.02,0,0.28,17.05.2024 02:44:04
0,149.44,797,787,10.84,70.03,0,0.26,17.05.2024 02:44:06
0,152.81,815,787,10.82,70.03,0,0.52,17.05.2024 02:44:08
0,148.69,793,787,10.85,70.05,0,0.20,17.05.2024 02:44:10
0,153.00,816,787,10.82,70.04,0,0.53,17.05.2024 02:44:12
0,151.13,806,786,10.85,70.08,0,0.38,17.05.2024 02:44:14
0,152.44,813,787,10.82,70.03,0,0.49,17.05.2024 02:44:16
0,153.00,816,787,10.84,70.03,0,0.53,17.05.2024 02:44:19
0,150.94,805,786,10.85,70.05,0,0.37,17.05.2024 02:44:21
0,148.88,794,786,10.85,70.05,0,0.22,17.05.2024 02:44:23
0,152.44,813,786,10.85,70.03,0,0.48,17.05.2024 02:44:25
0,152.44,813,786,10.82,70.06,0,0.49,17.05.2024 02:44:27
0,154.31,823,786,10.85,70.05,0,0.63,17.05.2024 02:44:29
0,153.94,821,786,10.84,70.06,0,0.60,17.05.2024 02:44:31
0,147.19,785,785,10.82,70.05,0,0.10,17.05.2024 02:44:33
0,150.38,802,786,10.85,70.06,0,0.33,17.05.2024 02:44:35
0,149.06,795,786,10.84,70.05,0,0.23,17.05.2024 02:44:38
0,153.19,817,786,10.84,70.03,0,0.54,17.05.2024 02:44:40
0,151.69,809,786,10.84,70.05,0,0.43,17.05.2024 02:44:42
0,151.31,807,786,10.84,70.03,0,0.40,17.05.2024 02:44:44
0,150.38,802,786,10.84,70.03,0,0.33,17.05.2024 02:44:46
0,151.69,809,787,10.82,70.03,0,0.43,17.05.2024 02:44:48
0,152.06,811,786,10.82,70.04,0,0.46,17.05.2024 02:44:50
0,156.94,837,786,10.84,70.05,0,0.84,17.05.2024 02:44:52
0,150.38,802,786,10.82,70.05,0,0.33,17.05.2024 02:44:55
0,155.25,828,786,10.82,70.03,0,0.71,17.05.2024 02:44:57
0,154.13,822,786,10.84,70.01,0,0.62,17.05.2024 02:44:59
0,150.75,804,786,10.82,70.02,0,0.36,17.05.2024 02:45:01
0,153.19,817,786,10.82,70.07,0,0.54,17.05.2024 02:45:03
0,150.00,800,786,10.84,70.04,0,0.30,17.05.2024 02:45:05
0,148.31,791,785,10.82,70.01,0,0.18,17.05.2024 02:45:07
0,150.00,800,785,10.84,70.03,0,0.30,17.05.2024 02:45:09
0,150.00,800,785,10.84,70.03,0,0.30,17.05.2024 02:45:12
0,148.31,791,785,10.84,70.00,0,0.18,17.05.2024 02:45:16
0,153.00,816,785,10.84,70.03,0,0.53,17.05.2024 02:45:18
0,150.75,804,785,10.84,70.03,0,0.36,17.05.2024 02:45:20
0,151.31,807,784,10.81,70.05,0,0.40,17.05.2024 02:45:22
0,147.75,788,784,10.81,70.04,0,0.14,17.05.2024 02:45:24
0,152.63,814,785,10.84,70.03,0,0.50,17.05.2024 02:45:26
0,146.25,780,785,10.82,70.02,0,0.03,17.05.2024 02:45:28
0,149.63,798,785,10.81,70.02,0,0.28,17.05.2024 02:45:31
0,149.06,795,784,10.82,70.05,0,0.23,17.05.2024 02:45:33
0,149.06,795,784,10.84,70.01,0,0.23,17.05.2024 02:45:35
0,145.50,776,783,10.84,70.00,0,-0.02,17.05.2024 02:45:37
0,147.56,787,784,10.82,70.01,0,0.13,17.05.2024 02:45:39
0,152.44,813,784,10.81,70.04,0,0.49,17.05.2024 02:45:41
0,151.13,806,785,10.81,70.06,0,0.39,17.05.2024 02:45:43
0,152.63,814,785,10.84,70.03,0,0.50,17.05.2024 02:45:45
0,149.06,795,784,10.82,70.05,0,0.23,17.05.2024 02:45:48
0,153.75,820,783,10.84,70.04,0,0.59,17.05.2024 02:45:50
0,153.19,817,784,10.84,70.04,0,0.54,17.05.2024 02:45:52
0,151.13,806,784,10.81,70.03,0,0.39,17.05.2024 02:45:54
0,152.06,811,785,10.82,70.03,0,0.46,17.05.2024 02:45:56
0,151.13,806,785,10.82,70.05,0,0.39,17.05.2024 02:45:58
0,152.81,815,785,10.84,70.03,0,0.51,17.05.2024 02:46:00
0,154.13,822,785,10.81,70.03,0,0.62,17.05.2024 02:46:02
0,151.50,808,785,10.81,70.04,0,0.42,17.05.2024 02:46:05
0,153.00,816,785,10.82,70.00,0,0.53,17.05.2024 02:46:07
0,152.44,813,785,10.82,70.05,0,0.49,17.05.2024 02:46:09
0,153.19,817,785,10.84,70.04,0,0.54,17.05.2024 02:46:11
0,153.00,816,785,10.82,70.03,0,0.53,17.05.2024 02:46:13
0,153.19,817,784,10.82,70.02,0,0.55,17.05.2024 02:46:15
0,152.44,813,784,10.82,70.02,0,0.49,17.05.2024 02:46:17
0,150.75,804,784,10.84,70.04,0,0.36,17.05.2024 02:46:19
0,148.69,793,783,10.81,70.02,0,0.21,17.05.2024 02:46:21
0,155.25,828,784,10.82,70.02,0,0.71,17.05.2024 02:46:24
0,152.06,811,783,10.82,70.03,0,0.46,17.05.2024 02:46:26
0,152.06,811,783,10.82,70.06,0,0.46,17.05.2024 02:46:28
0,154.50,824,783,10.84,70.05,0,0.65,17.05.2024 02:46:30
0,150.94,805,783,10.82,70.06,0,0.37,17.05.2024 02:46:32
0,153.00,816,782,10.82,70.03,0,0.53,17.05.2024 02:46:34
0,153.19,817,781,10.81,70.04,0,0.55,17.05.2024 02:46:36
0,150.38,802,781,10.84,70.04,0,0.33,17.05.2024 02:46:38
0,150.94,805,781,10.81,70.04,0,0.38,17.05.2024 02:46:41
0,152.81,815,782,10.84,70.04,0,0.51,17.05.2024 02:46:43
0,151.88,810,781,10.82,70.04,0,0.44,17.05.2024 02:46:45
0,157.50,840,781,10.82,70.06,0,0.89,17.05.2024 02:46:47
0,154.50,824,781,10.82,70.03,0,0.65,17.05.2024 02:46:49
0,150.00,800,781,10.81,70.02,0,0.31,17.05.2024 02:46:51
0,153.38,818,781,10.82,70.05,0,0.56,17.05.2024 02:46:53
0,154.31,823,781,10.82,70.04,0,0.63,17.05.2024 02:46:55
0,150.56,803,782,10.82,70.02,0,0.35,17.05.2024 02:46:58
0,152.25,812,782,10.81,70.04,0,0.48,17.05.2024 02:47:00
0,151.50,808,781,10.81,70.01,0,0.42,17.05.2024 02:47:02
0,155.06,827,782,10.81,70.04,0,0.70,17.05.2024 02:47:04
0,151.50,808,782,10.81,70.05,0,0.42,17.05.2024 02:47:06
0,151.88,810,782,10.81,70.04,0,0.45,17.05.2024 02:47:08
0,153.19,817,782,10.82,70.04,0,0.55,17.05.2024 02:47:10
0,152.44,813,783,10.84,70.03,0,0.48,17.05.2024 02:47:12
0,152.63,814,783,10.81,70.05,0,0.50,17.05.2024 02:47:15
0,151.69,809,782,10.81,70.02,0,0.43,17.05.2024 02:47:17
0,152.25,812,783,10.82,70.04,0,0.47,17.05.2024 02:47:19
0,151.50,808,782,10.82,70.05,0,0.41,17.05.2024 02:47:21
0,151.50,808,782,10.82,70.06,0,0.41,17.05.2024 02:47:23
0,152.81,815,781,10.82,70.03,0,0.52,17.05.2024 02:47:25
0,148.69,793,782,10.81,70.02,0,0.21,17.05.2024 02:47:27
0,150.38,802,781,10.82,70.05,0,0.33,17.05.2024 02:47:29
0,149.25,796,782,10.81,70.03,0,0.25,17.05.2024 02:47:32
0,151.13,806,782,10.81,70.04,0,0.39,17.05.2024 02:47:34
0,149.81,799,782,10.82,70.06,0,0.29,17.05.2024 02:47:36
0,148.88,794,783,10.82,70.03,0,0.22,17.05.2024 02:47:40
0,150.75,804,782,10.79,70.06,0,0.36,17.05.2024 02:47:42
0,153.56,819,782,10.81,70.04,0,0.58,17.05.2024 02:47:44
0,152.25,812,782,10.82,70.05,0,0.47,17.05.2024 02:47:46
0,150.19,801,782,10.81,70.05,0,0.32,17.05.2024 02:47:48
0,150.56,803,782,10.81,70.02,0,0.35,17.05.2024 02:47:51
0,149.25,796,782,10.81,70.05,0,0.25,17.05.2024 02:47:53
0,146.81,783,782,10.81,70.05,0,0.07,17.05.2024 02:47:55
0,147.94,789,782,10.82,70.06,0,0.15,17.05.2024 02:47:57
0,149.25,796,782,10.81,70.04,0,0.25,17.05.2024 02:47:59
0,151.50,808,782,10.81,70.01,0,0.42,17.05.2024 02:48:01
0,151.31,807,782,10.84,70.04,0,0.40,17.05.2024 02:48:03
0,149.63,798,782,10.85,70.05,0,0.27,17.05.2024 02:48:05
0,149.25,796,782,10.81,70.06,0,0.25,17.05.2024 02:48:08
0,152.06,811,782,10.82,70.07,0,0.46,17.05.2024 02:48:10
0,150.56,803,781,10.79,70.03,0,0.35,17.05.2024 02:48:12
0,152.44,813,781,10.79,70.04,0,0.49,17.05.2024 02:48:14
0,151.50,808,780,10.81,70.05,0,0.42,17.05.2024 02:48:16
0,150.38,802,779,10.81,70.05,0,0.33,17.05.2024 02:48:18
0,156.19,833,780,10.81,70.03,0,0.79,17.05.2024 02:48:20
0,149.25,796,780,10.81,70.06,0,0.25,17.05.2024 02:48:22
0,154.50,824,780,10.79,70.07,0,0.65,17.05.2024 02:48:24
0,156.94,837,780,10.82,70.04,0,0.85,17.05.2024 02:48:27
0,151.50,808,780,10.79,70.04,0,0.42,17.05.2024 02:48:29
0,154.69,825,780,10.79,70.03,0,0.67,17.05.2024 02:48:31
0,151.13,806,780,10.81,70.05,0,0.39,17.05.2024 02:48:33
0,152.06,811,780,10.79,70.06,0,0.46,17.05.2024 02:48:35
0,151.13,806,781,10.81,70.05,0,0.39,17.05.2024 02:48:37
0,152.06,811,780,10.81,70.06,0,0.46,17.05.2024 02:48:39
0,151.13,806,780,10.81,70.05,0,0.39,17.05.2024 02:48:41
0,150.19,801,781,10.79,70.07,0,0.32,17.05.2024 02:48:44
0,153.19,817,781,10.81,70.05,0,0.55,17.05.2024 02:48:46
0,152.63,814,781,10.82,70.06,0,0.50,17.05.2024 02:48:48
0,148.88,794,781,10.81,70.06,0,0.22,17.05.2024 02:48:50
0,151.88,810,781,10.81,70.05,0,0.45,17.05.2024 02:48:52
0,150.19,801,781,10.79,70.06,0,0.32,17.05.2024 02:48:54
0,151.31,807,781,10.81,70.04,0,0.40,17.05.2024 02:48:56
0,156.00,832,781,10.81,70.04,0,0.77,17.05.2024 02:48:58
0,148.88,794,781,10.81,70.04,0,0.22,17.05.2024 02:49:01
0,151.88,810,781,10.79,70.05,0,0.45,17.05.2024 02:49:03
0,151.69,809,781,10.81,70.05,0,0.43,17.05.2024 02:49:05
0,153.38,818,781,10.81,70.08,0,0.56,17.05.2024 02:49:07
0,153.00,816,781,10.82,70.08,0,0.53,17.05.2024 02:49:09
0,151.13,806,781,10.79,70.06,0,0.39,17.05.2024 02:49:11
0,150.19,801,781,10.79,70.06,0,0.32,17.05.2024 02:49:13
0,149.44,797,781,10.79,70.08,0,0.26,17.05.2024 02:49:15
0,148.31,791,782,10.78,70.04,0,0.19,17.05.2024 02:49:18
0,153.19,817,781,10.78,70.05,0,0.55,17.05.2024 02:49:20
0,153.19,817,781,10.79,70.06,0,0.55,17.05.2024 02:49:22
0,150.94,805,782,10.81,70.04,0,0.38,17.05.2024 02:49:24
0,151.88,810,782,10.81,70.03,0,0.45,17.05.2024 02:49:26
0,153.56,819,782,10.81,70.06,0,0.58,17.05.2024 02:49:28
0,150.38,802,783,10.81,70.08,0,0.33,17.05.2024 02:49:30
0,154.13,822,783,10.79,70.06,0,0.62,17.05.2024 02:49:32
0,148.50,792,782,10.81,70.08,0,0.19,17.05.2024 02:49:35
0,150.94,805,782,10.82,70.06,0,0.37,17.05.2024 02:49:37
0,150.94,805,783,10.79,70.05,0,0.38,17.05.2024 02:49:39
0,152.25,812,784,10.79,70.04,0,0.48,17.05.2024 02:49:41
0,152.25,812,784,10.78,70.07,0,0.48,17.05.2024 02:49:43
0,153.00,816,783,10.82,70.07,0,0.53,17.05.2024 02:49:45
0,150.19,801,783,10.82,70.06,0,0.32,17.05.2024 02:49:47
0,151.69,809,783,10.79,70.06,0,0.43,17.05.2024 02:49:49
0,154.88,826,784,10.84,70.03,0,0.68,17.05.2024 02:49:51
0,150.94,805,784,10.79,70.04,0,0.38,17.05.2024 02:49:54
0,150.56,803,785,10.81,70.06,0,0.35,17.05.2024 02:49:56
0,150.75,804,785,10.79,70.03,0,0.36,17.05.2024 02:49:58
0,151.69,809,785,10.82,70.06,0,0.43,17.05.2024 02:50:02
0,151.88,810,785,10.79,70.06,0,0.45,17.05.2024 02:50:04
0,150.19,801,785,10.82,70.06,0,0.32,17.05.2024 02:50:06
0,145.50,776,785,10.81,70.04,0,-0.02,17.05.2024 02:50:08
0,148.31,791,785,10.79,70.03,0,0.18,17.05.2024 02:50:10
0,147.38,786,785,10.79,70.04,0,0.12,17.05.2024 02:50:13
0,151.13,806,785,10.84,70.08,0,0.38,17.05.2024 02:50:15
0,155.81,831,785,10.78,70.05,0,0.76,17.05.2024 02:50:17
0,150.56,803,785,10.78,70.07,0,0.35,17.05.2024 02:50:19
0,147.94,789,785,10.78,70.03,0,0.16,17.05.2024 02:50:21
0,149.81,799,785,10.81,70.05,0,0.29,17.05.2024 02:50:23
0,146.06,779,786,10.79,70.07,0,0.02,17.05.2024 02:50:25
0,151.13,806,786,10.79,70.03,0,0.39,17.05.2024 02:50:27
0,148.50,792,786,10.81,70.06,0,0.19,17.05.2024 02:50:30
0,152.06,811,786,10.81,70.06,0,0.46,17.05.2024 02:50:32
0,152.25,812,786,10.77,70.07,0,0.48,17.05.2024 02:50:34
0,150.94,805,786,10.81,70.06,0,0.37,17.05.2024 02:50:36
0,154.31,823,786,10.81,70.06,0,0.64,17.05.2024 02:50:38
0,151.69,809,787,10.81,70.08,0,0.43,17.05.2024 02:50:40
0,152.81,815,786,10.78,70.03,0,0.52,17.05.2024 02:50:42
0,149.81,799,786,10.81,70.06,0,0.29,17.05.2024 02:50:44
0,150.19,801,786,10.79,70.08,0,0.32,17.05.2024 02:50:47
0,150.94,805,785,10.81,70.05,0,0.37,17.05.2024 02:50:49
0,153.00,816,785,10.79,70.07,0,0.53,17.05.2024 02:50:51
0,154.88,826,785,10.78,70.08,0,0.69,17.05.2024 02:50:53
0,151.69,809,786,10.81,70.05,0,0.43,17.05.2024 02:50:55
0,151.13,806,786,10.81,70.08,0,0.39,17.05.2024 02:50:57
0,151.88,810,786,10.81,70.05,0,0.45,17.05.2024 02:50:59
0,151.31,807,787,10.77,70.08,0,0.41,17.05.2024 02:51:01
0,156.19,833,787,10.78,70.09,0,0.79,17.05.2024 02:51:04
0,152.25,812,786,10.78,70.08,0,0.48,17.05.2024 02:51:06
0,153.75,820,786,10.79,70.08,0,0.59,17.05.2024 02:51:08
0,151.69,809,786,10.81,70.06,0,0.43,17.05.2024 02:51:10
0,153.00,816,785,10.77,70.07,0,0.54,17.05.2024 02:51:12
0,149.06,795,785,10.79,70.05,0,0.24,17.05.2024 02:51:14
0,151.50,808,785,10.77,70.08,0,0.42,17.05.2024 02:51:16
0,150.75,804,785,10.81,70.08,0,0.36,17.05.2024 02:51:18
0,155.25,828,785,10.79,70.08,0,0.71,17.05.2024 02:51:21
0,152.63,814,785,10.79,70.08,0,0.51,17.05.2024 02:51:23
0,150.19,801,785,10.78,70.06,0,0.32,17.05.2024 02:51:25
0,150.75,804,785,10.79,70.07,0,0.36,17.05.2024 02:51:27
0,150.38,802,786,10.79,70.06,0,0.33,17.05.2024 02:51:29
0,152.44,813,786,10.79,70.08,0,0.49,17.05.2024 02:51:31
0,152.06,811,785,10.78,70.07,0,0.46,17.05.2024 02:51:33
0,153.19,817,786,10.78,70.08,0,0.55,17.05.2024 02:51:35
0,154.50,824,787,10.79,70.07,0,0.65,17.05.2024 02:51:37
0,150.00,800,787,10.77,70.08,0,0.31,17.05.2024 02:51:40
0,153.75,820,787,10.79,70.08,0,0.59,17.05.2024 02:51:42
0,151.50,808,787,10.79,70.07,0,0.42,17.05.2024 02:51:44
0,151.69,809,786,10.78,70.05,0,0.44,17.05.2024 02:51:46
0,153.75,820,787,10.78,70.06,0,0.60,17.05.2024 02:51:48
0,147.19,785,787,10.79,70.08,0,0.10,17.05.2024 02:51:50
0,150.94,805,788,10.79,70.07,0,0.38,17.05.2024 02:51:52
0,149.63,798,787,10.79,70.06,0,0.28,17.05.2024 02:51:54
0,150.94,805,788,10.79,70.07,0,0.38,17.05.2024 02:51:57
0,152.25,812,787,10.79,70.09,0,0.48,17.05.2024 02:51:59
0,156.56,835,787,10.77,70.06,0,0.83,17.05.2024 02:52:01
0,152.63,814,787,10.78,70.05,0,0.51,17.05.2024 02:52:03
0,148.88,794,787,10.81,70.06,0,0.22,17.05.2024 02:52:05
0,149.81,799,787,10.78,70.05,0,0.30,17.05.2024 02:52:07
0,154.88,826,787,10.81,70.08,0,0.68,17.05.2024 02:52:09
0,149.25,796,786,10.78,70.06,0,0.25,17.05.2024 02:52:11
0,149.06,795,786,10.79,70.07,0,0.24,17.05.2024 02:52:14
0,149.81,799,786,10.75,70.07,0,0.30,17.05.2024 02:52:16
0,151.69,809,786,10.78,70.06,0,0.44,17.05.2024 02:52:20
0,152.63,814,786,10.79,70.07,0,0.51,17.05.2024 02:52:22
0,148.50,792,786,10.77,70.09,0,0.20,17.05.2024 02:52:24
0,149.44,797,787,10.81,70.04,0,0.26,17.05.2024 02:52:26
0,149.44,797,786,10.77,70.06,0,0.27,17.05.2024 02:52:28
0,146.44,781,785,10.78,70.05,0,0.05,17.05.2024 02:52:30
0,150.38,802,785,10.78,70.09,0,0.34,17.05.2024 02:52:33
0,148.31,791,785,10.78,70.05,0,0.19,17.05.2024 02:52:35
0,150.94,805,785,10.78,70.10,0,0.38,17.05.2024 02:52:37
0,150.19,801,784,10.78,70.07,0,0.32,17.05.2024 02:52:39
0,151.31,807,784,10.79,70.05,0,0.41,17.05.2024 02:52:41
0,156.94,837,784,10.77,70.06,0,0.86,17.05.2024 02:52:43
0,154.13,822,784,10.77,70.07,0,0.63,17.05.2024 02:52:45
0,150.94,805,784,10.78,70.06,0,0.38,17.05.2024 02:52:47
0,150.94,805,784,10.79,70.10,0,0.38,17.05.2024 02:52:50
0,149.81,799,784,10.77,70.08,0,0.30,17.05.2024 02:52:52
0,151.69,809,785,10.78,70.07,0,0.44,17.05.2024 02:52:54
0,152.44,813,784,10.78,70.09,0,0.49,17.05.2024 02:52:56
0,151.13,806,784,10.77,70.07,0,0.40,17.05.2024 02:52:58
0,154.88,826,784,10.77,70.09,0,0.69,17.05.2024 02:53:00
0,150.19,801,784,10.79,70.06,0,0.32,17.05.2024 02:53:02
0,155.81,831,784,10.78,70.05,0,0.76,17.05.2024 02:53:04
0,150.19,801,784,10.78,70.07,0,0.32,17.05.2024 02:53:07
0,150.38,802,783,10.79,70.07,0,0.33,17.05.2024 02:53:09
0,155.63,830,783,10.75,70.06,0,0.75,17.05.2024 02:53:11
0,154.50,824,783,10.81,70.06,0,0.65,17.05.2024 02:53:13
0,151.13,806,783,10.78,70.09,0,0.39,17.05.2024 02:53:15
0,150.94,805,783,10.77,70.08,0,0.38,17.05.2024 02:53:17
0,153.94,821,783,10.77,70.04,0,0.61,17.05.2024 02:53:19
0,149.25,796,783,10.77,70.05,0,0.26,17.05.2024 02:53:21
0,151.69,809,783,10.77,70.05,0,0.44,17.05.2024 02:53:23
0,148.50,792,783,10.77,70.08,0,0.20,17.05.2024 02:53:26
0,151.13,806,784,10.78,70.07,0,0.39,17.05.2024 02:53:28
0,149.81,799,784,10.75,70.06,0,0.30,17.05.2024 02:53:30
0,152.81,815,784,10.79,70.08,0,0.52,17.05.2024 02:53:32
0,152.44,813,784,10.78,70.06,0,0.49,17.05.2024 02:53:34
0,149.06,795,784,10.78,70.09,0,0.24,17.05.2024 02:53:36
0,152.44,813,784,10.78,70.07,0,0.49,17.05.2024 02:53:38
0,155.44,829,783,10.78,70.05,0,0.73,17.05.2024 02:53:41
0,152.06,811,784,10.78,70.08,0,0.46,17.05.2024 02:53:43
0,153.38,818,784,10.78,70.09,0,0.57,17.05.2024 02:53:45
0,151.50,808,784,10.77,70.09,0,0.42,17.05.2024 02:53:47
0,150.00,800,784,10.79,70.08,0,0.31,17.05.2024 02:53:49
0,153.94,821,784,10.78,70.08,0,0.61,17.05.2024 02:53:51
0,152.81,815,784,10.79,70.05,0,0.52,17.05.2024 02:53:53
0,154.50,824,784,10.77,70.08,0,0.66,17.05.2024 02:53:55
0,152.63,814,784,10.78,70.05,0,0.51,17.05.2024 02:53:57
0,151.50,808,784,10.78,70.09,0,0.42,17.05.2024 02:54:00
0,153.38,818,784,10.77,70.07,0,0.57,17.05.2024 02:54:02
0,152.06,811,784,10.77,70.09,0,0.47,17.05.2024 02:54:04
0,152.44,813,784,10.75,70.08,0,0.50,17.05.2024 02:54:06
0,149.25,796,784,10.77,70.09,0,0.25,17.05.2024 02:54:08
0,150.19,801,784,10.75,70.05,0,0.33,17.05.2024 02:54:10
0,153.38,818,784,10.77,70.07,0,0.57,17.05.2024 02:54:12
0,148.13,790,784,10.75,70.08,0,0.18,17.05.2024 02:54:14
0,150.56,803,784,10.78,70.08,0,0.35,17.05.2024 02:54:17
0,149.81,799,784,10.77,70.10,0,0.30,17.05.2024 02:54:19
0,148.69,793,784,10.77,70.05,0,0.22,17.05.2024 02:54:21
0,148.50,792,784,10.75,70.03,0,0.21,17.05.2024 02:54:23
0,149.44,797,784,10.78,70.11,0,0.27,17.05.2024 02:54:25
0,152.63,814,784,10.78,70.05,0,0.51,17.05.2024 02:54:27
0,150.56,803,784,10.75,70.05,0,0.36,17.05.2024 02:54:29
0,149.63,798,784,10.78,70.10,0,0.28,17.05.2024 02:54:31
0,150.19,801,783,10.78,70.10,0,0.32,17.05.2024 02:54:34
0,151.13,806,784,10.78,70.08,0,0.39,17.05.2024 02:54:36
0,152.44,813,783,10.77,70.05,0,0.50,17.05.2024 02:54:40
0,149.25,796,784,10.77,70.08,0,0.26,17.05.2024 02:54:42
0,154.31,823,784,10.77,70.07,0,0.64,17.05.2024 02:54:44
0,150.75,804,785,10.78,70.08,0,0.36,17.05.2024 02:54:46
0,151.13,806,785,10.75,70.04,0,0.40,17.05.2024 02:54:48
0,140.44,749,785,10.79,70.06,0,-0.35,17.05.2024 02:54:50
0,146.44,781,785,10.77,70.09,0,0.05,17.05.2024 02:54:53
0,146.63,782,785,10.78,70.04,0,0.07,17.05.2024 02:54:55
0,148.50,792,785,10.77,70.08,0,0.20,17.05.2024 02:54:57
0,148.69,793,785,10.77,70.07,0,0.21,17.05.2024 02:54:59
0,149.81,799,785,10.77,70.09,0,0.30,17.05.2024 02:55:01
0,151.31,807,785,10.77,70.09,0,0.41,17.05.2024 02:55:03
0,152.63,814,785,10.78,70.05,0,0.51,17.05.2024 02:55:05
0,148.13,790,785,10.79,70.06,0,0.17,17.05.2024 02:55:07
0,149.25,796,784,10.75,70.05,0,0.26,17.05.2024 02:55:10
0,151.50,808,784,10.78,70.06,0,0.42,17.05.2024 02:55:12
0,151.31,807,783,10.77,70.09,0,0.41,17.05.2024 02:55:14
0,150.75,804,784,10.78,70.09,0,0.36,17.05.2024 02:55:16
0,152.81,815,784,10.79,70.08,0,0.52,17.05.2024 02:55:18
0,150.56,803,785,10.77,70.08,0,0.35,17.05.2024 02:55:20
0,148.69,793,785,10.75,70.08,0,0.22,17.05.2024 02:55:22
0,152.06,811,785,10.78,70.08,0,0.46,17.05.2024 02:55:24
0,154.31,823,784,10.78,70.08,0,0.64,17.05.2024 02:55:27
0,151.31,807,784,10.75,70.07,0,0.41,17.05.2024 02:55:29
0,147.19,785,785,10.77,70.09,0,0.11,17.05.2024 02:55:31
0,151.88,810,785,10.77,70.09,0,0.45,17.05.2024 02:55:33
0,150.94,805,785,10.79,70.07,0,0.38,17.05.2024 02:55:35
0,155.81,831,785,10.77,70.10,0,0.76,17.05.2024 02:55:37
0,154.69,825,785,10.77,70.07,0,0.67,17.05.2024 02:55:39
0,154.31,823,785,10.79,70.09,0,0.64,17.05.2024 02:55:41
0,153.56,819,786,10.75,70.09,0,0.59,17.05.2024 02:55:43
0,155.81,831,786,10.75,70.08,0,0.77,17.05.2024 02:55:46
0,151.88,810,785,10.78,70.08,0,0.45,17.05.2024 02:55:48
0,155.81,831,785,10.77,70.09,0,0.76,17.05.2024 02:55:50
0,154.13,822,785,10.77,70.08,0,0.63,17.05.2024 02:55:52
0,153.94,821,785,10.78,70.11,0,0.61,17.05.2024 02:55:54
0,150.94,805,784,10.78,70.09,0,0.38,17.05.2024 02:55:56
0,147.56,787,785,10.75,70.07,0,0.14,17.05.2024 02:55:58
0,155.06,827,784,10.77,70.07,0,0.70,17.05.2024 02:56:00
0,153.00,816,784,10.77,70.07,0,0.54,17.05.2024 02:56:03
0,153.38,818,784,10.75,70.09,0,0.57,17.05.2024 02:56:05
0,153.94,821,785,10.77,70.09,0,0.61,17.05.2024 02:56:07
0,151.69,809,785,10.77,70.09,0,0.44,17.05.2024 02:56:09
0,149.81,799,785,10.78,70.10,0,0.29,17.05.2024 02:56:11
0,150.00,800,785,10.77,70.09,0,0.31,17.05.2024 02:56:13
0,151.13,806,785,10.79,70.11,0,0.39,17.05.2024 02:56:15
0,152.81,815,785,10.77,70.08,0,0.52,17.05.2024 02:56:17
0,152.81,815,785,10.77,70.09,0,0.52,17.05.2024 02:56:20
0,150.19,801,785,10.78,70.10,0,0.32,17.05.2024 02:56:22
0,151.88,810,785,10.75,70.10,0,0.45,17.05.2024 02:56:24
0,148.31,791,784,10.78,70.09,0,0.18,17.05.2024 02:56:26
0,154.88,826,784,10.77,70.09,0,0.69,17.05.2024 02:56:28
0,152.63,814,784,10.77,70.11,0,0.51,17.05.2024 02:56:30
0,146.25,780,783,10.78,70.11,0,0.04,17.05.2024 02:56:32
0,149.44,797,783,10.78,70.08,0,0.27,17.05.2024 02:56:34
0,153.00,816,783,10.77,70.09,0,0.54,17.05.2024 02:56:37
0,153.00,816,783,10.75,70.08,0,0.54,17.05.2024 02:56:39
0,150.56,803,783,10.77,70.08,0,0.35,17.05.2024 02:56:41
0,152.06,811,783,10.77,70.09,0,0.47,17.05.2024 02:56:43
0,152.44,813,783,10.75,70.07,0,0.50,17.05.2024 02:56:45
0,152.63,814,783,10.75,70.07,0,0.51,17.05.2024 02:56:47
0,149.25,796,783,10.77,70.09,0,0.25,17.05.2024 02:56:49
0,153.56,819,783,10.75,70.06,0,0.59,17.05.2024 02:56:51
0,155.63,830,783,10.75,70.09,0,0.75,17.05.2024 02:56:56
0,150.75,804,783,10.77,70.09,0,0.37,17.05.2024 02:56:58
0,150.38,802,784,10.77,70.09,0,0.34,17.05.2024 02:57:00
0,150.56,803,784,10.77,70.09,0,0.35,17.05.2024 02:57:02
0,146.06,779,784,10.78,70.06,0,0.03,17.05.2024 02:57:04
0,149.81,799,784,10.77,70.07,0,0.30,17.05.2024 02:57:06
0,150.94,805,784,10.74,70.09,0,0.39,17.05.2024 02:57:08
0,146.44,781,784,10.77,70.09,0,0.05,17.05.2024 02:57:10
0,153.19,817,783,10.77,70.08,0,0.55,17.05.2024 02:57:13
0,148.69,793,784,10.75,70.06,0,0.22,17.05.2024 02:57:15
0,145.13,774,783,10.77,70.10,0,-0.04,17.05.2024 02:57:17
0,148.31,791,783,10.75,70.09,0,0.19,17.05.2024 02:57:19
0,149.81,799,783,10.74,70.06,0,0.30,17.05.2024 02:57:21
0,149.44,797,783,10.77,70.09,0,0.27,17.05.2024 02:57:23
0,150.00,800,783,10.74,70.11,0,0.31,17.05.2024 02:57:25
0,157.13,838,783,10.75,70.10,0,0.87,17.05.2024 02:57:27
0,153.19,817,783,10.77,70.09,0,0.55,17.05.2024 02:57:29
0,151.13,806,783,10.75,70.09,0,0.40,17.05.2024 02:57:32
0,152.44,813,783,10.75,70.11,0,0.50,17.05.2024 02:57:34
0,153.94,821,783,10.75,70.09,0,0.62,17.05.2024 02:57:36
0,150.19,801,783,10.75,70.08,0,0.33,17.05.2024 02:57:38
0,150.38,802,782,10.74,70.08,0,0.34,17.05.2024 02:57:40
0,153.94,821,783,10.77,70.05,0,0.61,17.05.2024 02:57:42
0,150.38,802,782,10.75,70.09,0,0.34,17.05.2024 02:57:44
0,149.25,796,782,10.75,70.10,0,0.26,17.05.2024 02:57:46
0,149.81,799,782,10.77,70.08,0,0.30,17.05.2024 02:57:49
0,152.44,813,782,10.75,70.09,0,0.50,17.05.2024 02:57:51
0,151.13,806,782,10.75,70.10,0,0.40,17.05.2024 02:57:53
0,153.38,818,782,10.77,70.12,0,0.57,17.05.2024 02:57:55
0,153.00,816,782,10.78,70.11,0,0.54,17.05.2024 02:57:57
0,153.19,817,781,10.75,70.11,0,0.56,17.05.2024 02:57:59
0,152.63,814,781,10.78,70.11,0,0.51,17.05.2024 02:58:01
0,151.88,810,782,10.74,70.13,0,0.46,17.05.2024 02:58:03
0,149.06,795,781,10.75,70.11,0,0.24,17.05.2024 02:58:06
0,151.88,810,781,10.77,70.10,0,0.45,17.05.2024 02:58:08
0,154.13,822,781,10.75,70.10,0,0.63,17.05.2024 02:58:10
0,154.69,825,781,10.75,70.13,0,0.67,17.05.2024 02:58:12
0,150.38,802,781,10.74,70.07,0,0.34,17.05.2024 02:58:14
0,151.50,808,781,10.74,70.11,0,0.43,17.05.2024 02:58:16
0,148.69,793,781,10.75,70.09,0,0.22,17.05.2024 02:58:18
0,151.69,809,780,10.77,70.11,0,0.44,17.05.2024 02:58:20
0,148.31,791,780,10.75,70.12,0,0.19,17.05.2024 02:58:23
0,154.31,823,779,10.74,70.10,0,0.65,17.05.2024 02:58:25
0,150.94,805,779,10.74,70.12,0,0.38,17.05.2024 02:58:27
0,153.75,820,779,10.75,70.09,0,0.60,17.05.2024 02:58:29
0,151.31,807,779,10.77,70.10,0,0.41,17.05.2024 02:58:31
0,149.81,799,780,10.75,70.10,0,0.30,17.05.2024 02:58:33
0,153.00,816,780,10.74,70.09,0,0.54,17.05.2024 02:58:35
0,152.44,813,780,10.75,70.09,0,0.50,17.05.2024 02:58:37
0,151.13,806,780,10.78,70.11,0,0.39,17.05.2024 02:58:40
0,152.44,813,781,10.75,70.12,0,0.50,17.05.2024 02:58:42
0,152.63,814,780,10.75,70.07,0,0.51,17.05.2024 02:58:44
0,148.69,793,780,10.77,70.11,0,0.21,17.05.2024 02:58:46
0,150.94,805,780,10.77,70.08,0,0.38,17.05.2024 02:58:48
0,151.31,807,781,10.75,70.07,0,0.41,17.05.2024 02:58:50
0,146.25,780,780,10.78,70.11,0,0.04,17.05.2024 02:58:52
0,151.13,806,780,10.74,70.10,0,0.40,17.05.2024 02:58:54
0,151.13,806,779,10.75,70.08,0,0.40,17.05.2024 02:58:57
0,152.63,814,779,10.75,70.08,0,0.51,17.05.2024 02:58:59
0,150.38,802,778,10.74,70.08,0,0.34,17.05.2024 02:59:01
0,148.31,791,778,10.75,70.12,0,0.19,17.05.2024 02:59:03
0,152.44,813,778,10.75,70.12,0,0.50,17.05.2024 02:59:05
0,151.50,808,778,10.75,70.11,0,0.43,17.05.2024 02:59:07
0,148.13,790,778,10.75,70.10,0,0.18,17.05.2024 02:59:09
0,150.38,802,779,10.77,70.12,0,0.34,17.05.2024 02:59:11
0,148.69,793,778,10.74,70.10,0,0.22,17.05.2024 02:59:13
0,147.19,785,778,10.77,70.09,0,0.11,17.05.2024 02:59:16
0,149.63,798,778,10.75,70.07,0,0.29,17.05.2024 02:59:20
0,150.94,805,778,10.74,70.07,0,0.39,17.05.2024 02:59:22
0,152.81,815,778,10.75,70.08,0,0.53,17.05.2024 02:59:24
0,147.94,789,778,10.75,70.09,0,0.16,17.05.2024 02:59:26
0,149.81,799,778,10.75,70.11,0,0.30,17.05.2024 02:59:28
0,151.88,810,779,10.74,70.09,0,0.46,17.05.2024 02:59:30
0,141.94,757,779,10.74,70.10,0,-0.25,17.05.2024 02:59:32
0,148.50,792,779,10.74,70.04,0,0.21,17.05.2024 02:59:35
0,148.13,790,779,10.75,70.09,0,0.18,17.05.2024 02:59:37
0,147.38,786,779,10.77,70.08,0,0.12,17.05.2024 02:59:39
0,149.06,795,780,10.74,70.11,0,0.25,17.05.2024 02:59:41
0,150.38,802,780,10.72,70.04,0,0.35,17.05.2024 02:59:43
0,148.31,791,780,10.75,70.06,0,0.19,17.05.2024 02:59:45
0,151.13,806,780,10.77,70.10,0,0.39,17.05.2024 02:59:47
0,149.81,799,779,10.74,70.08,0,0.30,17.05.2024 02:59:49
0,152.44,813,779,10.77,70.09,0,0.49,17.05.2024 02:59:52
0,152.44,813,779,10.74,70.10,0,0.50,17.05.2024 02:59:54
0,149.81,799,780,10.75,70.11,0,0.30,17.05.2024 02:59:56
0,151.31,807,780,10.74,70.08,0,0.41,17.05.2024 02:59:58
