0,291.56,1555,705,27.75,68.41,0,6.79,16.05.2024 12:00:00
0,289.31,1543,705,27.75,68.42,0,6.52,16.05.2024 12:00:02
0,285.56,1523,705,27.76,68.42,0,6.08,16.05.2024 12:00:04
0,287.44,1533,705,27.75,68.38,0,6.31,16.05.2024 12:00:06
0,289.88,1546,705,27.75,68.42,0,6.58,16.05.2024 12:00:09
0,285.19,1521,705,27.75,68.40,0,6.05,16.05.2024 12:00:11
0,284.81,1519,705,27.75,68.38,0,6.02,16.05.2024 12:00:13
0,287.63,1534,705,27.76,68.41,0,6.31,16.05.2024 12:00:15
0,287.81,1535,705,27.76,68.39,0,6.34,16.05.2024 12:00:17
0,289.88,1546,706,27.76,68.41,0,6.57,16.05.2024 12:00:19
0,288.75,1540,705,27.76,68.40,0,6.44,16.05.2024 12:00:21
0,286.31,1527,705,27.75,68.35,0,6.19,16.05.2024 12:00:23
0,286.13,1526,706,27.76,68.37,0,6.15,16.05.2024 12:00:26
0,290.06,1547,706,27.76,68.41,0,6.59,16.05.2024 12:00:28
0,288.38,1538,706,27.76,68.38,0,6.41,16.05.2024 12:00:30
0,283.88,1514,707,27.73,68.38,0,5.92,16.05.2024 12:00:32
0,290.44,1549,707,27.76,68.40,0,6.64,16.05.2024 12:00:34
0,286.31,1527,707,27.78,68.40,0,6.15,16.05.2024 12:00:36
0,285.38,1522,706,27.75,68.38,0,6.08,16.05.2024 12:00:38
0,286.88,1530,707,27.76,68.40,0,6.23,16.05.2024 12:00:40
0,285.00,1520,707,27.76,68.39,0,6.02,16.05.2024 12:00:42
0,287.63,1534,707,27.76,68.39,0,6.32,16.05.2024 12:00:45
0,286.31,1527,707,27.75,68.37,0,6.19,16.05.2024 12:00:47
0,286.88,1530,708,27.76,68.39,0,6.23,16.05.2024 12:00:49
0,284.81,1519,708,27.73,68.40,0,6.02,16.05.2024 12:00:51
0,286.13,1526,708,27.75,68.45,0,6.15,16.05.2024 12:00:53
0,287.81,1535,707,27.73,68.41,0,6.36,16.05.2024 12:00:55
0,286.13,1526,707,27.76,68.40,0,6.15,16.05.2024 12:00:57
0,287.44,1533,707,27.78,68.40,0,6.28,16.05.2024 12:00:59
0,285.75,1524,707,27.76,68.41,0,6.10,16.05.2024 12:01:02
0,286.88,1530,708,27.75,68.40,0,6.24,16.05.2024 12:01:04
0,287.63,1534,708,27.75,68.40,0,6.33,16.05.2024 12:01:06
0,288.56,1539,708,27.76,68.43,0,6.42,16.05.2024 12:01:08
0,287.06,1531,709,27.75,68.38,0,6.27,16.05.2024 12:01:10
0,287.25,1532,709,27.78,68.41,0,6.26,16.05.2024 12:01:12
0,288.00,1536,708,27.78,68.42,0,6.34,16.05.2024 12:01:14
0,287.06,1531,708,27.75,68.37,0,6.27,16.05.2024 12:01:16
0,284.81,1519,708,27.76,68.38,0,6.00,16.05.2024 12:01:19
0,285.00,1520,708,27.78,68.43,0,6.00,16.05.2024 12:01:21
0,285.75,1524,709,27.76,68.40,0,6.10,16.05.2024 12:01:23
0,285.75,1524,708,27.75,68.44,0,6.11,16.05.2024 12:01:25
0,286.50,1528,708,27.78,68.43,0,6.17,16.05.2024 12:01:29
0,286.31,1527,708,27.76,68.36,0,6.18,16.05.2024 12:01:31
0,286.13,1526,708,27.75,68.42,0,6.16,16.05.2024 12:01:33
0,288.00,1536,708,27.79,68.36,0,6.34,16.05.2024 12:01:35
0,286.13,1526,708,27.78,68.38,0,6.14,16.05.2024 12:01:37
0,286.69,1529,708,27.76,68.41,0,6.21,16.05.2024 12:01:40
0,286.31,1527,709,27.78,68.40,0,6.15,16.05.2024 12:01:42
0,287.25,1532,708,27.76,68.41,0,6.27,16.05.2024 12:01:44
0,283.88,1514,707,27.76,68.45,0,5.88,16.05.2024 12:01:46
0,279.38,1490,707,27.78,68.43,0,5.39,16.05.2024 12:01:48
0,284.06,1515,707,27.76,68.43,0,5.91,16.05.2024 12:01:50
0,282.56,1507,708,27.76,68.39,0,5.75,16.05.2024 12:01:52
0,283.50,1512,708,27.76,68.42,0,5.85,16.05.2024 12:01:54
0,283.69,1513,708,27.76,68.42,0,5.87,16.05.2024 12:01:57
0,282.75,1508,708,27.78,68.45,0,5.75,16.05.2024 12:01:59
0,285.19,1521,707,27.79,68.43,0,6.01,16.05.2024 12:02:01
0,279.75,1492,707,27.75,68.42,0,5.46,16.05.2024 12:02:03
0,282.56,1507,708,27.76,68.45,0,5.74,16.05.2024 12:02:05
0,283.31,1511,708,27.78,68.42,0,5.82,16.05.2024 12:02:07
0,281.06,1499,709,27.79,68.41,0,5.57,16.05.2024 12:02:09
0,282.56,1507,709,27.78,68.41,0,5.74,16.05.2024 12:02:11
0,281.63,1502,710,27.79,68.45,0,5.62,16.05.2024 12:02:13
0,281.06,1499,709,27.78,68.42,0,5.57,16.05.2024 12:02:16
0,286.31,1527,710,27.76,68.40,0,6.17,16.05.2024 12:02:18
0,282.00,1504,710,27.76,68.42,0,5.69,16.05.2024 12:02:20
0,286.13,1526,711,27.79,68.45,0,6.11,16.05.2024 12:02:22
0,283.50,1512,711,27.76,68.45,0,5.84,16.05.2024 12:02:24
0,286.31,1527,710,27.78,68.40,0,6.15,16.05.2024 12:02:26
0,284.63,1518,711,27.80,68.43,0,5.94,16.05.2024 12:02:28
0,289.50,1544,712,27.78,68.44,0,6.51,16.05.2024 12:02:30
0,282.75,1508,712,27.76,68.39,0,5.77,16.05.2024 12:02:33
0,284.81,1519,711,27.76,68.43,0,5.99,16.05.2024 12:02:35
0,286.50,1528,712,27.76,68.44,0,6.18,16.05.2024 12:02:37
0,287.44,1533,712,27.76,68.44,0,6.28,16.05.2024 12:02:39
0,288.00,1536,712,27.75,68.44,0,6.36,16.05.2024 12:02:41
0,286.31,1527,712,27.75,68.41,0,6.18,16.05.2024 12:02:43
0,285.19,1521,712,27.78,68.40,0,6.03,16.05.2024 12:02:45
0,286.31,1527,712,27.76,68.48,0,6.15,16.05.2024 12:02:47
0,286.88,1530,712,27.76,68.43,0,6.22,16.05.2024 12:02:49
0,286.13,1526,712,27.78,68.43,0,6.13,16.05.2024 12:02:52
0,286.69,1529,712,27.78,68.44,0,6.19,16.05.2024 12:02:54
0,286.13,1526,712,27.79,68.47,0,6.11,16.05.2024 12:02:56
0,291.56,1555,712,27.78,68.46,0,6.74,16.05.2024 12:02:58
0,290.44,1549,712,27.75,68.41,0,6.65,16.05.2024 12:03:00
0,282.56,1507,712,27.76,68.43,0,5.74,16.05.2024 12:03:02
0,289.13,1542,711,27.78,68.46,0,6.46,16.05.2024 12:03:04
0,288.00,1536,712,27.78,68.45,0,6.33,16.05.2024 12:03:06
0,285.19,1521,712,27.78,68.41,0,6.03,16.05.2024 12:03:09
0,288.00,1536,712,27.78,68.46,0,6.33,16.05.2024 12:03:11
0,289.13,1542,712,27.78,68.45,0,6.46,16.05.2024 12:03:13
0,293.44,1565,712,27.79,68.47,0,6.96,16.05.2024 12:03:15
0,287.25,1532,712,27.78,68.42,0,6.26,16.05.2024 12:03:17
0,285.19,1521,712,27.76,68.43,0,6.03,16.05.2024 12:03:19
0,289.69,1545,712,27.78,68.44,0,6.53,16.05.2024 12:03:21
0,290.06,1547,713,27.79,68.45,0,6.56,16.05.2024 12:03:23
0,286.88,1530,713,27.79,68.45,0,6.20,16.05.2024 12:03:25
0,286.50,1528,713,27.79,68.45,0,6.15,16.05.2024 12:03:28
0,283.50,1512,713,27.78,68.43,0,5.83,16.05.2024 12:03:30
0,285.75,1524,713,27.79,68.41,0,6.08,16.05.2024 12:03:32
0,282.38,1506,712,27.79,68.45,0,5.70,16.05.2024 12:03:34
0,288.00,1536,712,27.76,68.48,0,6.34,16.05.2024 12:03:36
0,285.38,1522,713,27.79,68.42,0,6.03,16.05.2024 12:03:38
0,287.63,1534,713,27.76,68.45,0,6.30,16.05.2024 12:03:40
0,288.38,1538,713,27.76,68.44,0,6.39,16.05.2024 12:03:42
0,285.94,1525,713,27.78,68.41,0,6.11,16.05.2024 12:03:45
0,288.00,1536,713,27.76,68.45,0,6.35,16.05.2024 12:03:47
0,285.38,1522,712,27.78,68.42,0,6.05,16.05.2024 12:03:49
0,285.56,1523,713,27.79,68.46,0,6.05,16.05.2024 12:03:51
0,283.31,1511,712,27.76,68.44,0,5.82,16.05.2024 12:03:53
0,286.13,1526,712,27.78,68.44,0,6.12,16.05.2024 12:03:55
0,287.25,1532,711,27.78,68.48,0,6.24,16.05.2024 12:03:57
0,286.13,1526,712,27.76,68.42,0,6.14,16.05.2024 12:03:59
0,286.31,1527,712,27.79,68.46,0,6.13,16.05.2024 12:04:01
0,286.88,1530,712,27.79,68.45,0,6.20,16.05.2024 12:04:04
0,287.06,1531,711,27.79,68.46,0,6.22,16.05.2024 12:04:06
0,288.94,1541,711,27.80,68.45,0,6.42,16.05.2024 12:04:08
0,287.06,1531,711,27.78,68.45,0,6.23,16.05.2024 12:04:10
0,284.81,1519,711,27.79,68.43,0,5.97,16.05.2024 12:04:12
0,284.06,1515,711,27.78,68.45,0,5.89,16.05.2024 12:04:14
0,284.25,1516,711,27.78,68.42,0,5.92,16.05.2024 12:04:16
0,287.81,1535,711,27.79,68.43,0,6.31,16.05.2024 12:04:18
0,283.31,1511,711,27.78,68.42,0,5.82,16.05.2024 12:04:21
0,283.69,1513,712,27.79,68.43,0,5.84,16.05.2024 12:04:23
0,283.50,1512,711,27.78,68.43,0,5.83,16.05.2024 12:04:25
0,287.44,1533,711,27.79,68.41,0,6.27,16.05.2024 12:04:27
0,286.31,1527,711,27.79,68.47,0,6.13,16.05.2024 12:04:29
0,286.88,1530,712,27.80,68.44,0,6.19,16.05.2024 12:04:31
0,287.44,1533,712,27.79,68.42,0,6.26,16.05.2024 12:04:33
0,285.19,1521,712,27.76,68.43,0,6.03,16.05.2024 12:04:35
0,284.44,1517,712,27.79,68.46,0,5.92,16.05.2024 12:04:37
0,285.75,1524,712,27.78,68.45,0,6.08,16.05.2024 12:04:40
0,283.50,1512,712,27.78,68.42,0,5.84,16.05.2024 12:04:42
0,286.31,1527,712,27.79,68.45,0,6.13,16.05.2024 12:04:44
0,285.38,1522,712,27.78,68.43,0,6.04,16.05.2024 12:04:46
0,287.44,1533,712,27.78,68.44,0,6.27,16.05.2024 12:04:48
0,281.63,1502,712,27.79,68.46,0,5.62,16.05.2024 12:04:50
0,288.56,1539,711,27.79,68.43,0,6.39,16.05.2024 12:04:52
0,281.63,1502,711,27.78,68.44,0,5.63,16.05.2024 12:04:54
0,289.31,1543,711,27.79,68.46,0,6.47,16.05.2024 12:04:57
0,285.75,1524,712,27.80,68.45,0,6.06,16.05.2024 12:04:59
0,287.25,1532,712,27.79,68.46,0,6.24,16.05.2024 12:05:01
0,283.13,1510,713,27.80,68.42,0,5.77,16.05.2024 12:05:03
0,286.13,1526,713,27.79,68.47,0,6.11,16.05.2024 12:05:05
0,286.13,1526,713,27.80,68.46,0,6.10,16.05.2024 12:05:07
0,284.06,1515,713,27.80,68.47,0,5.87,16.05.2024 12:05:09
0,287.81,1535,713,27.79,68.42,0,6.31,16.05.2024 12:05:11
0,286.31,1527,713,27.79,68.47,0,6.13,16.05.2024 12:05:13
0,283.88,1514,713,27.78,68.43,0,5.88,16.05.2024 12:05:16
0,288.19,1537,713,27.80,68.44,0,6.34,16.05.2024 12:05:18
0,284.44,1517,713,27.79,68.46,0,5.92,16.05.2024 12:05:20
0,284.44,1517,713,27.80,68.44,0,5.91,16.05.2024 12:05:22
0,284.63,1518,712,27.79,68.47,0,5.94,16.05.2024 12:05:24
0,284.25,1516,712,27.80,68.46,0,5.89,16.05.2024 12:05:26
0,288.00,1536,713,27.78,68.48,0,6.33,16.05.2024 12:05:28
0,284.63,1518,713,27.80,68.45,0,5.93,16.05.2024 12:05:30
0,284.06,1515,713,27.79,68.45,0,5.88,16.05.2024 12:05:33
0,284.25,1516,714,27.79,68.43,0,5.91,16.05.2024 12:05:37
0,286.69,1529,714,27.79,68.43,0,6.18,16.05.2024 12:05:39
0,285.56,1523,714,27.80,68.46,0,6.03,16.05.2024 12:05:41
0,282.94,1509,714,27.79,68.46,0,5.76,16.05.2024 12:05:43
0,283.69,1513,715,27.79,68.47,0,5.84,16.05.2024 12:05:45
0,285.00,1520,715,27.82,68.44,0,5.96,16.05.2024 12:05:47
0,283.88,1514,716,27.79,68.43,0,5.86,16.05.2024 12:05:49
0,283.88,1514,715,27.78,68.43,0,5.88,16.05.2024 12:05:51
0,281.81,1503,716,27.80,68.43,0,5.63,16.05.2024 12:05:54
0,280.88,1498,716,27.78,68.44,0,5.55,16.05.2024 12:05:56
0,280.13,1494,716,27.82,68.47,0,5.43,16.05.2024 12:05:58
0,280.69,1497,716,27.80,68.46,0,5.50,16.05.2024 12:06:00
0,279.56,1491,716,27.80,68.47,0,5.38,16.05.2024 12:06:02
0,283.88,1514,715,27.79,68.47,0,5.86,16.05.2024 12:06:04
0,282.75,1508,716,27.80,68.46,0,5.73,16.05.2024 12:06:06
0,281.81,1503,716,27.79,68.48,0,5.63,16.05.2024 12:06:08
0,284.06,1515,716,27.78,68.47,0,5.89,16.05.2024 12:06:11
0,280.50,1496,716,27.79,68.45,0,5.50,16.05.2024 12:06:13
0,280.13,1494,716,27.79,68.45,0,5.46,16.05.2024 12:06:15
0,281.63,1502,717,27.80,68.45,0,5.61,16.05.2024 12:06:17
0,282.38,1506,718,27.78,68.45,0,5.71,16.05.2024 12:06:19
0,281.06,1499,718,27.79,68.46,0,5.55,16.05.2024 12:06:21
0,286.31,1527,719,27.78,68.46,0,6.14,16.05.2024 12:06:23
0,280.13,1494,719,27.79,68.42,0,5.46,16.05.2024 12:06:25
0,285.56,1523,720,27.79,68.46,0,6.05,16.05.2024 12:06:27
0,284.81,1519,720,27.78,68.43,0,5.98,16.05.2024 12:06:30
0,284.44,1517,720,27.80,68.43,0,5.92,16.05.2024 12:06:32
0,286.50,1528,721,27.78,68.46,0,6.16,16.05.2024 12:06:34
0,281.44,1501,721,27.79,68.46,0,5.59,16.05.2024 12:06:36
0,285.19,1521,721,27.78,68.44,0,6.02,16.05.2024 12:06:38
0,290.25,1548,720,27.78,68.47,0,6.59,16.05.2024 12:06:40
0,287.25,1532,720,27.79,68.46,0,6.24,16.05.2024 12:06:42
0,287.06,1531,721,27.79,68.47,0,6.21,16.05.2024 12:06:44
0,289.13,1542,721,27.78,68.45,0,6.46,16.05.2024 12:06:47
0,287.63,1534,721,27.79,68.43,0,6.28,16.05.2024 12:06:49
0,287.06,1531,721,27.78,68.43,0,6.23,16.05.2024 12:06:51
0,287.06,1531,720,27.82,68.45,0,6.19,16.05.2024 12:06:53
0,284.06,1515,720,27.79,68.49,0,5.87,16.05.2024 12:06:55
0,289.13,1542,720,27.79,68.48,0,6.45,16.05.2024 12:06:57
0,284.81,1519,720,27.82,68.46,0,5.94,16.05.2024 12:06:59
0,287.06,1531,720,27.80,68.47,0,6.20,16.05.2024 12:07:01
0,289.31,1543,720,27.79,68.45,0,6.47,16.05.2024 12:07:03
0,285.75,1524,720,27.80,68.47,0,6.05,16.05.2024 12:07:06
0,287.06,1531,720,27.79,68.43,0,6.22,16.05.2024 12:07:08
0,286.69,1529,719,27.79,68.47,0,6.17,16.05.2024 12:07:10
0,287.44,1533,720,27.80,68.45,0,6.25,16.05.2024 12:07:12
0,287.06,1531,720,27.80,68.48,0,6.20,16.05.2024 12:07:14
0,285.19,1521,719,27.79,68.48,0,6.00,16.05.2024 12:07:16
0,287.81,1535,720,27.80,68.47,0,6.29,16.05.2024 12:07:18
0,285.38,1522,720,27.79,68.43,0,6.03,16.05.2024 12:07:20
0,286.69,1529,720,27.82,68.48,0,6.14,16.05.2024 12:07:23
0,285.56,1523,719,27.79,68.48,0,6.04,16.05.2024 12:07:25
0,288.38,1538,720,27.80,68.46,0,6.35,16.05.2024 12:07:27
0,286.50,1528,720,27.80,68.49,0,6.13,16.05.2024 12:07:29
0,288.38,1538,719,27.79,68.48,0,6.36,16.05.2024 12:07:31
0,287.63,1534,719,27.79,68.43,0,6.28,16.05.2024 12:07:33
0,286.88,1530,720,27.79,68.45,0,6.20,16.05.2024 12:07:35
0,279.00,1488,720,27.82,68.44,0,5.32,16.05.2024 12:07:37
0,285.75,1524,720,27.79,68.45,0,6.07,16.05.2024 12:07:39
0,288.75,1540,720,27.80,68.49,0,6.39,16.05.2024 12:07:42
0,281.63,1502,720,27.82,68.44,0,5.59,16.05.2024 12:07:44
0,289.88,1546,720,27.80,68.48,0,6.52,16.05.2024 12:07:46
0,288.00,1536,720,27.78,68.45,0,6.33,16.05.2024 12:07:48
0,287.81,1535,720,27.79,68.46,0,6.30,16.05.2024 12:07:50
0,285.19,1521,720,27.79,68.46,0,6.00,16.05.2024 12:07:52
0,285.00,1520,720,27.80,68.49,0,5.97,16.05.2024 12:07:54
0,287.25,1532,721,27.82,68.48,0,6.21,16.05.2024 12:07:56
0,288.94,1541,720,27.78,68.47,0,6.44,16.05.2024 12:07:59
0,285.38,1522,720,27.78,68.48,0,6.03,16.05.2024 12:08:01
0,283.50,1512,720,27.80,68.50,0,5.80,16.05.2024 12:08:03
0,282.94,1509,720,27.79,68.47,0,5.75,16.05.2024 12:08:05
0,286.31,1527,720,27.79,68.46,0,6.13,16.05.2024 12:08:07
0,287.06,1531,720,27.80,68.47,0,6.20,16.05.2024 12:08:09
0,288.56,1539,721,27.79,68.47,0,6.38,16.05.2024 12:08:11
0,282.19,1505,721,27.82,68.44,0,5.65,16.05.2024 12:08:13
0,286.31,1527,721,27.82,68.46,0,6.10,16.05.2024 12:08:16
0,287.81,1535,721,27.80,68.46,0,6.29,16.05.2024 12:08:18
0,287.81,1535,721,27.82,68.48,0,6.27,16.05.2024 12:08:20
0,285.56,1523,721,27.80,68.46,0,6.03,16.05.2024 12:08:22
0,285.00,1520,720,27.80,68.46,0,5.97,16.05.2024 12:08:24
0,287.63,1534,720,27.80,68.46,0,6.27,16.05.2024 12:08:26
0,290.06,1547,720,27.82,68.46,0,6.53,16.05.2024 12:08:28
0,288.00,1536,720,27.82,68.48,0,6.29,16.05.2024 12:08:30
0,287.63,1534,720,27.82,68.44,0,6.26,16.05.2024 12:08:32
0,282.56,1507,721,27.82,68.46,0,5.69,16.05.2024 12:08:35
0,284.63,1518,721,27.80,68.45,0,5.93,16.05.2024 12:08:37
0,284.81,1519,721,27.82,68.46,0,5.94,16.05.2024 12:08:39
0,287.63,1534,721,27.80,68.49,0,6.26,16.05.2024 12:08:41
0,291.56,1555,721,27.80,68.46,0,6.72,16.05.2024 12:08:43
0,286.31,1527,721,27.80,68.44,0,6.12,16.05.2024 12:08:45
0,285.19,1521,721,27.80,68.45,0,5.99,16.05.2024 12:08:47
0,285.94,1525,721,27.80,68.46,0,6.08,16.05.2024 12:08:49
0,284.44,1517,721,27.83,68.46,0,5.88,16.05.2024 12:08:52
0,286.13,1526,721,27.80,68.45,0,6.10,16.05.2024 12:08:54
0,281.44,1501,722,27.83,68.44,0,5.56,16.05.2024 12:08:56
0,283.69,1513,722,27.83,68.46,0,5.80,16.05.2024 12:08:58
0,281.63,1502,721,27.80,68.46,0,5.60,16.05.2024 12:09:00
0,290.06,1547,721,27.79,68.42,0,6.57,16.05.2024 12:09:02
0,286.13,1526,722,27.82,68.42,0,6.09,16.05.2024 12:09:04
0,284.81,1519,722,27.82,68.45,0,5.94,16.05.2024 12:09:06
0,284.25,1516,722,27.83,68.44,0,5.87,16.05.2024 12:09:08
0,285.19,1521,722,27.80,68.49,0,5.99,16.05.2024 12:09:11
0,286.13,1526,722,27.82,68.46,0,6.08,16.05.2024 12:09:13
0,284.25,1516,723,27.82,68.45,0,5.88,16.05.2024 12:09:15
0,285.19,1521,723,27.80,68.45,0,5.99,16.05.2024 12:09:17
0,288.56,1539,723,27.79,68.47,0,6.38,16.05.2024 12:09:19
0,282.56,1507,723,27.78,68.43,0,5.73,16.05.2024 12:09:21
0,285.00,1520,723,27.82,68.44,0,5.96,16.05.2024 12:09:23
0,286.31,1527,723,27.79,68.46,0,6.13,16.05.2024 12:09:25
0,287.81,1535,723,27.80,68.45,0,6.29,16.05.2024 12:09:28
0,283.88,1514,723,27.85,68.48,0,5.81,16.05.2024 12:09:30
0,283.88,1514,723,27.80,68.48,0,5.84,16.05.2024 12:09:32
0,284.81,1519,723,27.82,68.45,0,5.94,16.05.2024 12:09:34
0,284.81,1519,723,27.80,68.47,0,5.95,16.05.2024 12:09:36
0,285.94,1525,724,27.82,68.46,0,6.06,16.05.2024 12:09:38
0,286.13,1526,724,27.82,68.44,0,6.09,16.05.2024 12:09:42
0,282.94,1509,724,27.82,68.47,0,5.73,16.05.2024 12:09:44
0,287.06,1531,724,27.82,68.48,0,6.18,16.05.2024 12:09:46
0,277.50,1480,724,27.82,68.48,0,5.15,16.05.2024 12:09:49
0,286.31,1527,724,27.80,68.47,0,6.12,16.05.2024 12:09:51
0,281.44,1501,724,27.82,68.44,0,5.57,16.05.2024 12:09:53
0,280.69,1497,723,27.80,68.45,0,5.51,16.05.2024 12:09:55
0,279.38,1490,723,27.82,68.47,0,5.35,16.05.2024 12:09:57
0,285.00,1520,724,27.80,68.49,0,5.97,16.05.2024 12:09:59
0,279.75,1492,724,27.83,68.43,0,5.39,16.05.2024 12:10:01
0,281.06,1499,724,27.82,68.46,0,5.53,16.05.2024 12:10:03
0,280.13,1494,724,27.82,68.47,0,5.43,16.05.2024 12:10:06
0,280.88,1498,723,27.80,68.46,0,5.52,16.05.2024 12:10:08
0,281.44,1501,723,27.82,68.47,0,5.57,16.05.2024 12:10:10
0,279.00,1488,723,27.83,68.45,0,5.30,16.05.2024 12:10:12
0,283.31,1511,723,27.82,68.50,0,5.76,16.05.2024 12:10:14
0,279.38,1490,723,27.82,68.49,0,5.34,16.05.2024 12:10:16
0,280.88,1498,723,27.80,68.46,0,5.52,16.05.2024 12:10:18
0,282.38,1506,723,27.80,68.45,0,5.69,16.05.2024 12:10:20
0,282.00,1504,723,27.83,68.47,0,5.62,16.05.2024 12:10:22
0,281.44,1501,722,27.80,68.48,0,5.58,16.05.2024 12:10:25
0,281.25,1500,723,27.82,68.48,0,5.55,16.05.2024 12:10:27
0,281.63,1502,723,27.83,68.46,0,5.58,16.05.2024 12:10:29
0,280.88,1498,723,27.82,68.43,0,5.52,16.05.2024 12:10:31
0,281.44,1501,723,27.82,68.45,0,5.57,16.05.2024 12:10:33
0,284.06,1515,722,27.82,68.51,0,5.84,16.05.2024 12:10:35
0,283.88,1514,722,27.80,68.46,0,5.85,16.05.2024 12:10:37
0,285.94,1525,722,27.80,68.48,0,6.07,16.05.2024 12:10:39
0,285.56,1523,722,27.82,68.49,0,6.01,16.05.2024 12:10:42
0,285.75,1524,723,27.80,68.45,0,6.06,16.05.2024 12:10:44
0,289.31,1543,723,27.80,68.45,0,6.46,16.05.2024 12:10:46
0,285.19,1521,724,27.83,68.46,0,5.97,16.05.2024 12:10:48
0,283.50,1512,724,27.82,68.48,0,5.79,16.05.2024 12:10:50
0,282.94,1509,724,27.82,68.49,0,5.72,16.05.2024 12:10:52
0,283.13,1510,724,27.82,68.46,0,5.75,16.05.2024 12:10:54
0,285.94,1525,724,27.83,68.47,0,6.05,16.05.2024 12:10:56
0,283.13,1510,724,27.83,68.46,0,5.74,16.05.2024 12:10:58
0,286.50,1528,724,27.79,68.42,0,6.16,16.05.2024 12:11:01
0,284.81,1519,724,27.82,68.50,0,5.93,16.05.2024 12:11:03
0,288.56,1539,724,27.80,68.51,0,6.36,16.05.2024 12:11:05
0,287.25,1532,724,27.80,68.50,0,6.22,16.05.2024 12:11:07
0,290.06,1547,724,27.83,68.50,0,6.51,16.05.2024 12:11:09
0,287.81,1535,725,27.82,68.48,0,6.27,16.05.2024 12:11:11
0,284.63,1518,725,27.82,68.51,0,5.91,16.05.2024 12:11:13
0,285.94,1525,725,27.82,68.46,0,6.06,16.05.2024 12:11:15
0,289.88,1546,726,27.82,68.48,0,6.51,16.05.2024 12:11:18
0,284.06,1515,726,27.82,68.48,0,5.85,16.05.2024 12:11:20
0,283.69,1513,726,27.82,68.52,0,5.80,16.05.2024 12:11:22
0,286.69,1529,726,27.82,68.47,0,6.14,16.05.2024 12:11:24
0,280.88,1498,726,27.79,68.47,0,5.53,16.05.2024 12:11:26
0,286.69,1529,726,27.85,68.48,0,6.12,16.05.2024 12:11:28
0,285.56,1523,727,27.83,68.50,0,6.00,16.05.2024 12:11:30
0,284.06,1515,727,27.83,68.45,0,5.84,16.05.2024 12:11:32
0,283.50,1512,726,27.82,68.51,0,5.78,16.05.2024 12:11:34
0,281.44,1501,726,27.85,68.53,0,5.53,16.05.2024 12:11:37
0,287.81,1535,727,27.79,68.49,0,6.29,16.05.2024 12:11:39
0,287.25,1532,727,27.82,68.45,0,6.21,16.05.2024 12:11:41
0,283.88,1514,727,27.80,68.50,0,5.84,16.05.2024 12:11:43
0,286.69,1529,727,27.82,68.49,0,6.14,16.05.2024 12:11:45
0,284.25,1516,726,27.82,68.48,0,5.87,16.05.2024 12:11:47
0,286.88,1530,726,27.83,68.48,0,6.15,16.05.2024 12:11:49
0,283.88,1514,726,27.82,68.49,0,5.83,16.05.2024 12:11:51
0,285.19,1521,726,27.82,68.48,0,5.97,16.05.2024 12:11:54
0,283.88,1514,726,27.83,68.48,0,5.82,16.05.2024 12:11:56
0,283.88,1514,726,27.83,68.50,0,5.82,16.05.2024 12:11:58
0,287.63,1534,726,27.83,68.48,0,6.23,16.05.2024 12:12:00
0,284.81,1519,727,27.85,68.51,0,5.90,16.05.2024 12:12:02
0,283.50,1512,727,27.82,68.49,0,5.79,16.05.2024 12:12:04
0,281.25,1500,727,27.82,68.45,0,5.55,16.05.2024 12:12:06
0,281.44,1501,726,27.83,68.45,0,5.56,16.05.2024 12:12:08
0,284.81,1519,726,27.80,68.50,0,5.94,16.05.2024 12:12:10
0,284.81,1519,726,27.82,68.48,0,5.93,16.05.2024 12:12:13
0,286.31,1527,727,27.85,68.51,0,6.07,16.05.2024 12:12:15
0,287.25,1532,727,27.83,68.46,0,6.20,16.05.2024 12:12:17
0,283.50,1512,727,27.83,68.46,0,5.78,16.05.2024 12:12:19
0,286.13,1526,727,27.82,68.47,0,6.08,16.05.2024 12:12:21
0,285.38,1522,727,27.83,68.48,0,5.98,16.05.2024 12:12:23
0,280.88,1498,727,27.82,68.48,0,5.51,16.05.2024 12:12:25
0,285.19,1521,727,27.83,68.52,0,5.95,16.05.2024 12:12:27
0,285.38,1522,728,27.82,68.49,0,5.99,16.05.2024 12:12:30
0,289.13,1542,728,27.82,68.48,0,6.42,16.05.2024 12:12:32
0,282.94,1509,728,27.83,68.48,0,5.72,16.05.2024 12:12:34
0,286.13,1526,728,27.85,68.49,0,6.05,16.05.2024 12:12:36
0,285.38,1522,728,27.83,68.47,0,5.98,16.05.2024 12:12:38
0,283.88,1514,728,27.82,68.45,0,5.84,16.05.2024 12:12:40
0,284.44,1517,728,27.82,68.48,0,5.89,16.05.2024 12:12:42
0,285.19,1521,728,27.82,68.48,0,5.97,16.05.2024 12:12:44
0,283.13,1510,728,27.82,68.45,0,5.75,16.05.2024 12:12:46
0,282.38,1506,727,27.83,68.51,0,5.65,16.05.2024 12:12:49
0,283.31,1511,728,27.82,68.49,0,5.77,16.05.2024 12:12:51
0,277.50,1480,727,27.82,68.46,0,5.16,16.05.2024 12:12:53
0,285.19,1521,727,27.85,68.48,0,5.95,16.05.2024 12:12:55
0,286.13,1526,727,27.83,68.50,0,6.06,16.05.2024 12:12:57
0,286.69,1529,727,27.83,68.43,0,6.14,16.05.2024 12:12:59
0,284.44,1517,727,27.83,68.48,0,5.88,16.05.2024 12:13:01
0,284.06,1515,727,27.82,68.48,0,5.85,16.05.2024 12:13:03
0,284.44,1517,727,27.83,68.50,0,5.88,16.05.2024 12:13:06
0,282.94,1509,726,27.85,68.48,0,5.71,16.05.2024 12:13:08
0,286.50,1528,727,27.85,68.48,0,6.10,16.05.2024 12:13:10
0,282.75,1508,727,27.85,68.49,0,5.68,16.05.2024 12:13:12
0,284.81,1519,726,27.85,68.49,0,5.91,16.05.2024 12:13:14
0,285.00,1520,726,27.83,68.46,0,5.95,16.05.2024 12:13:16
0,288.00,1536,726,27.82,68.48,0,6.29,16.05.2024 12:13:18
0,284.81,1519,726,27.86,68.47,0,5.90,16.05.2024 12:13:20
0,284.44,1517,726,27.85,68.50,0,5.86,16.05.2024 12:13:22
0,283.88,1514,726,27.82,68.50,0,5.83,16.05.2024 12:13:25
0,282.56,1507,727,27.82,68.52,0,5.68,16.05.2024 12:13:27
0,286.50,1528,727,27.86,68.46,0,6.09,16.05.2024 12:13:29
0,286.88,1530,727,27.86,68.50,0,6.12,16.05.2024 12:13:31
0,286.13,1526,727,27.85,68.50,0,6.05,16.05.2024 12:13:33
0,284.63,1518,727,27.83,68.50,0,5.90,16.05.2024 12:13:35
0,280.88,1498,727,27.85,68.50,0,5.48,16.05.2024 12:13:37
0,284.06,1515,727,27.83,68.48,0,5.84,16.05.2024 12:13:39
0,286.69,1529,727,27.83,68.44,0,6.14,16.05.2024 12:13:44
0,284.25,1516,727,27.85,68.49,0,5.85,16.05.2024 12:13:46
0,278.06,1483,727,27.82,68.50,0,5.21,16.05.2024 12:13:48
0,283.88,1514,726,27.82,68.48,0,5.83,16.05.2024 12:13:50
0,287.44,1533,726,27.86,68.46,0,6.19,16.05.2024 12:13:52
0,285.75,1524,727,27.83,68.48,0,6.02,16.05.2024 12:13:54
0,282.94,1509,726,27.83,68.47,0,5.72,16.05.2024 12:13:56
2,285.19,1521,727,27.85,68.49,0,5.95,16.05.2024 12:13:58
2,281.06,1499,726,27.82,68.49,0,5.52,16.05.2024 12:14:00
2,281.44,1501,725,27.83,68.47,0,5.56,16.05.2024 12:14:03
2,280.13,1494,725,27.85,68.47,0,5.41,16.05.2024 12:14:05
2,283.13,1510,725,27.83,68.45,0,5.74,16.05.2024 12:14:07
2,283.69,1513,726,27.83,68.50,0,5.79,16.05.2024 12:14:09
2,279.94,1493,725,27.85,68.49,0,5.38,16.05.2024 12:14:11
2,279.56,1491,725,27.85,68.48,0,5.35,16.05.2024 12:14:13
2,282.56,1507,725,27.83,68.48,0,5.67,16.05.2024 12:14:15
2,280.13,1494,725,27.83,68.51,0,5.41,16.05.2024 12:14:17
2,280.50,1496,725,27.86,68.50,0,5.43,16.05.2024 12:14:20
2,279.75,1492,725,27.83,68.47,0,5.38,16.05.2024 12:14:22
2,282.38,1506,726,27.85,68.46,0,5.65,16.05.2024 12:14:24
2,280.88,1498,726,27.82,68.44,0,5.51,16.05.2024 12:14:26
2,281.44,1501,726,27.85,68.50,0,5.54,16.05.2024 12:14:28
2,282.19,1505,727,27.85,68.50,0,5.62,16.05.2024 12:14:30
2,279.00,1488,726,27.85,68.50,0,5.28,16.05.2024 12:14:32
2,282.00,1504,727,27.83,68.48,0,5.61,16.05.2024 12:14:34
2,281.63,1502,727,27.83,68.52,0,5.57,16.05.2024 12:14:37
2,280.13,1494,727,27.83,68.47,0,5.42,16.05.2024 12:14:39
2,281.25,1500,727,27.83,68.50,0,5.53,16.05.2024 12:14:41
2,279.75,1492,727,27.82,68.50,0,5.38,16.05.2024 12:14:43
2,284.06,1515,727,27.83,68.50,0,5.84,16.05.2024 12:14:45
2,284.06,1515,727,27.83,68.53,0,5.83,16.05.2024 12:14:47
2,279.00,1488,727,27.83,68.50,0,5.29,16.05.2024 12:14:49
2,282.00,1504,727,27.83,68.44,0,5.62,16.05.2024 12:14:51
2,286.31,1527,727,27.83,68.50,0,6.08,16.05.2024 12:14:53
2,281.06,1499,727,27.85,68.52,0,5.50,16.05.2024 12:14:56
2,285.94,1525,727,27.83,68.48,0,6.05,16.05.2024 12:14:58
2,283.69,1513,727,27.85,68.46,0,5.79,16.05.2024 12:15:00
2,288.75,1540,727,27.82,68.49,0,6.37,16.05.2024 12:15:02
2,285.00,1520,727,27.86,68.49,0,5.92,16.05.2024 12:15:04
2,283.69,1513,727,27.83,68.45,0,5.80,16.05.2024 12:15:06
2,283.13,1510,727,27.83,68.47,0,5.74,16.05.2024 12:15:08
2,287.44,1533,727,27.83,68.50,0,6.21,16.05.2024 12:15:10
2,282.19,1505,727,27.85,68.49,0,5.62,16.05.2024 12:15:13
2,284.81,1519,727,27.86,68.46,0,5.90,16.05.2024 12:15:15
2,284.44,1517,726,27.86,68.48,0,5.86,16.05.2024 12:15:17
2,281.81,1503,727,27.83,68.50,0,5.59,16.05.2024 12:15:19
2,282.75,1508,727,27.88,68.48,0,5.66,16.05.2024 12:15:21
2,284.81,1519,727,27.83,68.51,0,5.92,16.05.2024 12:15:23
2,284.63,1518,727,27.82,68.48,0,5.91,16.05.2024 12:15:25
2,285.00,1520,727,27.85,68.46,0,5.94,16.05.2024 12:15:27
2,284.44,1517,727,27.85,68.49,0,5.87,16.05.2024 12:15:29
2,286.13,1526,727,27.83,68.48,0,6.07,16.05.2024 12:15:32
2,283.31,1511,728,27.85,68.47,0,5.75,16.05.2024 12:15:34
2,282.56,1507,727,27.83,68.53,0,5.66,16.05.2024 12:15:36
2,282.75,1508,727,27.83,68.47,0,5.70,16.05.2024 12:15:38
2,286.13,1526,727,27.83,68.51,0,6.06,16.05.2024 12:15:40
2,283.31,1511,728,27.85,68.51,0,5.74,16.05.2024 12:15:42
2,285.56,1523,728,27.88,68.48,0,5.97,16.05.2024 12:15:44
2,283.13,1510,727,27.82,68.51,0,5.74,16.05.2024 12:15:46
2,283.50,1512,728,27.85,68.49,0,5.76,16.05.2024 12:15:49
2,282.56,1507,728,27.82,68.49,0,5.68,16.05.2024 12:15:51
2,285.56,1523,728,27.83,68.47,0,6.01,16.05.2024 12:15:53
2,284.25,1516,729,27.85,68.50,0,5.84,16.05.2024 12:15:55
2,285.56,1523,728,27.83,68.51,0,6.00,16.05.2024 12:15:57
2,286.31,1527,728,27.83,68.50,0,6.08,16.05.2024 12:15:59
2,287.25,1532,728,27.82,68.49,0,6.20,16.05.2024 12:16:01
2,284.25,1516,727,27.83,68.51,0,5.85,16.05.2024 12:16:03
2,282.00,1504,728,27.83,68.50,0,5.61,16.05.2024 12:16:05
2,286.31,1527,728,27.85,68.47,0,6.08,16.05.2024 12:16:08
2,282.56,1507,728,27.83,68.50,0,5.67,16.05.2024 12:16:10
2,286.13,1526,728,27.85,68.49,0,6.05,16.05.2024 12:16:12
2,285.75,1524,728,27.85,68.51,0,6.01,16.05.2024 12:16:14
2,286.69,1529,728,27.83,68.50,0,6.13,16.05.2024 12:16:16
2,288.19,1537,727,27.85,68.47,0,6.29,16.05.2024 12:16:18
2,282.19,1505,727,27.85,68.53,0,5.61,16.05.2024 12:16:20
2,285.56,1523,727,27.85,68.52,0,5.98,16.05.2024 12:16:22
2,285.00,1520,727,27.83,68.52,0,5.93,16.05.2024 12:16:25
2,285.75,1524,727,27.88,68.48,0,5.99,16.05.2024 12:16:27
2,281.25,1500,727,27.85,68.49,0,5.52,16.05.2024 12:16:29
2,287.25,1532,727,27.86,68.49,0,6.17,16.05.2024 12:16:31
2,283.69,1513,728,27.85,68.52,0,5.78,16.05.2024 12:16:33
2,284.81,1519,727,27.85,68.47,0,5.91,16.05.2024 12:16:35
2,285.38,1522,728,27.85,68.49,0,5.97,16.05.2024 12:16:37
2,284.44,1517,728,27.86,68.47,0,5.86,16.05.2024 12:16:39
2,286.13,1526,727,27.85,68.51,0,6.05,16.05.2024 12:16:41
2,283.13,1510,728,27.86,68.48,0,5.71,16.05.2024 12:16:44
2,281.63,1502,728,27.86,68.48,0,5.55,16.05.2024 12:16:46
2,289.13,1542,728,27.86,68.47,0,6.38,16.05.2024 12:16:48
2,285.19,1521,728,27.86,68.50,0,5.93,16.05.2024 12:16:50
2,283.88,1514,728,27.83,68.48,0,5.82,16.05.2024 12:16:52
2,280.88,1498,729,27.86,68.49,0,5.47,16.05.2024 12:16:54
2,286.31,1527,729,27.83,68.47,0,6.09,16.05.2024 12:16:56
2,282.00,1504,728,27.85,68.52,0,5.60,16.05.2024 12:16:58
2,286.50,1528,728,27.85,68.49,0,6.10,16.05.2024 12:17:01
2,288.19,1537,728,27.85,68.48,0,6.29,16.05.2024 12:17:03
2,286.69,1529,728,27.85,68.49,0,6.12,16.05.2024 12:17:05
2,283.50,1512,728,27.88,68.49,0,5.74,16.05.2024 12:17:07
2,285.94,1525,728,27.86,68.47,0,6.02,16.05.2024 12:17:09
2,284.63,1518,728,27.85,68.50,0,5.89,16.05.2024 12:17:11
2,282.00,1504,728,27.88,68.50,0,5.58,16.05.2024 12:17:13
2,287.44,1533,728,27.85,68.48,0,6.20,16.05.2024 12:17:15
2,282.56,1507,728,27.86,68.49,0,5.65,16.05.2024 12:17:17
2,282.56,1507,729,27.85,68.48,0,5.67,16.05.2024 12:17:20
2,286.50,1528,729,27.86,68.50,0,6.08,16.05.2024 12:17:22
2,283.31,1511,729,27.85,68.49,0,5.74,16.05.2024 12:17:24
2,285.75,1524,729,27.86,68.50,0,6.00,16.05.2024 12:17:26
2,284.06,1515,729,27.86,68.47,0,5.82,16.05.2024 12:17:28
2,281.81,1503,729,27.85,68.46,0,5.59,16.05.2024 12:17:30
2,286.50,1528,729,27.86,68.46,0,6.09,16.05.2024 12:17:32
2,283.31,1511,729,27.85,68.48,0,5.75,16.05.2024 12:17:34
2,282.38,1506,730,27.88,68.48,0,5.62,16.05.2024 12:17:37
2,285.38,1522,730,27.86,68.51,0,5.95,16.05.2024 12:17:39
2,283.50,1512,730,27.85,68.47,0,5.77,16.05.2024 12:17:41
2,284.44,1517,730,27.86,68.49,0,5.85,16.05.2024 12:17:43
2,284.44,1517,730,27.85,68.49,0,5.87,16.05.2024 12:17:45
2,284.25,1516,730,27.85,68.49,0,5.85,16.05.2024 12:17:47
2,282.56,1507,729,27.85,68.49,0,5.66,16.05.2024 12:17:49
2,282.38,1506,728,27.85,68.50,0,5.64,16.05.2024 12:17:51
2,281.63,1502,728,27.86,68.48,0,5.55,16.05.2024 12:17:53
2,289.69,1545,729,27.85,68.49,0,6.46,16.05.2024 12:17:56
2,286.88,1530,728,27.86,68.48,0,6.13,16.05.2024 12:17:58
2,284.25,1516,728,27.86,68.50,0,5.83,16.05.2024 12:18:00
2,282.56,1507,728,27.85,68.48,0,5.67,16.05.2024 12:18:04
2,283.88,1514,728,27.85,68.50,0,5.80,16.05.2024 12:18:06
2,285.75,1524,728,27.83,68.50,0,6.02,16.05.2024 12:18:08
2,282.56,1507,728,27.88,68.52,0,5.63,16.05.2024 12:18:10
2,286.50,1528,728,27.85,68.49,0,6.10,16.05.2024 12:18:12
2,281.63,1502,728,27.85,68.47,0,5.57,16.05.2024 12:18:15
2,282.38,1506,728,27.83,68.48,0,5.65,16.05.2024 12:18:17
2,283.88,1514,728,27.85,68.48,0,5.81,16.05.2024 12:18:19
2,282.94,1509,728,27.83,68.50,0,5.71,16.05.2024 12:18:21
2,282.56,1507,729,27.86,68.49,0,5.65,16.05.2024 12:18:23
2,282.38,1506,729,27.85,68.49,0,5.64,16.05.2024 12:18:25
2,280.69,1497,729,27.85,68.48,0,5.46,16.05.2024 12:18:27
2,279.94,1493,730,27.85,68.51,0,5.38,16.05.2024 12:18:29
2,281.25,1500,730,27.83,68.48,0,5.53,16.05.2024 12:18:31
2,282.75,1508,730,27.85,68.50,0,5.68,16.05.2024 12:18:34
2,279.94,1493,731,27.86,68.50,0,5.37,16.05.2024 12:18:36
2,282.38,1506,731,27.86,68.54,0,5.62,16.05.2024 12:18:38
2,283.50,1512,730,27.86,68.53,0,5.74,16.05.2024 12:18:40
2,280.13,1494,731,27.86,68.48,0,5.39,16.05.2024 12:18:42
2,283.31,1511,730,27.86,68.48,0,5.73,16.05.2024 12:18:44
2,282.38,1506,730,27.86,68.48,0,5.63,16.05.2024 12:18:46
2,284.44,1517,731,27.83,68.48,0,5.88,16.05.2024 12:18:48
2,282.75,1508,731,27.85,68.48,0,5.69,16.05.2024 12:18:51
2,285.19,1521,732,27.86,68.50,0,5.93,16.05.2024 12:18:53
2,280.13,1494,732,27.86,68.48,0,5.39,16.05.2024 12:18:55
2,283.50,1512,732,27.86,68.49,0,5.75,16.05.2024 12:18:57
2,285.94,1525,733,27.85,68.50,0,6.03,16.05.2024 12:18:59
2,283.31,1511,733,27.85,68.50,0,5.74,16.05.2024 12:19:01
2,288.19,1537,734,27.85,68.51,0,6.28,16.05.2024 12:19:03
2,282.94,1509,734,27.85,68.47,0,5.71,16.05.2024 12:19:05
2,283.13,1510,734,27.86,68.49,0,5.71,16.05.2024 12:19:07
2,287.25,1532,734,27.86,68.50,0,6.16,16.05.2024 12:19:10
2,283.88,1514,734,27.86,68.50,0,5.79,16.05.2024 12:19:12
2,286.69,1529,734,27.88,68.51,0,6.09,16.05.2024 12:19:14
2,286.69,1529,733,27.86,68.49,0,6.10,16.05.2024 12:19:16
2,286.31,1527,733,27.85,68.51,0,6.07,16.05.2024 12:19:18
2,287.25,1532,734,27.85,68.51,0,6.18,16.05.2024 12:19:20
2,283.31,1511,734,27.88,68.49,0,5.72,16.05.2024 12:19:22
2,286.50,1528,734,27.85,68.48,0,6.10,16.05.2024 12:19:24
2,283.50,1512,734,27.85,68.46,0,5.77,16.05.2024 12:19:27
2,282.75,1508,734,27.83,68.51,0,5.69,16.05.2024 12:19:29
2,285.75,1524,735,27.85,68.49,0,6.01,16.05.2024 12:19:31
2,284.25,1516,735,27.86,68.50,0,5.83,16.05.2024 12:19:33
2,284.06,1515,735,27.82,68.49,0,5.85,16.05.2024 12:19:35
2,283.50,1512,734,27.85,68.54,0,5.75,16.05.2024 12:19:37
2,281.44,1501,734,27.86,68.51,0,5.52,16.05.2024 12:19:39
2,284.81,1519,735,27.88,68.48,0,5.88,16.05.2024 12:19:41
2,286.13,1526,734,27.83,68.52,0,6.06,16.05.2024 12:19:43
2,285.38,1522,735,27.86,68.52,0,5.95,16.05.2024 12:19:46
2,283.88,1514,735,27.83,68.53,0,5.81,16.05.2024 12:19:48
2,284.81,1519,736,27.83,68.47,0,5.92,16.05.2024 12:19:50
2,282.19,1505,735,27.85,68.51,0,5.62,16.05.2024 12:19:52
2,285.56,1523,735,27.85,68.51,0,5.99,16.05.2024 12:19:54
2,287.25,1532,735,27.83,68.48,0,6.19,16.05.2024 12:19:56
2,284.25,1516,734,27.86,68.50,0,5.83,16.05.2024 12:19:58
2,284.81,1519,734,27.85,68.50,0,5.91,16.05.2024 12:20:00
2,283.50,1512,733,27.86,68.55,0,5.74,16.05.2024 12:20:03
2,284.25,1516,733,27.86,68.52,0,5.83,16.05.2024 12:20:05
2,287.25,1532,734,27.86,68.50,0,6.16,16.05.2024 12:20:07
2,285.94,1525,734,27.86,68.50,0,6.02,16.05.2024 12:20:09
2,286.50,1528,734,27.86,68.50,0,6.08,16.05.2024 12:20:11
2,286.13,1526,734,27.85,68.50,0,6.05,16.05.2024 12:20:13
2,282.19,1505,734,27.85,68.51,0,5.62,16.05.2024 12:20:15
2,286.13,1526,734,27.85,68.50,0,6.05,16.05.2024 12:20:17
2,284.25,1516,735,27.88,68.50,0,5.82,16.05.2024 12:20:20
2,287.81,1535,735,27.86,68.49,0,6.23,16.05.2024 12:20:22
2,284.63,1518,735,27.86,68.48,0,5.88,16.05.2024 12:20:24
2,285.19,1521,735,27.86,68.51,0,5.93,16.05.2024 12:20:26
2,282.38,1506,736,27.85,68.51,0,5.64,16.05.2024 12:20:28
2,284.25,1516,736,27.86,68.49,0,5.83,16.05.2024 12:20:30
2,282.38,1506,736,27.86,68.52,0,5.62,16.05.2024 12:20:32
2,285.19,1521,736,27.88,68.50,0,5.92,16.05.2024 12:20:34
2,284.44,1517,736,27.89,68.50,0,5.83,16.05.2024 12:20:36
2,283.88,1514,736,27.85,68.51,0,5.80,16.05.2024 12:20:39
2,285.94,1525,736,27.86,68.53,0,6.01,16.05.2024 12:20:41
2,281.63,1502,736,27.86,68.49,0,5.55,16.05.2024 12:20:43
2,283.50,1512,736,27.86,68.51,0,5.75,16.05.2024 12:20:45
2,284.25,1516,736,27.89,68.53,0,5.80,16.05.2024 12:20:47
2,285.19,1521,736,27.88,68.47,0,5.93,16.05.2024 12:20:49
2,286.50,1528,736,27.88,68.51,0,6.07,16.05.2024 12:20:51
2,283.13,1510,736,27.86,68.49,0,5.71,16.05.2024 12:20:53
2,284.25,1516,736,27.85,68.48,0,5.85,16.05.2024 12:20:56
2,284.63,1518,737,27.86,68.48,0,5.88,16.05.2024 12:20:58
2,284.81,1519,738,27.88,68.48,0,5.88,16.05.2024 12:21:00
2,283.13,1510,738,27.85,68.50,0,5.72,16.05.2024 12:21:02
2,283.13,1510,738,27.86,68.48,0,5.71,16.05.2024 12:21:04
2,285.75,1524,738,27.86,68.47,0,6.00,16.05.2024 12:21:06
2,287.06,1531,738,27.88,68.51,0,6.13,16.05.2024 12:21:08
2,286.69,1529,739,27.88,68.50,0,6.09,16.05.2024 12:21:10
2,285.00,1520,739,27.88,68.50,0,5.90,16.05.2024 12:21:13
2,284.44,1517,739,27.88,68.50,0,5.84,16.05.2024 12:21:15
2,283.88,1514,739,27.88,68.47,0,5.78,16.05.2024 12:21:17
2,284.44,1517,739,27.88,68.47,0,5.85,16.05.2024 12:21:19
2,283.88,1514,739,27.86,68.47,0,5.80,16.05.2024 12:21:21
2,283.50,1512,739,27.86,68.50,0,5.75,16.05.2024 12:21:23
2,282.19,1505,739,27.83,68.47,0,5.64,16.05.2024 12:21:25
2,285.19,1521,738,27.86,68.52,0,5.93,16.05.2024 12:21:27
2,284.63,1518,738,27.86,68.48,0,5.88,16.05.2024 12:21:29
2,279.56,1491,738,27.89,68.48,0,5.31,16.05.2024 12:21:32
2,282.75,1508,738,27.88,68.51,0,5.65,16.05.2024 12:21:34
2,286.88,1530,738,27.89,68.48,0,6.10,16.05.2024 12:21:36
2,283.88,1514,738,27.88,68.52,0,5.77,16.05.2024 12:21:38
2,285.38,1522,738,27.86,68.47,0,5.96,16.05.2024 12:21:40
2,284.81,1519,738,27.89,68.53,0,5.86,16.05.2024 12:21:42
2,284.81,1519,738,27.88,68.48,0,5.88,16.05.2024 12:21:44
2,280.88,1498,738,27.86,68.48,0,5.47,16.05.2024 12:21:46
2,282.56,1507,737,27.86,68.47,0,5.65,16.05.2024 12:21:49
2,283.50,1512,738,27.89,68.50,0,5.73,16.05.2024 12:21:51
2,282.56,1507,738,27.86,68.49,0,5.65,16.05.2024 12:21:53
2,285.19,1521,738,27.88,68.53,0,5.91,16.05.2024 12:21:55
2,282.19,1505,738,27.88,68.52,0,5.59,16.05.2024 12:21:57
2,285.00,1520,738,27.86,68.52,0,5.91,16.05.2024 12:21:59
2,284.25,1516,738,27.88,68.49,0,5.82,16.05.2024 12:22:01
2,284.63,1518,738,27.89,68.52,0,5.85,16.05.2024 12:22:03
2,281.63,1502,738,27.86,68.49,0,5.55,16.05.2024 12:22:06
2,284.06,1515,739,27.89,68.53,0,5.78,16.05.2024 12:22:08
2,285.19,1521,739,27.86,68.49,0,5.94,16.05.2024 12:22:10
2,281.25,1500,739,27.86,68.49,0,5.51,16.05.2024 12:22:12
2,284.63,1518,740,27.88,68.47,0,5.87,16.05.2024 12:22:14
2,282.38,1506,740,27.88,68.50,0,5.62,16.05.2024 12:22:16
2,284.06,1515,741,27.85,68.52,0,5.82,16.05.2024 12:22:18
2,279.38,1490,741,27.86,68.52,0,5.30,16.05.2024 12:22:20
2,285.75,1524,741,27.86,68.48,0,6.00,16.05.2024 12:22:24
2,283.13,1510,742,27.86,68.48,0,5.71,16.05.2024 12:22:27
2,285.00,1520,742,27.88,68.50,0,5.90,16.05.2024 12:22:29
2,283.31,1511,743,27.88,68.49,0,5.72,16.05.2024 12:22:31
2,284.81,1519,743,27.88,68.47,0,5.89,16.05.2024 12:22:33
2,284.25,1516,744,27.88,68.50,0,5.82,16.05.2024 12:22:35
2,282.19,1505,744,27.88,68.48,0,5.60,16.05.2024 12:22:37
2,282.00,1504,743,27.89,68.50,0,5.57,16.05.2024 12:22:39
2,279.19,1489,744,27.89,68.51,0,5.27,16.05.2024 12:22:41
2,282.19,1505,744,27.88,68.47,0,5.60,16.05.2024 12:22:44
2,278.06,1483,744,27.89,68.50,0,5.15,16.05.2024 12:22:46
2,283.50,1512,744,27.86,68.50,0,5.75,16.05.2024 12:22:48
2,281.25,1500,744,27.86,68.49,0,5.51,16.05.2024 12:22:50
2,279.75,1492,744,27.86,68.52,0,5.34,16.05.2024 12:22:52
2,279.94,1493,744,27.88,68.50,0,5.36,16.05.2024 12:22:54
2,279.38,1490,744,27.88,68.51,0,5.30,16.05.2024 12:22:56
2,276.38,1474,744,27.86,68.48,0,5.00,16.05.2024 12:22:58
2,278.06,1483,745,27.86,68.47,0,5.18,16.05.2024 12:23:01
2,280.13,1494,744,27.88,68.49,0,5.38,16.05.2024 12:23:03
2,278.44,1485,745,27.89,68.52,0,5.19,16.05.2024 12:23:05
2,282.00,1504,744,27.88,68.49,0,5.58,16.05.2024 12:23:07
2,280.31,1495,744,27.88,68.51,0,5.39,16.05.2024 12:23:09
2,279.94,1493,745,27.88,68.49,0,5.36,16.05.2024 12:23:11
2,278.44,1485,744,27.85,68.53,0,5.22,16.05.2024 12:23:13
2,282.00,1504,744,27.88,68.50,0,5.58,16.05.2024 12:23:15
2,280.13,1494,744,27.89,68.48,0,5.37,16.05.2024 12:23:17
2,281.63,1502,743,27.88,68.48,0,5.54,16.05.2024 12:23:20
2,279.00,1488,743,27.88,68.49,0,5.26,16.05.2024 12:23:22
2,280.13,1494,742,27.83,68.47,0,5.42,16.05.2024 12:23:24
2,280.50,1496,742,27.88,68.49,0,5.42,16.05.2024 12:23:26
2,282.75,1508,741,27.90,68.55,0,5.62,16.05.2024 12:23:28
2,282.75,1508,741,27.89,68.48,0,5.65,16.05.2024 12:23:30
2,280.50,1496,741,27.89,68.51,0,5.40,16.05.2024 12:23:32
2,279.56,1491,741,27.88,68.53,0,5.31,16.05.2024 12:23:34
2,281.25,1500,741,27.86,68.50,0,5.51,16.05.2024 12:23:37
2,283.69,1513,741,27.88,68.50,0,5.76,16.05.2024 12:23:39
2,280.69,1497,741,27.89,68.46,0,5.43,16.05.2024 12:23:41
2,283.69,1513,742,27.88,68.51,0,5.76,16.05.2024 12:23:43
2,283.69,1513,742,27.86,68.50,0,5.77,16.05.2024 12:23:45
2,281.63,1502,742,27.86,68.53,0,5.54,16.05.2024 12:23:47
2,282.56,1507,743,27.85,68.49,0,5.66,16.05.2024 12:23:49
2,281.63,1502,743,27.88,68.49,0,5.54,16.05.2024 12:23:51
2,285.56,1523,743,27.86,68.48,0,5.98,16.05.2024 12:23:54
2,284.44,1517,743,27.86,68.48,0,5.86,16.05.2024 12:23:56
0,284.06,1515,743,27.89,68.52,0,5.78,16.05.2024 12:23:58
0,285.00,1520,744,27.89,68.50,0,5.89,16.05.2024 12:24:00
0,283.50,1512,744,27.89,68.54,0,5.72,16.05.2024 12:24:02
0,285.75,1524,744,27.85,68.51,0,6.01,16.05.2024 12:24:04
0,284.06,1515,745,27.88,68.48,0,5.80,16.05.2024 12:24:06
0,284.63,1518,744,27.85,68.51,0,5.88,16.05.2024 12:24:08
0,283.88,1514,745,27.89,68.50,0,5.77,16.05.2024 12:24:10
0,282.75,1508,745,27.88,68.50,0,5.66,16.05.2024 12:24:13
0,285.94,1525,745,27.89,68.48,0,6.00,16.05.2024 12:24:15
0,283.50,1512,745,27.88,68.52,0,5.73,16.05.2024 12:24:17
0,283.50,1512,744,27.89,68.53,0,5.72,16.05.2024 12:24:19
0,285.56,1523,744,27.88,68.52,0,5.96,16.05.2024 12:24:21
0,285.38,1522,745,27.88,68.49,0,5.94,16.05.2024 12:24:23
0,283.69,1513,744,27.89,68.53,0,5.74,16.05.2024 12:24:25
0,284.06,1515,745,27.88,68.53,0,5.79,16.05.2024 12:24:27
0,285.75,1524,745,27.90,68.49,0,5.96,16.05.2024 12:24:30
0,280.88,1498,746,27.88,68.51,0,5.45,16.05.2024 12:24:32
0,285.75,1524,746,27.88,68.51,0,5.98,16.05.2024 12:24:34
0,283.69,1513,746,27.89,68.48,0,5.75,16.05.2024 12:24:36
0,283.88,1514,745,27.86,68.50,0,5.79,16.05.2024 12:24:38
0,280.69,1497,746,27.88,68.52,0,5.43,16.05.2024 12:24:40
0,286.13,1526,747,27.88,68.51,0,6.02,16.05.2024 12:24:42
0,285.56,1523,747,27.88,68.48,0,5.97,16.05.2024 12:24:44
0,282.56,1507,748,27.86,68.47,0,5.65,16.05.2024 12:24:47
0,286.13,1526,748,27.88,68.50,0,6.03,16.05.2024 12:24:49
0,284.81,1519,749,27.89,68.50,0,5.87,16.05.2024 12:24:51
0,279.38,1490,749,27.88,68.52,0,5.29,16.05.2024 12:24:53
0,284.81,1519,748,27.85,68.51,0,5.90,16.05.2024 12:24:55
0,285.56,1523,748,27.88,68.50,0,5.96,16.05.2024 12:24:57
0,281.25,1500,748,27.89,68.53,0,5.48,16.05.2024 12:24:59
0,283.50,1512,747,27.86,68.51,0,5.75,16.05.2024 12:25:01
0,282.75,1508,746,27.88,68.51,0,5.65,16.05.2024 12:25:03
0,282.94,1509,746,27.86,68.51,0,5.69,16.05.2024 12:25:06
0,286.31,1527,746,27.88,68.50,0,6.05,16.05.2024 12:25:08
0,285.94,1525,746,27.86,68.50,0,6.02,16.05.2024 12:25:10
0,282.56,1507,746,27.88,68.49,0,5.64,16.05.2024 12:25:12
0,283.69,1513,747,27.90,68.51,0,5.73,16.05.2024 12:25:14
0,285.56,1523,747,27.89,68.50,0,5.95,16.05.2024 12:25:16
0,282.19,1505,748,27.89,68.50,0,5.59,16.05.2024 12:25:18
0,287.06,1531,748,27.89,68.53,0,6.11,16.05.2024 12:25:20
0,283.13,1510,748,27.89,68.55,0,5.68,16.05.2024 12:25:23
0,282.94,1509,748,27.86,68.51,0,5.69,16.05.2024 12:25:25
0,284.25,1516,748,27.88,68.51,0,5.82,16.05.2024 12:25:27
0,283.50,1512,748,27.88,68.51,0,5.74,16.05.2024 12:25:29
0,286.31,1527,748,27.89,68.52,0,6.03,16.05.2024 12:25:31
0,280.13,1494,748,27.88,68.50,0,5.38,16.05.2024 12:25:33
0,284.44,1517,748,27.86,68.52,0,5.85,16.05.2024 12:25:35
0,282.56,1507,748,27.88,68.49,0,5.64,16.05.2024 12:25:37
0,285.75,1524,748,27.86,68.52,0,5.99,16.05.2024 12:25:40
0,282.19,1505,748,27.86,68.49,0,5.61,16.05.2024 12:25:42
0,283.50,1512,748,27.90,68.52,0,5.71,16.05.2024 12:25:44
0,285.19,1521,748,27.89,68.50,0,5.91,16.05.2024 12:25:46
0,285.94,1525,749,27.90,68.49,0,5.98,16.05.2024 12:25:48
0,289.31,1543,749,27.86,68.50,0,6.40,16.05.2024 12:25:50
0,285.00,1520,749,27.89,68.50,0,5.89,16.05.2024 12:25:52
0,280.69,1497,749,27.89,68.45,0,5.44,16.05.2024 12:25:54
0,283.31,1511,749,27.89,68.50,0,5.71,16.05.2024 12:25:56
0,286.69,1529,749,27.86,68.48,0,6.10,16.05.2024 12:25:59
0,283.13,1510,750,27.86,68.53,0,5.70,16.05.2024 12:26:01
0,279.94,1493,750,27.89,68.52,0,5.34,16.05.2024 12:26:03
0,284.63,1518,750,27.88,68.48,0,5.86,16.05.2024 12:26:05
0,283.88,1514,751,27.89,68.50,0,5.77,16.05.2024 12:26:07
0,282.94,1509,750,27.86,68.48,0,5.69,16.05.2024 12:26:09
0,282.19,1505,751,27.89,68.53,0,5.58,16.05.2024 12:26:11
0,283.31,1511,750,27.88,68.47,0,5.72,16.05.2024 12:26:13
0,286.69,1529,750,27.88,68.49,0,6.09,16.05.2024 12:26:16
0,281.06,1499,751,27.89,68.53,0,5.46,16.05.2024 12:26:18
0,285.38,1522,751,27.89,68.48,0,5.93,16.05.2024 12:26:20
0,283.50,1512,751,27.90,68.52,0,5.71,16.05.2024 12:26:22
0,281.81,1503,752,27.90,68.50,0,5.53,16.05.2024 12:26:24
0,283.69,1513,752,27.89,68.48,0,5.75,16.05.2024 12:26:26
0,280.69,1497,752,27.88,68.48,0,5.44,16.05.2024 12:26:28
0,281.06,1499,752,27.89,68.46,0,5.47,16.05.2024 12:26:30
0,281.81,1503,752,27.89,68.50,0,5.55,16.05.2024 12:26:33
0,281.25,1500,752,27.90,68.45,0,5.48,16.05.2024 12:26:35
0,283.88,1514,752,27.88,68.50,0,5.78,16.05.2024 12:26:37
0,282.94,1509,751,27.90,68.48,0,5.66,16.05.2024 12:26:39
0,283.69,1513,751,27.90,68.48,0,5.74,16.05.2024 12:26:41
0,280.88,1498,751,27.86,68.49,0,5.47,16.05.2024 12:26:43
0,283.13,1510,751,27.88,68.48,0,5.70,16.05.2024 12:26:45
0,282.19,1505,751,27.89,68.48,0,5.59,16.05.2024 12:26:47
0,280.31,1495,751,27.86,68.50,0,5.41,16.05.2024 12:26:49
0,283.88,1514,752,27.89,68.52,0,5.76,16.05.2024 12:26:52
0,280.13,1494,751,27.90,68.48,0,5.36,16.05.2024 12:26:54
0,282.19,1505,751,27.90,68.48,0,5.58,16.05.2024 12:26:56
0,282.94,1509,751,27.89,68.46,0,5.67,16.05.2024 12:26:58
0,281.63,1502,751,27.88,68.48,0,5.54,16.05.2024 12:27:00
0,283.13,1510,751,27.88,68.49,0,5.70,16.05.2024 12:27:02
0,283.31,1511,750,27.88,68.46,0,5.73,16.05.2024 12:27:04
0,282.94,1509,750,27.88,68.50,0,5.68,16.05.2024 12:27:06
0,281.44,1501,751,27.88,68.48,0,5.52,16.05.2024 12:27:09
0,283.13,1510,750,27.90,68.47,0,5.68,16.05.2024 12:27:11
0,279.75,1492,750,27.89,68.46,0,5.33,16.05.2024 12:27:13
0,279.56,1491,751,27.89,68.50,0,5.31,16.05.2024 12:27:15
0,285.75,1524,751,27.89,68.48,0,5.98,16.05.2024 12:27:17
0,283.88,1514,751,27.90,68.50,0,5.76,16.05.2024 12:27:19
0,281.81,1503,750,27.90,68.50,0,5.53,16.05.2024 12:27:21
0,280.88,1498,750,27.90,68.47,0,5.44,16.05.2024 12:27:23
0,280.88,1498,750,27.89,68.51,0,5.44,16.05.2024 12:27:26
0,282.94,1509,750,27.88,68.50,0,5.68,16.05.2024 12:27:28
0,285.56,1523,750,27.89,68.48,0,5.96,16.05.2024 12:27:30
0,285.38,1522,749,27.88,68.50,0,5.94,16.05.2024 12:27:32
0,281.81,1503,749,27.89,68.50,0,5.55,16.05.2024 12:27:34
0,281.63,1502,748,27.89,68.50,0,5.53,16.05.2024 12:27:36
0,280.69,1497,748,27.88,68.48,0,5.44,16.05.2024 12:27:38
0,283.13,1510,748,27.90,68.50,0,5.67,16.05.2024 12:27:40
0,282.38,1506,748,27.90,68.49,0,5.60,16.05.2024 12:27:42
0,284.44,1517,748,27.90,68.42,0,5.83,16.05.2024 12:27:45
0,282.94,1509,748,27.89,68.48,0,5.67,16.05.2024 12:27:47
0,284.25,1516,749,27.89,68.48,0,5.81,16.05.2024 12:27:49
0,280.31,1495,749,27.92,68.46,0,5.37,16.05.2024 12:27:53
0,280.88,1498,749,27.89,68.48,0,5.45,16.05.2024 12:27:55
0,286.50,1528,749,27.90,68.50,0,6.04,16.05.2024 12:27:57
0,284.63,1518,750,27.90,68.45,0,5.85,16.05.2024 12:27:59
0,284.81,1519,750,27.90,68.48,0,5.86,16.05.2024 12:28:01
0,283.69,1513,750,27.89,68.48,0,5.75,16.05.2024 12:28:04
0,281.44,1501,750,27.89,68.48,0,5.51,16.05.2024 12:28:06
0,283.88,1514,750,27.90,68.50,0,5.76,16.05.2024 12:28:08
0,283.13,1510,750,27.88,68.48,0,5.70,16.05.2024 12:28:10
0,278.44,1485,750,27.88,68.48,0,5.20,16.05.2024 12:28:12
0,277.69,1481,751,27.86,68.47,0,5.14,16.05.2024 12:28:14
0,279.38,1490,750,27.89,68.46,0,5.30,16.05.2024 12:28:16
0,276.94,1477,751,27.89,68.50,0,5.04,16.05.2024 12:28:18
0,282.00,1504,750,27.88,68.48,0,5.58,16.05.2024 12:28:21
0,281.06,1499,751,27.89,68.48,0,5.47,16.05.2024 12:28:23
0,280.69,1497,751,27.89,68.46,0,5.43,16.05.2024 12:28:25
0,281.81,1503,751,27.90,68.52,0,5.53,16.05.2024 12:28:27
0,280.31,1495,751,27.90,68.51,0,5.37,16.05.2024 12:28:29
0,277.69,1481,751,27.88,68.48,0,5.13,16.05.2024 12:28:31
0,279.19,1489,751,27.90,68.49,0,5.26,16.05.2024 12:28:33
0,282.00,1504,751,27.89,68.48,0,5.57,16.05.2024 12:28:35
0,281.06,1499,750,27.88,68.47,0,5.48,16.05.2024 12:28:37
0,283.88,1514,750,27.89,68.53,0,5.76,16.05.2024 12:28:40
0,278.63,1486,750,27.89,68.48,0,5.21,16.05.2024 12:28:42
0,279.38,1490,749,27.89,68.50,0,5.29,16.05.2024 12:28:44
0,278.81,1487,749,27.89,68.52,0,5.23,16.05.2024 12:28:46
0,278.25,1484,749,27.90,68.47,0,5.17,16.05.2024 12:28:48
0,280.88,1498,749,27.88,68.48,0,5.46,16.05.2024 12:28:50
0,277.31,1479,748,27.88,68.47,0,5.09,16.05.2024 12:28:52
0,280.69,1497,749,27.88,68.51,0,5.43,16.05.2024 12:28:54
0,283.13,1510,749,27.90,68.52,0,5.67,16.05.2024 12:28:57
0,280.13,1494,749,27.88,68.50,0,5.38,16.05.2024 12:28:59
0,282.94,1509,751,27.89,68.51,0,5.66,16.05.2024 12:29:01
0,284.06,1515,751,27.88,68.49,0,5.80,16.05.2024 12:29:03
0,282.38,1506,751,27.89,68.48,0,5.61,16.05.2024 12:29:05
0,282.19,1505,751,27.88,68.47,0,5.60,16.05.2024 12:29:07
0,282.94,1509,751,27.89,68.48,0,5.67,16.05.2024 12:29:09
0,284.25,1516,751,27.89,68.48,0,5.81,16.05.2024 12:29:11
0,284.63,1518,752,27.90,68.51,0,5.84,16.05.2024 12:29:14
0,283.69,1513,752,27.92,68.46,0,5.73,16.05.2024 12:29:16
0,285.75,1524,752,27.90,68.50,0,5.96,16.05.2024 12:29:18
0,282.38,1506,753,27.89,68.48,0,5.61,16.05.2024 12:29:20
0,285.75,1524,753,27.92,68.48,0,5.95,16.05.2024 12:29:22
0,284.25,1516,753,27.88,68.49,0,5.82,16.05.2024 12:29:24
0,282.94,1509,754,27.90,68.51,0,5.65,16.05.2024 12:29:26
0,281.25,1500,754,27.89,68.46,0,5.49,16.05.2024 12:29:28
0,284.06,1515,755,27.90,68.50,0,5.78,16.05.2024 12:29:30
0,281.63,1502,755,27.89,68.45,0,5.53,16.05.2024 12:29:33
0,283.88,1514,756,27.89,68.51,0,5.77,16.05.2024 12:29:35
0,281.81,1503,755,27.89,68.48,0,5.55,16.05.2024 12:29:37
0,282.56,1507,755,27.90,68.48,0,5.62,16.05.2024 12:29:39
0,284.25,1516,755,27.88,68.51,0,5.82,16.05.2024 12:29:41
0,283.69,1513,755,27.89,68.51,0,5.75,16.05.2024 12:29:43
0,280.88,1498,755,27.92,68.50,0,5.42,16.05.2024 12:29:45
0,282.56,1507,755,27.89,68.50,0,5.63,16.05.2024 12:29:47
0,287.06,1531,755,27.89,68.45,0,6.13,16.05.2024 12:29:50
0,285.00,1520,755,27.89,68.48,0,5.89,16.05.2024 12:29:52
0,285.19,1521,756,27.90,68.48,0,5.90,16.05.2024 12:29:54
0,279.00,1488,757,27.90,68.47,0,5.24,16.05.2024 12:29:56
0,284.63,1518,757,27.88,68.52,0,5.85,16.05.2024 12:29:58
0,285.38,1522,757,27.88,68.48,0,5.95,16.05.2024 12:30:00
0,285.75,1524,757,27.89,68.52,0,5.97,16.05.2024 12:30:02
0,282.75,1508,758,27.90,68.50,0,5.63,16.05.2024 12:30:04
0,281.63,1502,757,27.90,68.52,0,5.51,16.05.2024 12:30:07
0,281.81,1503,757,27.92,68.48,0,5.53,16.05.2024 12:30:09
0,284.63,1518,757,27.88,68.50,0,5.86,16.05.2024 12:30:11
0,283.13,1510,756,27.90,68.50,0,5.67,16.05.2024 12:30:13
0,284.06,1515,756,27.90,68.51,0,5.77,16.05.2024 12:30:15
0,278.63,1486,756,27.88,68.48,0,5.22,16.05.2024 12:30:17
0,284.06,1515,756,27.89,68.51,0,5.79,16.05.2024 12:30:19
0,282.19,1505,756,27.90,68.47,0,5.58,16.05.2024 12:30:21
0,281.25,1500,756,27.88,68.49,0,5.50,16.05.2024 12:30:23
0,280.88,1498,755,27.88,68.47,0,5.46,16.05.2024 12:30:26
0,281.06,1499,755,27.89,68.50,0,5.47,16.05.2024 12:30:28
0,279.94,1493,755,27.89,68.48,0,5.35,16.05.2024 12:30:30
0,284.63,1518,755,27.90,68.49,0,5.84,16.05.2024 12:30:32
0,283.31,1511,754,27.89,68.48,0,5.71,16.05.2024 12:30:34
0,281.63,1502,754,27.89,68.48,0,5.53,16.05.2024 12:30:36
0,286.13,1526,753,27.90,68.50,0,6.00,16.05.2024 12:30:38
0,280.50,1496,753,27.88,68.51,0,5.41,16.05.2024 12:30:40
0,282.94,1509,753,27.90,68.50,0,5.65,16.05.2024 12:30:43
0,281.81,1503,753,27.90,68.49,0,5.54,16.05.2024 12:30:45
0,286.31,1527,753,27.88,68.49,0,6.05,16.05.2024 12:30:47
0,283.69,1513,752,27.89,68.48,0,5.75,16.05.2024 12:30:49
0,284.44,1517,753,27.89,68.48,0,5.83,16.05.2024 12:30:51
0,282.56,1507,754,27.89,68.52,0,5.62,16.05.2024 12:30:53
0,285.19,1521,753,27.89,68.48,0,5.91,16.05.2024 12:30:55
0,286.69,1529,753,27.90,68.53,0,6.06,16.05.2024 12:30:57
0,286.88,1530,754,27.89,68.51,0,6.10,16.05.2024 12:31:00
0,285.19,1521,753,27.89,68.48,0,5.91,16.05.2024 12:31:02
0,283.50,1512,754,27.89,68.48,0,5.73,16.05.2024 12:31:04
0,282.38,1506,754,27.88,68.51,0,5.61,16.05.2024 12:31:06
0,285.19,1521,754,27.90,68.52,0,5.90,16.05.2024 12:31:08
0,281.63,1502,754,27.89,68.48,0,5.53,16.05.2024 12:31:10
0,283.69,1513,755,27.90,68.49,0,5.74,16.05.2024 12:31:12
0,283.31,1511,755,27.89,68.52,0,5.70,16.05.2024 12:31:14
0,283.31,1511,755,27.92,68.49,0,5.68,16.05.2024 12:31:16
0,282.56,1507,755,27.90,68.51,0,5.61,16.05.2024 12:31:19
0,285.00,1520,755,27.89,68.46,0,5.90,16.05.2024 12:31:21
0,284.63,1518,756,27.90,68.49,0,5.84,16.05.2024 12:31:23
0,278.44,1485,756,27.89,68.48,0,5.19,16.05.2024 12:31:25
0,285.00,1520,756,27.89,68.48,0,5.89,16.05.2024 12:31:27
0,284.63,1518,757,27.89,68.46,0,5.86,16.05.2024 12:31:29
0,281.44,1501,757,27.92,68.48,0,5.49,16.05.2024 12:31:31
0,283.88,1514,757,27.92,68.53,0,5.74,16.05.2024 12:31:33
0,283.31,1511,757,27.90,68.50,0,5.70,16.05.2024 12:31:36
0,283.69,1513,757,27.93,68.52,0,5.71,16.05.2024 12:31:38
0,282.75,1508,757,27.89,68.50,0,5.65,16.05.2024 12:31:40
0,282.00,1504,757,27.90,68.49,0,5.56,16.05.2024 12:31:42
0,282.94,1509,757,27.89,68.50,0,5.67,16.05.2024 12:31:44
0,285.75,1524,757,27.90,68.48,0,5.97,16.05.2024 12:31:46
0,280.69,1497,757,27.90,68.48,0,5.42,16.05.2024 12:31:48
0,285.19,1521,756,27.92,68.50,0,5.89,16.05.2024 12:31:50
0,284.06,1515,756,27.90,68.46,0,5.79,16.05.2024 12:31:53
0,282.94,1509,756,27.92,68.48,0,5.65,16.05.2024 12:31:55
0,285.38,1522,756,27.90,68.46,0,5.93,16.05.2024 12:31:57
0,282.75,1508,755,27.89,68.50,0,5.65,16.05.2024 12:31:59
0,281.63,1502,754,27.90,68.49,0,5.52,16.05.2024 12:32:01
0,283.31,1511,754,27.90,68.49,0,5.70,16.05.2024 12:32:03
0,282.94,1509,754,27.89,68.48,0,5.67,16.05.2024 12:32:05
0,281.25,1500,753,27.90,68.50,0,5.47,16.05.2024 12:32:07
0,281.81,1503,753,27.90,68.49,0,5.54,16.05.2024 12:32:09
0,282.56,1507,753,27.92,68.45,0,5.61,16.05.2024 12:32:12
0,282.75,1508,754,27.89,68.48,0,5.65,16.05.2024 12:32:14
0,284.44,1517,754,27.89,68.51,0,5.83,16.05.2024 12:32:16
0,279.19,1489,754,27.89,68.48,0,5.27,16.05.2024 12:32:18
0,282.94,1509,753,27.90,68.46,0,5.66,16.05.2024 12:32:20
0,279.56,1491,754,27.90,68.46,0,5.31,16.05.2024 12:32:22
0,283.13,1510,753,27.89,68.48,0,5.69,16.05.2024 12:32:24
0,281.06,1499,753,27.89,68.48,0,5.47,16.05.2024 12:32:26
0,283.88,1514,753,27.89,68.50,0,5.77,16.05.2024 12:32:29
0,281.44,1501,754,27.90,68.48,0,5.50,16.05.2024 12:32:31
0,286.88,1530,754,27.92,68.48,0,6.08,16.05.2024 12:32:33
0,282.19,1505,754,27.90,68.48,0,5.58,16.05.2024 12:32:35
0,281.44,1501,755,27.90,68.47,0,5.50,16.05.2024 12:32:37
0,281.25,1500,755,27.89,68.48,0,5.49,16.05.2024 12:32:39
0,285.00,1520,755,27.90,68.48,0,5.88,16.05.2024 12:32:41
0,284.81,1519,755,27.89,68.48,0,5.87,16.05.2024 12:32:43
0,283.31,1511,755,27.90,68.49,0,5.70,16.05.2024 12:32:46
0,281.06,1499,756,27.92,68.47,0,5.45,16.05.2024 12:32:48
0,281.63,1502,756,27.90,68.47,0,5.52,16.05.2024 12:32:50
0,285.38,1522,756,27.92,68.48,0,5.91,16.05.2024 12:32:52
0,281.25,1500,756,27.90,68.52,0,5.47,16.05.2024 12:32:54
0,281.25,1500,756,27.90,68.50,0,5.47,16.05.2024 12:32:56
0,282.38,1506,756,27.90,68.48,0,5.60,16.05.2024 12:32:58
0,285.00,1520,756,27.93,68.46,0,5.86,16.05.2024 12:33:00
0,280.88,1498,756,27.90,68.49,0,5.44,16.05.2024 12:33:02
0,286.88,1530,755,27.90,68.51,0,6.08,16.05.2024 12:33:05
0,278.81,1487,755,27.92,68.45,0,5.22,16.05.2024 12:33:07
0,281.06,1499,755,27.90,68.46,0,5.46,16.05.2024 12:33:09
0,284.81,1519,754,27.90,68.49,0,5.86,16.05.2024 12:33:11
0,281.06,1499,754,27.90,68.45,0,5.46,16.05.2024 12:33:15
0,282.94,1509,754,27.90,68.49,0,5.66,16.05.2024 12:33:17
0,283.13,1510,754,27.89,68.50,0,5.69,16.05.2024 12:33:19
0,282.19,1505,754,27.92,68.46,0,5.57,16.05.2024 12:33:21
0,284.06,1515,755,27.89,68.48,0,5.79,16.05.2024 12:33:24
0,280.13,1494,755,27.90,68.48,0,5.36,16.05.2024 12:33:26
0,282.00,1504,756,27.92,68.50,0,5.54,16.05.2024 12:33:28
0,283.13,1510,756,27.90,68.48,0,5.68,16.05.2024 12:33:30
0,278.81,1487,755,27.93,68.47,0,5.20,16.05.2024 12:33:32
0,283.88,1514,755,27.92,68.47,0,5.75,16.05.2024 12:33:34
0,280.13,1494,755,27.90,68.51,0,5.35,16.05.2024 12:33:36
0,282.38,1506,755,27.90,68.52,0,5.59,16.05.2024 12:33:38
0,280.69,1497,756,27.90,68.49,0,5.42,16.05.2024 12:33:41
0,276.00,1472,755,27.90,68.50,0,4.93,16.05.2024 12:33:43
0,280.69,1497,756,27.89,68.50,0,5.43,16.05.2024 12:33:45
0,280.13,1494,755,27.89,68.52,0,5.36,16.05.2024 12:33:47
0,279.75,1492,755,27.90,68.50,0,5.32,16.05.2024 12:33:49
0,281.06,1499,755,27.92,68.49,0,5.44,16.05.2024 12:33:51
0,280.13,1494,756,27.92,68.48,0,5.35,16.05.2024 12:33:53
0,275.25,1468,756,27.90,68.50,0,4.86,16.05.2024 12:33:55
0,278.44,1485,756,27.92,68.46,0,5.18,16.05.2024 12:33:58
0,278.06,1483,757,27.90,68.52,0,5.14,16.05.2024 12:34:00
0,280.69,1497,757,27.90,68.49,0,5.42,16.05.2024 12:34:02
0,276.75,1476,757,27.92,68.51,0,4.99,16.05.2024 12:34:04
0,281.25,1500,757,27.90,68.50,0,5.47,16.05.2024 12:34:06
0,274.88,1466,757,27.89,68.48,0,4.83,16.05.2024 12:34:08
0,279.38,1490,757,27.89,68.51,0,5.29,16.05.2024 12:34:10
0,278.44,1485,758,27.90,68.49,0,5.18,16.05.2024 12:34:12
0,280.31,1495,757,27.89,68.51,0,5.38,16.05.2024 12:34:14
0,279.19,1489,757,27.90,68.50,0,5.26,16.05.2024 12:34:17
0,280.88,1498,757,27.89,68.50,0,5.45,16.05.2024 12:34:19
0,280.13,1494,757,27.90,68.47,0,5.36,16.05.2024 12:34:21
0,283.69,1513,757,27.90,68.48,0,5.74,16.05.2024 12:34:23
0,276.38,1474,758,27.89,68.51,0,4.98,16.05.2024 12:34:25
0,278.44,1485,758,27.89,68.50,0,5.19,16.05.2024 12:34:27
0,280.50,1496,757,27.89,68.51,0,5.40,16.05.2024 12:34:29
0,285.56,1523,757,27.90,68.52,0,5.94,16.05.2024 12:34:31
0,280.13,1494,757,27.93,68.52,0,5.33,16.05.2024 12:34:34
0,281.81,1503,757,27.90,68.50,0,5.53,16.05.2024 12:34:36
0,281.63,1502,757,27.90,68.48,0,5.52,16.05.2024 12:34:38
0,280.88,1498,757,27.90,68.49,0,5.44,16.05.2024 12:34:40
0,282.19,1505,757,27.89,68.48,0,5.59,16.05.2024 12:34:42
0,281.06,1499,757,27.92,68.50,0,5.44,16.05.2024 12:34:44
0,287.25,1532,758,27.92,68.50,0,6.11,16.05.2024 12:34:46
0,284.25,1516,758,27.90,68.50,0,5.80,16.05.2024 12:34:48
0,283.31,1511,758,27.89,68.51,0,5.70,16.05.2024 12:34:51
0,281.06,1499,758,27.90,68.53,0,5.45,16.05.2024 12:34:53
0,277.88,1482,757,27.89,68.50,0,5.13,16.05.2024 12:34:55
0,280.50,1496,757,27.92,68.51,0,5.38,16.05.2024 12:34:57
0,283.88,1514,757,27.90,68.51,0,5.75,16.05.2024 12:34:59
0,284.44,1517,757,27.90,68.52,0,5.81,16.05.2024 12:35:01
0,282.38,1506,757,27.92,68.52,0,5.58,16.05.2024 12:35:03
0,282.94,1509,757,27.90,68.50,0,5.65,16.05.2024 12:35:05
0,286.50,1528,758,27.90,68.48,0,6.05,16.05.2024 12:35:07
0,282.00,1504,759,27.90,68.48,0,5.56,16.05.2024 12:35:10
0,285.19,1521,759,27.90,68.53,0,5.89,16.05.2024 12:35:12
0,285.75,1524,760,27.90,68.51,0,5.96,16.05.2024 12:35:14
0,283.50,1512,759,27.90,68.49,0,5.72,16.05.2024 12:35:16
0,284.06,1515,760,27.92,68.51,0,5.76,16.05.2024 12:35:18
0,284.81,1519,760,27.90,68.47,0,5.86,16.05.2024 12:35:20
0,285.19,1521,759,27.89,68.50,0,5.91,16.05.2024 12:35:22
0,284.25,1516,759,27.89,68.48,0,5.81,16.05.2024 12:35:24
0,282.75,1508,759,27.90,68.48,0,5.64,16.05.2024 12:35:27
0,284.81,1519,758,27.92,68.50,0,5.84,16.05.2024 12:35:29
0,284.44,1517,758,27.92,68.48,0,5.81,16.05.2024 12:35:31
0,280.13,1494,757,27.89,68.48,0,5.37,16.05.2024 12:35:33
0,284.06,1515,757,27.92,68.50,0,5.76,16.05.2024 12:35:35
0,285.56,1523,757,27.89,68.48,0,5.96,16.05.2024 12:35:37
0,283.13,1510,758,27.90,68.48,0,5.68,16.05.2024 12:35:39
0,281.63,1502,758,27.92,68.49,0,5.50,16.05.2024 12:35:41
0,284.63,1518,759,27.90,68.50,0,5.84,16.05.2024 12:35:44
0,282.94,1509,759,27.90,68.51,0,5.65,16.05.2024 12:35:46
0,281.06,1499,759,27.90,68.45,0,5.46,16.05.2024 12:35:48
0,282.38,1506,759,27.90,68.50,0,5.59,16.05.2024 12:35:50
0,285.75,1524,760,27.92,68.48,0,5.95,16.05.2024 12:35:52
0,279.94,1493,760,27.90,68.48,0,5.34,16.05.2024 12:35:54
0,282.19,1505,759,27.89,68.48,0,5.59,16.05.2024 12:35:56
0,281.81,1503,759,27.93,68.50,0,5.51,16.05.2024 12:35:58
0,282.94,1509,759,27.92,68.49,0,5.64,16.05.2024 12:36:00
0,282.19,1505,759,27.92,68.49,0,5.56,16.05.2024 12:36:03
0,284.81,1519,759,27.93,68.49,0,5.83,16.05.2024 12:36:05
0,284.81,1519,758,27.92,68.49,0,5.85,16.05.2024 12:36:07
0,284.63,1518,758,27.92,68.50,0,5.82,16.05.2024 12:36:09
0,283.69,1513,758,27.93,68.47,0,5.72,16.05.2024 12:36:11
0,281.25,1500,759,27.92,68.46,0,5.47,16.05.2024 12:36:13
0,280.88,1498,759,27.90,68.49,0,5.44,16.05.2024 12:36:15
0,281.25,1500,759,27.92,68.46,0,5.47,16.05.2024 12:36:17
0,281.63,1502,759,27.90,68.52,0,5.51,16.05.2024 12:36:20
0,285.75,1524,760,27.90,68.49,0,5.96,16.05.2024 12:36:22
0,285.56,1523,760,27.92,68.47,0,5.93,16.05.2024 12:36:24
0,282.75,1508,761,27.90,68.50,0,5.63,16.05.2024 12:36:26
0,286.31,1527,761,27.93,68.52,0,6.00,16.05.2024 12:36:28
0,279.94,1493,762,27.92,68.50,0,5.32,16.05.2024 12:36:30
0,284.63,1518,762,27.90,68.49,0,5.84,16.05.2024 12:36:32
0,283.88,1514,762,27.92,68.50,0,5.74,16.05.2024 12:36:34
0,285.00,1520,762,27.90,68.46,0,5.89,16.05.2024 12:36:37
0,291.38,1554,762,27.93,68.49,0,6.57,16.05.2024 12:36:39
0,281.81,1503,761,27.92,68.52,0,5.52,16.05.2024 12:36:41
0,283.69,1513,762,27.90,68.48,0,5.74,16.05.2024 12:36:43
0,283.50,1512,762,27.92,68.45,0,5.71,16.05.2024 12:36:45
0,282.94,1509,762,27.92,68.46,0,5.65,16.05.2024 12:36:47
0,282.19,1505,762,27.93,68.50,0,5.55,16.05.2024 12:36:49
0,280.88,1498,763,27.92,68.47,0,5.43,16.05.2024 12:36:51
0,281.63,1502,763,27.95,68.48,0,5.48,16.05.2024 12:36:53
0,280.13,1494,763,27.90,68.46,0,5.36,16.05.2024 12:36:56
0,281.81,1503,763,27.92,68.47,0,5.53,16.05.2024 12:36:58
0,280.31,1495,763,27.92,68.48,0,5.37,16.05.2024 12:37:00
0,286.50,1528,763,27.90,68.46,0,6.05,16.05.2024 12:37:02
0,283.50,1512,764,27.93,68.46,0,5.70,16.05.2024 12:37:04
0,282.75,1508,764,27.93,68.47,0,5.62,16.05.2024 12:37:06
0,281.81,1503,764,27.92,68.48,0,5.53,16.05.2024 12:37:08
0,283.88,1514,764,27.92,68.50,0,5.74,16.05.2024 12:37:10
0,281.81,1503,763,27.93,68.46,0,5.52,16.05.2024 12:37:13
0,287.06,1531,763,27.92,68.48,0,6.10,16.05.2024 12:37:15
0,284.25,1516,763,27.90,68.44,0,5.81,16.05.2024 12:37:17
0,286.88,1530,763,27.93,68.48,0,6.06,16.05.2024 12:37:19
0,282.56,1507,764,27.92,68.49,0,5.60,16.05.2024 12:37:21
0,283.13,1510,764,27.92,68.48,0,5.67,16.05.2024 12:37:23
0,282.19,1505,765,27.93,68.48,0,5.55,16.05.2024 12:37:25
0,282.00,1504,765,27.92,68.44,0,5.55,16.05.2024 12:37:27
0,280.13,1494,765,27.92,68.46,0,5.35,16.05.2024 12:37:30
0,281.25,1500,766,27.92,68.49,0,5.46,16.05.2024 12:37:32
0,278.25,1484,765,27.93,68.49,0,5.14,16.05.2024 12:37:34
0,282.19,1505,765,27.92,68.46,0,5.57,16.05.2024 12:37:36
0,286.69,1529,766,27.93,68.47,0,6.05,16.05.2024 12:37:38
0,283.31,1511,765,27.92,68.50,0,5.68,16.05.2024 12:37:40
0,282.00,1504,765,27.90,68.42,0,5.57,16.05.2024 12:37:42
0,282.38,1506,765,27.92,68.46,0,5.59,16.05.2024 12:37:44
0,282.56,1507,765,27.90,68.47,0,5.62,16.05.2024 12:37:46
0,280.69,1497,766,27.92,68.50,0,5.40,16.05.2024 12:37:49
0,279.75,1492,765,27.92,68.47,0,5.31,16.05.2024 12:37:51
0,281.81,1503,766,27.92,68.46,0,5.53,16.05.2024 12:37:53
0,282.38,1506,766,27.90,68.48,0,5.60,16.05.2024 12:37:55
0,282.94,1509,766,27.93,68.49,0,5.63,16.05.2024 12:37:57
0,285.94,1525,766,27.93,68.47,0,5.96,16.05.2024 12:37:59
0,285.56,1523,765,27.92,68.49,0,5.93,16.05.2024 12:38:01
0,283.31,1511,765,27.89,68.46,0,5.71,16.05.2024 12:38:03
0,279.00,1488,765,27.90,68.44,0,5.25,16.05.2024 12:38:06
0,283.69,1513,765,27.92,68.44,0,5.74,16.05.2024 12:38:08
0,283.69,1513,765,27.90,68.46,0,5.74,16.05.2024 12:38:10
0,284.81,1519,765,27.92,68.51,0,5.84,16.05.2024 12:38:12
0,284.81,1519,765,27.95,68.46,0,5.83,16.05.2024 12:38:14
0,283.13,1510,766,27.92,68.46,0,5.67,16.05.2024 12:38:16
0,282.19,1505,765,27.93,68.45,0,5.56,16.05.2024 12:38:18
0,281.44,1501,766,27.93,68.45,0,5.48,16.05.2024 12:38:20
0,283.13,1510,767,27.92,68.47,0,5.67,16.05.2024 12:38:23
0,282.56,1507,767,27.90,68.45,0,5.62,16.05.2024 12:38:25
0,281.25,1500,767,27.92,68.48,0,5.47,16.05.2024 12:38:27
0,280.88,1498,767,27.92,68.45,0,5.43,16.05.2024 12:38:31
0,279.00,1488,767,27.90,68.46,0,5.25,16.05.2024 12:38:33
0,279.38,1490,768,27.93,68.48,0,5.26,16.05.2024 12:38:35
0,280.13,1494,767,27.90,68.47,0,5.36,16.05.2024 12:38:37
0,279.56,1491,767,27.93,68.48,0,5.28,16.05.2024 12:38:39
0,279.38,1490,767,27.92,68.50,0,5.26,16.05.2024 12:38:41
0,278.63,1486,768,27.92,68.47,0,5.19,16.05.2024 12:38:44
0,282.94,1509,768,27.92,68.47,0,5.65,16.05.2024 12:38:46
0,280.13,1494,767,27.93,68.45,0,5.34,16.05.2024 12:38:48
0,281.06,1499,767,27.92,68.45,0,5.45,16.05.2024 12:38:50
0,277.88,1482,767,27.93,68.47,0,5.10,16.05.2024 12:38:52
0,278.25,1484,768,27.93,68.45,0,5.15,16.05.2024 12:38:54
0,276.56,1475,768,27.89,68.46,0,5.01,16.05.2024 12:38:56
0,279.75,1492,769,27.92,68.46,0,5.31,16.05.2024 12:38:58
0,277.69,1481,769,27.93,68.52,0,5.08,16.05.2024 12:39:01
0,280.50,1496,770,27.92,68.48,0,5.39,16.05.2024 12:39:03
0,276.94,1477,770,27.93,68.46,0,5.01,16.05.2024 12:39:05
0,280.69,1497,771,27.92,68.47,0,5.41,16.05.2024 12:39:07
0,279.94,1493,771,27.90,68.48,0,5.34,16.05.2024 12:39:09
0,278.06,1483,771,27.89,68.48,0,5.16,16.05.2024 12:39:11
0,277.88,1482,771,27.92,68.48,0,5.11,16.05.2024 12:39:13
0,279.75,1492,771,27.92,68.48,0,5.31,16.05.2024 12:39:15
0,278.63,1486,771,27.92,68.47,0,5.19,16.05.2024 12:39:18
0,278.44,1485,771,27.92,68.49,0,5.17,16.05.2024 12:39:20
0,277.50,1480,771,27.92,68.48,0,5.08,16.05.2024 12:39:22
0,281.06,1499,771,27.90,68.49,0,5.46,16.05.2024 12:39:24
0,279.56,1491,771,27.93,68.46,0,5.28,16.05.2024 12:39:26
0,280.69,1497,771,27.90,68.48,0,5.42,16.05.2024 12:39:28
0,276.94,1477,771,27.90,68.47,0,5.03,16.05.2024 12:39:30
0,282.56,1507,771,27.92,68.47,0,5.61,16.05.2024 12:39:32
0,278.63,1486,771,27.93,68.48,0,5.18,16.05.2024 12:39:34
0,279.19,1489,771,27.92,68.47,0,5.25,16.05.2024 12:39:37
0,280.88,1498,771,27.90,68.47,0,5.44,16.05.2024 12:39:39
0,279.75,1492,771,27.90,68.47,0,5.32,16.05.2024 12:39:41
0,279.56,1491,771,27.92,68.48,0,5.29,16.05.2024 12:39:43
0,279.19,1489,771,27.92,68.47,0,5.25,16.05.2024 12:39:45
0,283.88,1514,771,27.92,68.45,0,5.75,16.05.2024 12:39:47
0,285.00,1520,770,27.96,68.48,0,5.83,16.05.2024 12:39:49
0,283.13,1510,771,27.93,68.46,0,5.66,16.05.2024 12:39:51
0,286.50,1528,771,27.90,68.46,0,6.05,16.05.2024 12:39:54
0,283.88,1514,772,27.90,68.42,0,5.77,16.05.2024 12:39:56
0,283.50,1512,772,27.93,68.46,0,5.70,16.05.2024 12:39:58
0,280.31,1495,773,27.89,68.48,0,5.39,16.05.2024 12:40:00
0,282.00,1504,773,27.92,68.48,0,5.55,16.05.2024 12:40:02
0,285.38,1522,773,27.92,68.46,0,5.91,16.05.2024 12:40:04
0,283.69,1513,773,27.93,68.48,0,5.71,16.05.2024 12:40:06
0,281.25,1500,773,27.93,68.44,0,5.46,16.05.2024 12:40:08
0,283.13,1510,774,27.93,68.47,0,5.66,16.05.2024 12:40:11
0,282.38,1506,774,27.92,68.45,0,5.59,16.05.2024 12:40:13
0,281.25,1500,774,27.93,68.52,0,5.45,16.05.2024 12:40:15
0,281.44,1501,775,27.90,68.45,0,5.50,16.05.2024 12:40:17
0,285.75,1524,775,27.92,68.48,0,5.95,16.05.2024 12:40:19
0,282.94,1509,775,27.93,68.48,0,5.63,16.05.2024 12:40:21
0,282.00,1504,775,27.92,68.47,0,5.55,16.05.2024 12:40:23
0,281.44,1501,774,27.90,68.49,0,5.50,16.05.2024 12:40:25
0,283.50,1512,774,27.93,68.50,0,5.69,16.05.2024 12:40:27
0,287.06,1531,774,27.92,68.46,0,6.10,16.05.2024 12:40:30
0,285.19,1521,774,27.95,68.48,0,5.87,16.05.2024 12:40:32
0,284.44,1517,774,27.93,68.46,0,5.80,16.05.2024 12:40:34
0,282.56,1507,774,27.92,68.46,0,5.61,16.05.2024 12:40:36
0,281.25,1500,774,27.92,68.49,0,5.46,16.05.2024 12:40:38
0,280.50,1496,775,27.93,68.47,0,5.38,16.05.2024 12:40:40
0,285.00,1520,775,27.90,68.49,0,5.88,16.05.2024 12:40:42
0,283.13,1510,775,27.95,68.48,0,5.64,16.05.2024 12:40:44
0,285.56,1523,776,27.92,68.47,0,5.93,16.05.2024 12:40:47
0,279.94,1493,776,27.90,68.45,0,5.35,16.05.2024 12:40:49
0,281.81,1503,776,27.92,68.47,0,5.53,16.05.2024 12:40:51
0,279.75,1492,776,27.90,68.49,0,5.32,16.05.2024 12:40:53
0,280.50,1496,776,27.90,68.49,0,5.40,16.05.2024 12:40:55
0,282.56,1507,775,27.93,68.49,0,5.59,16.05.2024 12:40:57
0,278.63,1486,776,27.93,68.48,0,5.18,16.05.2024 12:40:59
0,283.31,1511,776,27.92,68.47,0,5.69,16.05.2024 12:41:01
0,285.00,1520,776,27.93,68.49,0,5.86,16.05.2024 12:41:04
0,280.31,1495,777,27.92,68.47,0,5.37,16.05.2024 12:41:06
0,284.06,1515,777,27.93,68.47,0,5.76,16.05.2024 12:41:08
0,286.13,1526,777,27.90,68.44,0,6.02,16.05.2024 12:41:10
0,284.25,1516,778,27.92,68.49,0,5.78,16.05.2024 12:41:12
0,285.94,1525,777,27.93,68.46,0,5.97,16.05.2024 12:41:14
0,280.69,1497,778,27.93,68.48,0,5.39,16.05.2024 12:41:16
0,279.75,1492,778,27.92,68.47,0,5.31,16.05.2024 12:41:18
0,286.31,1527,777,27.93,68.46,0,6.01,16.05.2024 12:41:20
0,282.00,1504,777,27.93,68.48,0,5.53,16.05.2024 12:41:23
0,284.63,1518,777,27.95,68.48,0,5.80,16.05.2024 12:41:25
0,280.69,1497,778,27.93,68.46,0,5.40,16.05.2024 12:41:27
0,283.31,1511,779,27.92,68.46,0,5.69,16.05.2024 12:41:29
0,282.75,1508,779,27.90,68.49,0,5.64,16.05.2024 12:41:31
0,282.75,1508,779,27.92,68.48,0,5.63,16.05.2024 12:41:33
0,284.25,1516,780,27.92,68.47,0,5.79,16.05.2024 12:41:35
0,282.38,1506,780,27.93,68.42,0,5.59,16.05.2024 12:41:37
0,281.06,1499,781,27.93,68.44,0,5.44,16.05.2024 12:41:40
0,277.69,1481,781,27.93,68.45,0,5.09,16.05.2024 12:41:42
0,284.25,1516,781,27.92,68.47,0,5.79,16.05.2024 12:41:44
0,282.94,1509,781,27.92,68.45,0,5.65,16.05.2024 12:41:46
0,282.94,1509,781,27.92,68.46,0,5.65,16.05.2024 12:41:48
0,285.56,1523,781,27.93,68.49,0,5.92,16.05.2024 12:41:50
0,281.81,1503,781,27.93,68.46,0,5.52,16.05.2024 12:41:52
0,281.06,1499,782,27.92,68.44,0,5.45,16.05.2024 12:41:54
0,282.75,1508,783,27.92,68.47,0,5.63,16.05.2024 12:41:57
0,282.94,1509,783,27.93,68.45,0,5.64,16.05.2024 12:41:59
0,283.69,1513,783,27.93,68.47,0,5.72,16.05.2024 12:42:01
0,281.81,1503,783,27.95,68.46,0,5.51,16.05.2024 12:42:03
0,281.63,1502,783,27.92,68.44,0,5.51,16.05.2024 12:42:05
0,282.19,1505,784,27.93,68.45,0,5.56,16.05.2024 12:42:07
0,282.19,1505,784,27.96,68.47,0,5.53,16.05.2024 12:42:09
0,279.75,1492,784,27.90,68.46,0,5.33,16.05.2024 12:42:11
0,283.88,1514,783,27.93,68.47,0,5.74,16.05.2024 12:42:13
0,282.00,1504,783,27.92,68.47,0,5.55,16.05.2024 12:42:16
0,280.88,1498,783,27.92,68.46,0,5.43,16.05.2024 12:42:18
0,283.69,1513,782,27.93,68.45,0,5.72,16.05.2024 12:42:20
0,285.00,1520,782,27.93,68.46,0,5.86,16.05.2024 12:42:22
0,283.31,1511,782,27.95,68.48,0,5.66,16.05.2024 12:42:24
0,279.38,1490,783,27.95,68.46,0,5.25,16.05.2024 12:42:26
0,283.13,1510,783,27.95,68.48,0,5.64,16.05.2024 12:42:28
0,282.19,1505,783,27.95,68.46,0,5.55,16.05.2024 12:42:30
0,282.38,1506,782,27.93,68.50,0,5.57,16.05.2024 12:42:33
0,281.25,1500,783,27.93,68.44,0,5.46,16.05.2024 12:42:35
0,283.31,1511,782,27.92,68.44,0,5.69,16.05.2024 12:42:37
0,285.38,1522,782,27.95,68.43,0,5.90,16.05.2024 12:42:39
0,282.00,1504,782,27.95,68.48,0,5.52,16.05.2024 12:42:41
0,278.63,1486,781,27.92,68.46,0,5.19,16.05.2024 12:42:43
0,281.06,1499,781,27.93,68.46,0,5.44,16.05.2024 12:42:45
0,280.88,1498,781,27.92,68.47,0,5.43,16.05.2024 12:42:47
0,281.63,1502,781,27.93,68.45,0,5.50,16.05.2024 12:42:50
0,284.63,1518,781,27.92,68.47,0,5.83,16.05.2024 12:42:52
0,282.38,1506,782,27.95,68.44,0,5.57,16.05.2024 12:42:54
0,281.25,1500,781,27.95,68.46,0,5.45,16.05.2024 12:42:56
0,282.75,1508,781,27.95,68.48,0,5.60,16.05.2024 12:42:58
0,280.31,1495,781,27.93,68.46,0,5.36,16.05.2024 12:43:00
0,282.56,1507,781,27.92,68.47,0,5.61,16.05.2024 12:43:02
0,280.69,1497,781,27.93,68.46,0,5.40,16.05.2024 12:43:04
0,282.94,1509,781,27.92,68.46,0,5.65,16.05.2024 12:43:06
0,280.31,1495,781,27.95,68.48,0,5.35,16.05.2024 12:43:09
0,283.13,1510,782,27.95,68.46,0,5.65,16.05.2024 12:43:11
0,281.25,1500,783,27.95,68.48,0,5.44,16.05.2024 12:43:13
0,283.31,1511,783,27.93,68.46,0,5.68,16.05.2024 12:43:15
0,281.63,1502,783,27.93,68.45,0,5.50,16.05.2024 12:43:17
0,279.75,1492,783,27.93,68.43,0,5.31,16.05.2024 12:43:19
0,281.44,1501,784,27.95,68.46,0,5.47,16.05.2024 12:43:21
0,278.81,1487,784,27.95,68.46,0,5.19,16.05.2024 12:43:25
0,281.44,1501,785,27.95,68.43,0,5.47,16.05.2024 12:43:28
0,283.50,1512,785,27.93,68.46,0,5.70,16.05.2024 12:43:30
0,285.38,1522,786,27.95,68.44,0,5.90,16.05.2024 12:43:32
0,282.19,1505,786,27.93,68.46,0,5.56,16.05.2024 12:43:34
0,282.00,1504,786,27.95,68.43,0,5.53,16.05.2024 12:43:36
0,280.50,1496,786,27.90,68.47,0,5.40,16.05.2024 12:43:38
0,277.69,1481,787,27.96,68.46,0,5.07,16.05.2024 12:43:40
0,277.13,1478,786,27.92,68.45,0,5.04,16.05.2024 12:43:42
0,279.56,1491,787,27.96,68.45,0,5.26,16.05.2024 12:43:45
0,278.63,1486,787,27.93,68.46,0,5.18,16.05.2024 12:43:47
0,279.94,1493,788,27.95,68.43,0,5.32,16.05.2024 12:43:49
0,276.56,1475,788,27.93,68.46,0,4.97,16.05.2024 12:43:51
0,276.00,1472,789,27.93,68.44,0,4.92,16.05.2024 12:43:53
0,279.19,1489,788,27.93,68.46,0,5.24,16.05.2024 12:43:55
0,277.88,1482,788,27.92,68.47,0,5.12,16.05.2024 12:43:57
0,280.88,1498,788,27.93,68.43,0,5.42,16.05.2024 12:43:59
0,278.63,1486,788,27.92,68.45,0,5.20,16.05.2024 12:44:02
0,276.00,1472,788,27.93,68.47,0,4.91,16.05.2024 12:44:04
0,279.00,1488,788,27.92,68.47,0,5.23,16.05.2024 12:44:06
0,280.50,1496,788,27.93,68.49,0,5.37,16.05.2024 12:44:08
0,276.94,1477,787,27.92,68.50,0,5.01,16.05.2024 12:44:10
0,275.25,1468,788,27.93,68.47,0,4.84,16.05.2024 12:44:12
0,277.88,1482,788,27.95,68.46,0,5.10,16.05.2024 12:44:14
0,279.38,1490,788,27.95,68.43,0,5.26,16.05.2024 12:44:16
0,276.94,1477,788,27.92,68.46,0,5.02,16.05.2024 12:44:19
0,279.38,1490,788,27.95,68.48,0,5.25,16.05.2024 12:44:21
0,278.25,1484,788,27.92,68.47,0,5.15,16.05.2024 12:44:23
0,279.19,1489,789,27.93,68.45,0,5.24,16.05.2024 12:44:25
0,283.69,1513,789,27.93,68.46,0,5.72,16.05.2024 12:44:27
0,278.81,1487,788,27.93,68.48,0,5.20,16.05.2024 12:44:29
0,278.81,1487,788,27.95,68.43,0,5.20,16.05.2024 12:44:31
0,283.69,1513,788,27.95,68.48,0,5.71,16.05.2024 12:44:33
0,278.06,1483,788,27.92,68.48,0,5.13,16.05.2024 12:44:35
0,283.50,1512,788,27.96,68.50,0,5.67,16.05.2024 12:44:38
0,283.88,1514,789,27.92,68.48,0,5.75,16.05.2024 12:44:40
0,281.81,1503,788,27.92,68.46,0,5.53,16.05.2024 12:44:42
0,284.81,1519,789,27.95,68.48,0,5.83,16.05.2024 12:44:44
0,281.63,1502,789,27.93,68.49,0,5.49,16.05.2024 12:44:46
0,282.75,1508,789,27.93,68.45,0,5.62,16.05.2024 12:44:48
0,283.13,1510,789,27.95,68.48,0,5.64,16.05.2024 12:44:50
0,281.81,1503,790,27.93,68.45,0,5.52,16.05.2024 12:44:52
0,282.00,1504,789,27.93,68.46,0,5.54,16.05.2024 12:44:55
0,282.94,1509,788,27.92,68.49,0,5.64,16.05.2024 12:44:57
0,281.44,1501,788,27.92,68.44,0,5.49,16.05.2024 12:44:59
0,280.50,1496,789,27.93,68.49,0,5.37,16.05.2024 12:45:01
0,280.88,1498,789,27.93,68.44,0,5.42,16.05.2024 12:45:03
0,284.44,1517,788,27.95,68.48,0,5.79,16.05.2024 12:45:05
0,283.88,1514,788,27.93,68.47,0,5.74,16.05.2024 12:45:07
0,283.88,1514,788,27.92,68.45,0,5.75,16.05.2024 12:45:09
0,281.81,1503,788,27.93,68.44,0,5.52,16.05.2024 12:45:11
0,283.88,1514,789,27.95,68.48,0,5.73,16.05.2024 12:45:14
0,284.06,1515,788,27.92,68.44,0,5.78,16.05.2024 12:45:16
0,282.75,1508,789,27.93,68.47,0,5.62,16.05.2024 12:45:18
0,286.13,1526,789,27.95,68.48,0,5.97,16.05.2024 12:45:20
0,282.19,1505,789,27.93,68.45,0,5.56,16.05.2024 12:45:22
0,277.50,1480,789,27.95,68.46,0,5.06,16.05.2024 12:45:24
0,280.50,1496,789,27.92,68.46,0,5.39,16.05.2024 12:45:26
0,285.00,1520,789,27.92,68.48,0,5.87,16.05.2024 12:45:28
0,282.75,1508,789,27.93,68.47,0,5.62,16.05.2024 12:45:31
0,279.94,1493,790,27.92,68.47,0,5.33,16.05.2024 12:45:33
0,281.25,1500,789,27.92,68.48,0,5.47,16.05.2024 12:45:35
0,282.94,1509,789,27.92,68.45,0,5.65,16.05.2024 12:45:37
0,284.81,1519,789,27.93,68.41,0,5.85,16.05.2024 12:45:39
0,283.31,1511,790,27.93,68.48,0,5.67,16.05.2024 12:45:41
0,284.25,1516,790,27.96,68.47,0,5.75,16.05.2024 12:45:43
0,284.06,1515,790,27.92,68.46,0,5.77,16.05.2024 12:45:45
0,279.38,1490,790,27.93,68.45,0,5.26,16.05.2024 12:45:48
0,279.19,1489,790,27.95,68.46,0,5.23,16.05.2024 12:45:50
0,283.13,1510,790,27.93,68.50,0,5.65,16.05.2024 12:45:52
0,289.13,1542,790,27.95,68.46,0,6.31,16.05.2024 12:45:54
0,281.44,1501,790,27.92,68.48,0,5.49,16.05.2024 12:45:56
0,283.88,1514,790,27.95,68.44,0,5.73,16.05.2024 12:45:58
0,284.06,1515,791,27.95,68.48,0,5.74,16.05.2024 12:46:00
0,284.44,1517,791,27.93,68.44,0,5.80,16.05.2024 12:46:02
0,283.31,1511,791,27.93,68.44,0,5.68,16.05.2024 12:46:04
0,282.94,1509,791,27.93,68.47,0,5.64,16.05.2024 12:46:07
0,281.44,1501,790,27.93,68.48,0,5.47,16.05.2024 12:46:09
0,281.63,1502,790,27.95,68.43,0,5.49,16.05.2024 12:46:11
0,279.94,1493,790,27.92,68.44,0,5.34,16.05.2024 12:46:13
0,284.63,1518,790,27.93,68.43,0,5.83,16.05.2024 12:46:15
0,280.88,1498,790,27.95,68.46,0,5.41,16.05.2024 12:46:17
0,284.44,1517,791,27.95,68.43,0,5.80,16.05.2024 12:46:19
0,284.63,1518,790,27.93,68.45,0,5.82,16.05.2024 12:46:21
0,281.25,1500,791,27.93,68.43,0,5.46,16.05.2024 12:46:24
0,284.25,1516,790,27.93,68.45,0,5.78,16.05.2024 12:46:26
0,284.25,1516,791,27.95,68.48,0,5.76,16.05.2024 12:46:28
0,281.63,1502,791,27.92,68.46,0,5.51,16.05.2024 12:46:30
0,281.25,1500,791,27.93,68.47,0,5.46,16.05.2024 12:46:32
0,278.25,1484,791,27.93,68.48,0,5.14,16.05.2024 12:46:34
0,280.69,1497,790,27.92,68.44,0,5.41,16.05.2024 12:46:36
0,281.81,1503,791,27.92,68.45,0,5.53,16.05.2024 12:46:38
0,279.00,1488,791,27.92,68.44,0,5.24,16.05.2024 12:46:41
0,281.06,1499,791,27.95,68.46,0,5.43,16.05.2024 12:46:43
0,282.38,1506,790,27.95,68.46,0,5.57,16.05.2024 12:46:45
0,280.69,1497,790,27.96,68.46,0,5.38,16.05.2024 12:46:47
0,282.94,1509,789,27.95,68.46,0,5.63,16.05.2024 12:46:49
0,281.81,1503,789,27.92,68.45,0,5.53,16.05.2024 12:46:51
0,280.13,1494,789,27.95,68.42,0,5.34,16.05.2024 12:46:53
0,279.56,1491,789,27.96,68.48,0,5.25,16.05.2024 12:46:55
0,282.94,1509,789,27.95,68.46,0,5.63,16.05.2024 12:46:57
0,279.19,1489,790,27.93,68.47,0,5.24,16.05.2024 12:47:00
0,282.19,1505,789,27.90,68.44,0,5.59,16.05.2024 12:47:02
0,276.75,1476,789,27.95,68.46,0,4.98,16.05.2024 12:47:04
0,285.94,1525,789,27.95,68.48,0,5.95,16.05.2024 12:47:06
0,279.00,1488,789,27.93,68.44,0,5.23,16.05.2024 12:47:08
0,280.50,1496,790,27.96,68.47,0,5.35,16.05.2024 12:47:10
0,281.44,1501,790,27.93,68.44,0,5.48,16.05.2024 12:47:12
0,283.13,1510,790,27.95,68.51,0,5.64,16.05.2024 12:47:14
0,281.63,1502,790,27.93,68.44,0,5.50,16.05.2024 12:47:17
0,284.25,1516,791,27.93,68.45,0,5.78,16.05.2024 12:47:19
0,280.69,1497,790,27.95,68.43,0,5.39,16.05.2024 12:47:21
0,285.56,1523,791,27.95,68.46,0,5.91,16.05.2024 12:47:23
0,279.94,1493,791,27.93,68.43,0,5.33,16.05.2024 12:47:25
0,279.00,1488,791,27.95,68.43,0,5.22,16.05.2024 12:47:27
0,280.88,1498,791,27.96,68.44,0,5.40,16.05.2024 12:47:29
0,282.00,1504,792,27.93,68.46,0,5.54,16.05.2024 12:47:31
0,282.19,1505,791,27.95,68.48,0,5.54,16.05.2024 12:47:34
0,281.81,1503,791,27.95,68.44,0,5.51,16.05.2024 12:47:36
0,281.44,1501,791,27.93,68.47,0,5.48,16.05.2024 12:47:38
0,282.94,1509,791,27.95,68.48,0,5.62,16.05.2024 12:47:40
0,280.50,1496,790,27.93,68.45,0,5.38,16.05.2024 12:47:42
0,282.94,1509,790,27.93,68.45,0,5.64,16.05.2024 12:47:44
0,284.63,1518,791,27.92,68.47,0,5.83,16.05.2024 12:47:46
0,281.25,1500,791,27.95,68.44,0,5.45,16.05.2024 12:47:48
0,280.88,1498,791,27.92,68.45,0,5.43,16.05.2024 12:47:51
0,278.81,1487,790,27.93,68.45,0,5.21,16.05.2024 12:47:53
0,282.75,1508,790,27.95,68.46,0,5.61,16.05.2024 12:47:55
0,279.00,1488,791,27.93,68.44,0,5.23,16.05.2024 12:47:57
0,285.19,1521,791,27.96,68.43,0,5.86,16.05.2024 12:47:59
0,280.13,1494,791,27.93,68.45,0,5.34,16.05.2024 12:48:01
0,281.63,1502,792,27.93,68.45,0,5.50,16.05.2024 12:48:03
0,280.13,1494,791,27.93,68.47,0,5.34,16.05.2024 12:48:05
0,279.75,1492,791,27.92,68.44,0,5.32,16.05.2024 12:48:07
0,280.50,1496,791,27.95,68.43,0,5.37,16.05.2024 12:48:10
0,282.38,1506,790,27.93,68.44,0,5.58,16.05.2024 12:48:14
0,280.13,1494,791,27.96,68.46,0,5.32,16.05.2024 12:48:16
0,280.31,1495,790,27.93,68.46,0,5.36,16.05.2024 12:48:18
0,281.25,1500,790,27.93,68.45,0,5.46,16.05.2024 12:48:20
0,279.19,1489,790,27.93,68.43,0,5.25,16.05.2024 12:48:22
0,282.94,1509,790,27.93,68.42,0,5.65,16.05.2024 12:48:24
0,280.50,1496,790,27.92,68.44,0,5.39,16.05.2024 12:48:26
0,279.56,1491,790,27.95,68.46,0,5.27,16.05.2024 12:48:29
0,279.38,1490,790,27.95,68.46,0,5.25,16.05.2024 12:48:31
0,279.00,1488,790,27.93,68.45,0,5.22,16.05.2024 12:48:33
0,275.81,1471,791,27.93,68.46,0,4.90,16.05.2024 12:48:35
0,279.19,1489,791,27.96,68.45,0,5.22,16.05.2024 12:48:37
0,280.69,1497,791,27.92,68.43,0,5.42,16.05.2024 12:48:39
0,276.38,1474,791,27.93,68.45,0,4.96,16.05.2024 12:48:41
0,278.25,1484,791,27.93,68.45,0,5.15,16.05.2024 12:48:43
0,277.88,1482,791,27.93,68.46,0,5.11,16.05.2024 12:48:46
0,278.25,1484,791,27.96,68.48,0,5.12,16.05.2024 12:48:48
0,275.81,1471,791,27.92,68.44,0,4.91,16.05.2024 12:48:50
0,277.50,1480,792,27.93,68.47,0,5.07,16.05.2024 12:48:52
0,275.25,1468,792,27.93,68.44,0,4.84,16.05.2024 12:48:54
0,276.00,1472,792,27.92,68.45,0,4.93,16.05.2024 12:48:56
0,278.06,1483,792,27.95,68.46,0,5.12,16.05.2024 12:48:58
0,277.69,1481,793,27.93,68.47,0,5.09,16.05.2024 12:49:00
0,276.56,1475,792,27.90,68.44,0,5.00,16.05.2024 12:49:02
0,275.81,1471,792,27.92,68.46,0,4.91,16.05.2024 12:49:05
0,279.56,1491,792,27.93,68.42,0,5.29,16.05.2024 12:49:07
0,274.88,1466,792,27.93,68.44,0,4.81,16.05.2024 12:49:09
0,281.81,1503,792,27.92,68.47,0,5.53,16.05.2024 12:49:11
0,277.88,1482,792,27.92,68.45,0,5.12,16.05.2024 12:49:13
0,280.31,1495,792,27.93,68.42,0,5.37,16.05.2024 12:49:15
0,279.56,1491,792,27.95,68.46,0,5.27,16.05.2024 12:49:17
0,284.25,1516,792,27.93,68.46,0,5.78,16.05.2024 12:49:19
0,279.94,1493,792,27.93,68.46,0,5.32,16.05.2024 12:49:22
0,281.63,1502,792,27.93,68.41,0,5.51,16.05.2024 12:49:24
0,278.81,1487,792,27.96,68.46,0,5.18,16.05.2024 12:49:26
0,283.31,1511,792,27.93,68.48,0,5.67,16.05.2024 12:49:28
0,280.13,1494,792,27.95,68.43,0,5.33,16.05.2024 12:49:30
0,280.69,1497,792,27.93,68.45,0,5.40,16.05.2024 12:49:32
0,282.19,1505,792,27.93,68.45,0,5.56,16.05.2024 12:49:34
0,281.06,1499,791,27.92,68.45,0,5.45,16.05.2024 12:49:36
0,281.06,1499,791,27.95,68.44,0,5.43,16.05.2024 12:49:39
0,282.38,1506,791,27.95,68.44,0,5.57,16.05.2024 12:49:41
0,280.31,1495,791,27.93,68.47,0,5.36,16.05.2024 12:49:43
0,278.06,1483,791,27.95,68.46,0,5.12,16.05.2024 12:49:45
0,279.94,1493,791,27.93,68.46,0,5.32,16.05.2024 12:49:47
0,282.38,1506,791,27.93,68.46,0,5.58,16.05.2024 12:49:49
0,284.25,1516,792,27.93,68.45,0,5.78,16.05.2024 12:49:51
0,283.50,1512,792,27.95,68.46,0,5.69,16.05.2024 12:49:53
0,284.81,1519,792,27.93,68.47,0,5.84,16.05.2024 12:49:55
0,279.19,1489,791,27.95,68.48,0,5.23,16.05.2024 12:49:58
0,282.75,1508,791,27.93,68.46,0,5.62,16.05.2024 12:50:00
0,282.75,1508,791,27.95,68.44,0,5.61,16.05.2024 12:50:02
0,283.31,1511,792,27.95,68.46,0,5.67,16.05.2024 12:50:04
0,284.25,1516,792,27.96,68.49,0,5.75,16.05.2024 12:50:06
0,285.75,1524,792,27.95,68.48,0,5.93,16.05.2024 12:50:08
0,285.19,1521,792,27.93,68.47,0,5.88,16.05.2024 12:50:10
0,281.81,1503,792,27.93,68.45,0,5.52,16.05.2024 12:50:12
0,276.75,1476,792,27.93,68.49,0,4.99,16.05.2024 12:50:15
0,282.94,1509,792,27.95,68.43,0,5.63,16.05.2024 12:50:17
0,283.31,1511,792,27.95,68.44,0,5.67,16.05.2024 12:50:19
0,284.63,1518,792,27.95,68.48,0,5.80,16.05.2024 12:50:21
0,279.56,1491,793,27.92,68.45,0,5.29,16.05.2024 12:50:23
0,282.75,1508,792,27.93,68.44,0,5.62,16.05.2024 12:50:25
0,280.13,1494,793,27.95,68.48,0,5.32,16.05.2024 12:50:27
0,283.50,1512,791,27.92,68.48,0,5.71,16.05.2024 12:50:29
0,276.00,1472,791,27.93,68.47,0,4.91,16.05.2024 12:50:32
0,280.50,1496,792,27.92,68.47,0,5.39,16.05.2024 12:50:34
0,282.19,1505,792,27.95,68.50,0,5.54,16.05.2024 12:50:36
0,284.63,1518,792,27.95,68.46,0,5.81,16.05.2024 12:50:38
0,281.44,1501,792,27.93,68.46,0,5.48,16.05.2024 12:50:40
0,278.63,1486,792,27.95,68.48,0,5.17,16.05.2024 12:50:42
0,283.69,1513,791,27.95,68.50,0,5.70,16.05.2024 12:50:44
0,281.81,1503,791,27.95,68.51,0,5.50,16.05.2024 12:50:46
0,284.06,1515,791,27.96,68.46,0,5.74,16.05.2024 12:50:48
0,281.25,1500,792,27.95,68.48,0,5.44,16.05.2024 12:50:51
0,281.81,1503,793,27.95,68.48,0,5.50,16.05.2024 12:50:53
0,282.94,1509,793,27.95,68.46,0,5.63,16.05.2024 12:50:55
0,282.75,1508,793,27.96,68.47,0,5.59,16.05.2024 12:50:57
0,282.75,1508,794,27.98,68.46,0,5.58,16.05.2024 12:50:59
0,279.56,1491,794,27.93,68.45,0,5.28,16.05.2024 12:51:01
0,282.94,1509,795,27.95,68.46,0,5.63,16.05.2024 12:51:03
0,281.81,1503,795,27.93,68.44,0,5.52,16.05.2024 12:51:05
0,281.25,1500,795,27.95,68.46,0,5.45,16.05.2024 12:51:08
0,279.75,1492,795,27.93,68.45,0,5.30,16.05.2024 12:51:10
0,284.81,1519,796,27.95,68.46,0,5.83,16.05.2024 12:51:12
0,280.88,1498,796,27.96,68.45,0,5.40,16.05.2024 12:51:14
0,281.44,1501,795,27.93,68.46,0,5.48,16.05.2024 12:51:16
0,282.56,1507,795,27.95,68.46,0,5.59,16.05.2024 12:51:18
0,280.88,1498,796,27.93,68.46,0,5.42,16.05.2024 12:51:20
0,281.63,1502,796,27.95,68.44,0,5.49,16.05.2024 12:51:22
0,282.75,1508,796,27.93,68.45,0,5.62,16.05.2024 12:51:25
0,280.88,1498,796,27.95,68.44,0,5.41,16.05.2024 12:51:27
0,283.69,1513,795,27.93,68.47,0,5.72,16.05.2024 12:51:29
0,281.44,1501,796,27.93,68.45,0,5.48,16.05.2024 12:51:31
0,282.94,1509,796,27.93,68.46,0,5.64,16.05.2024 12:51:33
0,278.63,1486,796,27.93,68.45,0,5.19,16.05.2024 12:51:35
0,281.81,1503,797,27.96,68.44,0,5.50,16.05.2024 12:51:37
0,279.75,1492,796,27.95,68.48,0,5.29,16.05.2024 12:51:39
0,282.94,1509,797,27.93,68.44,0,5.64,16.05.2024 12:51:41
0,281.44,1501,797,27.95,68.46,0,5.47,16.05.2024 12:51:44
0,281.81,1503,797,27.90,68.42,0,5.55,16.05.2024 12:51:46
0,283.31,1511,797,27.93,68.45,0,5.68,16.05.2024 12:51:48
0,280.69,1497,796,27.95,68.44,0,5.39,16.05.2024 12:51:50
0,279.94,1493,797,27.96,68.48,0,5.29,16.05.2024 12:51:52
0,281.63,1502,797,27.96,68.46,0,5.47,16.05.2024 12:51:54
0,280.31,1495,796,27.93,68.43,0,5.37,16.05.2024 12:51:56
0,281.25,1500,796,27.93,68.42,0,5.47,16.05.2024 12:51:58
0,282.00,1504,796,27.96,68.44,0,5.52,16.05.2024 12:52:01
0,281.63,1502,797,27.93,68.47,0,5.50,16.05.2024 12:52:03
0,282.56,1507,797,27.95,68.48,0,5.58,16.05.2024 12:52:05
0,280.69,1497,797,27.95,68.44,0,5.39,16.05.2024 12:52:07
0,284.25,1516,797,27.96,68.46,0,5.76,16.05.2024 12:52:09
0,273.00,1456,797,27.96,68.45,0,4.60,16.05.2024 12:52:11
0,279.19,1489,796,27.93,68.45,0,5.24,16.05.2024 12:52:13
0,279.38,1490,796,27.93,68.44,0,5.27,16.05.2024 12:52:15
0,281.81,1503,797,27.93,68.47,0,5.52,16.05.2024 12:52:18
0,279.38,1490,797,27.96,68.46,0,5.24,16.05.2024 12:52:20
0,281.25,1500,798,27.95,68.46,0,5.45,16.05.2024 12:52:22
0,281.44,1501,798,27.95,68.42,0,5.48,16.05.2024 12:52:24
0,281.63,1502,798,27.92,68.45,0,5.51,16.05.2024 12:52:26
0,282.94,1509,798,27.93,68.44,0,5.64,16.05.2024 12:52:28
0,278.44,1485,798,27.93,68.43,0,5.17,16.05.2024 12:52:30
0,279.38,1490,797,27.93,68.45,0,5.26,16.05.2024 12:52:32
0,281.06,1499,798,27.95,68.44,0,5.43,16.05.2024 12:52:34
0,285.94,1525,797,27.93,68.43,0,5.97,16.05.2024 12:52:37
0,280.50,1496,798,27.95,68.46,0,5.37,16.05.2024 12:52:39
0,279.38,1490,798,27.95,68.44,0,5.26,16.05.2024 12:52:41
0,282.00,1504,799,27.93,68.45,0,5.54,16.05.2024 12:52:43
0,280.88,1498,799,27.95,68.44,0,5.41,16.05.2024 12:52:45
0,277.69,1481,799,27.96,68.43,0,5.07,16.05.2024 12:52:47
0,279.00,1488,799,27.95,68.46,0,5.21,16.05.2024 12:52:51
0,283.50,1512,799,27.95,68.44,0,5.69,16.05.2024 12:52:53
0,275.81,1471,799,27.95,68.43,0,4.89,16.05.2024 12:52:56
0,280.13,1494,799,27.96,68.46,0,5.32,16.05.2024 12:52:58
0,281.81,1503,799,27.93,68.46,0,5.52,16.05.2024 12:53:00
0,282.00,1504,799,27.92,68.44,0,5.55,16.05.2024 12:53:02
0,282.75,1508,799,27.95,68.43,0,5.61,16.05.2024 12:53:04
0,278.25,1484,800,27.95,68.48,0,5.13,16.05.2024 12:53:06
0,276.00,1472,800,27.95,68.46,0,4.91,16.05.2024 12:53:08
0,277.50,1480,800,27.93,68.45,0,5.07,16.05.2024 12:53:10
0,278.81,1487,801,27.96,68.47,0,5.18,16.05.2024 12:53:13
0,274.69,1465,800,27.93,68.42,0,4.79,16.05.2024 12:53:15
0,277.31,1479,800,27.93,68.44,0,5.05,16.05.2024 12:53:17
0,277.50,1480,801,27.95,68.44,0,5.06,16.05.2024 12:53:19
0,276.94,1477,801,27.93,68.47,0,5.01,16.05.2024 12:53:21
0,274.69,1465,801,27.95,68.51,0,4.77,16.05.2024 12:53:23
0,275.63,1470,801,27.95,68.46,0,4.87,16.05.2024 12:53:25
0,271.50,1448,801,27.93,68.43,0,4.48,16.05.2024 12:53:27
0,276.94,1477,801,27.95,68.48,0,5.00,16.05.2024 12:53:29
0,277.31,1479,801,27.95,68.48,0,5.04,16.05.2024 12:53:32
0,280.50,1496,800,27.95,68.46,0,5.37,16.05.2024 12:53:34
0,276.00,1472,801,27.96,68.44,0,4.90,16.05.2024 12:53:36
0,278.06,1483,800,27.95,68.48,0,5.11,16.05.2024 12:53:38
0,279.00,1488,800,27.93,68.43,0,5.23,16.05.2024 12:53:40
0,276.56,1475,800,27.95,68.46,0,4.96,16.05.2024 12:53:42
0,278.81,1487,800,27.96,68.47,0,5.18,16.05.2024 12:53:44
0,278.25,1484,800,27.93,68.43,0,5.15,16.05.2024 12:53:46
0,275.63,1470,800,27.95,68.48,0,4.87,16.05.2024 12:53:49
0,276.00,1472,801,27.95,68.46,0,4.91,16.05.2024 12:53:51
0,276.94,1477,801,27.93,68.44,0,5.02,16.05.2024 12:53:53
0,278.44,1485,801,27.93,68.45,0,5.17,16.05.2024 12:53:55
0,279.94,1493,800,27.93,68.47,0,5.32,16.05.2024 12:53:57
0,282.56,1507,800,27.95,68.46,0,5.59,16.05.2024 12:53:59
0,284.81,1519,800,27.95,68.48,0,5.83,16.05.2024 12:54:01
0,283.13,1510,800,27.95,68.43,0,5.65,16.05.2024 12:54:03
0,279.38,1490,801,27.95,68.48,0,5.25,16.05.2024 12:54:06
0,281.63,1502,802,27.96,68.47,0,5.47,16.05.2024 12:54:08
0,282.00,1504,802,27.95,68.48,0,5.52,16.05.2024 12:54:10
0,276.75,1476,802,27.95,68.42,0,4.99,16.05.2024 12:54:12
0,277.88,1482,802,27.93,68.45,0,5.11,16.05.2024 12:54:14
0,280.13,1494,802,27.95,68.48,0,5.33,16.05.2024 12:54:16
0,282.75,1508,802,27.92,68.46,0,5.63,16.05.2024 12:54:18
0,283.50,1512,803,27.95,68.46,0,5.69,16.05.2024 12:54:20
0,280.13,1494,802,27.96,68.45,0,5.32,16.05.2024 12:54:22
0,281.06,1499,802,27.92,68.45,0,5.45,16.05.2024 12:54:25
0,281.06,1499,803,27.96,68.48,0,5.41,16.05.2024 12:54:27
0,283.13,1510,803,27.95,68.44,0,5.65,16.05.2024 12:54:29
0,283.88,1514,802,27.93,68.45,0,5.74,16.05.2024 12:54:31
0,280.13,1494,803,27.93,68.46,0,5.34,16.05.2024 12:54:33
0,279.38,1490,803,27.93,68.44,0,5.27,16.05.2024 12:54:35
0,283.13,1510,802,27.96,68.46,0,5.63,16.05.2024 12:54:37
0,277.50,1480,802,27.96,68.45,0,5.05,16.05.2024 12:54:39
0,282.19,1505,801,27.93,68.48,0,5.55,16.05.2024 12:54:42
0,282.94,1509,802,27.93,68.47,0,5.64,16.05.2024 12:54:44
0,281.44,1501,801,27.92,68.45,0,5.49,16.05.2024 12:54:46
0,281.81,1503,801,27.95,68.46,0,5.51,16.05.2024 12:54:48
0,279.19,1489,801,27.95,68.44,0,5.24,16.05.2024 12:54:50
0,285.38,1522,801,27.95,68.46,0,5.89,16.05.2024 12:54:52
0,281.06,1499,801,27.95,68.46,0,5.43,16.05.2024 12:54:54
0,280.31,1495,801,27.95,68.48,0,5.35,16.05.2024 12:54:56
0,282.56,1507,801,27.93,68.48,0,5.59,16.05.2024 12:54:59
0,280.88,1498,802,27.95,68.44,0,5.41,16.05.2024 12:55:01
0,279.00,1488,801,27.96,68.44,0,5.20,16.05.2024 12:55:03
0,281.81,1503,800,27.96,68.48,0,5.49,16.05.2024 12:55:05
0,280.13,1494,801,27.96,68.46,0,5.32,16.05.2024 12:55:07
0,282.19,1505,800,27.93,68.49,0,5.55,16.05.2024 12:55:09
0,282.19,1505,799,27.93,68.46,0,5.56,16.05.2024 12:55:11
0,280.13,1494,800,27.93,68.44,0,5.34,16.05.2024 12:55:13
0,281.81,1503,799,27.93,68.49,0,5.51,16.05.2024 12:55:15
0,278.25,1484,799,27.92,68.46,0,5.16,16.05.2024 12:55:18
0,278.81,1487,798,27.96,68.47,0,5.18,16.05.2024 12:55:20
0,284.44,1517,799,27.93,68.43,0,5.81,16.05.2024 12:55:22
0,279.56,1491,799,27.98,68.47,0,5.24,16.05.2024 12:55:24
0,278.63,1486,800,27.96,68.44,0,5.17,16.05.2024 12:55:26
0,282.00,1504,800,27.96,68.44,0,5.52,16.05.2024 12:55:28
0,276.00,1472,801,27.93,68.47,0,4.91,16.05.2024 12:55:30
0,280.50,1496,801,27.93,68.46,0,5.38,16.05.2024 12:55:32
0,279.56,1491,800,27.95,68.46,0,5.27,16.05.2024 12:55:35
0,279.00,1488,800,27.95,68.42,0,5.22,16.05.2024 12:55:37
0,277.69,1481,800,27.96,68.45,0,5.07,16.05.2024 12:55:39
0,283.88,1514,801,27.95,68.46,0,5.73,16.05.2024 12:55:41
0,279.75,1492,801,27.95,68.46,0,5.29,16.05.2024 12:55:43
0,281.44,1501,800,27.96,68.45,0,5.46,16.05.2024 12:55:45
0,280.13,1494,800,27.95,68.46,0,5.33,16.05.2024 12:55:47
0,284.81,1519,801,27.93,68.43,0,5.85,16.05.2024 12:55:49
0,282.00,1504,801,27.93,68.46,0,5.54,16.05.2024 12:55:52
0,280.13,1494,802,27.93,68.46,0,5.34,16.05.2024 12:55:54
0,279.38,1490,802,27.96,68.46,0,5.24,16.05.2024 12:55:56
0,286.69,1529,801,27.95,68.46,0,6.04,16.05.2024 12:55:58
0,283.13,1510,801,27.92,68.48,0,5.67,16.05.2024 12:56:00
0,279.94,1493,801,27.98,68.47,0,5.28,16.05.2024 12:56:02
0,279.75,1492,802,27.93,68.44,0,5.30,16.05.2024 12:56:04
0,281.63,1502,802,27.95,68.41,0,5.50,16.05.2024 12:56:06
0,280.13,1494,802,27.95,68.44,0,5.33,16.05.2024 12:56:08
0,283.13,1510,802,27.95,68.46,0,5.65,16.05.2024 12:56:11
0,283.31,1511,802,27.93,68.46,0,5.68,16.05.2024 12:56:13
0,282.00,1504,802,27.93,68.46,0,5.54,16.05.2024 12:56:15
0,277.50,1480,802,27.98,68.44,0,5.04,16.05.2024 12:56:17
0,279.75,1492,801,27.90,68.45,0,5.33,16.05.2024 12:56:19
0,282.75,1508,802,27.96,68.45,0,5.60,16.05.2024 12:56:21
0,281.63,1502,802,27.96,68.47,0,5.47,16.05.2024 12:56:23
0,280.88,1498,802,27.96,68.46,0,5.40,16.05.2024 12:56:25
0,279.94,1493,802,27.95,68.44,0,5.31,16.05.2024 12:56:28
0,283.31,1511,803,27.93,68.47,0,5.68,16.05.2024 12:56:30
0,277.88,1482,803,27.95,68.46,0,5.10,16.05.2024 12:56:32
0,278.63,1486,803,27.96,68.46,0,5.16,16.05.2024 12:56:34
0,278.63,1486,803,27.95,68.46,0,5.17,16.05.2024 12:56:36
0,278.81,1487,802,27.95,68.44,0,5.20,16.05.2024 12:56:38
0,281.06,1499,802,27.96,68.46,0,5.41,16.05.2024 12:56:40
0,283.31,1511,803,27.93,68.45,0,5.68,16.05.2024 12:56:42
0,281.25,1500,804,27.95,68.50,0,5.44,16.05.2024 12:56:45
0,284.63,1518,803,27.96,68.46,0,5.80,16.05.2024 12:56:47
0,281.44,1501,803,27.95,68.46,0,5.47,16.05.2024 12:56:49
0,279.56,1491,803,27.95,68.42,0,5.28,16.05.2024 12:56:51
0,280.69,1497,803,27.93,68.44,0,5.40,16.05.2024 12:56:53
0,278.81,1487,803,27.96,68.47,0,5.18,16.05.2024 12:56:55
0,284.63,1518,804,27.95,68.46,0,5.81,16.05.2024 12:56:57
0,280.13,1494,804,27.96,68.45,0,5.32,16.05.2024 12:56:59
0,284.25,1516,805,27.96,68.43,0,5.76,16.05.2024 12:57:01
0,282.56,1507,804,27.95,68.44,0,5.59,16.05.2024 12:57:04
0,279.56,1491,804,27.95,68.46,0,5.27,16.05.2024 12:57:06
0,279.38,1490,805,27.96,68.45,0,5.24,16.05.2024 12:57:08
0,282.00,1504,805,27.95,68.46,0,5.53,16.05.2024 12:57:10
0,280.69,1497,804,27.93,68.45,0,5.40,16.05.2024 12:57:12
0,279.75,1492,805,27.95,68.44,0,5.29,16.05.2024 12:57:14
0,277.69,1481,806,27.95,68.46,0,5.08,16.05.2024 12:57:16
0,279.94,1493,806,27.93,68.42,0,5.33,16.05.2024 12:57:18
0,281.81,1503,806,27.96,68.46,0,5.49,16.05.2024 12:57:21
0,280.88,1498,806,27.95,68.46,0,5.41,16.05.2024 12:57:23
0,282.38,1506,807,27.98,68.44,0,5.55,16.05.2024 12:57:27
0,278.81,1487,806,27.95,68.44,0,5.20,16.05.2024 12:57:29
0,280.88,1498,806,27.96,68.46,0,5.40,16.05.2024 12:57:31
0,276.00,1472,806,27.96,68.45,0,4.90,16.05.2024 12:57:33
0,277.50,1480,806,27.96,68.50,0,5.04,16.05.2024 12:57:35
0,280.31,1495,806,27.96,68.46,0,5.34,16.05.2024 12:57:37
0,283.31,1511,806,27.95,68.46,0,5.67,16.05.2024 12:57:40
0,281.06,1499,806,27.95,68.50,0,5.42,16.05.2024 12:57:42
0,276.00,1472,806,27.95,68.48,0,4.90,16.05.2024 12:57:44
0,279.19,1489,806,27.95,68.44,0,5.24,16.05.2024 12:57:46
0,275.81,1471,806,27.96,68.43,0,4.88,16.05.2024 12:57:48
0,276.75,1476,806,27.92,68.43,0,5.01,16.05.2024 12:57:50
0,277.50,1480,806,27.95,68.48,0,5.06,16.05.2024 12:57:52
0,277.31,1479,806,27.98,68.43,0,5.02,16.05.2024 12:57:54
0,279.00,1488,806,27.96,68.49,0,5.19,16.05.2024 12:57:56
0,277.88,1482,807,27.95,68.46,0,5.10,16.05.2024 12:57:59
0,276.38,1474,807,27.96,68.45,0,4.93,16.05.2024 12:58:01
0,276.94,1477,807,27.93,68.43,0,5.02,16.05.2024 12:58:03
0,277.31,1479,806,27.92,68.44,0,5.06,16.05.2024 12:58:05
0,276.38,1474,806,27.93,68.46,0,4.95,16.05.2024 12:58:07
0,273.75,1460,807,27.96,68.46,0,4.67,16.05.2024 12:58:09
0,274.88,1466,807,27.95,68.46,0,4.79,16.05.2024 12:58:11
0,278.25,1484,807,27.93,68.47,0,5.14,16.05.2024 12:58:13
0,275.63,1470,807,27.95,68.44,0,4.87,16.05.2024 12:58:16
0,278.63,1486,807,27.95,68.46,0,5.17,16.05.2024 12:58:18
0,280.31,1495,808,27.96,68.45,0,5.34,16.05.2024 12:58:20
0,278.81,1487,808,27.95,68.48,0,5.19,16.05.2024 12:58:22
0,277.50,1480,808,27.95,68.48,0,5.06,16.05.2024 12:58:24
0,277.13,1478,807,27.92,68.44,0,5.05,16.05.2024 12:58:26
0,273.56,1459,807,27.95,68.46,0,4.67,16.05.2024 12:58:28
0,276.00,1472,807,27.95,68.48,0,4.90,16.05.2024 12:58:30
0,280.88,1498,807,27.93,68.45,0,5.42,16.05.2024 12:58:33
0,278.81,1487,807,27.93,68.41,0,5.21,16.05.2024 12:58:35
0,281.44,1501,807,27.96,68.46,0,5.45,16.05.2024 12:58:37
0,281.44,1501,807,27.95,68.48,0,5.46,16.05.2024 12:58:39
0,282.94,1509,806,27.95,68.48,0,5.62,16.05.2024 12:58:41
0,282.56,1507,806,27.95,68.48,0,5.58,16.05.2024 12:58:43
0,284.06,1515,806,27.96,68.47,0,5.73,16.05.2024 12:58:45
0,282.38,1506,806,27.96,68.49,0,5.55,16.05.2024 12:58:47
0,283.31,1511,807,27.92,68.48,0,5.69,16.05.2024 12:58:49
0,285.56,1523,807,27.95,68.48,0,5.91,16.05.2024 12:58:52
0,282.38,1506,807,27.93,68.48,0,5.57,16.05.2024 12:58:54
0,282.38,1506,807,27.95,68.46,0,5.57,16.05.2024 12:58:56
0,281.25,1500,807,27.96,68.48,0,5.43,16.05.2024 12:58:58
0,278.63,1486,806,27.93,68.46,0,5.18,16.05.2024 12:59:00
0,281.81,1503,807,27.96,68.48,0,5.49,16.05.2024 12:59:02
0,281.25,1500,807,27.93,68.49,0,5.45,16.05.2024 12:59:04
0,283.13,1510,806,27.96,68.49,0,5.63,16.05.2024 12:59:06
0,280.31,1495,807,27.92,68.47,0,5.37,16.05.2024 12:59:09
0,277.13,1478,808,27.96,68.47,0,5.01,16.05.2024 12:59:11
0,281.63,1502,808,27.95,68.50,0,5.48,16.05.2024 12:59:13
0,281.44,1501,807,27.92,68.49,0,5.48,16.05.2024 12:59:15
0,283.88,1514,806,27.95,68.48,0,5.73,16.05.2024 12:59:17
0,281.44,1501,806,27.95,68.48,0,5.46,16.05.2024 12:59:19
0,282.38,1506,807,27.95,68.44,0,5.57,16.05.2024 12:59:21
0,279.75,1492,806,27.95,68.44,0,5.29,16.05.2024 12:59:23
0,283.13,1510,805,27.93,68.47,0,5.66,16.05.2024 12:59:26
0,283.13,1510,805,27.96,68.46,0,5.63,16.05.2024 12:59:28
0,279.38,1490,804,27.95,68.46,0,5.25,16.05.2024 12:59:30
0,282.75,1508,804,27.93,68.44,0,5.62,16.05.2024 12:59:32
0,280.69,1497,803,27.95,68.46,0,5.39,16.05.2024 12:59:34
0,282.38,1506,804,27.96,68.46,0,5.55,16.05.2024 12:59:36
0,281.63,1502,803,27.92,68.47,0,5.51,16.05.2024 12:59:38
0,278.44,1485,802,27.93,68.43,0,5.17,16.05.2024 12:59:40
0,278.81,1487,801,27.93,68.49,0,5.20,16.05.2024 12:59:42
0,283.50,1512,801,27.95,68.44,0,5.69,16.05.2024 12:59:45
0,285.56,1523,801,27.95,68.48,0,5.91,16.05.2024 12:59:47
0,276.75,1476,801,27.95,68.46,0,4.98,16.05.2024 12:59:49
0,281.06,1499,801,27.95,68.48,0,5.43,16.05.2024 12:59:51
0,278.44,1485,802,27.96,68.48,0,5.14,16.05.2024 12:59:53
0,281.81,1503,803,27.95,68.46,0,5.51,16.05.2024 12:59:55
0,282.75,1508,803,27.96,68.46,0,5.59,16.05.2024 12:59:57
0,282.19,1505,804,27.96,68.49,0,5.53,16.05.2024 12:59:59
