0,428.44,2285,827,27.15,65.23,0,41.52,16.05.2024 09:00:00
0,427.88,2282,827,27.15,65.24,0,41.29,16.05.2024 09:00:02
0,430.13,2294,827,27.14,65.23,0,42.23,16.05.2024 09:00:04
0,428.63,2286,827,27.14,65.24,0,41.64,16.05.2024 09:00:06
0,427.88,2282,827,27.15,65.26,0,41.27,16.05.2024 09:00:08
0,431.63,2302,828,27.15,65.28,0,42.69,16.05.2024 09:00:10
0,431.44,2301,828,27.14,65.26,0,42.71,16.05.2024 09:00:13
0,433.13,2310,828,27.14,65.26,0,43.36,16.05.2024 09:00:15
0,433.13,2310,828,27.15,65.26,0,43.29,16.05.2024 09:00:17
0,430.31,2295,829,27.14,65.27,0,42.26,16.05.2024 09:00:19
0,429.94,2293,828,27.14,65.27,0,42.11,16.05.2024 09:00:21
0,431.63,2302,829,27.15,65.32,0,42.64,16.05.2024 09:00:23
0,432.38,2306,829,27.17,65.27,0,42.93,16.05.2024 09:00:25
0,425.81,2271,828,27.15,65.31,0,40.44,16.05.2024 09:00:27
0,432.19,2305,828,27.18,65.32,0,42.75,16.05.2024 09:00:29
0,432.75,2308,829,27.17,65.34,0,43.01,16.05.2024 09:00:32
0,431.25,2300,829,27.15,65.32,0,42.49,16.05.2024 09:00:34
0,429.56,2291,829,27.15,65.32,0,41.85,16.05.2024 09:00:38
0,429.75,2292,828,27.18,65.37,0,41.76,16.05.2024 09:00:40
0,432.75,2308,828,27.15,65.33,0,43.06,16.05.2024 09:00:42
0,429.38,2290,829,27.15,65.33,0,41.76,16.05.2024 09:00:44
0,432.75,2308,828,27.17,65.37,0,42.97,16.05.2024 09:00:46
0,428.25,2284,828,27.17,65.34,0,41.28,16.05.2024 09:00:48
0,426.19,2273,828,27.15,65.36,0,40.53,16.05.2024 09:00:51
0,426.56,2275,828,27.14,65.34,0,40.75,16.05.2024 09:00:53
0,428.81,2287,828,27.17,65.39,0,41.43,16.05.2024 09:00:55
0,425.25,2268,828,27.15,65.38,0,40.16,16.05.2024 09:00:57
0,422.81,2255,828,27.18,65.41,0,39.13,16.05.2024 09:00:59
0,428.25,2284,828,27.17,65.38,0,41.23,16.05.2024 09:01:01
0,428.25,2284,828,27.15,65.40,0,41.26,16.05.2024 09:01:03
0,432.56,2307,828,27.14,65.38,0,43.01,16.05.2024 09:01:05
0,428.44,2285,829,27.15,65.41,0,41.32,16.05.2024 09:01:07
0,428.63,2286,829,27.15,65.40,0,41.40,16.05.2024 09:01:10
0,428.06,2283,829,27.17,65.45,0,41.09,16.05.2024 09:01:12
0,426.94,2277,830,27.17,65.42,0,40.70,16.05.2024 09:01:14
0,427.88,2282,830,27.18,65.42,0,40.99,16.05.2024 09:01:16
0,428.06,2283,830,27.18,65.44,0,41.04,16.05.2024 09:01:18
0,426.75,2276,830,27.18,65.48,0,40.51,16.05.2024 09:01:20
0,426.19,2273,830,27.15,65.47,0,40.42,16.05.2024 09:01:22
0,428.63,2286,830,27.17,65.46,0,41.29,16.05.2024 09:01:24
0,428.63,2286,830,27.18,65.44,0,41.26,16.05.2024 09:01:27
0,429.56,2291,830,27.17,65.45,0,41.66,16.05.2024 09:01:29
0,432.38,2306,830,27.17,65.46,0,42.73,16.05.2024 09:01:31
0,434.06,2315,831,27.15,65.48,0,43.42,16.05.2024 09:01:33
0,431.81,2303,831,27.15,65.49,0,42.53,16.05.2024 09:01:35
0,435.94,2325,831,27.18,65.50,0,44.02,16.05.2024 09:01:37
0,431.81,2303,831,27.17,65.50,0,42.46,16.05.2024 09:01:39
0,435.56,2323,832,27.17,65.49,0,43.94,16.05.2024 09:01:41
0,435.38,2322,833,27.17,65.53,0,43.82,16.05.2024 09:01:43
0,433.13,2310,833,27.17,65.52,0,42.95,16.05.2024 09:01:46
0,436.31,2327,833,27.17,65.49,0,44.23,16.05.2024 09:01:48
0,435.94,2325,833,27.18,65.50,0,44.02,16.05.2024 09:01:50
0,432.38,2306,834,27.17,65.52,0,42.66,16.05.2024 09:01:52
0,435.38,2322,834,27.15,65.53,0,43.88,16.05.2024 09:01:54
0,432.75,2308,835,27.15,65.52,0,42.86,16.05.2024 09:01:56
0,437.44,2333,835,27.18,65.52,0,44.59,16.05.2024 09:01:58
0,431.06,2299,835,27.20,65.53,0,42.03,16.05.2024 09:02:00
0,431.63,2302,835,27.18,65.55,0,42.27,16.05.2024 09:02:03
0,435.75,2324,835,27.15,65.57,0,43.98,16.05.2024 09:02:05
0,434.81,2319,835,27.17,65.56,0,43.56,16.05.2024 09:02:07
0,434.63,2318,835,27.17,65.56,0,43.49,16.05.2024 09:02:09
0,434.25,2316,835,27.17,65.57,0,43.33,16.05.2024 09:02:11
0,435.00,2320,835,27.18,65.55,0,43.59,16.05.2024 09:02:13
0,434.25,2316,835,27.17,65.54,0,43.36,16.05.2024 09:02:15
0,433.31,2311,835,27.17,65.58,0,42.95,16.05.2024 09:02:17
0,436.31,2327,836,27.20,65.55,0,44.04,16.05.2024 09:02:19
0,435.75,2324,836,27.18,65.59,0,43.85,16.05.2024 09:02:22
0,435.00,2320,836,27.17,65.57,0,43.62,16.05.2024 09:02:24
0,436.88,2330,836,27.17,65.58,0,44.36,16.05.2024 09:02:26
0,434.81,2319,836,27.15,65.61,0,43.57,16.05.2024 09:02:28
0,432.38,2306,836,27.18,65.59,0,42.53,16.05.2024 09:02:30
0,435.56,2323,836,27.20,65.59,0,43.71,16.05.2024 09:02:32
0,436.31,2327,837,27.18,65.63,0,44.02,16.05.2024 09:02:34
0,436.69,2329,836,27.17,65.60,0,44.26,16.05.2024 09:02:36
0,434.25,2316,837,27.21,65.64,0,43.07,16.05.2024 09:02:39
0,432.94,2309,837,27.20,65.64,0,42.63,16.05.2024 09:02:41
0,433.50,2312,837,27.18,65.64,0,42.91,16.05.2024 09:02:43
0,436.31,2327,837,27.22,65.61,0,43.85,16.05.2024 09:02:45
0,435.38,2322,836,27.18,65.65,0,43.63,16.05.2024 09:02:47
0,438.19,2337,836,27.20,65.64,0,44.70,16.05.2024 09:02:49
0,432.75,2308,836,27.17,65.66,0,42.64,16.05.2024 09:02:51
0,435.75,2324,836,27.20,65.61,0,43.76,16.05.2024 09:02:53
0,433.69,2313,836,27.18,65.66,0,42.96,16.05.2024 09:02:55
0,433.69,2313,836,27.20,65.67,0,42.89,16.05.2024 09:02:58
0,430.13,2294,836,27.20,65.65,0,41.55,16.05.2024 09:03:00
0,434.63,2318,836,27.18,65.68,0,43.30,16.05.2024 09:03:02
0,433.13,2310,836,27.17,65.66,0,42.79,16.05.2024 09:03:04
0,436.13,2326,837,27.20,65.66,0,43.85,16.05.2024 09:03:06
0,432.00,2304,837,27.21,65.66,0,42.18,16.05.2024 09:03:08
0,437.06,2331,836,27.18,65.69,0,44.25,16.05.2024 09:03:10
0,435.56,2323,837,27.20,65.66,0,43.63,16.05.2024 09:03:12
0,435.75,2324,837,27.20,65.72,0,43.64,16.05.2024 09:03:15
0,435.56,2323,836,27.20,65.68,0,43.61,16.05.2024 09:03:17
0,436.13,2326,836,27.21,65.69,0,43.75,16.05.2024 09:03:19
0,434.06,2315,836,27.20,65.71,0,42.99,16.05.2024 09:03:21
0,432.94,2309,836,27.21,65.72,0,42.47,16.05.2024 09:03:23
0,434.63,2318,836,27.18,65.71,0,43.27,16.05.2024 09:03:25
0,434.06,2315,836,27.18,65.72,0,43.04,16.05.2024 09:03:27
0,430.31,2295,836,27.18,65.69,0,41.63,16.05.2024 09:03:29
0,435.56,2323,836,27.18,65.70,0,43.65,16.05.2024 09:03:32
0,435.75,2324,836,27.20,65.69,0,43.67,16.05.2024 09:03:34
0,434.63,2318,836,27.18,65.75,0,43.22,16.05.2024 09:03:36
0,435.00,2320,836,27.20,65.72,0,43.35,16.05.2024 09:03:38
0,438.94,2341,836,27.18,65.72,0,44.96,16.05.2024 09:03:40
0,431.06,2299,835,27.21,65.74,0,41.74,16.05.2024 09:03:42
0,436.13,2326,836,27.18,65.73,0,43.83,16.05.2024 09:03:44
0,434.81,2319,836,27.18,65.75,0,43.30,16.05.2024 09:03:46
0,433.31,2311,836,27.18,65.75,0,42.71,16.05.2024 09:03:48
0,434.06,2315,836,27.20,65.76,0,42.93,16.05.2024 09:03:51
0,437.25,2332,837,27.18,65.78,0,44.22,16.05.2024 09:03:53
0,434.06,2315,837,27.21,65.78,0,42.84,16.05.2024 09:03:55
0,437.25,2332,837,27.21,65.76,0,44.11,16.05.2024 09:03:57
0,435.56,2323,837,27.20,65.76,0,43.52,16.05.2024 09:03:59
0,436.69,2329,837,27.20,65.76,0,43.96,16.05.2024 09:04:01
0,432.56,2307,837,27.20,65.80,0,42.31,16.05.2024 09:04:03
0,434.63,2318,837,27.21,65.79,0,43.05,16.05.2024 09:04:05
0,436.31,2327,837,27.20,65.79,0,43.78,16.05.2024 09:04:08
0,434.63,2318,836,27.20,65.80,0,43.11,16.05.2024 09:04:10
0,435.56,2323,836,27.20,65.80,0,43.47,16.05.2024 09:04:12
0,436.50,2328,836,27.20,65.81,0,43.83,16.05.2024 09:04:14
0,431.63,2302,836,27.18,65.79,0,42.02,16.05.2024 09:04:16
0,435.00,2320,836,27.21,65.81,0,43.18,16.05.2024 09:04:18
0,433.88,2314,836,27.20,65.79,0,42.83,16.05.2024 09:04:22
0,435.38,2322,837,27.21,65.82,0,43.31,16.05.2024 09:04:24
0,429.75,2292,837,27.21,65.86,0,41.12,16.05.2024 09:04:26
0,436.50,2328,836,27.21,65.79,0,43.78,16.05.2024 09:04:29
0,438.19,2337,836,27.20,65.83,0,44.47,16.05.2024 09:04:31
0,435.56,2323,836,27.21,65.84,0,43.37,16.05.2024 09:04:33
0,430.50,2296,836,27.21,65.82,0,41.43,16.05.2024 09:04:35
0,427.69,2281,837,27.21,65.87,0,40.34,16.05.2024 09:04:37
0,432.38,2306,837,27.17,65.84,0,42.31,16.05.2024 09:04:39
0,430.31,2295,838,27.21,65.86,0,41.33,16.05.2024 09:04:41
0,430.31,2295,838,27.21,65.88,0,41.31,16.05.2024 09:04:43
0,429.38,2290,838,27.21,65.86,0,40.98,16.05.2024 09:04:46
0,432.00,2304,838,27.21,65.87,0,41.96,16.05.2024 09:04:48
0,431.63,2302,838,27.21,65.88,0,41.80,16.05.2024 09:04:50
0,429.19,2289,838,27.22,65.89,0,40.82,16.05.2024 09:04:52
0,430.13,2294,838,27.18,65.86,0,41.37,16.05.2024 09:04:54
0,433.69,2313,837,27.21,65.91,0,42.56,16.05.2024 09:04:56
0,430.13,2294,837,27.22,65.92,0,41.14,16.05.2024 09:04:58
0,431.44,2301,837,27.21,65.89,0,41.72,16.05.2024 09:05:00
0,432.94,2309,836,27.20,65.89,0,42.36,16.05.2024 09:05:02
0,431.06,2299,837,27.22,65.89,0,41.52,16.05.2024 09:05:05
0,429.00,2288,837,27.20,65.89,0,40.86,16.05.2024 09:05:07
0,435.00,2320,837,27.20,65.87,0,43.17,16.05.2024 09:05:09
0,432.19,2305,837,27.21,65.95,0,41.94,16.05.2024 09:05:11
0,430.31,2295,838,27.21,65.91,0,41.28,16.05.2024 09:05:13
0,436.50,2328,838,27.20,65.93,0,43.69,16.05.2024 09:05:15
0,436.50,2328,839,27.22,65.92,0,43.58,16.05.2024 09:05:17
0,436.88,2330,838,27.22,65.91,0,43.74,16.05.2024 09:05:19
0,434.63,2318,839,27.21,65.95,0,42.88,16.05.2024 09:05:22
0,439.69,2345,838,27.21,65.95,0,44.87,16.05.2024 09:05:24
0,439.69,2345,839,27.20,65.96,0,44.93,16.05.2024 09:05:26
0,438.38,2338,839,27.22,65.94,0,44.30,16.05.2024 09:05:28
0,434.44,2317,839,27.20,65.96,0,42.86,16.05.2024 09:05:30
0,436.50,2328,839,27.22,65.97,0,43.53,16.05.2024 09:05:32
0,436.31,2327,839,27.20,65.94,0,43.61,16.05.2024 09:05:34
0,434.44,2317,838,27.22,65.93,0,42.77,16.05.2024 09:05:36
0,438.00,2336,838,27.21,65.99,0,44.15,16.05.2024 09:05:38
0,440.63,2350,838,27.21,65.97,0,45.22,16.05.2024 09:05:41
0,435.38,2322,839,27.21,65.98,0,43.13,16.05.2024 09:05:43
0,436.31,2327,840,27.21,66.01,0,43.47,16.05.2024 09:05:45
0,437.44,2333,839,27.21,65.99,0,43.93,16.05.2024 09:05:47
0,440.06,2347,839,27.21,65.98,0,44.98,16.05.2024 09:05:49
0,437.44,2333,839,27.22,65.99,0,43.87,16.05.2024 09:05:51
0,435.56,2323,839,27.22,65.99,0,43.14,16.05.2024 09:05:53
0,434.81,2319,839,27.20,66.01,0,42.95,16.05.2024 09:05:55
0,433.69,2313,839,27.21,66.02,0,42.44,16.05.2024 09:05:58
0,438.00,2336,839,27.21,66.00,0,44.14,16.05.2024 09:06:00
0,437.63,2334,840,27.21,66.02,0,43.97,16.05.2024 09:06:02
0,436.88,2330,839,27.21,66.03,0,43.66,16.05.2024 09:06:04
0,437.44,2333,839,27.22,66.03,0,43.82,16.05.2024 09:06:06
0,435.75,2324,839,27.22,66.04,0,43.15,16.05.2024 09:06:08
0,438.19,2337,840,27.21,66.02,0,44.19,16.05.2024 09:06:10
0,435.56,2323,840,27.22,66.04,0,43.08,16.05.2024 09:06:12
0,433.69,2313,841,27.22,66.04,0,42.36,16.05.2024 09:06:14
0,439.13,2342,842,27.22,66.05,0,44.47,16.05.2024 09:06:17
0,436.50,2328,842,27.21,66.04,0,43.51,16.05.2024 09:06:19
0,437.25,2332,842,27.22,66.03,0,43.75,16.05.2024 09:06:21
0,436.50,2328,842,27.22,66.04,0,43.44,16.05.2024 09:06:23
0,437.63,2334,842,27.21,66.05,0,43.94,16.05.2024 09:06:25
0,437.44,2333,843,27.22,66.08,0,43.76,16.05.2024 09:06:27
0,440.25,2348,844,27.21,66.06,0,44.96,16.05.2024 09:06:29
0,437.06,2331,843,27.22,66.07,0,43.63,16.05.2024 09:06:31
0,437.25,2332,843,27.21,66.06,0,43.78,16.05.2024 09:06:34
0,436.88,2330,843,27.24,66.08,0,43.50,16.05.2024 09:06:36
0,436.31,2327,844,27.21,66.10,0,43.36,16.05.2024 09:06:38
0,435.75,2324,843,27.22,66.07,0,43.12,16.05.2024 09:06:40
0,438.56,2339,844,27.22,66.08,0,44.21,16.05.2024 09:06:42
0,441.00,2352,845,27.22,66.08,0,45.18,16.05.2024 09:06:44
0,436.13,2326,845,27.24,66.09,0,43.18,16.05.2024 09:06:46
0,439.13,2342,845,27.21,66.10,0,44.47,16.05.2024 09:06:48
0,436.69,2329,846,27.22,66.11,0,43.44,16.05.2024 09:06:50
0,435.56,2323,847,27.21,66.08,0,43.10,16.05.2024 09:06:53
0,434.06,2315,847,27.22,66.09,0,42.45,16.05.2024 09:06:55
0,435.00,2320,847,27.24,66.09,0,42.76,16.05.2024 09:06:57
0,435.00,2320,848,27.22,66.09,0,42.81,16.05.2024 09:06:59
0,439.31,2343,849,27.22,66.13,0,44.46,16.05.2024 09:07:01
0,436.50,2328,848,27.22,66.08,0,43.40,16.05.2024 09:07:03
0,439.50,2344,849,27.24,66.13,0,44.47,16.05.2024 09:07:05
0,437.25,2332,849,27.24,66.12,0,43.60,16.05.2024 09:07:07
0,438.38,2338,850,27.25,66.15,0,43.93,16.05.2024 09:07:10
0,435.56,2323,850,27.22,66.18,0,42.94,16.05.2024 09:07:12
0,434.81,2319,849,27.24,66.15,0,42.62,16.05.2024 09:07:14
0,438.19,2337,850,27.22,66.13,0,44.00,16.05.2024 09:07:16
0,436.88,2330,849,27.24,66.11,0,43.46,16.05.2024 09:07:18
0,435.56,2323,849,27.22,66.13,0,42.98,16.05.2024 09:07:20
0,438.75,2340,849,27.22,66.15,0,44.22,16.05.2024 09:07:22
0,436.88,2330,849,27.25,66.12,0,43.38,16.05.2024 09:07:24
0,432.75,2308,849,27.21,66.13,0,41.96,16.05.2024 09:07:26
0,439.31,2343,849,27.24,66.16,0,44.36,16.05.2024 09:07:29
0,438.75,2340,849,27.25,66.17,0,44.05,16.05.2024 09:07:31
0,437.63,2334,849,27.24,66.16,0,43.70,16.05.2024 09:07:33
0,435.38,2322,849,27.22,66.15,0,42.88,16.05.2024 09:07:35
0,439.31,2343,849,27.22,66.17,0,44.41,16.05.2024 09:07:37
0,437.44,2333,850,27.24,66.16,0,43.62,16.05.2024 09:07:39
0,438.56,2339,850,27.24,66.18,0,44.04,16.05.2024 09:07:41
0,444.38,2370,850,27.24,66.18,0,46.37,16.05.2024 09:07:43
0,449.63,2398,850,27.25,66.18,0,48.47,16.05.2024 09:07:46
0,454.13,2422,850,27.25,66.19,0,50.38,16.05.2024 09:07:48
0,457.50,2440,850,27.24,66.17,0,51.97,16.05.2024 09:07:50
0,465.75,2484,850,27.25,66.19,0,55.60,16.05.2024 09:07:52
0,466.31,2487,849,27.21,66.19,0,56.09,16.05.2024 09:07:54
0,471.19,2513,849,27.22,66.17,0,58.37,16.05.2024 09:07:56
0,470.06,2507,850,27.22,66.21,0,57.77,16.05.2024 09:07:58
0,468.75,2500,850,27.22,66.19,0,57.17,16.05.2024 09:08:00
0,470.25,2508,850,27.25,66.21,0,57.69,16.05.2024 09:08:02
0,472.31,2519,849,27.25,66.24,0,58.63,16.05.2024 09:08:07
0,473.63,2526,849,27.22,66.20,0,59.51,16.05.2024 09:08:09
0,473.25,2524,849,27.22,66.23,0,59.28,16.05.2024 09:08:11
0,471.94,2517,849,27.24,66.23,0,58.56,16.05.2024 09:08:13
0,468.38,2498,849,27.25,66.26,0,56.72,16.05.2024 09:08:15
0,470.06,2507,849,27.21,66.24,0,57.80,16.05.2024 09:08:17
0,467.63,2494,849,27.25,66.24,0,56.40,16.05.2024 09:08:19
0,464.44,2477,849,27.22,66.21,0,55.12,16.05.2024 09:08:21
0,465.19,2481,849,27.25,66.24,0,55.26,16.05.2024 09:08:24
0,464.81,2479,849,27.25,66.23,0,55.11,16.05.2024 09:08:26
0,461.06,2459,850,27.24,66.23,0,53.48,16.05.2024 09:08:28
0,466.31,2487,850,27.22,66.27,0,55.91,16.05.2024 09:08:30
0,462.19,2465,850,27.24,66.25,0,53.97,16.05.2024 09:08:32
0,466.50,2488,849,27.24,66.28,0,55.90,16.05.2024 09:08:34
0,465.00,2480,849,27.24,66.30,0,55.18,16.05.2024 09:08:36
0,462.38,2466,849,27.22,66.27,0,54.09,16.05.2024 09:08:38
0,464.25,2476,850,27.22,66.24,0,54.99,16.05.2024 09:08:40
0,460.69,2457,850,27.24,66.28,0,53.24,16.05.2024 09:08:43
0,459.75,2452,851,27.27,66.30,0,52.65,16.05.2024 09:08:45
0,459.00,2448,850,27.24,66.27,0,52.50,16.05.2024 09:08:47
0,462.38,2466,850,27.25,66.32,0,53.86,16.05.2024 09:08:49
0,464.44,2477,850,27.24,66.27,0,54.96,16.05.2024 09:08:51
0,460.50,2456,851,27.24,66.30,0,53.13,16.05.2024 09:08:53
0,462.38,2466,851,27.24,66.33,0,53.94,16.05.2024 09:08:55
0,461.25,2460,850,27.24,66.29,0,53.48,16.05.2024 09:08:57
0,460.13,2454,851,27.25,66.32,0,52.85,16.05.2024 09:09:00
0,463.13,2470,851,27.25,66.27,0,54.27,16.05.2024 09:09:02
0,462.94,2469,851,27.27,66.31,0,54.07,16.05.2024 09:09:04
0,461.44,2461,852,27.21,66.33,0,53.66,16.05.2024 09:09:06
0,463.31,2471,851,27.24,66.30,0,54.40,16.05.2024 09:09:08
0,468.19,2497,851,27.24,66.36,0,56.58,16.05.2024 09:09:10
0,464.44,2477,851,27.22,66.30,0,55.00,16.05.2024 09:09:12
0,462.56,2467,850,27.24,66.31,0,54.05,16.05.2024 09:09:14
0,465.19,2481,850,27.25,66.36,0,55.11,16.05.2024 09:09:16
0,465.56,2483,850,27.24,66.33,0,55.40,16.05.2024 09:09:19
0,462.38,2466,849,27.21,66.32,0,54.10,16.05.2024 09:09:21
0,461.81,2463,850,27.25,66.36,0,53.57,16.05.2024 09:09:23
0,464.81,2479,849,27.24,66.37,0,54.99,16.05.2024 09:09:25
0,467.44,2493,850,27.24,66.32,0,56.29,16.05.2024 09:09:27
0,465.38,2482,851,27.27,66.38,0,55.09,16.05.2024 09:09:29
0,463.13,2470,851,27.25,66.38,0,54.13,16.05.2024 09:09:31
0,465.75,2484,851,27.25,66.41,0,55.30,16.05.2024 09:09:33
0,464.06,2475,851,27.24,66.35,0,54.68,16.05.2024 09:09:36
0,463.13,2470,851,27.24,66.40,0,54.19,16.05.2024 09:09:38
0,462.75,2468,851,27.24,66.40,0,54.02,16.05.2024 09:09:40
0,464.81,2479,851,27.25,66.39,0,54.89,16.05.2024 09:09:42
0,462.19,2465,852,27.25,66.42,0,53.65,16.05.2024 09:09:44
0,466.13,2486,852,27.24,66.38,0,55.59,16.05.2024 09:09:46
0,468.19,2497,852,27.25,66.39,0,56.46,16.05.2024 09:09:48
0,462.75,2468,853,27.22,66.41,0,54.07,16.05.2024 09:09:50
0,465.75,2484,853,27.24,66.40,0,55.39,16.05.2024 09:09:52
0,461.25,2460,853,27.25,66.40,0,53.26,16.05.2024 09:09:55
0,462.94,2469,853,27.24,66.42,0,54.08,16.05.2024 09:09:57
0,464.63,2478,853,27.24,66.44,0,54.82,16.05.2024 09:09:59
0,467.63,2494,851,27.22,66.41,0,56.32,16.05.2024 09:10:01
0,462.38,2466,852,27.27,66.45,0,53.62,16.05.2024 09:10:03
0,461.44,2461,852,27.27,66.43,0,53.22,16.05.2024 09:10:05
0,465.56,2483,852,27.27,66.42,0,55.11,16.05.2024 09:10:07
0,463.88,2474,852,27.22,66.42,0,54.57,16.05.2024 09:10:09
0,463.31,2471,852,27.27,66.45,0,54.05,16.05.2024 09:10:12
0,461.81,2463,852,27.24,66.45,0,53.53,16.05.2024 09:10:14
0,466.69,2489,852,27.24,66.42,0,55.79,16.05.2024 09:10:16
0,464.25,2476,852,27.24,66.45,0,54.64,16.05.2024 09:10:18
0,464.06,2475,852,27.25,66.46,0,54.45,16.05.2024 09:10:20
0,464.25,2476,852,27.27,66.44,0,54.48,16.05.2024 09:10:22
0,465.00,2480,851,27.25,66.44,0,54.91,16.05.2024 09:10:24
0,464.44,2477,852,27.25,66.46,0,54.62,16.05.2024 09:10:26
0,464.81,2479,852,27.24,66.47,0,54.85,16.05.2024 09:10:28
0,464.06,2475,851,27.25,66.45,0,54.46,16.05.2024 09:10:31
0,466.13,2486,851,27.24,66.46,0,55.49,16.05.2024 09:10:33
0,466.69,2489,851,27.27,66.45,0,55.59,16.05.2024 09:10:35
0,467.06,2491,852,27.25,66.46,0,55.83,16.05.2024 09:10:37
0,466.88,2490,852,27.24,66.47,0,55.81,16.05.2024 09:10:39
0,466.31,2487,852,27.27,66.47,0,55.39,16.05.2024 09:10:41
0,460.13,2454,853,27.25,66.47,0,52.66,16.05.2024 09:10:43
0,463.69,2473,853,27.27,66.45,0,54.22,16.05.2024 09:10:45
0,462.56,2467,853,27.28,66.46,0,53.62,16.05.2024 09:10:48
0,468.56,2499,853,27.25,66.47,0,56.52,16.05.2024 09:10:50
0,459.94,2453,853,27.28,66.46,0,52.45,16.05.2024 09:10:52
0,468.38,2498,854,27.24,66.47,0,56.51,16.05.2024 09:10:54
0,464.44,2477,854,27.25,66.48,0,54.59,16.05.2024 09:10:56
0,461.25,2460,853,27.25,66.50,0,53.12,16.05.2024 09:10:58
0,462.94,2469,853,27.25,66.50,0,53.88,16.05.2024 09:11:00
0,462.56,2467,854,27.25,66.50,0,53.71,16.05.2024 09:11:02
0,464.63,2478,854,27.27,66.51,0,54.56,16.05.2024 09:11:04
0,465.00,2480,854,27.25,66.50,0,54.82,16.05.2024 09:11:07
0,465.56,2483,853,27.27,66.51,0,54.99,16.05.2024 09:11:09
0,462.19,2465,853,27.27,66.50,0,53.47,16.05.2024 09:11:11
0,465.94,2485,854,27.27,66.52,0,55.15,16.05.2024 09:11:13
0,466.31,2487,854,27.25,66.49,0,55.44,16.05.2024 09:11:15
0,461.25,2460,854,27.25,66.52,0,53.09,16.05.2024 09:11:17
0,465.19,2481,854,27.24,66.54,0,54.94,16.05.2024 09:11:19
0,461.44,2461,854,27.27,66.54,0,53.07,16.05.2024 09:11:21
0,462.19,2465,855,27.25,66.54,0,53.48,16.05.2024 09:11:24
0,462.00,2464,855,27.27,66.54,0,53.33,16.05.2024 09:11:26
0,462.94,2469,856,27.25,66.51,0,53.86,16.05.2024 09:11:28
0,463.13,2470,856,27.27,66.56,0,53.80,16.05.2024 09:11:30
0,459.56,2451,856,27.25,66.55,0,52.29,16.05.2024 09:11:32
0,462.19,2465,856,27.27,66.52,0,53.44,16.05.2024 09:11:34
0,465.94,2485,855,27.27,66.54,0,55.12,16.05.2024 09:11:36
0,465.94,2485,856,27.27,66.49,0,55.19,16.05.2024 09:11:38
0,462.38,2466,856,27.25,66.59,0,53.50,16.05.2024 09:11:40
0,460.69,2457,856,27.24,66.56,0,52.87,16.05.2024 09:11:43
0,463.31,2471,856,27.28,66.54,0,53.86,16.05.2024 09:11:45
0,462.19,2465,857,27.27,66.56,0,53.40,16.05.2024 09:11:47
0,463.50,2472,857,27.25,66.57,0,54.04,16.05.2024 09:11:49
0,462.75,2468,856,27.25,66.56,0,53.71,16.05.2024 09:11:51
0,461.06,2459,856,27.27,66.58,0,52.85,16.05.2024 09:11:53
0,461.63,2462,856,27.25,66.55,0,53.22,16.05.2024 09:11:55
0,465.56,2483,856,27.27,66.56,0,54.92,16.05.2024 09:11:59
0,463.13,2470,856,27.27,66.58,0,53.79,16.05.2024 09:12:02
0,465.38,2482,857,27.27,66.61,0,54.78,16.05.2024 09:12:04
0,465.56,2483,857,27.27,66.56,0,54.92,16.05.2024 09:12:06
0,463.88,2474,856,27.24,66.61,0,54.24,16.05.2024 09:12:08
0,463.50,2472,856,27.27,66.61,0,53.92,16.05.2024 09:12:10
0,461.25,2460,857,27.25,66.58,0,53.01,16.05.2024 09:12:12
0,458.81,2447,858,27.25,66.62,0,51.87,16.05.2024 09:12:14
0,459.56,2451,857,27.25,66.57,0,52.27,16.05.2024 09:12:16
0,456.00,2432,857,27.29,66.61,0,50.46,16.05.2024 09:12:18
0,457.50,2440,857,27.25,66.59,0,51.33,16.05.2024 09:12:21
0,458.25,2444,858,27.27,66.58,0,51.60,16.05.2024 09:12:23
0,456.75,2436,859,27.28,66.62,0,50.84,16.05.2024 09:12:25
0,457.50,2440,859,27.27,66.63,0,51.23,16.05.2024 09:12:27
0,459.19,2449,859,27.28,66.61,0,51.92,16.05.2024 09:12:29
0,459.56,2451,859,27.27,66.61,0,52.16,16.05.2024 09:12:31
0,460.50,2456,860,27.28,66.65,0,52.45,16.05.2024 09:12:33
0,457.69,2441,860,27.25,66.64,0,51.35,16.05.2024 09:12:35
0,457.50,2440,860,27.27,66.65,0,51.20,16.05.2024 09:12:38
0,456.19,2433,861,27.24,66.62,0,50.81,16.05.2024 09:12:40
0,460.50,2456,861,27.28,66.62,0,52.49,16.05.2024 09:12:42
0,459.19,2449,862,27.27,66.65,0,51.94,16.05.2024 09:12:44
0,458.44,2445,862,27.28,66.62,0,51.58,16.05.2024 09:12:46
0,458.44,2445,863,27.28,66.65,0,51.54,16.05.2024 09:12:48
0,460.50,2456,863,27.27,66.64,0,52.53,16.05.2024 09:12:50
0,462.00,2464,863,27.28,66.65,0,53.12,16.05.2024 09:12:52
0,459.94,2453,862,27.25,66.65,0,52.33,16.05.2024 09:12:54
0,466.50,2488,862,27.27,66.65,0,55.24,16.05.2024 09:12:57
0,461.44,2461,861,27.25,66.64,0,53.01,16.05.2024 09:12:59
0,464.81,2479,861,27.27,66.67,0,54.43,16.05.2024 09:13:01
0,462.75,2468,861,27.28,66.67,0,53.42,16.05.2024 09:13:03
0,464.25,2476,861,27.28,66.67,0,54.10,16.05.2024 09:13:05
0,464.06,2475,862,27.28,66.70,0,53.98,16.05.2024 09:13:07
0,464.81,2479,862,27.27,66.67,0,54.43,16.05.2024 09:13:09
0,466.69,2489,862,27.28,66.67,0,55.22,16.05.2024 09:13:11
0,465.00,2480,862,27.28,66.67,0,54.44,16.05.2024 09:13:14
0,464.06,2475,862,27.28,66.70,0,53.98,16.05.2024 09:13:16
0,467.25,2492,863,27.27,66.69,0,55.52,16.05.2024 09:13:18
0,461.63,2462,862,27.28,66.73,0,52.84,16.05.2024 09:13:20
0,464.25,2476,862,27.25,66.72,0,54.18,16.05.2024 09:13:22
0,464.25,2476,862,27.27,66.69,0,54.15,16.05.2024 09:13:24
0,467.63,2494,863,27.27,66.71,0,55.67,16.05.2024 09:13:26
0,466.13,2486,862,27.27,66.69,0,55.00,16.05.2024 09:13:28
0,464.63,2478,862,27.27,66.73,0,54.27,16.05.2024 09:13:30
0,463.88,2474,862,27.28,66.73,0,53.85,16.05.2024 09:13:33
0,466.31,2487,862,27.28,66.70,0,55.01,16.05.2024 09:13:35
0,461.63,2462,863,27.27,66.72,0,52.93,16.05.2024 09:13:37
0,466.69,2489,862,27.27,66.72,0,55.22,16.05.2024 09:13:39
0,464.06,2475,863,27.27,66.74,0,53.99,16.05.2024 09:13:41
0,462.19,2465,863,27.27,66.76,0,53.12,16.05.2024 09:13:43
0,462.75,2468,864,27.25,66.74,0,53.48,16.05.2024 09:13:45
0,465.56,2483,864,27.25,66.71,0,54.79,16.05.2024 09:13:47
0,465.38,2482,864,27.25,66.74,0,54.66,16.05.2024 09:13:50
0,461.63,2462,864,27.28,66.72,0,52.85,16.05.2024 09:13:52
0,465.19,2481,864,27.25,66.73,0,54.60,16.05.2024 09:13:54
0,467.81,2495,865,27.28,66.76,0,55.61,16.05.2024 09:13:56
0,466.88,2490,865,27.27,66.75,0,55.27,16.05.2024 09:13:58
0,465.00,2480,864,27.28,66.72,0,54.37,16.05.2024 09:14:00
0,463.69,2473,864,27.27,66.77,0,53.79,16.05.2024 09:14:02
0,465.56,2483,863,27.31,66.74,0,54.45,16.05.2024 09:14:04
0,463.88,2474,863,27.28,66.76,0,53.81,16.05.2024 09:14:06
0,466.50,2488,863,27.28,66.74,0,55.03,16.05.2024 09:14:09
0,464.63,2478,863,27.28,66.80,0,54.09,16.05.2024 09:14:11
0,464.81,2479,864,27.28,66.78,0,54.20,16.05.2024 09:14:13
0,462.94,2469,863,27.28,66.77,0,53.37,16.05.2024 09:14:15
0,467.63,2494,863,27.27,66.78,0,55.57,16.05.2024 09:14:17
0,461.06,2459,863,27.25,66.74,0,52.71,16.05.2024 09:14:19
0,465.75,2484,863,27.28,66.79,0,54.62,16.05.2024 09:14:21
0,458.25,2444,863,27.29,66.75,0,51.25,16.05.2024 09:14:23
0,462.38,2466,862,27.29,66.75,0,53.07,16.05.2024 09:14:26
0,465.56,2483,862,27.28,66.78,0,54.55,16.05.2024 09:14:28
0,463.69,2473,862,27.28,66.79,0,53.68,16.05.2024 09:14:30
0,462.00,2464,862,27.27,66.81,0,52.97,16.05.2024 09:14:32
0,463.31,2471,862,27.27,66.78,0,53.60,16.05.2024 09:14:34
0,464.25,2476,862,27.25,66.79,0,54.09,16.05.2024 09:14:36
0,465.38,2482,862,27.28,66.80,0,54.43,16.05.2024 09:14:38
0,467.81,2495,863,27.29,66.81,0,55.47,16.05.2024 09:14:40
0,464.81,2479,862,27.27,66.79,0,54.27,16.05.2024 09:14:43
0,464.81,2479,862,27.28,66.79,0,54.19,16.05.2024 09:14:45
0,466.88,2490,862,27.28,66.83,0,55.09,16.05.2024 09:14:47
0,465.38,2482,862,27.28,66.78,0,54.46,16.05.2024 09:14:49
0,469.69,2505,862,27.28,66.81,0,56.41,16.05.2024 09:14:51
0,465.56,2483,862,27.29,66.81,0,54.44,16.05.2024 09:14:53
0,466.13,2486,862,27.27,66.76,0,54.91,16.05.2024 09:14:55
0,466.31,2487,862,27.28,66.83,0,54.83,16.05.2024 09:14:57
0,468.00,2496,863,27.27,66.84,0,55.66,16.05.2024 09:14:59
0,466.50,2488,864,27.28,66.85,0,54.89,16.05.2024 09:15:02
0,465.75,2484,864,27.27,66.83,0,54.64,16.05.2024 09:15:04
0,463.13,2470,863,27.27,66.84,0,53.43,16.05.2024 09:15:06
0,463.31,2471,863,27.28,66.85,0,53.43,16.05.2024 09:15:08
0,464.81,2479,863,27.27,66.83,0,54.21,16.05.2024 09:15:10
0,464.25,2476,864,27.28,66.85,0,53.85,16.05.2024 09:15:12
0,462.19,2465,863,27.29,66.85,0,52.86,16.05.2024 09:15:14
0,463.69,2473,863,27.29,66.81,0,53.59,16.05.2024 09:15:16
0,466.88,2490,864,27.28,66.83,0,55.09,16.05.2024 09:15:19
0,459.75,2452,863,27.27,66.85,0,51.91,16.05.2024 09:15:21
0,463.50,2472,864,27.28,66.84,0,53.54,16.05.2024 09:15:23
0,466.13,2486,865,27.28,66.86,0,54.69,16.05.2024 09:15:25
0,462.94,2469,865,27.31,66.83,0,53.14,16.05.2024 09:15:27
0,460.88,2458,865,27.28,66.85,0,52.35,16.05.2024 09:15:29
0,466.50,2488,865,27.28,66.88,0,54.84,16.05.2024 09:15:31
0,461.44,2461,865,27.28,66.85,0,52.60,16.05.2024 09:15:33
0,466.13,2486,864,27.29,66.86,0,54.63,16.05.2024 09:15:35
0,463.88,2474,864,27.29,66.85,0,53.62,16.05.2024 09:15:38
0,459.75,2452,864,27.27,66.87,0,51.89,16.05.2024 09:15:40
0,462.94,2469,864,27.28,66.85,0,53.27,16.05.2024 09:15:42
0,464.44,2477,865,27.27,66.89,0,53.95,16.05.2024 09:15:44
0,468.38,2498,865,27.29,66.89,0,55.62,16.05.2024 09:15:46
0,463.69,2473,866,27.28,66.90,0,53.54,16.05.2024 09:15:48
0,464.63,2478,866,27.27,66.88,0,54.05,16.05.2024 09:15:50
0,461.44,2461,867,27.31,66.89,0,52.39,16.05.2024 09:15:52
0,463.13,2470,866,27.29,66.88,0,53.24,16.05.2024 09:15:55
0,463.31,2471,866,27.29,66.89,0,53.32,16.05.2024 09:15:57
0,466.50,2488,867,27.29,66.93,0,54.70,16.05.2024 09:15:59
0,460.88,2458,867,27.32,66.89,0,52.07,16.05.2024 09:16:03
0,461.44,2461,867,27.28,66.91,0,52.52,16.05.2024 09:16:05
0,462.94,2469,867,27.27,66.89,0,53.28,16.05.2024 09:16:07
0,462.94,2469,867,27.29,66.89,0,53.15,16.05.2024 09:16:09
0,465.00,2480,867,27.29,66.90,0,54.06,16.05.2024 09:16:11
0,464.81,2479,868,27.29,66.90,0,53.97,16.05.2024 09:16:13
0,461.44,2461,868,27.28,66.91,0,52.52,16.05.2024 09:16:16
0,462.00,2464,868,27.27,66.88,0,52.87,16.05.2024 09:16:18
0,458.63,2446,868,27.31,66.91,0,51.13,16.05.2024 09:16:20
0,458.81,2447,867,27.31,66.87,0,51.27,16.05.2024 09:16:22
0,458.25,2444,867,27.28,66.90,0,51.13,16.05.2024 09:16:24
0,459.75,2452,868,27.29,66.91,0,51.71,16.05.2024 09:16:26
0,462.19,2465,868,27.28,66.92,0,52.84,16.05.2024 09:16:28
0,457.50,2440,868,27.29,66.90,0,50.74,16.05.2024 09:16:30
0,457.13,2438,868,27.28,66.92,0,50.62,16.05.2024 09:16:33
0,457.50,2440,867,27.28,66.92,0,50.78,16.05.2024 09:16:35
0,460.31,2455,868,27.28,66.93,0,52.00,16.05.2024 09:16:37
0,462.75,2468,868,27.29,66.93,0,53.01,16.05.2024 09:16:39
0,459.00,2448,868,27.29,66.95,0,51.32,16.05.2024 09:16:41
0,457.69,2441,868,27.29,66.95,0,50.75,16.05.2024 09:16:43
0,458.06,2443,868,27.27,66.96,0,51.04,16.05.2024 09:16:45
0,459.19,2449,868,27.28,66.96,0,51.46,16.05.2024 09:16:47
0,460.88,2458,868,27.28,66.96,0,52.20,16.05.2024 09:16:49
0,464.44,2477,868,27.27,66.96,0,53.87,16.05.2024 09:16:52
0,459.19,2449,868,27.29,66.95,0,51.40,16.05.2024 09:16:54
0,461.63,2462,868,27.31,66.95,0,52.39,16.05.2024 09:16:56
0,465.94,2485,868,27.28,66.95,0,54.49,16.05.2024 09:16:58
0,462.38,2466,868,27.29,66.97,0,52.78,16.05.2024 09:17:00
0,465.19,2481,868,27.29,67.00,0,54.01,16.05.2024 09:17:02
0,463.50,2472,867,27.31,66.96,0,53.21,16.05.2024 09:17:04
0,464.63,2478,867,27.28,66.96,0,53.88,16.05.2024 09:17:06
0,467.06,2491,868,27.29,67.01,0,54.85,16.05.2024 09:17:09
0,466.50,2488,868,27.29,66.96,0,54.66,16.05.2024 09:17:11
0,465.38,2482,869,27.31,66.99,0,54.02,16.05.2024 09:17:13
0,465.75,2484,868,27.27,66.94,0,54.48,16.05.2024 09:17:15
0,464.81,2479,868,27.28,66.99,0,53.93,16.05.2024 09:17:17
0,468.75,2500,868,27.29,67.00,0,55.63,16.05.2024 09:17:19
0,461.25,2460,867,27.28,66.99,0,52.33,16.05.2024 09:17:21
0,464.81,2479,868,27.28,66.99,0,53.93,16.05.2024 09:17:23
0,465.19,2481,868,27.29,66.99,0,54.02,16.05.2024 09:17:25
0,465.56,2483,868,27.28,66.99,0,54.27,16.05.2024 09:17:28
0,468.38,2498,868,27.31,66.97,0,55.41,16.05.2024 09:17:30
0,465.38,2482,867,27.27,67.01,0,54.23,16.05.2024 09:17:32
0,466.31,2487,867,27.28,67.02,0,54.57,16.05.2024 09:17:34
0,468.19,2497,868,27.28,67.01,0,55.44,16.05.2024 09:17:36
0,467.63,2494,868,27.28,67.03,0,55.15,16.05.2024 09:17:38
0,473.25,2524,868,27.31,67.04,0,57.60,16.05.2024 09:17:40
0,471.38,2514,868,27.28,66.99,0,56.95,16.05.2024 09:17:42
0,473.44,2525,868,27.27,67.01,0,57.98,16.05.2024 09:17:45
0,474.19,2529,868,27.31,67.04,0,58.05,16.05.2024 09:17:47
0,474.56,2531,868,27.27,67.02,0,58.50,16.05.2024 09:17:49
0,476.25,2540,868,27.27,67.00,0,59.35,16.05.2024 09:17:51
0,481.13,2566,868,27.29,67.01,0,61.56,16.05.2024 09:17:53
0,475.88,2538,868,27.31,67.06,0,58.83,16.05.2024 09:17:55
0,478.88,2554,868,27.28,67.04,0,60.48,16.05.2024 09:17:57
0,477.94,2549,868,27.29,67.01,0,59.99,16.05.2024 09:17:59
0,480.19,2561,868,27.31,67.02,0,60.97,16.05.2024 09:18:01
0,480.75,2564,868,27.28,67.03,0,61.42,16.05.2024 09:18:04
0,480.56,2563,869,27.29,67.03,0,61.24,16.05.2024 09:18:06
0,481.13,2566,870,27.31,67.07,0,61.37,16.05.2024 09:18:08
0,480.00,2560,870,27.28,67.06,0,61.00,16.05.2024 09:18:10
0,477.38,2546,869,27.28,67.05,0,59.73,16.05.2024 09:18:12
0,477.56,2547,869,27.32,67.05,0,59.57,16.05.2024 09:18:14
0,479.25,2556,868,27.29,67.06,0,60.55,16.05.2024 09:18:16
0,481.88,2570,868,27.32,67.06,0,61.68,16.05.2024 09:18:18
0,479.06,2555,868,27.29,67.08,0,60.43,16.05.2024 09:18:21
0,479.06,2555,869,27.29,67.05,0,60.47,16.05.2024 09:18:23
0,476.81,2543,869,27.29,67.09,0,59.31,16.05.2024 09:18:25
0,480.00,2560,869,27.31,67.02,0,60.88,16.05.2024 09:18:27
0,479.44,2557,869,27.31,67.11,0,60.48,16.05.2024 09:18:29
0,481.13,2566,870,27.29,67.08,0,61.45,16.05.2024 09:18:31
0,477.19,2545,870,27.29,67.05,0,59.56,16.05.2024 09:18:33
0,477.19,2545,870,27.29,67.04,0,59.58,16.05.2024 09:18:35
0,479.44,2557,869,27.31,67.09,0,60.51,16.05.2024 09:18:37
0,480.38,2562,869,27.29,67.05,0,61.12,16.05.2024 09:18:40
0,479.25,2556,869,27.28,67.04,0,60.67,16.05.2024 09:18:42
0,479.44,2557,868,27.29,67.05,0,60.66,16.05.2024 09:18:44
0,475.88,2538,868,27.28,67.08,0,58.96,16.05.2024 09:18:46
0,475.50,2536,868,27.31,67.07,0,58.63,16.05.2024 09:18:48
0,476.06,2539,868,27.32,67.07,0,58.82,16.05.2024 09:18:50
0,476.44,2541,868,27.31,67.08,0,59.06,16.05.2024 09:18:52
0,477.00,2544,868,27.28,67.06,0,59.53,16.05.2024 09:18:54
0,476.63,2542,868,27.28,67.10,0,59.29,16.05.2024 09:18:57
0,478.13,2550,868,27.28,67.10,0,60.02,16.05.2024 09:18:59
0,477.56,2547,868,27.32,67.09,0,59.51,16.05.2024 09:19:01
0,479.81,2559,868,27.29,67.05,0,60.84,16.05.2024 09:19:03
0,474.94,2533,869,27.29,67.09,0,58.41,16.05.2024 09:19:05
0,477.19,2545,869,27.34,67.10,0,59.23,16.05.2024 09:19:07
0,477.38,2546,869,27.31,67.11,0,59.48,16.05.2024 09:19:09
0,476.25,2540,870,27.28,67.09,0,59.12,16.05.2024 09:19:11
0,478.69,2553,871,27.29,67.11,0,60.19,16.05.2024 09:19:13
0,477.00,2544,871,27.31,67.10,0,59.31,16.05.2024 09:19:16
0,477.19,2545,871,27.29,67.09,0,59.50,16.05.2024 09:19:18
0,479.06,2555,871,27.29,67.11,0,60.38,16.05.2024 09:19:20
0,476.44,2541,872,27.29,67.09,0,59.13,16.05.2024 09:19:22
0,476.25,2540,872,27.31,67.08,0,58.97,16.05.2024 09:19:24
0,473.25,2524,873,27.32,67.14,0,57.38,16.05.2024 09:19:26
0,474.00,2528,874,27.29,67.10,0,57.95,16.05.2024 09:19:28
0,480.19,2561,874,27.31,67.12,0,60.83,16.05.2024 09:19:30
0,477.94,2549,874,27.32,67.12,0,59.65,16.05.2024 09:19:33
0,474.38,2530,874,27.31,67.10,0,58.05,16.05.2024 09:19:35
0,479.44,2557,875,27.31,67.12,0,60.46,16.05.2024 09:19:37
0,475.31,2535,875,27.31,67.13,0,58.45,16.05.2024 09:19:39
0,477.00,2544,875,27.32,67.15,0,59.15,16.05.2024 09:19:41
0,478.69,2553,875,27.28,67.13,0,60.25,16.05.2024 09:19:43
0,477.75,2548,875,27.29,67.14,0,59.69,16.05.2024 09:19:45
0,477.00,2544,875,27.32,67.12,0,59.19,16.05.2024 09:19:47
0,477.75,2548,873,27.31,67.15,0,59.59,16.05.2024 09:19:49
0,476.44,2541,873,27.31,67.14,0,58.98,16.05.2024 09:19:52
0,477.56,2547,872,27.31,67.14,0,59.52,16.05.2024 09:19:54
0,476.63,2542,872,27.31,67.13,0,59.08,16.05.2024 09:19:56
0,477.56,2547,872,27.29,67.16,0,59.59,16.05.2024 09:19:58
0,476.63,2542,872,27.31,67.14,0,59.07,16.05.2024 09:20:00
0,476.25,2540,872,27.32,67.14,0,58.80,16.05.2024 09:20:02
0,476.63,2542,873,27.31,67.16,0,59.04,16.05.2024 09:20:04
0,477.75,2548,874,27.32,67.16,0,59.50,16.05.2024 09:20:06
0,475.69,2537,874,27.29,67.16,0,58.68,16.05.2024 09:20:11
0,474.38,2530,874,27.29,67.12,0,58.10,16.05.2024 09:20:13
0,479.81,2559,875,27.32,67.14,0,60.53,16.05.2024 09:20:15
0,475.50,2536,875,27.29,67.18,0,58.56,16.05.2024 09:20:17
0,477.38,2546,875,27.31,67.18,0,59.37,16.05.2024 09:20:19
0,474.94,2533,875,27.31,67.14,0,58.26,16.05.2024 09:20:21
0,474.38,2530,875,27.32,67.19,0,57.83,16.05.2024 09:20:23
0,473.81,2527,875,27.29,67.13,0,57.82,16.05.2024 09:20:25
0,474.56,2531,876,27.31,67.17,0,58.03,16.05.2024 09:20:28
0,469.69,2505,875,27.32,67.20,0,55.63,16.05.2024 09:20:30
0,475.31,2535,875,27.31,67.17,0,58.39,16.05.2024 09:20:32
0,469.31,2503,874,27.31,67.20,0,55.53,16.05.2024 09:20:34
0,471.94,2517,875,27.31,67.18,0,56.78,16.05.2024 09:20:36
0,471.38,2514,875,27.32,67.20,0,56.41,16.05.2024 09:20:38
0,473.25,2524,875,27.29,67.18,0,57.48,16.05.2024 09:20:40
0,472.13,2518,876,27.31,67.22,0,56.81,16.05.2024 09:20:42
0,474.56,2531,875,27.29,67.18,0,58.12,16.05.2024 09:20:44
0,469.69,2505,875,27.31,67.18,0,55.73,16.05.2024 09:20:47
0,469.31,2503,876,27.32,67.23,0,55.41,16.05.2024 09:20:49
0,474.38,2530,877,27.31,67.20,0,57.90,16.05.2024 09:20:51
0,471.56,2515,878,27.32,67.20,0,56.50,16.05.2024 09:20:53
0,478.13,2550,877,27.34,67.22,0,59.51,16.05.2024 09:20:55
0,468.75,2500,878,27.31,67.23,0,55.23,16.05.2024 09:20:57
0,472.50,2520,878,27.31,67.21,0,56.99,16.05.2024 09:20:59
0,474.94,2533,878,27.29,67.22,0,58.23,16.05.2024 09:21:01
0,474.38,2530,878,27.32,67.22,0,57.79,16.05.2024 09:21:04
0,473.44,2525,878,27.29,67.18,0,57.58,16.05.2024 09:21:06
0,475.13,2534,878,27.32,67.27,0,58.07,16.05.2024 09:21:08
0,474.94,2533,878,27.31,67.23,0,58.12,16.05.2024 09:21:10
0,471.38,2514,879,27.32,67.22,0,56.38,16.05.2024 09:21:12
0,475.50,2536,879,27.31,67.23,0,58.39,16.05.2024 09:21:14
0,475.13,2534,880,27.29,67.24,0,58.29,16.05.2024 09:21:16
0,475.31,2535,881,27.31,67.23,0,58.30,16.05.2024 09:21:18
0,476.81,2543,880,27.31,67.23,0,59.02,16.05.2024 09:21:21
0,477.38,2546,882,27.32,67.21,0,59.24,16.05.2024 09:21:23
0,480.56,2563,882,27.32,67.25,0,60.73,16.05.2024 09:21:25
0,476.25,2540,883,27.31,67.25,0,58.72,16.05.2024 09:21:27
0,481.88,2570,883,27.29,67.24,0,61.58,16.05.2024 09:21:29
0,477.00,2544,883,27.32,67.24,0,59.01,16.05.2024 09:21:31
0,478.31,2551,883,27.32,67.24,0,59.65,16.05.2024 09:21:33
0,478.31,2551,884,27.31,67.25,0,59.72,16.05.2024 09:21:35
0,479.81,2559,884,27.31,67.23,0,60.47,16.05.2024 09:21:37
0,481.31,2567,883,27.31,67.25,0,61.19,16.05.2024 09:21:40
0,475.69,2537,883,27.31,67.24,0,58.46,16.05.2024 09:21:42
0,479.63,2558,884,27.34,67.25,0,60.19,16.05.2024 09:21:44
0,477.75,2548,884,27.31,67.28,0,59.39,16.05.2024 09:21:46
0,479.25,2556,884,27.31,67.25,0,60.17,16.05.2024 09:21:48
0,475.88,2538,884,27.31,67.30,0,58.46,16.05.2024 09:21:50
0,480.56,2563,883,27.31,67.28,0,60.77,16.05.2024 09:21:52
0,479.06,2555,883,27.32,67.28,0,59.95,16.05.2024 09:21:54
0,479.06,2555,883,27.31,67.28,0,60.03,16.05.2024 09:21:57
0,479.81,2559,883,27.32,67.25,0,60.36,16.05.2024 09:21:59
0,482.06,2571,883,27.32,67.27,0,61.44,16.05.2024 09:22:01
0,479.44,2557,884,27.29,67.27,0,60.33,16.05.2024 09:22:03
0,477.56,2547,884,27.31,67.29,0,59.29,16.05.2024 09:22:05
0,478.50,2552,883,27.29,67.29,0,59.84,16.05.2024 09:22:07
0,477.75,2548,883,27.32,67.27,0,59.33,16.05.2024 09:22:09
0,482.63,2574,883,27.32,67.25,0,61.75,16.05.2024 09:22:11
0,477.00,2544,883,27.31,67.29,0,59.02,16.05.2024 09:22:13
0,478.13,2550,883,27.34,67.31,0,59.38,16.05.2024 09:22:16
0,480.00,2560,883,27.34,67.30,0,60.31,16.05.2024 09:22:18
0,475.50,2536,883,27.32,67.30,0,58.20,16.05.2024 09:22:20
0,477.94,2549,883,27.32,67.31,0,59.36,16.05.2024 09:22:22
0,480.94,2565,883,27.27,67.28,0,61.20,16.05.2024 09:22:24
0,480.00,2560,883,27.32,67.30,0,60.38,16.05.2024 09:22:26
0,480.00,2560,883,27.31,67.30,0,60.46,16.05.2024 09:22:28
0,477.00,2544,884,27.32,67.29,0,58.94,16.05.2024 09:22:30
0,481.50,2568,884,27.32,67.30,0,61.11,16.05.2024 09:22:33
0,479.81,2559,884,27.29,67.29,0,60.48,16.05.2024 09:22:35
0,480.00,2560,883,27.32,67.30,0,60.38,16.05.2024 09:22:37
0,478.69,2553,883,27.31,67.33,0,59.77,16.05.2024 09:22:39
0,475.69,2537,883,27.31,67.27,0,58.42,16.05.2024 09:22:41
0,479.06,2555,883,27.32,67.31,0,59.91,16.05.2024 09:22:43
0,475.88,2538,883,27.29,67.29,0,58.58,16.05.2024 09:22:45
0,473.06,2523,884,27.31,67.34,0,57.07,16.05.2024 09:22:47
0,477.94,2549,884,27.31,67.31,0,59.44,16.05.2024 09:22:50
0,477.19,2545,884,27.31,67.33,0,59.05,16.05.2024 09:22:52
0,480.19,2561,885,27.31,67.31,0,60.54,16.05.2024 09:22:54
0,480.19,2561,886,27.32,67.35,0,60.39,16.05.2024 09:22:56
0,477.75,2548,886,27.31,67.30,0,59.37,16.05.2024 09:22:58
0,477.38,2546,886,27.31,67.32,0,59.16,16.05.2024 09:23:00
0,478.50,2552,886,27.31,67.31,0,59.71,16.05.2024 09:23:02
0,478.50,2552,885,27.31,67.32,0,59.70,16.05.2024 09:23:04
0,476.44,2541,885,27.29,67.32,0,58.80,16.05.2024 09:23:07
0,478.13,2550,885,27.31,67.34,0,59.49,16.05.2024 09:23:09
0,479.44,2557,885,27.32,67.30,0,60.10,16.05.2024 09:23:11
0,479.25,2556,884,27.32,67.33,0,59.96,16.05.2024 09:23:13
0,477.38,2546,884,27.31,67.31,0,59.17,16.05.2024 09:23:15
0,481.31,2567,884,27.32,67.33,0,60.97,16.05.2024 09:23:17
0,481.88,2570,884,27.32,67.30,0,61.30,16.05.2024 09:23:19
0,477.94,2549,884,27.32,67.34,0,59.31,16.05.2024 09:23:21
0,473.06,2523,884,27.31,67.32,0,57.10,16.05.2024 09:23:23
0,479.63,2558,884,27.32,67.32,0,60.16,16.05.2024 09:23:26
0,477.38,2546,885,27.34,67.38,0,58.91,16.05.2024 09:23:28
0,479.25,2556,885,27.32,67.34,0,59.95,16.05.2024 09:23:30
0,478.13,2550,885,27.29,67.30,0,59.64,16.05.2024 09:23:32
0,481.13,2566,885,27.34,67.34,0,60.80,16.05.2024 09:23:34
0,476.06,2539,885,27.32,67.35,0,58.40,16.05.2024 09:23:36
0,483.56,2579,885,27.32,67.33,0,62.09,16.05.2024 09:23:38
0,480.38,2562,885,27.32,67.33,0,60.51,16.05.2024 09:23:40
0,477.19,2545,885,27.32,67.33,0,58.97,16.05.2024 09:23:43
0,478.31,2551,884,27.32,67.34,0,59.49,16.05.2024 09:23:45
0,475.69,2537,884,27.31,67.33,0,58.33,16.05.2024 09:23:47
0,478.31,2551,884,27.32,67.35,0,59.48,16.05.2024 09:23:49
0,477.38,2546,883,27.34,67.40,0,58.88,16.05.2024 09:23:51
0,477.38,2546,883,27.34,67.39,0,58.90,16.05.2024 09:23:53
0,476.25,2540,884,27.34,67.34,0,58.44,16.05.2024 09:23:55
0,475.13,2534,883,27.32,67.37,0,57.94,16.05.2024 09:23:57
0,479.25,2556,884,27.34,67.36,0,59.85,16.05.2024 09:24:00
0,477.19,2545,884,27.31,67.37,0,58.99,16.05.2024 09:24:02
0,473.06,2523,883,27.31,67.37,0,57.03,16.05.2024 09:24:04
0,478.13,2550,882,27.31,67.36,0,59.46,16.05.2024 09:24:06
0,480.00,2560,882,27.35,67.37,0,60.10,16.05.2024 09:24:08
0,477.75,2548,882,27.32,67.38,0,59.18,16.05.2024 09:24:10
0,482.06,2571,881,27.32,67.37,0,61.30,16.05.2024 09:24:12
0,477.00,2544,881,27.31,67.36,0,58.91,16.05.2024 09:24:14
0,476.44,2541,881,27.34,67.39,0,58.45,16.05.2024 09:24:16
0,480.38,2562,880,27.32,67.38,0,60.45,16.05.2024 09:24:19
0,477.94,2549,880,27.29,67.38,0,59.43,16.05.2024 09:24:21
0,477.75,2548,879,27.34,67.39,0,59.08,16.05.2024 09:24:23
0,480.00,2560,880,27.34,67.36,0,60.22,16.05.2024 09:24:25
0,477.00,2544,880,27.32,67.40,0,58.78,16.05.2024 09:24:27
0,474.94,2533,880,27.32,67.37,0,57.85,16.05.2024 09:24:29
0,481.13,2566,880,27.34,67.37,0,60.75,16.05.2024 09:24:31
0,476.81,2543,881,27.32,67.41,0,58.68,16.05.2024 09:24:33
0,480.00,2560,881,27.32,67.40,0,60.23,16.05.2024 09:24:36
0,471.94,2517,882,27.32,67.41,0,56.38,16.05.2024 09:24:38
0,479.44,2557,883,27.34,67.40,0,59.88,16.05.2024 09:24:40
0,476.63,2542,883,27.34,67.38,0,58.55,16.05.2024 09:24:42
0,477.38,2546,883,27.31,67.36,0,59.09,16.05.2024 09:24:44
0,478.13,2550,884,27.32,67.39,0,59.34,16.05.2024 09:24:46
0,478.50,2552,884,27.32,67.40,0,59.50,16.05.2024 09:24:48
0,478.88,2554,885,27.34,67.39,0,59.62,16.05.2024 09:24:50
0,478.31,2551,886,27.32,67.42,0,59.38,16.05.2024 09:24:53
0,479.06,2555,887,27.34,67.43,0,59.65,16.05.2024 09:24:55
0,471.94,2517,887,27.32,67.40,0,56.39,16.05.2024 09:24:57
0,480.19,2561,887,27.35,67.45,0,60.07,16.05.2024 09:24:59
0,479.44,2557,887,27.32,67.39,0,59.98,16.05.2024 09:25:01
0,478.13,2550,887,27.34,67.40,0,59.24,16.05.2024 09:25:03
0,476.44,2541,887,27.32,67.43,0,58.47,16.05.2024 09:25:07
0,478.13,2550,888,27.34,67.44,0,59.18,16.05.2024 09:25:09
0,477.75,2548,888,27.34,67.42,0,59.03,16.05.2024 09:25:11
0,478.31,2551,888,27.35,67.40,0,59.24,16.05.2024 09:25:14
0,478.88,2554,888,27.32,67.44,0,59.63,16.05.2024 09:25:16
0,477.19,2545,888,27.32,67.39,0,58.89,16.05.2024 09:25:18
0,477.19,2545,888,27.31,67.41,0,58.93,16.05.2024 09:25:20
0,481.13,2566,888,27.32,67.40,0,60.78,16.05.2024 09:25:22
0,473.44,2525,888,27.34,67.43,0,56.97,16.05.2024 09:25:24
0,471.75,2516,888,27.32,67.42,0,56.28,16.05.2024 09:25:26
0,471.56,2515,888,27.32,67.46,0,56.13,16.05.2024 09:25:28
0,472.31,2519,888,27.34,67.46,0,56.40,16.05.2024 09:25:31
0,473.06,2523,888,27.35,67.43,0,56.71,16.05.2024 09:25:33
0,469.88,2506,888,27.31,67.46,0,55.43,16.05.2024 09:25:35
0,471.56,2515,889,27.35,67.40,0,56.05,16.05.2024 09:25:37
0,473.81,2527,888,27.34,67.46,0,57.10,16.05.2024 09:25:39
0,472.31,2519,887,27.32,67.47,0,56.47,16.05.2024 09:25:41
0,473.63,2526,887,27.34,67.46,0,57.01,16.05.2024 09:25:43
0,472.13,2518,887,27.34,67.45,0,56.33,16.05.2024 09:25:45
0,470.06,2507,887,27.32,67.46,0,55.44,16.05.2024 09:25:48
0,474.94,2533,886,27.31,67.48,0,57.76,16.05.2024 09:25:50
0,474.38,2530,887,27.34,67.47,0,57.35,16.05.2024 09:25:52
0,472.88,2522,886,27.32,67.44,0,56.77,16.05.2024 09:25:54
0,472.50,2520,887,27.34,67.51,0,56.42,16.05.2024 09:25:56
0,475.69,2537,887,27.32,67.46,0,58.07,16.05.2024 09:25:58
0,473.63,2526,887,27.32,67.47,0,57.08,16.05.2024 09:26:00
0,475.13,2534,887,27.34,67.48,0,57.69,16.05.2024 09:26:02
0,471.19,2513,888,27.32,67.48,0,55.93,16.05.2024 09:26:04
0,474.19,2529,888,27.32,67.48,0,57.33,16.05.2024 09:26:07
0,473.81,2527,889,27.32,67.46,0,57.18,16.05.2024 09:26:09
0,475.69,2537,889,27.35,67.46,0,57.89,16.05.2024 09:26:11
0,478.88,2554,889,27.35,67.50,0,59.35,16.05.2024 09:26:13
0,480.38,2562,890,27.32,67.48,0,60.29,16.05.2024 09:26:15
0,480.00,2560,890,27.32,67.54,0,60.02,16.05.2024 09:26:17
0,476.81,2543,890,27.32,67.49,0,58.56,16.05.2024 09:26:19
0,483.75,2580,891,27.34,67.50,0,61.84,16.05.2024 09:26:21
0,478.69,2553,893,27.35,67.47,0,59.31,16.05.2024 09:26:24
0,479.25,2556,893,27.34,67.48,0,59.66,16.05.2024 09:26:26
0,483.38,2578,893,27.34,67.49,0,61.67,16.05.2024 09:26:28
0,479.44,2557,893,27.32,67.49,0,59.82,16.05.2024 09:26:30
0,480.38,2562,894,27.32,67.50,0,60.27,16.05.2024 09:26:32
0,475.88,2538,894,27.34,67.48,0,58.05,16.05.2024 09:26:34
0,477.38,2546,893,27.34,67.49,0,58.75,16.05.2024 09:26:36
0,478.88,2554,893,27.32,67.52,0,59.51,16.05.2024 09:26:38
0,479.63,2558,894,27.32,67.49,0,59.91,16.05.2024 09:26:40
0,478.50,2552,894,27.31,67.50,0,59.43,16.05.2024 09:26:43
0,480.38,2562,894,27.32,67.49,0,60.28,16.05.2024 09:26:45
0,479.81,2559,893,27.34,67.50,0,59.91,16.05.2024 09:26:47
0,477.75,2548,894,27.34,67.49,0,58.93,16.05.2024 09:26:49
0,481.31,2567,895,27.32,67.50,0,60.72,16.05.2024 09:26:51
0,480.00,2560,896,27.31,67.51,0,60.15,16.05.2024 09:26:53
0,481.69,2569,896,27.31,67.50,0,60.99,16.05.2024 09:26:55
0,481.13,2566,896,27.31,67.48,0,60.75,16.05.2024 09:26:57
0,476.44,2541,896,27.32,67.51,0,58.35,16.05.2024 09:27:00
0,478.31,2551,896,27.34,67.53,0,59.14,16.05.2024 09:27:02
0,478.13,2550,895,27.34,67.52,0,59.06,16.05.2024 09:27:04
0,480.00,2560,896,27.34,67.54,0,59.94,16.05.2024 09:27:06
0,480.94,2565,895,27.35,67.57,0,60.26,16.05.2024 09:27:08
0,480.56,2563,895,27.34,67.54,0,60.21,16.05.2024 09:27:10
0,477.75,2548,895,27.31,67.53,0,59.03,16.05.2024 09:27:12
0,476.44,2541,895,27.32,67.51,0,58.35,16.05.2024 09:27:14
0,477.38,2546,895,27.34,67.53,0,58.69,16.05.2024 09:27:17
0,480.75,2564,895,27.34,67.54,0,60.31,16.05.2024 09:27:19
0,477.94,2549,893,27.34,67.53,0,58.96,16.05.2024 09:27:21
0,479.44,2557,893,27.34,67.51,0,59.71,16.05.2024 09:27:23
0,479.44,2557,893,27.34,67.51,0,59.71,16.05.2024 09:27:25
0,484.13,2582,893,27.32,67.56,0,62.02,16.05.2024 09:27:27
0,477.19,2545,893,27.34,67.53,0,58.60,16.05.2024 09:27:29
0,479.63,2558,893,27.35,67.52,0,59.69,16.05.2024 09:27:31
0,479.44,2557,892,27.35,67.56,0,59.55,16.05.2024 09:27:33
0,482.44,2573,892,27.32,67.52,0,61.25,16.05.2024 09:27:36
0,491.25,2620,891,27.32,67.56,0,65.64,16.05.2024 09:27:38
0,489.56,2611,892,27.34,67.56,0,64.68,16.05.2024 09:27:40
0,493.69,2633,893,27.34,67.57,0,66.81,16.05.2024 09:27:42
0,495.94,2645,894,27.35,67.55,0,67.93,16.05.2024 09:27:44
0,501.19,2673,895,27.34,67.55,0,70.87,16.05.2024 09:27:46
0,501.75,2676,895,27.35,67.59,0,71.01,16.05.2024 09:27:48
0,502.31,2679,894,27.35,67.55,0,71.39,16.05.2024 09:27:50
0,503.06,2683,895,27.34,67.51,0,71.98,16.05.2024 09:27:53
0,502.13,2678,895,27.32,67.54,0,71.50,16.05.2024 09:27:55
0,504.75,2692,895,27.32,67.55,0,72.95,16.05.2024 09:27:57
0,502.69,2681,895,27.34,67.56,0,71.68,16.05.2024 09:27:59
0,507.56,2707,894,27.35,67.57,0,74.29,16.05.2024 09:28:01
0,505.69,2697,894,27.35,67.54,0,73.29,16.05.2024 09:28:03
0,504.38,2690,894,27.35,67.50,0,72.61,16.05.2024 09:28:05
0,502.88,2682,894,27.34,67.54,0,71.82,16.05.2024 09:28:07
0,503.81,2687,894,27.34,67.53,0,72.36,16.05.2024 09:28:10
0,501.00,2672,894,27.35,67.55,0,70.67,16.05.2024 09:28:12
0,503.06,2683,893,27.35,67.57,0,71.77,16.05.2024 09:28:14
0,499.69,2665,893,27.35,67.61,0,69.84,16.05.2024 09:28:16
0,498.75,2660,892,27.34,67.53,0,69.58,16.05.2024 09:28:18
0,498.19,2657,892,27.34,67.58,0,69.19,16.05.2024 09:28:20
0,497.63,2654,892,27.34,67.54,0,68.96,16.05.2024 09:28:22
0,500.06,2667,892,27.34,67.57,0,70.22,16.05.2024 09:28:24
0,497.25,2652,891,27.35,67.55,0,68.63,16.05.2024 09:28:26
0,497.06,2651,891,27.32,67.55,0,68.73,16.05.2024 09:28:29
0,495.19,2641,892,27.35,67.55,0,67.54,16.05.2024 09:28:31
0,498.38,2658,892,27.34,67.58,0,69.29,16.05.2024 09:28:33
0,493.13,2630,893,27.37,67.56,0,66.33,16.05.2024 09:28:35
0,499.88,2666,892,27.32,67.55,0,70.25,16.05.2024 09:28:37
0,497.06,2651,892,27.34,67.57,0,68.60,16.05.2024 09:28:39
0,500.25,2668,893,27.34,67.59,0,70.29,16.05.2024 09:28:41
0,498.19,2657,893,27.32,67.60,0,69.25,16.05.2024 09:28:43
0,494.81,2639,893,27.34,67.57,0,67.40,16.05.2024 09:28:46
0,491.25,2620,892,27.35,67.58,0,65.43,16.05.2024 09:28:48
0,494.63,2638,892,27.37,67.60,0,67.04,16.05.2024 09:28:50
0,495.38,2642,892,27.34,67.56,0,67.72,16.05.2024 09:28:52
0,498.75,2660,892,27.34,67.58,0,69.49,16.05.2024 09:28:54
0,497.25,2652,892,27.35,67.60,0,68.54,16.05.2024 09:28:56
0,495.00,2640,892,27.35,67.61,0,67.33,16.05.2024 09:28:58
0,494.44,2637,893,27.35,67.59,0,67.07,16.05.2024 09:29:00
0,494.06,2635,892,27.34,67.57,0,67.00,16.05.2024 09:29:03
0,496.69,2649,892,27.35,67.61,0,68.23,16.05.2024 09:29:05
0,490.88,2618,892,27.35,67.58,0,65.24,16.05.2024 09:29:07
0,492.94,2629,892,27.34,67.62,0,66.33,16.05.2024 09:29:09
0,492.94,2629,893,27.35,67.60,0,66.27,16.05.2024 09:29:11
0,490.88,2618,893,27.35,67.61,0,65.18,16.05.2024 09:29:13
0,492.75,2628,893,27.35,67.62,0,66.14,16.05.2024 09:29:15
0,490.88,2618,893,27.35,67.62,0,65.16,16.05.2024 09:29:17
0,493.69,2633,893,27.34,67.58,0,66.79,16.05.2024 09:29:19
0,495.56,2643,893,27.35,67.62,0,67.61,16.05.2024 09:29:22
0,494.06,2635,893,27.34,67.61,0,66.94,16.05.2024 09:29:24
0,489.94,2613,894,27.37,67.62,0,64.57,16.05.2024 09:29:26
0,496.31,2647,893,27.35,67.60,0,68.04,16.05.2024 09:29:28
0,492.56,2627,893,27.35,67.60,0,66.07,16.05.2024 09:29:30
0,491.63,2622,894,27.34,67.61,0,65.66,16.05.2024 09:29:32
0,493.69,2633,894,27.34,67.61,0,66.74,16.05.2024 09:29:34
0,489.75,2612,894,27.35,67.62,0,64.58,16.05.2024 09:29:36
0,490.88,2618,895,27.37,67.60,0,65.09,16.05.2024 09:29:39
0,492.19,2625,894,27.37,67.62,0,65.73,16.05.2024 09:29:41
0,497.44,2653,894,27.35,67.64,0,68.58,16.05.2024 09:29:43
0,494.44,2637,893,27.35,67.63,0,67.01,16.05.2024 09:29:45
0,495.00,2640,894,27.35,67.61,0,67.33,16.05.2024 09:29:47
0,493.13,2630,894,27.34,67.60,0,66.46,16.05.2024 09:29:49
0,495.75,2644,894,27.35,67.63,0,67.70,16.05.2024 09:29:53
0,490.13,2614,894,27.34,67.64,0,64.85,16.05.2024 09:29:55
0,494.25,2636,894,27.35,67.65,0,66.87,16.05.2024 09:29:58
0,496.13,2646,894,27.35,67.65,0,67.86,16.05.2024 09:30:00
0,495.19,2641,894,27.37,67.65,0,67.26,16.05.2024 09:30:02
0,492.38,2626,894,27.34,67.65,0,66.00,16.05.2024 09:30:04
0,495.19,2641,894,27.32,67.64,0,67.57,16.05.2024 09:30:06
0,483.00,2576,894,27.35,67.66,0,61.13,16.05.2024 09:30:08
0,488.81,2607,894,27.34,67.64,0,64.18,16.05.2024 09:30:10
0,488.63,2606,894,27.35,67.61,0,64.03,16.05.2024 09:30:12
0,487.69,2601,894,27.32,67.63,0,63.70,16.05.2024 09:30:14
0,489.56,2611,894,27.35,67.64,0,64.46,16.05.2024 09:30:17
0,492.75,2628,894,27.32,67.63,0,66.31,16.05.2024 09:30:19
0,488.81,2607,894,27.35,67.62,0,64.11,16.05.2024 09:30:21
0,491.63,2622,894,27.37,67.64,0,65.41,16.05.2024 09:30:23
0,488.63,2606,894,27.35,67.65,0,63.96,16.05.2024 09:30:25
0,490.69,2617,895,27.37,67.68,0,64.86,16.05.2024 09:30:27
0,490.31,2615,895,27.35,67.66,0,64.81,16.05.2024 09:30:29
0,492.19,2625,895,27.35,67.68,0,65.75,16.05.2024 09:30:31
0,486.94,2597,895,27.35,67.65,0,63.11,16.05.2024 09:30:34
0,492.19,2625,895,27.35,67.66,0,65.78,16.05.2024 09:30:36
0,491.63,2622,896,27.37,67.67,0,65.36,16.05.2024 09:30:38
0,490.13,2614,896,27.35,67.65,0,64.73,16.05.2024 09:30:40
0,491.25,2620,897,27.38,67.70,0,65.03,16.05.2024 09:30:42
0,489.00,2608,897,27.35,67.66,0,64.14,16.05.2024 09:30:44
0,486.56,2595,896,27.35,67.68,0,62.87,16.05.2024 09:30:46
0,488.81,2607,897,27.35,67.65,0,64.06,16.05.2024 09:30:48
0,492.56,2627,897,27.32,67.64,0,66.19,16.05.2024 09:30:51
0,493.31,2631,898,27.37,67.67,0,66.24,16.05.2024 09:30:53
0,497.06,2651,898,27.35,67.67,0,68.33,16.05.2024 09:30:55
0,495.75,2644,898,27.35,67.66,0,67.65,16.05.2024 09:30:57
0,495.19,2641,898,27.35,67.65,0,67.36,16.05.2024 09:30:59
0,498.56,2659,897,27.35,67.64,0,69.18,16.05.2024 09:31:01
0,495.38,2642,898,27.37,67.72,0,67.23,16.05.2024 09:31:03
0,495.00,2640,898,27.32,67.67,0,67.42,16.05.2024 09:31:05
0,495.56,2643,899,27.34,67.67,0,67.65,16.05.2024 09:31:07
0,495.94,2645,899,27.35,67.70,0,67.68,16.05.2024 09:31:10
0,492.75,2628,899,27.34,67.69,0,66.13,16.05.2024 09:31:12
0,496.88,2650,899,27.35,67.68,0,68.21,16.05.2024 09:31:14
0,495.19,2641,900,27.34,67.71,0,67.38,16.05.2024 09:31:16
0,496.50,2648,899,27.34,67.67,0,68.14,16.05.2024 09:31:18
0,496.31,2647,899,27.35,67.74,0,67.80,16.05.2024 09:31:20
0,493.31,2631,899,27.37,67.72,0,66.15,16.05.2024 09:31:22
0,495.56,2643,899,27.34,67.67,0,67.63,16.05.2024 09:31:24
0,493.88,2634,899,27.34,67.70,0,66.71,16.05.2024 09:31:27
0,495.56,2643,900,27.37,67.70,0,67.37,16.05.2024 09:31:29
0,493.50,2632,900,27.35,67.73,0,66.34,16.05.2024 09:31:31
0,492.75,2628,900,27.34,67.65,0,66.20,16.05.2024 09:31:33
0,495.00,2640,900,27.34,67.70,0,67.30,16.05.2024 09:31:35
0,496.69,2649,900,27.37,67.71,0,67.94,16.05.2024 09:31:37
0,496.69,2649,900,27.37,67.69,0,67.98,16.05.2024 09:31:39
0,494.81,2639,900,27.37,67.70,0,66.98,16.05.2024 09:31:41
0,494.06,2635,900,27.35,67.70,0,66.69,16.05.2024 09:31:44
0,497.63,2654,901,27.35,67.76,0,68.47,16.05.2024 09:31:46
0,498.00,2656,901,27.35,67.73,0,68.72,16.05.2024 09:31:48
0,498.56,2659,901,27.37,67.71,0,68.94,16.05.2024 09:31:50
0,495.75,2644,901,27.35,67.76,0,67.47,16.05.2024 09:31:52
0,494.25,2636,901,27.35,67.71,0,66.77,16.05.2024 09:31:54
0,492.00,2624,901,27.35,67.72,0,65.58,16.05.2024 09:31:56
0,497.63,2654,901,27.37,67.71,0,68.44,16.05.2024 09:31:58
0,494.81,2639,901,27.35,67.73,0,67.03,16.05.2024 09:32:00
0,489.19,2609,902,27.34,67.71,0,64.26,16.05.2024 09:32:03
0,493.88,2634,902,27.37,67.72,0,66.45,16.05.2024 09:32:05
0,493.69,2633,902,27.35,67.71,0,66.47,16.05.2024 09:32:07
0,494.06,2635,902,27.34,67.75,0,66.72,16.05.2024 09:32:09
0,492.75,2628,902,27.34,67.77,0,65.99,16.05.2024 09:32:11
0,495.56,2643,903,27.37,67.74,0,67.30,16.05.2024 09:32:13
0,492.75,2628,903,27.37,67.76,0,65.81,16.05.2024 09:32:15
0,499.69,2665,903,27.35,67.74,0,69.61,16.05.2024 09:32:17
0,497.63,2654,903,27.37,67.73,0,68.41,16.05.2024 09:32:20
0,494.81,2639,903,27.34,67.72,0,67.16,16.05.2024 09:32:22
0,494.81,2639,903,27.35,67.75,0,66.99,16.05.2024 09:32:24
0,494.44,2637,904,27.32,67.69,0,67.09,16.05.2024 09:32:26
0,500.63,2670,904,27.35,67.73,0,70.14,16.05.2024 09:32:28
0,492.94,2629,904,27.35,67.77,0,65.98,16.05.2024 09:32:30
0,495.94,2645,903,27.35,67.73,0,67.62,16.05.2024 09:32:32
0,497.63,2654,903,27.40,67.75,0,68.21,16.05.2024 09:32:34
0,498.19,2657,903,27.35,67.76,0,68.77,16.05.2024 09:32:37
0,496.88,2650,903,27.35,67.74,0,68.10,16.05.2024 09:32:39
0,498.56,2659,903,27.37,67.78,0,68.82,16.05.2024 09:32:41
0,498.19,2657,903,27.37,67.79,0,68.61,16.05.2024 09:32:43
0,490.31,2615,904,27.37,67.77,0,64.52,16.05.2024 09:32:45
0,495.38,2642,903,27.37,67.79,0,67.12,16.05.2024 09:32:47
0,492.94,2629,904,27.35,67.73,0,66.05,16.05.2024 09:32:49
0,498.56,2659,904,27.37,67.76,0,68.88,16.05.2024 09:32:51
0,494.81,2639,905,27.37,67.73,0,66.92,16.05.2024 09:32:53
0,489.56,2611,905,27.35,67.77,0,64.24,16.05.2024 09:32:56
0,491.81,2623,904,27.38,67.72,0,65.28,16.05.2024 09:32:58
0,491.06,2619,905,27.38,67.75,0,64.87,16.05.2024 09:33:00
0,497.06,2651,904,27.34,67.76,0,68.28,16.05.2024 09:33:02
0,496.69,2649,905,27.35,67.77,0,67.95,16.05.2024 09:33:04
0,496.13,2646,904,27.37,67.76,0,67.58,16.05.2024 09:33:06
0,495.00,2640,904,27.34,67.76,0,67.19,16.05.2024 09:33:08
0,494.81,2639,904,27.38,67.75,0,66.81,16.05.2024 09:33:10
0,492.94,2629,903,27.35,67.77,0,65.98,16.05.2024 09:33:13
0,496.69,2649,903,27.37,67.79,0,67.81,16.05.2024 09:33:15
0,494.44,2637,903,27.35,67.76,0,66.78,16.05.2024 09:33:17
0,496.50,2648,903,27.37,67.74,0,67.80,16.05.2024 09:33:19
0,495.56,2643,903,27.38,67.75,0,67.21,16.05.2024 09:33:21
0,497.81,2655,903,27.35,67.72,0,68.64,16.05.2024 09:33:23
0,495.38,2642,903,27.38,67.77,0,67.08,16.05.2024 09:33:25
0,498.19,2657,903,27.37,67.78,0,68.62,16.05.2024 09:33:27
0,492.19,2625,904,27.35,67.74,0,65.64,16.05.2024 09:33:30
0,495.94,2645,903,27.35,67.78,0,67.54,16.05.2024 09:33:32
0,492.56,2627,903,27.37,67.78,0,65.66,16.05.2024 09:33:34
0,495.56,2643,903,27.37,67.77,0,67.24,16.05.2024 09:33:36
0,495.19,2641,903,27.35,67.79,0,67.13,16.05.2024 09:33:38
0,494.44,2637,903,27.35,67.79,0,66.73,16.05.2024 09:33:40
0,497.81,2655,903,27.37,67.77,0,68.44,16.05.2024 09:33:42
0,492.75,2628,903,27.38,67.80,0,65.66,16.05.2024 09:33:44
0,496.13,2646,903,27.34,67.76,0,67.78,16.05.2024 09:33:46
0,495.75,2644,904,27.40,67.80,0,67.12,16.05.2024 09:33:49
0,495.56,2643,904,27.37,67.81,0,67.19,16.05.2024 09:33:51
0,493.69,2633,905,27.38,67.79,0,66.16,16.05.2024 09:33:53
0,493.88,2634,904,27.34,67.79,0,66.55,16.05.2024 09:33:55
0,498.56,2659,905,27.37,67.78,0,68.82,16.05.2024 09:33:57
0,489.00,2608,906,27.37,67.78,0,63.84,16.05.2024 09:33:59
0,492.56,2627,906,27.35,67.77,0,65.79,16.05.2024 09:34:01
0,487.88,2602,905,27.34,67.77,0,63.49,16.05.2024 09:34:03
0,497.06,2651,906,27.38,67.80,0,67.92,16.05.2024 09:34:06
0,495.38,2642,906,27.35,67.80,0,67.21,16.05.2024 09:34:08
0,495.94,2645,906,27.35,67.80,0,67.50,16.05.2024 09:34:10
0,495.94,2645,906,27.37,67.76,0,67.46,16.05.2024 09:34:12
0,492.38,2626,906,27.38,67.82,0,65.42,16.05.2024 09:34:14
0,495.75,2644,906,27.37,67.81,0,67.28,16.05.2024 09:34:16
0,493.31,2631,907,27.37,67.81,0,66.02,16.05.2024 09:34:18
0,492.56,2627,907,27.37,67.81,0,65.63,16.05.2024 09:34:20
0,494.25,2636,907,27.37,67.81,0,66.50,16.05.2024 09:34:23
0,496.13,2646,908,27.35,67.82,0,67.57,16.05.2024 09:34:25
0,493.13,2630,908,27.38,67.80,0,65.85,16.05.2024 09:34:27
0,490.69,2617,908,27.37,67.83,0,64.63,16.05.2024 09:34:29
0,491.06,2619,907,27.38,67.80,0,64.79,16.05.2024 09:34:31
0,491.81,2623,907,27.37,67.79,0,65.26,16.05.2024 09:34:33
0,492.75,2628,908,27.38,67.82,0,65.62,16.05.2024 09:34:35
0,492.19,2625,907,27.38,67.83,0,65.31,16.05.2024 09:34:37
0,495.56,2643,908,27.38,67.85,0,67.04,16.05.2024 09:34:40
0,491.81,2623,908,27.35,67.80,0,65.35,16.05.2024 09:34:42
0,492.38,2626,907,27.35,67.82,0,65.61,16.05.2024 09:34:44
0,491.63,2622,907,27.37,67.85,0,65.08,16.05.2024 09:34:46
0,493.88,2634,908,27.37,67.83,0,66.28,16.05.2024 09:34:48
0,492.38,2626,908,27.37,67.83,0,65.50,16.05.2024 09:34:52
0,491.06,2619,908,27.37,67.83,0,64.81,16.05.2024 09:34:54
0,494.25,2636,908,27.37,67.81,0,66.49,16.05.2024 09:34:56
0,495.19,2641,909,27.37,67.83,0,66.96,16.05.2024 09:34:58
0,498.00,2656,908,27.35,67.85,0,68.51,16.05.2024 09:35:01
0,493.88,2634,908,27.37,67.83,0,66.28,16.05.2024 09:35:03
0,494.44,2637,908,27.37,67.78,0,66.64,16.05.2024 09:35:05
0,495.38,2642,908,27.35,67.84,0,67.14,16.05.2024 09:35:07
0,489.00,2608,908,27.37,67.86,0,63.72,16.05.2024 09:35:09
0,490.50,2616,909,27.38,67.86,0,64.40,16.05.2024 09:35:11
0,490.88,2618,909,27.35,67.83,0,64.82,16.05.2024 09:35:13
0,487.69,2601,909,27.37,67.86,0,63.06,16.05.2024 09:35:15
0,488.44,2605,909,27.38,67.85,0,63.37,16.05.2024 09:35:18
0,490.31,2615,908,27.37,67.83,0,64.43,16.05.2024 09:35:20
0,486.56,2595,909,27.35,67.81,0,62.67,16.05.2024 09:35:22
0,486.94,2597,909,27.35,67.84,0,62.81,16.05.2024 09:35:24
0,488.81,2607,909,27.37,67.86,0,63.63,16.05.2024 09:35:26
0,489.56,2611,909,27.35,67.86,0,64.10,16.05.2024 09:35:28
0,491.81,2623,909,27.35,67.89,0,65.20,16.05.2024 09:35:30
0,487.31,2599,909,27.37,67.88,0,62.84,16.05.2024 09:35:32
0,489.56,2611,909,27.38,67.87,0,63.90,16.05.2024 09:35:35
0,488.44,2605,909,27.37,67.86,0,63.44,16.05.2024 09:35:37
0,491.06,2619,909,27.38,67.89,0,64.63,16.05.2024 09:35:39
0,486.56,2595,909,27.37,67.89,0,62.45,16.05.2024 09:35:41
0,490.13,2614,909,27.37,67.87,0,64.28,16.05.2024 09:35:43
0,486.94,2597,909,27.38,67.86,0,62.60,16.05.2024 09:35:45
0,490.13,2614,908,27.37,67.89,0,64.24,16.05.2024 09:35:47
0,486.00,2592,908,27.35,67.91,0,62.24,16.05.2024 09:35:49
0,493.50,2632,908,27.35,67.89,0,66.07,16.05.2024 09:35:51
0,490.88,2618,908,27.38,67.90,0,64.52,16.05.2024 09:35:54
0,489.19,2609,908,27.35,67.88,0,63.87,16.05.2024 09:35:56
0,490.69,2617,908,27.37,67.94,0,64.45,16.05.2024 09:35:58
0,492.38,2626,908,27.37,67.89,0,65.40,16.05.2024 09:36:00
0,492.38,2626,908,27.35,67.87,0,65.53,16.05.2024 09:36:02
0,491.63,2622,908,27.34,67.87,0,65.25,16.05.2024 09:36:04
0,493.13,2630,908,27.35,67.88,0,65.90,16.05.2024 09:36:06
0,494.25,2636,908,27.35,67.92,0,66.43,16.05.2024 09:36:08
0,497.06,2651,909,27.35,67.88,0,67.96,16.05.2024 09:36:11
0,494.44,2637,910,27.38,67.89,0,66.38,16.05.2024 09:36:13
0,495.94,2645,909,27.35,67.86,0,67.40,16.05.2024 09:36:15
0,493.13,2630,910,27.38,67.89,0,65.70,16.05.2024 09:36:17
0,495.38,2642,911,27.34,67.90,0,67.15,16.05.2024 09:36:19
0,492.56,2627,911,27.35,67.88,0,65.60,16.05.2024 09:36:21
0,499.31,2663,911,27.37,67.93,0,68.98,16.05.2024 09:36:23
0,495.56,2643,911,27.37,67.92,0,67.01,16.05.2024 09:36:25
0,492.00,2624,912,27.38,67.92,0,65.07,16.05.2024 09:36:27
0,493.31,2631,912,27.35,67.91,0,65.96,16.05.2024 09:36:30
0,492.94,2629,911,27.34,67.89,0,65.89,16.05.2024 09:36:32
0,495.56,2643,912,27.38,67.91,0,66.93,16.05.2024 09:36:34
0,493.69,2633,912,27.37,67.91,0,66.05,16.05.2024 09:36:36
0,493.88,2634,913,27.37,67.91,0,66.14,16.05.2024 09:36:38
0,493.50,2632,913,27.37,67.91,0,65.95,16.05.2024 09:36:40
0,495.38,2642,913,27.37,67.92,0,66.91,16.05.2024 09:36:42
0,493.69,2633,913,27.37,67.90,0,66.06,16.05.2024 09:36:44
0,497.25,2652,912,27.35,67.92,0,68.01,16.05.2024 09:36:47
0,498.19,2657,912,27.37,67.90,0,68.43,16.05.2024 09:36:49
0,496.13,2646,911,27.35,67.92,0,67.42,16.05.2024 09:36:51
0,492.19,2625,911,27.37,67.92,0,65.25,16.05.2024 09:36:53
0,493.31,2631,910,27.37,67.91,0,65.85,16.05.2024 09:36:55
0,493.69,2633,911,27.38,67.92,0,65.94,16.05.2024 09:36:57
0,496.69,2649,911,27.37,67.93,0,67.58,16.05.2024 09:36:59
0,498.38,2658,911,27.38,67.92,0,68.40,16.05.2024 09:37:01
0,494.06,2635,911,27.38,67.89,0,66.18,16.05.2024 09:37:04
0,494.06,2635,912,27.38,67.93,0,66.11,16.05.2024 09:37:06
0,491.44,2621,912,27.38,67.91,0,64.79,16.05.2024 09:37:08
0,489.75,2612,912,27.37,67.95,0,63.96,16.05.2024 09:37:10
0,497.06,2651,912,27.38,67.96,0,67.64,16.05.2024 09:37:12
0,494.44,2637,913,27.38,67.94,0,66.29,16.05.2024 09:37:14
0,496.69,2649,913,27.37,67.94,0,67.56,16.05.2024 09:37:16
0,493.31,2631,913,27.37,67.93,0,65.82,16.05.2024 09:37:18
0,496.13,2646,913,27.37,67.94,0,67.27,16.05.2024 09:37:20
0,494.63,2638,913,27.35,67.92,0,66.63,16.05.2024 09:37:23
0,492.56,2627,914,27.37,67.96,0,65.37,16.05.2024 09:37:25
0,493.50,2632,914,27.37,67.90,0,65.97,16.05.2024 09:37:27
0,493.88,2634,915,27.38,67.91,0,66.05,16.05.2024 09:37:29
0,497.25,2652,915,27.40,67.94,0,67.67,16.05.2024 09:37:31
0,499.88,2666,915,27.37,67.90,0,69.34,16.05.2024 09:37:33
0,496.69,2649,915,27.35,67.92,0,67.70,16.05.2024 09:37:35
0,498.94,2661,916,27.38,67.93,0,68.68,16.05.2024 09:37:37
0,500.06,2667,915,27.38,67.96,0,69.23,16.05.2024 09:37:40
0,499.69,2665,915,27.37,67.95,0,69.15,16.05.2024 09:37:42
0,502.50,2680,915,27.37,67.91,0,70.74,16.05.2024 09:37:44
0,506.44,2701,915,27.38,67.94,0,72.76,16.05.2024 09:37:46
0,501.56,2675,915,27.37,67.94,0,70.17,16.05.2024 09:37:48
0,501.38,2674,915,27.35,67.96,0,70.16,16.05.2024 09:37:50
0,502.50,2680,915,27.37,67.95,0,70.67,16.05.2024 09:37:52
0,504.38,2690,915,27.37,67.93,0,71.73,16.05.2024 09:37:54
0,502.69,2681,915,27.35,67.97,0,70.85,16.05.2024 09:37:57
0,501.00,2672,915,27.37,67.96,0,69.83,16.05.2024 09:37:59
0,505.13,2694,915,27.35,67.94,0,72.23,16.05.2024 09:38:01
0,506.06,2699,916,27.37,67.97,0,72.60,16.05.2024 09:38:03
0,503.81,2687,916,27.35,67.94,0,71.51,16.05.2024 09:38:05
0,505.31,2695,916,27.40,67.95,0,72.02,16.05.2024 09:38:07
0,503.44,2685,916,27.37,67.97,0,71.14,16.05.2024 09:38:09
0,506.06,2699,916,27.38,67.95,0,72.54,16.05.2024 09:38:11
0,506.44,2701,916,27.38,67.93,0,72.78,16.05.2024 09:38:13
0,502.13,2678,916,27.38,67.93,0,70.40,16.05.2024 09:38:16
0,506.81,2703,915,27.37,67.96,0,73.03,16.05.2024 09:38:18
0,502.69,2681,915,27.40,67.95,0,70.58,16.05.2024 09:38:20
0,502.31,2679,914,27.37,67.91,0,70.64,16.05.2024 09:38:22
0,504.56,2691,914,27.37,67.94,0,71.82,16.05.2024 09:38:24
0,502.50,2680,914,27.35,67.98,0,70.73,16.05.2024 09:38:26
0,503.06,2683,914,27.37,67.97,0,70.94,16.05.2024 09:38:28
0,503.44,2685,914,27.41,67.98,0,70.84,16.05.2024 09:38:30
0,502.69,2681,914,27.40,67.94,0,70.59,16.05.2024 09:38:33
0,506.06,2699,914,27.38,67.95,0,72.54,16.05.2024 09:38:35
0,504.00,2688,914,27.40,67.97,0,71.26,16.05.2024 09:38:37
0,505.50,2696,914,27.37,67.95,0,72.32,16.05.2024 09:38:39
0,509.44,2717,914,27.40,67.92,0,74.40,16.05.2024 09:38:41
0,504.00,2688,914,27.40,67.99,0,71.24,16.05.2024 09:38:43
0,507.38,2706,914,27.37,67.96,0,73.34,16.05.2024 09:38:45
0,501.38,2674,913,27.37,67.92,0,70.11,16.05.2024 09:38:47
0,505.13,2694,914,27.38,67.97,0,71.98,16.05.2024 09:38:50
0,503.06,2683,914,27.38,67.96,0,70.86,16.05.2024 09:38:52
0,506.63,2702,914,27.40,67.95,0,72.75,16.05.2024 09:38:54
0,508.69,2713,914,27.38,67.98,0,73.95,16.05.2024 09:38:56
0,505.13,2694,915,27.41,68.01,0,71.70,16.05.2024 09:38:58
0,501.38,2674,915,27.38,67.96,0,69.94,16.05.2024 09:39:00
0,502.50,2680,915,27.37,67.95,0,70.67,16.05.2024 09:39:02
0,502.69,2681,914,27.40,67.93,0,70.61,16.05.2024 09:39:04
0,505.69,2697,914,27.38,67.96,0,72.31,16.05.2024 09:39:06
0,507.19,2705,914,27.37,67.98,0,73.20,16.05.2024 09:39:09
0,504.56,2691,914,27.38,68.00,0,71.61,16.05.2024 09:39:11
0,500.63,2670,914,27.38,67.97,0,69.52,16.05.2024 09:39:13
0,505.31,2695,914,27.40,67.97,0,72.00,16.05.2024 09:39:15
0,508.31,2711,914,27.38,67.98,0,73.73,16.05.2024 09:39:17
0,504.75,2692,914,27.38,67.96,0,71.79,16.05.2024 09:39:19
0,505.88,2698,914,27.40,67.99,0,72.27,16.05.2024 09:39:21
0,504.94,2693,914,27.40,67.99,0,71.74,16.05.2024 09:39:23
0,505.50,2696,914,27.40,67.99,0,72.06,16.05.2024 09:39:26
0,504.38,2690,914,27.40,67.97,0,71.46,16.05.2024 09:39:28
0,504.94,2693,915,27.38,67.99,0,71.84,16.05.2024 09:39:30
0,505.13,2694,914,27.38,67.98,0,71.96,16.05.2024 09:39:32
0,504.56,2691,914,27.37,68.00,0,71.71,16.05.2024 09:39:34
0,502.31,2679,913,27.38,67.99,0,70.40,16.05.2024 09:39:36
0,504.56,2691,913,27.40,67.97,0,71.57,16.05.2024 09:39:38
0,504.00,2688,913,27.37,67.98,0,71.43,16.05.2024 09:39:40
0,505.69,2697,913,27.40,67.99,0,72.15,16.05.2024 09:39:43
0,502.88,2682,912,27.40,67.97,0,70.64,16.05.2024 09:39:47
0,501.94,2677,912,27.40,67.99,0,70.10,16.05.2024 09:39:49
0,505.31,2695,912,27.38,67.96,0,72.10,16.05.2024 09:39:51
0,502.31,2679,912,27.38,67.97,0,70.43,16.05.2024 09:39:53
0,506.06,2699,912,27.40,67.99,0,72.38,16.05.2024 09:39:55
0,506.25,2700,912,27.38,67.98,0,72.58,16.05.2024 09:39:57
0,501.75,2676,911,27.37,67.99,0,70.19,16.05.2024 09:39:59
0,505.50,2696,911,27.40,68.04,0,71.97,16.05.2024 09:40:02
0,499.50,2664,911,27.38,67.98,0,68.89,16.05.2024 09:40:04
0,500.25,2668,911,27.37,68.01,0,69.34,16.05.2024 09:40:06
0,500.63,2670,911,27.38,68.00,0,69.47,16.05.2024 09:40:08
0,497.81,2655,911,27.40,68.02,0,67.85,16.05.2024 09:40:10
0,498.19,2657,911,27.38,68.03,0,68.12,16.05.2024 09:40:12
0,504.19,2689,912,27.38,68.01,0,71.39,16.05.2024 09:40:14
0,495.56,2643,912,27.37,68.00,0,66.87,16.05.2024 09:40:16
0,499.50,2664,912,27.38,68.01,0,68.85,16.05.2024 09:40:18
0,501.19,2673,913,27.38,68.03,0,69.73,16.05.2024 09:40:21
0,501.38,2674,913,27.40,68.05,0,69.71,16.05.2024 09:40:23
0,498.00,2656,913,27.38,68.00,0,68.06,16.05.2024 09:40:25
0,499.31,2663,913,27.40,68.03,0,68.63,16.05.2024 09:40:27
0,498.56,2659,913,27.37,68.00,0,68.46,16.05.2024 09:40:29
0,499.31,2663,912,27.38,67.99,0,68.78,16.05.2024 09:40:31
0,500.06,2667,912,27.38,68.04,0,69.10,16.05.2024 09:40:33
0,498.75,2660,912,27.38,68.04,0,68.39,16.05.2024 09:40:35
0,499.88,2666,912,27.40,68.04,0,68.91,16.05.2024 09:40:38
0,502.13,2678,913,27.38,68.00,0,70.28,16.05.2024 09:40:40
0,499.31,2663,913,27.40,68.01,0,68.67,16.05.2024 09:40:42
0,496.69,2649,913,27.38,68.03,0,67.33,16.05.2024 09:40:44
0,499.31,2663,913,27.38,68.01,0,68.75,16.05.2024 09:40:46
0,502.13,2678,913,27.38,68.04,0,70.21,16.05.2024 09:40:48
0,499.88,2666,914,27.38,68.04,0,69.00,16.05.2024 09:40:50
0,501.00,2672,914,27.38,68.01,0,69.65,16.05.2024 09:40:52
0,504.75,2692,914,27.40,68.01,0,71.62,16.05.2024 09:40:54
0,507.56,2707,915,27.38,68.03,0,73.22,16.05.2024 09:40:57
0,507.75,2708,915,27.37,68.04,0,73.41,16.05.2024 09:40:59
0,506.81,2703,915,27.38,68.03,0,72.82,16.05.2024 09:41:01
0,508.50,2712,915,27.38,68.05,0,73.71,16.05.2024 09:41:03
0,505.88,2698,915,27.38,68.04,0,72.27,16.05.2024 09:41:05
0,507.75,2708,915,27.40,68.05,0,73.21,16.05.2024 09:41:07
0,506.63,2702,915,27.40,68.07,0,72.54,16.05.2024 09:41:09
0,505.50,2696,916,27.38,68.03,0,72.09,16.05.2024 09:41:11
0,506.81,2703,916,27.37,68.05,0,72.87,16.05.2024 09:41:14
0,504.00,2688,916,27.40,68.06,0,71.11,16.05.2024 09:41:16
0,504.94,2693,916,27.38,68.03,0,71.78,16.05.2024 09:41:18
0,507.94,2709,916,27.37,68.02,0,73.55,16.05.2024 09:41:20
0,507.00,2704,917,27.40,68.06,0,72.77,16.05.2024 09:41:22
0,506.63,2702,917,27.38,68.08,0,72.61,16.05.2024 09:41:24
0,507.19,2705,917,27.38,68.08,0,72.94,16.05.2024 09:41:26
0,507.94,2709,917,27.40,68.06,0,73.30,16.05.2024 09:41:28
0,506.44,2701,918,27.37,68.03,0,72.69,16.05.2024 09:41:31
0,507.75,2708,918,27.37,68.04,0,73.41,16.05.2024 09:41:33
0,508.50,2712,918,27.40,68.09,0,73.56,16.05.2024 09:41:35
0,506.81,2703,919,27.40,68.07,0,72.65,16.05.2024 09:41:37
0,510.19,2721,919,27.37,68.06,0,74.75,16.05.2024 09:41:39
0,504.56,2691,920,27.38,68.06,0,71.51,16.05.2024 09:41:41
0,500.63,2670,920,27.38,68.06,0,69.36,16.05.2024 09:41:43
0,505.31,2695,920,27.40,68.04,0,71.87,16.05.2024 09:41:45
0,507.38,2706,920,27.38,68.04,0,73.10,16.05.2024 09:41:47
0,504.56,2691,920,27.38,68.05,0,71.52,16.05.2024 09:41:50
0,507.19,2705,920,27.40,68.05,0,72.90,16.05.2024 09:41:52
0,505.13,2694,920,27.41,68.07,0,71.60,16.05.2024 09:41:54
0,507.00,2704,920,27.38,68.04,0,72.89,16.05.2024 09:41:56
0,506.25,2700,921,27.37,68.08,0,72.50,16.05.2024 09:41:58
0,506.25,2700,921,27.38,68.04,0,72.48,16.05.2024 09:42:00
0,510.38,2722,921,27.40,68.06,0,74.67,16.05.2024 09:42:02
0,504.56,2691,921,27.41,68.07,0,71.29,16.05.2024 09:42:04
0,504.94,2693,922,27.40,68.07,0,71.61,16.05.2024 09:42:07
0,505.13,2694,921,27.38,68.04,0,71.85,16.05.2024 09:42:09
0,504.94,2693,921,27.40,68.10,0,71.56,16.05.2024 09:42:11
0,509.44,2717,921,27.40,68.08,0,74.10,16.05.2024 09:42:13
0,506.63,2702,922,27.38,68.05,0,72.66,16.05.2024 09:42:15
0,506.63,2702,922,27.35,68.07,0,72.84,16.05.2024 09:42:17
0,507.75,2708,922,27.38,68.05,0,73.29,16.05.2024 09:42:19
0,508.31,2711,922,27.40,68.09,0,73.45,16.05.2024 09:42:21
0,503.63,2686,922,27.40,68.07,0,70.89,16.05.2024 09:42:24
0,508.88,2714,922,27.40,68.08,0,73.78,16.05.2024 09:42:26
0,505.13,2694,922,27.40,68.11,0,71.64,16.05.2024 09:42:28
0,505.50,2696,922,27.38,68.08,0,71.98,16.05.2024 09:42:30
0,505.13,2694,922,27.38,68.08,0,71.78,16.05.2024 09:42:32
0,504.38,2690,922,27.40,68.09,0,71.27,16.05.2024 09:42:34
0,506.81,2703,923,27.40,68.07,0,72.65,16.05.2024 09:42:36
0,507.00,2704,922,27.38,68.06,0,72.86,16.05.2024 09:42:38
0,505.69,2697,922,27.41,68.08,0,71.89,16.05.2024 09:42:40
0,505.31,2695,922,27.40,68.06,0,71.84,16.05.2024 09:42:43
0,505.31,2695,923,27.40,68.11,0,71.74,16.05.2024 09:42:45
0,506.06,2699,923,27.41,68.08,0,72.09,16.05.2024 09:42:47
0,503.63,2686,923,27.40,68.07,0,70.89,16.05.2024 09:42:49
0,508.50,2712,922,27.40,68.07,0,73.59,16.05.2024 09:42:51
0,507.38,2706,923,27.41,68.08,0,72.82,16.05.2024 09:42:53
0,505.13,2694,922,27.40,68.12,0,71.62,16.05.2024 09:42:55
0,505.50,2696,923,27.38,68.08,0,71.98,16.05.2024 09:42:57
0,503.81,2687,924,27.44,68.09,0,70.66,16.05.2024 09:43:00
0,505.31,2695,924,27.40,68.09,0,71.78,16.05.2024 09:43:02
0,503.44,2685,924,27.40,68.09,0,70.75,16.05.2024 09:43:04
0,508.88,2714,924,27.41,68.10,0,73.62,16.05.2024 09:43:06
0,505.13,2694,924,27.41,68.11,0,71.52,16.05.2024 09:43:08
0,506.63,2702,924,27.40,68.13,0,72.43,16.05.2024 09:43:10
0,507.75,2708,924,27.37,68.10,0,73.30,16.05.2024 09:43:12
0,506.25,2700,924,27.40,68.05,0,72.38,16.05.2024 09:43:14
0,502.88,2682,923,27.41,68.09,0,70.33,16.05.2024 09:43:17
0,502.50,2680,922,27.40,68.11,0,70.20,16.05.2024 09:43:19
0,507.94,2709,922,27.40,68.09,0,73.24,16.05.2024 09:43:21
0,507.94,2709,922,27.42,68.10,0,72.99,16.05.2024 09:43:23
0,504.75,2692,921,27.41,68.09,0,71.35,16.05.2024 09:43:25
0,502.50,2680,921,27.40,68.09,0,70.24,16.05.2024 09:43:27
0,505.88,2698,921,27.40,68.12,0,72.04,16.05.2024 09:43:29
0,505.69,2697,922,27.41,68.10,0,71.85,16.05.2024 09:43:31
0,504.56,2691,921,27.38,68.08,0,71.48,16.05.2024 09:43:33
0,506.25,2700,921,27.40,68.11,0,72.26,16.05.2024 09:43:36
0,505.69,2697,922,27.41,68.10,0,71.85,16.05.2024 09:43:38
0,505.31,2695,921,27.40,68.09,0,71.78,16.05.2024 09:43:40
0,507.00,2704,921,27.41,68.07,0,72.63,16.05.2024 09:43:42
0,502.50,2680,922,27.40,68.09,0,70.24,16.05.2024 09:43:44
0,502.69,2681,922,27.40,68.12,0,70.29,16.05.2024 09:43:46
0,506.63,2702,922,27.41,68.11,0,72.35,16.05.2024 09:43:48
0,502.13,2678,922,27.41,68.10,0,69.90,16.05.2024 09:43:50
0,503.81,2687,922,27.40,68.14,0,70.87,16.05.2024 09:43:53
0,502.50,2680,922,27.40,68.13,0,70.17,16.05.2024 09:43:55
0,504.75,2692,922,27.40,68.13,0,71.40,16.05.2024 09:43:57
0,502.69,2681,922,27.42,68.10,0,70.11,16.05.2024 09:43:59
0,504.38,2690,922,27.41,68.14,0,71.05,16.05.2024 09:44:01
0,507.00,2704,922,27.41,68.12,0,72.54,16.05.2024 09:44:03
0,504.38,2690,922,27.37,68.10,0,71.42,16.05.2024 09:44:05
0,498.94,2661,922,27.41,68.13,0,68.15,16.05.2024 09:44:07
0,501.94,2677,922,27.38,68.10,0,70.02,16.05.2024 09:44:10
0,504.00,2688,922,27.41,68.10,0,70.92,16.05.2024 09:44:12
0,503.63,2686,921,27.41,68.12,0,70.68,16.05.2024 09:44:14
0,504.94,2693,921,27.40,68.15,0,71.47,16.05.2024 09:44:16
0,506.25,2700,921,27.40,68.12,0,72.25,16.05.2024 09:44:18
0,504.75,2692,920,27.41,68.14,0,71.26,16.05.2024 09:44:20
0,506.06,2699,921,27.38,68.10,0,72.26,16.05.2024 09:44:22
0,504.19,2689,921,27.40,68.14,0,71.07,16.05.2024 09:44:24
0,506.25,2700,920,27.40,68.15,0,72.19,16.05.2024 09:44:27
0,506.44,2701,920,27.41,68.11,0,72.25,16.05.2024 09:44:29
0,502.88,2682,920,27.38,68.10,0,70.51,16.05.2024 09:44:31
0,502.69,2681,921,27.40,68.10,0,70.33,16.05.2024 09:44:33
0,505.50,2696,921,27.40,68.11,0,71.85,16.05.2024 09:44:37
0,506.81,2703,921,27.38,68.14,0,72.62,16.05.2024 09:44:39
0,504.56,2691,921,27.40,68.13,0,71.30,16.05.2024 09:44:41
0,504.75,2692,921,27.40,68.09,0,71.47,16.05.2024 09:44:43
0,505.69,2697,921,27.38,68.12,0,72.03,16.05.2024 09:44:45
0,507.94,2709,921,27.40,68.15,0,73.13,16.05.2024 09:44:48
0,500.44,2669,921,27.40,68.14,0,69.04,16.05.2024 09:44:50
0,497.06,2651,921,27.41,68.13,0,67.16,16.05.2024 09:44:52
0,497.25,2652,922,27.38,68.13,0,67.46,16.05.2024 09:44:54
0,497.63,2654,922,27.40,68.17,0,67.49,16.05.2024 09:44:56
0,499.31,2663,922,27.41,68.14,0,68.32,16.05.2024 09:44:58
0,499.13,2662,922,27.37,68.12,0,68.55,16.05.2024 09:45:00
0,500.44,2669,923,27.41,68.13,0,68.94,16.05.2024 09:45:02
0,496.31,2647,922,27.41,68.15,0,66.73,16.05.2024 09:45:05
0,498.38,2658,922,27.40,68.15,0,67.93,16.05.2024 09:45:07
0,498.19,2657,924,27.42,68.15,0,67.63,16.05.2024 09:45:09
0,502.50,2680,924,27.41,68.14,0,70.03,16.05.2024 09:45:11
0,498.19,2657,924,27.41,68.15,0,67.71,16.05.2024 09:45:13
0,500.25,2668,924,27.40,68.19,0,68.85,16.05.2024 09:45:15
0,496.69,2649,924,27.38,68.17,0,67.09,16.05.2024 09:45:17
0,498.38,2658,924,27.41,68.13,0,67.85,16.05.2024 09:45:19
0,498.94,2661,924,27.41,68.15,0,68.11,16.05.2024 09:45:22
0,502.13,2678,924,27.40,68.14,0,69.95,16.05.2024 09:45:24
0,501.94,2677,924,27.40,68.14,0,69.85,16.05.2024 09:45:26
0,500.44,2669,924,27.41,68.15,0,68.91,16.05.2024 09:45:28
0,500.25,2668,924,27.35,68.11,0,69.28,16.05.2024 09:45:30
0,498.00,2656,924,27.40,68.14,0,67.74,16.05.2024 09:45:32
0,504.38,2690,924,27.40,68.14,0,71.17,16.05.2024 09:45:34
0,503.44,2685,925,27.41,68.16,0,70.51,16.05.2024 09:45:36
0,502.50,2680,925,27.40,68.13,0,70.17,16.05.2024 09:45:38
0,505.69,2697,925,27.41,68.12,0,71.81,16.05.2024 09:45:41
0,507.19,2705,925,27.37,68.15,0,72.89,16.05.2024 09:45:43
0,507.56,2707,925,27.38,68.14,0,73.04,16.05.2024 09:45:45
0,506.63,2702,926,27.40,68.15,0,72.40,16.05.2024 09:45:47
0,506.25,2700,926,27.40,68.15,0,72.19,16.05.2024 09:45:49
0,505.13,2694,926,27.41,68.16,0,71.43,16.05.2024 09:45:51
0,504.00,2688,926,27.40,68.15,0,70.95,16.05.2024 09:45:53
0,505.50,2696,926,27.41,68.15,0,71.65,16.05.2024 09:45:55
0,506.25,2700,926,27.40,68.14,0,72.21,16.05.2024 09:45:58
0,505.88,2698,926,27.40,68.16,0,71.96,16.05.2024 09:46:00
0,504.75,2692,927,27.41,68.15,0,71.24,16.05.2024 09:46:02
0,504.38,2690,927,27.42,68.20,0,70.87,16.05.2024 09:46:04
0,506.81,2703,927,27.40,68.17,0,72.46,16.05.2024 09:46:06
0,505.88,2698,927,27.38,68.13,0,72.12,16.05.2024 09:46:08
0,506.06,2699,928,27.41,68.17,0,71.93,16.05.2024 09:46:10
0,506.25,2700,927,27.40,68.14,0,72.21,16.05.2024 09:46:12
0,504.00,2688,927,27.44,68.21,0,70.55,16.05.2024 09:46:15
0,503.81,2687,927,27.41,68.18,0,70.68,16.05.2024 09:46:17
0,508.69,2713,927,27.41,68.15,0,73.42,16.05.2024 09:46:19
0,510.38,2722,928,27.40,68.21,0,74.38,16.05.2024 09:46:21
0,509.81,2719,929,27.40,68.16,0,74.16,16.05.2024 09:46:23
0,502.88,2682,928,27.40,68.18,0,70.28,16.05.2024 09:46:25
0,505.88,2698,928,27.40,68.22,0,71.85,16.05.2024 09:46:27
0,506.25,2700,929,27.41,68.17,0,72.03,16.05.2024 09:46:29
0,508.13,2710,929,27.38,68.15,0,73.34,16.05.2024 09:46:31
0,508.69,2713,929,27.40,68.17,0,73.51,16.05.2024 09:46:34
0,507.19,2705,929,27.41,68.17,0,72.55,16.05.2024 09:46:36
0,503.81,2687,929,27.42,68.20,0,70.56,16.05.2024 09:46:38
0,503.81,2687,929,27.41,68.18,0,70.68,16.05.2024 09:46:40
0,503.06,2683,929,27.41,68.18,0,70.27,16.05.2024 09:46:42
0,505.13,2694,930,27.42,68.22,0,71.24,16.05.2024 09:46:44
0,503.06,2683,931,27.42,68.19,0,70.17,16.05.2024 09:46:46
0,502.50,2680,932,27.41,68.16,0,70.00,16.05.2024 09:46:48
0,508.13,2710,932,27.41,68.16,0,73.09,16.05.2024 09:46:51
0,504.75,2692,932,27.42,68.17,0,71.12,16.05.2024 09:46:53
0,505.88,2698,931,27.41,68.18,0,71.81,16.05.2024 09:46:55
0,510.19,2721,931,27.40,68.18,0,74.33,16.05.2024 09:46:57
0,504.38,2690,932,27.40,68.16,0,71.14,16.05.2024 09:46:59
0,505.31,2695,932,27.40,68.17,0,71.63,16.05.2024 09:47:01
0,503.81,2687,932,27.42,68.19,0,70.58,16.05.2024 09:47:03
0,505.50,2696,933,27.41,68.20,0,71.56,16.05.2024 09:47:05
0,504.56,2691,933,27.41,68.17,0,71.10,16.05.2024 09:47:08
0,509.25,2716,932,27.41,68.16,0,73.72,16.05.2024 09:47:10
0,507.00,2704,932,27.40,68.22,0,72.47,16.05.2024 09:47:12
0,504.19,2689,932,27.41,68.17,0,70.90,16.05.2024 09:47:14
0,507.00,2704,932,27.44,68.21,0,72.19,16.05.2024 09:47:16
0,507.56,2707,932,27.40,68.19,0,72.85,16.05.2024 09:47:18
0,506.25,2700,931,27.42,68.19,0,71.91,16.05.2024 09:47:20
0,504.75,2692,932,27.40,68.20,0,71.27,16.05.2024 09:47:22
0,507.38,2706,932,27.40,68.20,0,72.72,16.05.2024 09:47:24
0,507.00,2704,932,27.41,68.19,0,72.41,16.05.2024 09:47:27
0,507.19,2705,933,27.41,68.21,0,72.48,16.05.2024 09:47:29
0,509.25,2716,933,27.40,68.21,0,73.75,16.05.2024 09:47:31
0,514.88,2746,932,27.38,68.18,0,77.13,16.05.2024 09:47:33
0,523.31,2791,932,27.42,68.20,0,81.76,16.05.2024 09:47:35
0,537.00,2864,931,27.40,68.21,0,90.60,16.05.2024 09:47:37
0,545.63,2910,932,27.41,68.21,0,96.22,16.05.2024 09:47:39
0,555.75,2964,932,27.41,68.18,0,103.41,16.05.2024 09:47:41
0,560.81,2991,932,27.41,68.18,0,107.11,16.05.2024 09:47:44
0,567.19,3025,932,27.42,68.20,0,111.73,16.05.2024 09:47:46
0,570.00,3040,932,27.40,68.19,0,114.25,16.05.2024 09:47:48
0,575.63,3070,932,27.41,68.20,0,118.46,16.05.2024 09:47:50
0,574.50,3064,933,27.41,68.22,0,117.51,16.05.2024 09:47:52
0,576.38,3074,934,27.40,68.21,0,119.23,16.05.2024 09:47:54
0,574.69,3065,935,27.42,68.20,0,117.58,16.05.2024 09:47:56
0,572.81,3055,935,27.41,68.22,0,116.18,16.05.2024 09:47:58
0,570.94,3045,935,27.40,68.19,0,114.98,16.05.2024 09:48:01
0,570.19,3041,935,27.41,68.21,0,114.15,16.05.2024 09:48:03
0,568.13,3030,934,27.40,68.23,0,112.67,16.05.2024 09:48:05
0,567.75,3028,935,27.42,68.25,0,112.03,16.05.2024 09:48:07
0,564.94,3013,935,27.42,68.19,0,110.05,16.05.2024 09:48:09
0,568.13,3030,936,27.42,68.19,0,112.48,16.05.2024 09:48:11
0,566.25,3020,937,27.42,68.19,0,111.05,16.05.2024 09:48:13
0,566.63,3022,937,27.41,68.18,0,111.49,16.05.2024 09:48:15
0,567.38,3026,937,27.41,68.18,0,112.06,16.05.2024 09:48:17
0,561.38,2994,937,27.42,68.20,0,107.36,16.05.2024 09:48:20
0,555.94,2965,938,27.40,68.20,0,103.67,16.05.2024 09:48:22
0,559.88,2986,938,27.40,68.21,0,106.51,16.05.2024 09:48:24
0,559.88,2986,939,27.41,68.20,0,106.37,16.05.2024 09:48:26
0,561.19,2993,939,27.42,68.21,0,107.20,16.05.2024 09:48:28
0,556.50,2968,940,27.41,68.24,0,103.80,16.05.2024 09:48:30
0,553.50,2952,940,27.42,68.21,0,101.61,16.05.2024 09:48:32
0,556.31,2967,940,27.42,68.23,0,103.57,16.05.2024 09:48:34
0,554.06,2955,940,27.42,68.24,0,101.93,16.05.2024 09:48:37
0,557.44,2973,940,27.41,68.22,0,104.53,16.05.2024 09:48:39
0,551.25,2940,941,27.42,68.20,0,100.04,16.05.2024 09:48:41
0,552.94,2949,941,27.42,68.23,0,101.15,16.05.2024 09:48:43
0,554.63,2958,941,27.42,68.20,0,102.43,16.05.2024 09:48:45
0,552.19,2945,941,27.42,68.24,0,100.60,16.05.2024 09:48:47
0,552.19,2945,941,27.42,68.24,0,100.60,16.05.2024 09:48:49
0,553.69,2953,941,27.41,68.19,0,101.90,16.05.2024 09:48:51
0,553.13,2950,942,27.42,68.26,0,101.21,16.05.2024 09:48:54
0,549.56,2931,942,27.42,68.23,0,98.78,16.05.2024 09:48:56
0,551.63,2942,942,27.40,68.19,0,100.61,16.05.2024 09:48:58
0,552.00,2944,942,27.42,68.21,0,100.55,16.05.2024 09:49:00
0,549.94,2933,942,27.41,68.21,0,99.20,16.05.2024 09:49:02
0,552.19,2945,942,27.40,68.22,0,100.92,16.05.2024 09:49:04
0,550.69,2937,942,27.41,68.26,0,99.63,16.05.2024 09:49:06
0,549.75,2932,943,27.41,68.21,0,99.07,16.05.2024 09:49:08
0,548.44,2925,944,27.45,68.24,0,97.71,16.05.2024 09:49:10
0,553.13,2950,944,27.42,68.25,0,101.24,16.05.2024 09:49:15
0,552.75,2948,944,27.41,68.20,0,101.21,16.05.2024 09:49:17
0,551.06,2939,943,27.42,68.25,0,99.78,16.05.2024 09:49:19
0,549.94,2933,942,27.41,68.19,0,99.25,16.05.2024 09:49:21
0,554.25,2956,942,27.41,68.22,0,102.24,16.05.2024 09:49:23
0,551.06,2939,941,27.42,68.26,0,99.76,16.05.2024 09:49:25
0,550.31,2935,942,27.41,68.22,0,99.45,16.05.2024 09:49:27
0,550.88,2938,942,27.41,68.24,0,99.81,16.05.2024 09:49:29
0,543.56,2899,942,27.42,68.25,0,94.62,16.05.2024 09:49:32
0,543.00,2896,942,27.40,68.20,0,94.62,16.05.2024 09:49:34
0,544.13,2902,942,27.42,68.24,0,95.02,16.05.2024 09:49:36
0,543.56,2899,942,27.44,68.25,0,94.49,16.05.2024 09:49:38
0,543.94,2901,943,27.41,68.21,0,95.07,16.05.2024 09:49:40
0,548.81,2927,943,27.41,68.24,0,98.37,16.05.2024 09:49:42
0,545.63,2910,943,27.42,68.24,0,96.04,16.05.2024 09:49:44
0,546.19,2913,943,27.42,68.24,0,96.42,16.05.2024 09:49:46
0,545.06,2907,943,27.42,68.26,0,95.61,16.05.2024 09:49:49
0,546.19,2913,942,27.44,68.26,0,96.25,16.05.2024 09:49:51
0,545.63,2910,943,27.41,68.22,0,96.20,16.05.2024 09:49:53
0,547.69,2921,943,27.41,68.26,0,97.54,16.05.2024 09:49:55
0,545.44,2909,942,27.42,68.26,0,95.86,16.05.2024 09:49:57
0,546.00,2912,942,27.40,68.24,0,96.56,16.05.2024 09:49:59
0,549.19,2929,943,27.41,68.26,0,98.58,16.05.2024 09:50:01
0,548.63,2926,942,27.41,68.22,0,98.27,16.05.2024 09:50:03
0,549.75,2932,942,27.41,68.24,0,99.00,16.05.2024 09:50:05
0,545.81,2911,942,27.41,68.26,0,96.25,16.05.2024 09:50:08
0,544.31,2903,943,27.41,68.26,0,95.21,16.05.2024 09:50:10
0,546.00,2912,942,27.40,68.26,0,96.51,16.05.2024 09:50:12
0,549.00,2928,942,27.42,68.27,0,98.29,16.05.2024 09:50:14
0,549.94,2933,942,27.41,68.24,0,99.13,16.05.2024 09:50:16
0,550.88,2938,942,27.42,68.26,0,99.62,16.05.2024 09:50:18
0,548.63,2926,942,27.40,68.28,0,98.28,16.05.2024 09:50:20
0,552.19,2945,941,27.40,68.26,0,100.82,16.05.2024 09:50:22
0,556.50,2968,941,27.42,68.25,0,103.66,16.05.2024 09:50:25
0,550.88,2938,941,27.41,68.28,0,99.71,16.05.2024 09:50:27
0,553.31,2951,941,27.42,68.26,0,101.35,16.05.2024 09:50:29
0,552.19,2945,942,27.42,68.28,0,100.50,16.05.2024 09:50:31
0,556.88,2970,942,27.41,68.28,0,103.98,16.05.2024 09:50:33
0,549.94,2933,942,27.40,68.26,0,99.24,16.05.2024 09:50:35
0,554.25,2956,942,27.40,68.27,0,102.27,16.05.2024 09:50:37
0,553.88,2954,943,27.44,68.27,0,101.59,16.05.2024 09:50:39
0,554.44,2957,943,27.42,68.28,0,102.10,16.05.2024 09:50:42
0,556.31,2967,943,27.41,68.29,0,103.56,16.05.2024 09:50:44
0,548.81,2927,943,27.42,68.29,0,98.11,16.05.2024 09:50:46
0,551.81,2943,942,27.42,68.30,0,100.18,16.05.2024 09:50:48
0,549.94,2933,942,27.41,68.28,0,99.05,16.05.2024 09:50:50
0,551.63,2942,943,27.42,68.30,0,100.05,16.05.2024 09:50:52
0,557.44,2973,942,27.41,68.24,0,104.48,16.05.2024 09:50:54
0,554.06,2955,943,27.42,68.25,0,101.91,16.05.2024 09:50:56
0,551.81,2943,942,27.41,68.26,0,100.40,16.05.2024 09:50:58
0,554.44,2957,943,27.42,68.31,0,102.02,16.05.2024 09:51:01
0,553.31,2951,943,27.41,68.29,0,101.41,16.05.2024 09:51:03
0,556.13,2966,943,27.42,68.28,0,103.31,16.05.2024 09:51:05
0,552.19,2945,943,27.41,68.28,0,100.63,16.05.2024 09:51:07
0,554.44,2957,942,27.41,68.29,0,102.21,16.05.2024 09:51:09
0,555.19,2961,943,27.42,68.29,0,102.61,16.05.2024 09:51:11
0,555.56,2963,944,27.40,68.27,0,103.21,16.05.2024 09:51:13
0,551.44,2941,944,27.40,68.31,0,100.17,16.05.2024 09:51:15
0,554.63,2958,944,27.41,68.29,0,102.34,16.05.2024 09:51:18
0,548.25,2924,944,27.41,68.31,0,97.81,16.05.2024 09:51:20
0,551.25,2940,944,27.42,68.29,0,99.81,16.05.2024 09:51:22
0,552.94,2949,944,27.41,68.31,0,101.09,16.05.2024 09:51:24
0,551.25,2940,944,27.41,68.31,0,99.90,16.05.2024 09:51:26
0,555.00,2960,945,27.42,68.26,0,102.55,16.05.2024 09:51:28
0,556.13,2966,945,27.42,68.29,0,103.28,16.05.2024 09:51:30
0,549.94,2933,945,27.42,68.31,0,98.85,16.05.2024 09:51:32
0,551.44,2941,946,27.41,68.30,0,100.05,16.05.2024 09:51:35
0,555.38,2962,946,27.42,68.30,0,102.71,16.05.2024 09:51:37
0,551.63,2942,947,27.40,68.28,0,100.38,16.05.2024 09:51:39
0,552.75,2948,947,27.44,68.27,0,100.79,16.05.2024 09:51:41
0,556.13,2966,947,27.42,68.33,0,103.18,16.05.2024 09:51:43
0,555.38,2962,947,27.42,68.31,0,102.69,16.05.2024 09:51:45
0,552.38,2946,947,27.42,68.32,0,100.53,16.05.2024 09:51:47
0,554.81,2959,947,27.44,68.29,0,102.20,16.05.2024 09:51:49
0,551.63,2942,947,27.41,68.29,0,100.21,16.05.2024 09:51:51
0,555.00,2960,947,27.42,68.32,0,102.40,16.05.2024 09:51:54
0,556.50,2968,947,27.41,68.31,0,103.64,16.05.2024 09:51:56
0,550.69,2937,948,27.44,68.30,0,99.26,16.05.2024 09:51:58
0,549.75,2932,948,27.44,68.32,0,98.55,16.05.2024 09:52:00
0,555.38,2962,948,27.44,68.33,0,102.49,16.05.2024 09:52:02
0,552.94,2949,948,27.42,68.29,0,101.00,16.05.2024 09:52:04
0,554.63,2958,949,27.42,68.33,0,102.10,16.05.2024 09:52:06
0,551.06,2939,949,27.42,68.29,0,99.68,16.05.2024 09:52:08
0,550.31,2935,949,27.41,68.30,0,99.26,16.05.2024 09:52:11
0,553.31,2951,948,27.42,68.31,0,101.22,16.05.2024 09:52:13
0,555.19,2961,948,27.45,68.26,0,102.40,16.05.2024 09:52:15
0,549.00,2928,948,27.42,68.29,0,98.24,16.05.2024 09:52:17
0,552.19,2945,948,27.44,68.32,0,100.25,16.05.2024 09:52:19
0,551.25,2940,948,27.42,68.30,0,99.79,16.05.2024 09:52:21
0,552.56,2947,948,27.44,68.33,0,100.49,16.05.2024 09:52:23
0,552.38,2946,948,27.41,68.29,0,100.74,16.05.2024 09:52:25
0,553.31,2951,948,27.44,68.30,0,101.10,16.05.2024 09:52:28
0,550.88,2938,948,27.42,68.30,0,99.52,16.05.2024 09:52:30
0,554.06,2955,947,27.42,68.33,0,101.70,16.05.2024 09:52:32
0,550.13,2934,948,27.42,68.32,0,98.95,16.05.2024 09:52:34
0,553.88,2954,948,27.44,68.33,0,101.42,16.05.2024 09:52:36
0,550.50,2936,947,27.41,68.32,0,99.35,16.05.2024 09:52:38
0,554.63,2958,948,27.44,68.32,0,101.98,16.05.2024 09:52:40
0,555.75,2964,948,27.42,68.31,0,102.96,16.05.2024 09:52:42
0,552.38,2946,949,27.45,68.35,0,100.20,16.05.2024 09:52:44
0,555.94,2965,949,27.44,68.29,0,103.01,16.05.2024 09:52:47
0,546.19,2913,948,27.44,68.33,0,96.07,16.05.2024 09:52:49
0,552.00,2944,950,27.44,68.33,0,100.10,16.05.2024 09:52:51
0,551.25,2940,949,27.40,68.31,0,100.04,16.05.2024 09:52:53
0,552.56,2947,949,27.44,68.34,0,100.47,16.05.2024 09:52:55
0,550.31,2935,949,27.42,68.33,0,99.06,16.05.2024 09:52:57
0,551.25,2940,948,27.45,68.32,0,99.49,16.05.2024 09:52:59
0,555.56,2963,949,27.44,68.33,0,102.63,16.05.2024 09:53:01
0,549.38,2930,949,27.42,68.31,0,98.46,16.05.2024 09:53:04
0,550.13,2934,950,27.42,68.31,0,98.98,16.05.2024 09:53:06
0,553.50,2952,950,27.45,68.32,0,101.05,16.05.2024 09:53:08
0,552.00,2944,949,27.42,68.34,0,100.22,16.05.2024 09:53:10
0,553.13,2950,949,27.42,68.31,0,101.09,16.05.2024 09:53:12
0,552.38,2946,949,27.42,68.34,0,100.48,16.05.2024 09:53:14
0,553.31,2951,949,27.41,68.29,0,101.41,16.05.2024 09:53:16
0,549.75,2932,948,27.42,68.34,0,98.64,16.05.2024 09:53:18
0,551.06,2939,948,27.42,68.30,0,99.65,16.05.2024 09:53:21
0,547.69,2921,948,27.44,68.32,0,97.12,16.05.2024 09:53:23
0,552.19,2945,948,27.42,68.30,0,100.45,16.05.2024 09:53:25
0,551.81,2943,948,27.44,68.33,0,99.96,16.05.2024 09:53:27
0,555.56,2963,948,27.44,68.33,0,102.63,16.05.2024 09:53:29
0,553.13,2950,948,27.44,68.34,0,100.87,16.05.2024 09:53:31
0,550.69,2937,947,27.44,68.33,0,99.18,16.05.2024 09:53:33
0,554.25,2956,947,27.41,68.34,0,101.95,16.05.2024 09:53:35
0,552.38,2946,947,27.44,68.33,0,100.36,16.05.2024 09:53:38
0,554.44,2957,946,27.44,68.31,0,101.88,16.05.2024 09:53:40
0,549.38,2930,946,27.44,68.32,0,98.29,16.05.2024 09:53:42
0,553.31,2951,946,27.44,68.33,0,101.02,16.05.2024 09:53:44
0,549.56,2931,946,27.44,68.36,0,98.32,16.05.2024 09:53:46
0,548.25,2924,945,27.40,68.33,0,97.90,16.05.2024 09:53:50
0,549.00,2928,945,27.44,68.32,0,98.03,16.05.2024 09:53:52
0,545.06,2907,945,27.44,68.32,0,95.33,16.05.2024 09:53:54
0,552.19,2945,945,27.44,68.33,0,100.23,16.05.2024 09:53:56
0,547.50,2920,945,27.44,68.30,0,97.05,16.05.2024 09:53:59
0,548.44,2925,945,27.42,68.34,0,97.73,16.05.2024 09:54:01
0,549.00,2928,945,27.44,68.34,0,97.98,16.05.2024 09:54:03
0,552.75,2948,945,27.44,68.33,0,100.62,16.05.2024 09:54:05
0,548.63,2926,945,27.42,68.33,0,97.88,16.05.2024 09:54:07
0,546.56,2915,945,27.45,68.34,0,96.19,16.05.2024 09:54:09
0,542.63,2894,945,27.42,68.34,0,93.78,16.05.2024 09:54:11
0,543.38,2898,945,27.42,68.33,0,94.30,16.05.2024 09:54:13
0,544.50,2904,945,27.44,68.36,0,94.85,16.05.2024 09:54:16
0,546.75,2916,945,27.44,68.35,0,96.41,16.05.2024 09:54:18
0,544.50,2904,946,27.44,68.34,0,94.90,16.05.2024 09:54:20
0,546.00,2912,946,27.41,68.34,0,96.19,16.05.2024 09:54:22
0,548.81,2927,946,27.42,68.32,0,98.04,16.05.2024 09:54:24
0,545.63,2910,946,27.42,68.33,0,95.82,16.05.2024 09:54:26
0,541.13,2886,946,27.41,68.35,0,92.88,16.05.2024 09:54:28
0,546.94,2917,946,27.44,68.32,0,96.61,16.05.2024 09:54:30
0,545.63,2910,946,27.42,68.34,0,95.80,16.05.2024 09:54:32
0,545.81,2911,946,27.44,68.33,0,95.81,16.05.2024 09:54:35
0,545.81,2911,946,27.41,68.34,0,96.06,16.05.2024 09:54:37
0,548.81,2927,946,27.44,68.32,0,97.90,16.05.2024 09:54:39
0,546.19,2913,946,27.42,68.35,0,96.16,16.05.2024 09:54:41
0,543.38,2898,946,27.44,68.33,0,94.16,16.05.2024 09:54:43
0,549.19,2929,946,27.42,68.38,0,98.15,16.05.2024 09:54:45
0,543.56,2899,946,27.44,68.33,0,94.29,16.05.2024 09:54:47
0,546.75,2916,946,27.44,68.34,0,96.43,16.05.2024 09:54:49
0,547.69,2921,945,27.42,68.36,0,97.16,16.05.2024 09:54:52
0,550.88,2938,946,27.42,68.36,0,99.37,16.05.2024 09:54:54
0,547.88,2922,946,27.44,68.38,0,97.11,16.05.2024 09:54:56
0,553.69,2953,946,27.42,68.34,0,101.41,16.05.2024 09:54:58
0,551.25,2940,946,27.42,68.33,0,99.71,16.05.2024 09:55:00
0,549.94,2933,946,27.45,68.37,0,98.45,16.05.2024 09:55:02
0,552.75,2948,946,27.44,68.34,0,100.60,16.05.2024 09:55:04
0,553.50,2952,946,27.44,68.37,0,101.06,16.05.2024 09:55:06
0,555.56,2963,946,27.44,68.36,0,102.55,16.05.2024 09:55:09
0,553.69,2953,947,27.42,68.37,0,101.34,16.05.2024 09:55:11
0,552.38,2946,947,27.42,68.38,0,100.37,16.05.2024 09:55:13
0,552.94,2949,947,27.45,68.38,0,100.52,16.05.2024 09:55:15
0,553.31,2951,947,27.41,68.37,0,101.20,16.05.2024 09:55:17
0,552.56,2947,947,27.44,68.36,0,100.42,16.05.2024 09:55:19
0,553.13,2950,947,27.44,68.36,0,100.81,16.05.2024 09:55:21
0,553.69,2953,947,27.44,68.38,0,101.16,16.05.2024 09:55:23
0,552.94,2949,948,27.45,68.38,0,100.52,16.05.2024 09:55:25
0,551.06,2939,948,27.42,68.38,0,99.45,16.05.2024 09:55:28
0,555.94,2965,948,27.45,68.38,0,102.65,16.05.2024 09:55:30
0,549.38,2930,947,27.42,68.36,0,98.33,16.05.2024 09:55:32
0,553.31,2951,948,27.44,68.37,0,100.93,16.05.2024 09:55:34
0,555.00,2960,947,27.44,68.34,0,102.20,16.05.2024 09:55:36
0,550.88,2938,947,27.44,68.38,0,99.19,16.05.2024 09:55:38
0,552.19,2945,947,27.42,68.35,0,100.32,16.05.2024 09:55:40
0,556.69,2969,947,27.44,68.36,0,103.36,16.05.2024 09:55:42
0,553.13,2950,947,27.47,68.38,0,100.49,16.05.2024 09:55:45
0,552.56,2947,946,27.45,68.39,0,100.23,16.05.2024 09:55:47
0,555.19,2961,946,27.44,68.38,0,102.23,16.05.2024 09:55:49
0,552.75,2948,946,27.44,68.36,0,100.55,16.05.2024 09:55:51
0,554.44,2957,947,27.42,68.36,0,101.89,16.05.2024 09:55:53
0,553.69,2953,947,27.42,68.39,0,101.28,16.05.2024 09:55:55
0,550.13,2934,948,27.42,68.41,0,98.72,16.05.2024 09:55:57
0,551.44,2941,948,27.44,68.42,0,99.50,16.05.2024 09:55:59
0,555.00,2960,948,27.44,68.38,0,102.10,16.05.2024 09:56:02
0,553.31,2951,949,27.44,68.40,0,100.87,16.05.2024 09:56:04
0,554.25,2956,948,27.41,68.40,0,101.80,16.05.2024 09:56:06
0,552.00,2944,949,27.47,68.37,0,99.72,16.05.2024 09:56:08
0,553.88,2954,950,27.44,68.36,0,101.35,16.05.2024 09:56:10
0,551.06,2939,950,27.44,68.42,0,99.22,16.05.2024 09:56:12
0,554.06,2955,950,27.42,68.40,0,101.52,16.05.2024 09:56:14
0,547.31,2919,949,27.44,68.38,0,96.72,16.05.2024 09:56:16
0,557.06,2971,949,27.42,68.40,0,103.67,16.05.2024 09:56:18
0,553.88,2954,949,27.45,68.40,0,101.13,16.05.2024 09:56:21
0,552.56,2947,948,27.42,68.40,0,100.46,16.05.2024 09:56:23
0,555.56,2963,948,27.42,68.38,0,102.64,16.05.2024 09:56:25
0,549.00,2928,948,27.45,68.44,0,97.62,16.05.2024 09:56:27
0,550.31,2935,948,27.44,68.40,0,98.77,16.05.2024 09:56:29
0,553.13,2950,948,27.41,68.42,0,100.94,16.05.2024 09:56:31
0,552.75,2948,949,27.44,68.41,0,100.45,16.05.2024 09:56:33
0,551.44,2941,950,27.44,68.41,0,99.53,16.05.2024 09:56:35
0,550.31,2935,950,27.44,68.41,0,98.75,16.05.2024 09:56:38
0,554.25,2956,950,27.44,68.42,0,101.46,16.05.2024 09:56:40
0,552.38,2946,949,27.42,68.41,0,100.30,16.05.2024 09:56:42
0,549.75,2932,949,27.44,68.38,0,98.40,16.05.2024 09:56:44
0,551.63,2942,949,27.44,68.37,0,99.74,16.05.2024 09:56:46
0,551.81,2943,949,27.44,68.40,0,99.81,16.05.2024 09:56:48
0,553.50,2952,949,27.47,68.39,0,100.73,16.05.2024 09:56:50
0,552.94,2949,949,27.45,68.43,0,100.40,16.05.2024 09:56:52
0,552.38,2946,949,27.47,68.42,0,99.86,16.05.2024 09:56:55
0,553.31,2951,949,27.47,68.43,0,100.50,16.05.2024 09:56:57
0,552.19,2945,949,27.45,68.41,0,99.92,16.05.2024 09:56:59
0,553.50,2952,949,27.45,68.41,0,100.85,16.05.2024 09:57:01
0,551.81,2943,949,27.42,68.40,0,99.93,16.05.2024 09:57:03
0,555.75,2964,949,27.44,68.40,0,102.61,16.05.2024 09:57:05
0,549.75,2932,949,27.45,68.38,0,98.29,16.05.2024 09:57:07
0,555.19,2961,949,27.47,68.39,0,101.93,16.05.2024 09:57:09
0,550.88,2938,949,27.45,68.38,0,99.07,16.05.2024 09:57:11
0,553.31,2951,949,27.42,68.42,0,100.93,16.05.2024 09:57:14
0,550.31,2935,949,27.47,68.38,0,98.52,16.05.2024 09:57:16
0,547.50,2920,949,27.42,68.38,0,96.98,16.05.2024 09:57:18
0,551.63,2942,948,27.45,68.38,0,99.60,16.05.2024 09:57:20
0,551.44,2941,948,27.44,68.38,0,99.58,16.05.2024 09:57:22
0,549.94,2933,949,27.44,68.40,0,98.51,16.05.2024 09:57:24
0,551.44,2941,950,27.44,68.45,0,99.43,16.05.2024 09:57:26
0,550.31,2935,950,27.45,68.41,0,98.61,16.05.2024 09:57:28
0,554.81,2959,950,27.45,68.40,0,101.80,16.05.2024 09:57:31
0,557.81,2975,950,27.47,68.39,0,103.81,16.05.2024 09:57:33
0,552.94,2949,951,27.45,68.40,0,100.47,16.05.2024 09:57:35
0,557.25,2972,951,27.44,68.38,0,103.71,16.05.2024 09:57:37
0,557.81,2975,951,27.44,68.41,0,104.07,16.05.2024 09:57:39
0,565.69,3017,951,27.44,68.38,0,109.94,16.05.2024 09:57:41
0,570.94,3045,952,27.44,68.40,0,113.93,16.05.2024 09:57:43
0,576.56,3075,953,27.45,68.41,0,118.16,16.05.2024 09:57:45
0,581.81,3103,952,27.42,68.40,0,122.73,16.05.2024 09:57:48
0,583.31,3111,952,27.44,68.41,0,123.80,16.05.2024 09:57:50
0,587.81,3135,953,27.44,68.40,0,127.57,16.05.2024 09:57:52
0,588.19,3137,953,27.44,68.41,0,127.87,16.05.2024 09:57:54
0,591.94,3157,953,27.47,68.41,0,130.67,16.05.2024 09:57:56
0,592.31,3159,953,27.45,68.37,0,131.34,16.05.2024 09:57:58
0,596.06,3179,953,27.45,68.41,0,134.47,16.05.2024 09:58:00
0,594.19,3169,953,27.44,68.46,0,132.84,16.05.2024 09:58:02
0,597.56,3187,954,27.42,68.41,0,136.12,16.05.2024 09:58:04
0,598.31,3191,954,27.47,68.40,0,136.26,16.05.2024 09:58:07
0,597.19,3185,954,27.44,68.38,0,135.71,16.05.2024 09:58:09
0,595.50,3176,955,27.45,68.42,0,133.93,16.05.2024 09:58:11
0,599.06,3195,955,27.41,68.40,0,137.69,16.05.2024 09:58:13
0,597.00,3184,955,27.45,68.42,0,135.25,16.05.2024 09:58:15
0,595.50,3176,955,27.45,68.41,0,133.98,16.05.2024 09:58:17
0,599.06,3195,955,27.45,68.41,0,137.12,16.05.2024 09:58:19
0,596.63,3182,955,27.45,68.43,0,134.89,16.05.2024 09:58:21
0,600.00,3200,955,27.45,68.43,0,137.89,16.05.2024 09:58:24
0,594.19,3169,955,27.47,68.43,0,132.55,16.05.2024 09:58:26
0,594.00,3168,954,27.42,68.38,0,133.09,16.05.2024 09:58:30
0,592.88,3162,954,27.45,68.40,0,131.72,16.05.2024 09:58:32
0,591.75,3156,954,27.45,68.44,0,130.62,16.05.2024 09:58:34
0,597.38,3186,954,27.44,68.42,0,135.77,16.05.2024 09:58:36
0,590.06,3147,955,27.47,68.38,0,129.16,16.05.2024 09:58:38
0,589.69,3145,955,27.44,68.44,0,129.03,16.05.2024 09:58:40
0,594.19,3169,955,27.45,68.38,0,132.92,16.05.2024 09:58:43
0,589.69,3145,955,27.45,68.40,0,128.99,16.05.2024 09:58:45
0,588.38,3138,955,27.47,68.42,0,127.61,16.05.2024 09:58:47
0,589.88,3146,954,27.45,68.42,0,129.08,16.05.2024 09:58:49
0,585.00,3120,955,27.45,68.41,0,125.02,16.05.2024 09:58:51
0,584.06,3115,955,27.44,68.40,0,124.44,16.05.2024 09:58:53
0,584.06,3115,955,27.47,68.43,0,123.98,16.05.2024 09:58:55
0,582.38,3106,956,27.45,68.43,0,122.79,16.05.2024 09:58:57
0,585.19,3121,956,27.45,68.45,0,125.05,16.05.2024 09:58:59
0,582.75,3108,957,27.47,68.42,0,122.93,16.05.2024 09:59:02
0,587.81,3135,957,27.44,68.40,0,127.57,16.05.2024 09:59:04
0,583.88,3114,957,27.44,68.44,0,124.16,16.05.2024 09:59:06
0,582.75,3108,957,27.45,68.40,0,123.19,16.05.2024 09:59:08
0,587.63,3134,958,27.42,68.40,0,127.56,16.05.2024 09:59:10
0,586.69,3129,958,27.45,68.42,0,126.39,16.05.2024 09:59:12
0,585.00,3120,958,27.47,68.41,0,124.81,16.05.2024 09:59:14
0,587.44,3133,957,27.44,68.45,0,127.10,16.05.2024 09:59:16
0,588.56,3139,957,27.45,68.44,0,127.91,16.05.2024 09:59:19
0,587.44,3133,956,27.47,68.41,0,126.85,16.05.2024 09:59:21
0,588.00,3136,956,27.45,68.41,0,127.53,16.05.2024 09:59:23
0,588.75,3140,956,27.48,68.42,0,127.75,16.05.2024 09:59:25
0,583.88,3114,956,27.44,68.42,0,124.19,16.05.2024 09:59:27
0,588.38,3138,957,27.45,68.46,0,127.70,16.05.2024 09:59:29
0,586.31,3127,956,27.47,68.42,0,125.88,16.05.2024 09:59:31
0,590.06,3147,957,27.45,68.44,0,129.18,16.05.2024 09:59:33
0,589.31,3143,957,27.48,68.43,0,128.19,16.05.2024 09:59:36
0,590.06,3147,957,27.45,68.43,0,129.21,16.05.2024 09:59:38
0,588.19,3137,957,27.45,68.45,0,127.56,16.05.2024 09:59:40
0,585.94,3125,957,27.42,68.43,0,126.04,16.05.2024 09:59:42
0,594.00,3168,957,27.44,68.44,0,132.74,16.05.2024 09:59:44
0,592.69,3161,957,27.44,68.42,0,131.64,16.05.2024 09:59:46
0,591.19,3153,957,27.44,68.45,0,130.29,16.05.2024 09:59:48
0,596.81,3183,957,27.45,68.44,0,135.02,16.05.2024 09:59:50
0,593.63,3166,956,27.45,68.45,0,132.21,16.05.2024 09:59:52
0,592.50,3160,956,27.45,68.48,0,131.14,16.05.2024 09:59:55
0,591.38,3154,955,27.44,68.44,0,130.47,16.05.2024 09:59:57
0,595.69,3177,956,27.45,68.47,0,133.93,16.05.2024 09:59:59
