0,183.00,976,1073,17.70,67.18,0,1.49,16.05.2024 17:00:01
0,179.63,958,1074,17.68,67.14,0,1.22,16.05.2024 17:00:03
0,182.63,974,1073,17.70,67.16,0,1.46,16.05.2024 17:00:05
0,182.25,972,1074,17.68,67.16,0,1.43,16.05.2024 17:00:07
0,179.81,959,1074,17.68,67.15,0,1.23,16.05.2024 17:00:10
0,181.69,969,1074,17.71,67.15,0,1.38,16.05.2024 17:00:12
0,183.38,978,1075,17.70,67.18,0,1.52,16.05.2024 17:00:14
0,185.06,987,1075,17.67,67.15,0,1.68,16.05.2024 17:00:16
0,182.81,975,1074,17.67,67.15,0,1.48,16.05.2024 17:00:20
0,178.88,954,1074,17.68,67.16,0,1.16,16.05.2024 17:00:22
0,179.44,957,1073,17.67,67.19,0,1.21,16.05.2024 17:00:24
0,181.88,970,1073,17.68,67.18,0,1.40,16.05.2024 17:00:26
0,179.25,956,1072,17.70,67.17,0,1.18,16.05.2024 17:00:28
0,180.00,960,1072,17.68,67.15,0,1.25,16.05.2024 17:00:31
0,178.88,954,1071,17.68,67.17,0,1.16,16.05.2024 17:00:33
0,177.38,946,1071,17.68,67.14,0,1.04,16.05.2024 17:00:35
0,178.50,952,1070,17.67,67.18,0,1.13,16.05.2024 17:00:37
0,179.81,959,1071,17.68,67.14,0,1.24,16.05.2024 17:00:39
0,181.31,967,1071,17.67,67.18,0,1.36,16.05.2024 17:00:41
0,180.56,963,1071,17.70,67.17,0,1.29,16.05.2024 17:00:43
0,180.19,961,1071,17.70,67.17,0,1.26,16.05.2024 17:00:45
0,180.19,961,1071,17.68,67.19,0,1.26,16.05.2024 17:00:48
0,178.31,951,1070,17.67,67.16,0,1.12,16.05.2024 17:00:50
0,179.06,955,1070,17.70,67.17,0,1.17,16.05.2024 17:00:52
0,180.75,964,1070,17.67,67.17,0,1.31,16.05.2024 17:00:54
0,181.88,970,1070,17.68,67.17,0,1.40,16.05.2024 17:00:56
0,184.69,985,1069,17.66,67.16,0,1.65,16.05.2024 17:00:58
0,181.69,969,1069,17.68,67.17,0,1.39,16.05.2024 17:01:00
0,180.56,963,1069,17.67,67.17,0,1.30,16.05.2024 17:01:02
0,182.44,973,1069,17.68,67.16,0,1.45,16.05.2024 17:01:04
0,182.63,974,1070,17.67,67.17,0,1.47,16.05.2024 17:01:07
0,181.88,970,1069,17.66,67.15,0,1.41,16.05.2024 17:01:09
0,181.13,966,1069,17.67,67.14,0,1.35,16.05.2024 17:01:11
0,180.75,964,1068,17.66,67.15,0,1.32,16.05.2024 17:01:13
0,181.13,966,1068,17.67,67.16,0,1.34,16.05.2024 17:01:15
0,184.31,983,1068,17.66,67.15,0,1.62,16.05.2024 17:01:17
0,184.88,986,1069,17.66,67.17,0,1.66,16.05.2024 17:01:19
0,184.69,985,1068,17.64,67.17,0,1.65,16.05.2024 17:01:21
0,184.88,986,1068,17.61,67.17,0,1.68,16.05.2024 17:01:24
0,182.81,975,1069,17.64,67.17,0,1.49,16.05.2024 17:01:26
0,185.81,991,1068,17.64,67.18,0,1.75,16.05.2024 17:01:28
0,183.94,981,1068,17.64,67.17,0,1.59,16.05.2024 17:01:30
0,180.19,961,1068,17.64,67.18,0,1.27,16.05.2024 17:01:32
0,184.13,982,1068,17.64,67.15,0,1.60,16.05.2024 17:01:34
0,183.19,977,1067,17.66,67.18,0,1.52,16.05.2024 17:01:36
0,182.63,974,1068,17.66,67.17,0,1.47,16.05.2024 17:01:38
0,183.56,979,1068,17.66,67.19,0,1.55,16.05.2024 17:01:40
0,188.25,1004,1067,17.63,67.19,0,1.97,16.05.2024 17:01:43
0,180.94,965,1067,17.63,67.18,0,1.34,16.05.2024 17:01:45
0,180.56,963,1067,17.66,67.18,0,1.30,16.05.2024 17:01:47
0,184.50,984,1067,17.64,67.17,0,1.63,16.05.2024 17:01:49
0,182.25,972,1067,17.63,67.19,0,1.45,16.05.2024 17:01:51
0,183.38,978,1067,17.64,67.15,0,1.54,16.05.2024 17:01:53
0,180.75,964,1067,17.64,67.16,0,1.32,16.05.2024 17:01:55
0,183.38,978,1067,17.63,67.18,0,1.54,16.05.2024 17:01:57
0,184.13,982,1067,17.64,67.19,0,1.60,16.05.2024 17:02:00
0,186.19,993,1067,17.67,67.17,0,1.77,16.05.2024 17:02:02
0,184.13,982,1067,17.64,67.16,0,1.60,16.05.2024 17:02:04
0,184.13,982,1067,17.64,67.16,0,1.60,16.05.2024 17:02:06
0,181.69,969,1067,17.66,67.17,0,1.39,16.05.2024 17:02:08
0,180.38,962,1067,17.60,67.16,0,1.30,16.05.2024 17:02:10
0,183.75,980,1066,17.61,67.17,0,1.58,16.05.2024 17:02:12
0,180.38,962,1066,17.64,67.18,0,1.29,16.05.2024 17:02:14
0,184.50,984,1066,17.63,67.18,0,1.64,16.05.2024 17:02:16
0,180.19,961,1066,17.61,67.16,0,1.28,16.05.2024 17:02:19
0,181.88,970,1066,17.63,67.16,0,1.42,16.05.2024 17:02:21
0,183.19,977,1066,17.63,67.19,0,1.53,16.05.2024 17:02:23
0,183.56,979,1066,17.61,67.17,0,1.56,16.05.2024 17:02:25
0,181.13,966,1067,17.61,67.17,0,1.36,16.05.2024 17:02:27
0,180.38,962,1066,17.61,67.20,0,1.30,16.05.2024 17:02:29
0,180.75,964,1067,17.60,67.18,0,1.33,16.05.2024 17:02:31
0,183.75,980,1067,17.61,67.17,0,1.58,16.05.2024 17:02:33
0,184.50,984,1068,17.61,67.17,0,1.64,16.05.2024 17:02:36
0,180.75,964,1068,17.63,67.19,0,1.32,16.05.2024 17:02:38
0,181.13,966,1069,17.63,67.15,0,1.36,16.05.2024 17:02:40
0,180.56,963,1069,17.58,67.17,0,1.32,16.05.2024 17:02:42
0,186.00,992,1069,17.63,67.15,0,1.77,16.05.2024 17:02:44
0,184.13,982,1069,17.61,67.14,0,1.61,16.05.2024 17:02:46
0,183.38,978,1070,17.61,67.16,0,1.55,16.05.2024 17:02:48
0,183.56,979,1070,17.60,67.17,0,1.57,16.05.2024 17:02:50
0,181.13,966,1070,17.61,67.16,0,1.36,16.05.2024 17:02:52
0,182.81,975,1070,17.58,67.14,0,1.51,16.05.2024 17:02:55
0,181.50,968,1071,17.60,67.18,0,1.39,16.05.2024 17:02:57
0,177.75,948,1070,17.60,67.18,0,1.09,16.05.2024 17:02:59
0,182.06,971,1070,17.61,67.15,0,1.44,16.05.2024 17:03:01
0,179.25,956,1071,17.63,67.17,0,1.20,16.05.2024 17:03:03
0,180.38,962,1070,17.60,67.18,0,1.30,16.05.2024 17:03:05
0,181.69,969,1071,17.61,67.17,0,1.41,16.05.2024 17:03:09
0,183.38,978,1070,17.60,67.17,0,1.55,16.05.2024 17:03:11
0,180.94,965,1070,17.60,67.16,0,1.35,16.05.2024 17:03:14
0,177.94,949,1070,17.60,67.16,0,1.11,16.05.2024 17:03:16
0,176.44,941,1070,17.60,67.17,0,0.99,16.05.2024 17:03:18
0,178.69,953,1070,17.60,67.15,0,1.17,16.05.2024 17:03:20
0,178.50,952,1070,17.58,67.16,0,1.16,16.05.2024 17:03:22
0,179.25,956,1069,17.57,67.15,0,1.22,16.05.2024 17:03:24
0,181.69,969,1070,17.58,67.16,0,1.42,16.05.2024 17:03:26
0,180.75,964,1070,17.58,67.16,0,1.34,16.05.2024 17:03:28
0,181.69,969,1070,17.61,67.14,0,1.41,16.05.2024 17:03:30
0,180.00,960,1069,17.56,67.16,0,1.29,16.05.2024 17:03:33
0,180.00,960,1070,17.60,67.16,0,1.27,16.05.2024 17:03:35
0,180.94,965,1070,17.60,67.13,0,1.35,16.05.2024 17:03:37
0,183.56,979,1069,17.58,67.18,0,1.57,16.05.2024 17:03:39
0,178.13,950,1069,17.58,67.16,0,1.13,16.05.2024 17:03:41
0,185.25,988,1068,17.57,67.17,0,1.72,16.05.2024 17:03:43
0,182.25,972,1067,17.58,67.16,0,1.46,16.05.2024 17:03:45
0,183.00,976,1068,17.60,67.16,0,1.52,16.05.2024 17:03:47
0,180.75,964,1068,17.57,67.17,0,1.34,16.05.2024 17:03:50
0,184.50,984,1068,17.58,67.16,0,1.65,16.05.2024 17:03:52
0,181.13,966,1067,17.58,67.16,0,1.37,16.05.2024 17:03:54
0,180.56,963,1067,17.56,67.17,0,1.33,16.05.2024 17:03:56
0,181.50,968,1067,17.58,67.16,0,1.40,16.05.2024 17:03:58
0,182.63,974,1067,17.58,67.16,0,1.49,16.05.2024 17:04:00
0,184.13,982,1067,17.56,67.16,0,1.63,16.05.2024 17:04:02
0,182.63,974,1066,17.58,67.17,0,1.49,16.05.2024 17:04:04
0,181.13,966,1066,17.57,67.18,0,1.37,16.05.2024 17:04:06
0,180.94,965,1066,17.54,67.19,0,1.36,16.05.2024 17:04:09
0,179.44,957,1066,17.60,67.17,0,1.23,16.05.2024 17:04:11
0,181.31,967,1065,17.57,67.19,0,1.39,16.05.2024 17:04:13
0,182.44,973,1065,17.54,67.14,0,1.49,16.05.2024 17:04:15
0,182.81,975,1065,17.56,67.18,0,1.52,16.05.2024 17:04:17
0,183.00,976,1065,17.57,67.18,0,1.53,16.05.2024 17:04:19
0,180.38,962,1066,17.56,67.19,0,1.31,16.05.2024 17:04:21
0,182.44,973,1066,17.56,67.22,0,1.48,16.05.2024 17:04:23
0,183.56,979,1066,17.53,67.20,0,1.59,16.05.2024 17:04:26
0,180.94,965,1066,17.54,67.19,0,1.36,16.05.2024 17:04:28
0,184.88,986,1066,17.56,67.19,0,1.69,16.05.2024 17:04:30
0,182.63,974,1067,17.56,67.20,0,1.50,16.05.2024 17:04:32
0,180.00,960,1067,17.56,67.18,0,1.28,16.05.2024 17:04:34
0,181.88,970,1066,17.54,67.16,0,1.44,16.05.2024 17:04:36
0,181.50,968,1066,17.57,67.19,0,1.40,16.05.2024 17:04:38
0,183.00,976,1067,17.54,67.19,0,1.54,16.05.2024 17:04:40
0,176.63,942,1067,17.56,67.20,0,1.02,16.05.2024 17:04:42
0,182.81,975,1067,17.53,67.18,0,1.53,16.05.2024 17:04:45
0,181.69,969,1067,17.53,67.18,0,1.43,16.05.2024 17:04:47
0,181.31,967,1067,17.51,67.17,0,1.40,16.05.2024 17:04:49
0,182.63,974,1067,17.54,67.20,0,1.50,16.05.2024 17:04:51
0,182.44,973,1067,17.53,67.20,0,1.49,16.05.2024 17:04:53
0,180.56,963,1067,17.54,67.19,0,1.33,16.05.2024 17:04:55
0,184.50,984,1067,17.56,67.17,0,1.66,16.05.2024 17:04:57
0,179.25,956,1068,17.54,67.18,0,1.23,16.05.2024 17:04:59
0,179.25,956,1067,17.54,67.19,0,1.23,16.05.2024 17:05:02
0,183.94,981,1067,17.53,67.18,0,1.62,16.05.2024 17:05:04
0,179.06,955,1068,17.56,67.22,0,1.21,16.05.2024 17:05:06
0,184.13,982,1068,17.54,67.18,0,1.63,16.05.2024 17:05:08
0,185.06,987,1068,17.53,67.19,0,1.72,16.05.2024 17:05:10
0,180.75,964,1068,17.51,67.18,0,1.36,16.05.2024 17:05:12
0,181.88,970,1068,17.51,67.17,0,1.45,16.05.2024 17:05:14
0,182.63,974,1068,17.54,67.16,0,1.51,16.05.2024 17:05:16
0,180.19,961,1068,17.51,67.20,0,1.31,16.05.2024 17:05:18
0,180.75,964,1067,17.53,67.15,0,1.36,16.05.2024 17:05:21
0,181.31,967,1067,17.53,67.18,0,1.40,16.05.2024 17:05:23
0,180.56,963,1067,17.53,67.18,0,1.34,16.05.2024 17:05:25
0,180.56,963,1068,17.54,67.18,0,1.33,16.05.2024 17:05:27
0,179.81,959,1068,17.54,67.22,0,1.27,16.05.2024 17:05:29
0,184.50,984,1067,17.54,67.18,0,1.67,16.05.2024 17:05:31
0,182.25,972,1067,17.51,67.15,0,1.48,16.05.2024 17:05:33
0,181.50,968,1068,17.53,67.20,0,1.41,16.05.2024 17:05:35
0,182.63,974,1067,17.53,67.17,0,1.51,16.05.2024 17:05:38
0,178.69,953,1067,17.54,67.18,0,1.18,16.05.2024 17:05:40
0,180.38,962,1067,17.53,67.19,0,1.32,16.05.2024 17:05:42
0,179.81,959,1067,17.51,67.18,0,1.28,16.05.2024 17:05:46
0,180.75,964,1067,17.53,67.20,0,1.35,16.05.2024 17:05:48
0,181.50,968,1068,17.51,67.18,0,1.42,16.05.2024 17:05:50
0,179.81,959,1068,17.53,67.20,0,1.28,16.05.2024 17:05:52
0,178.69,953,1068,17.50,67.18,0,1.19,16.05.2024 17:05:54
0,180.00,960,1068,17.53,67.21,0,1.29,16.05.2024 17:05:56
0,180.56,963,1068,17.51,67.17,0,1.34,16.05.2024 17:05:59
0,180.38,962,1067,17.51,67.21,0,1.33,16.05.2024 17:06:01
0,174.38,930,1068,17.51,67.19,0,0.86,16.05.2024 17:06:03
0,181.13,966,1068,17.51,67.18,0,1.39,16.05.2024 17:06:05
0,175.50,936,1067,17.51,67.19,0,0.94,16.05.2024 17:06:07
0,178.88,954,1068,17.50,67.20,0,1.21,16.05.2024 17:06:09
0,177.38,946,1068,17.50,67.19,0,1.09,16.05.2024 17:06:11
0,179.25,956,1068,17.50,67.20,0,1.24,16.05.2024 17:06:13
0,177.94,949,1067,17.50,67.21,0,1.13,16.05.2024 17:06:16
0,181.31,967,1067,17.50,67.18,0,1.41,16.05.2024 17:06:18
0,186.19,993,1066,17.50,67.18,0,1.83,16.05.2024 17:06:20
0,180.75,964,1066,17.50,67.19,0,1.36,16.05.2024 17:06:22
0,178.69,953,1066,17.50,67.19,0,1.19,16.05.2024 17:06:24
0,181.50,968,1066,17.50,67.21,0,1.42,16.05.2024 17:06:26
0,179.06,955,1066,17.50,67.17,0,1.23,16.05.2024 17:06:28
0,182.06,971,1067,17.50,67.21,0,1.47,16.05.2024 17:06:30
0,185.44,989,1067,17.50,67.20,0,1.76,16.05.2024 17:06:32
0,179.63,958,1066,17.50,67.20,0,1.27,16.05.2024 17:06:35
0,182.25,972,1065,17.51,67.19,0,1.48,16.05.2024 17:06:37
0,183.00,976,1065,17.49,67.20,0,1.55,16.05.2024 17:06:39
0,179.25,956,1065,17.50,67.21,0,1.24,16.05.2024 17:06:41
0,185.44,989,1065,17.49,67.20,0,1.76,16.05.2024 17:06:43
0,181.13,966,1065,17.50,67.20,0,1.39,16.05.2024 17:06:45
0,180.94,965,1065,17.49,67.19,0,1.38,16.05.2024 17:06:47
0,181.50,968,1065,17.49,67.19,0,1.43,16.05.2024 17:06:49
0,183.38,978,1065,17.49,67.17,0,1.59,16.05.2024 17:06:52
0,183.38,978,1066,17.49,67.19,0,1.58,16.05.2024 17:06:54
0,181.13,966,1066,17.50,67.21,0,1.39,16.05.2024 17:06:56
0,179.63,958,1066,17.47,67.20,0,1.28,16.05.2024 17:06:58
0,179.06,955,1066,17.49,67.18,0,1.23,16.05.2024 17:07:00
0,183.19,977,1066,17.46,67.20,0,1.58,16.05.2024 17:07:02
0,182.81,975,1066,17.49,67.19,0,1.54,16.05.2024 17:07:04
0,180.38,962,1066,17.47,67.21,0,1.34,16.05.2024 17:07:06
0,182.81,975,1066,17.47,67.21,0,1.54,16.05.2024 17:07:08
0,182.06,971,1066,17.47,67.19,0,1.48,16.05.2024 17:07:11
0,180.75,964,1066,17.49,67.23,0,1.36,16.05.2024 17:07:13
0,179.25,956,1066,17.44,67.20,0,1.25,16.05.2024 17:07:15
0,180.00,960,1065,17.49,67.18,0,1.30,16.05.2024 17:07:17
0,181.50,968,1065,17.47,67.21,0,1.43,16.05.2024 17:07:19
0,179.44,957,1065,17.47,67.23,0,1.26,16.05.2024 17:07:21
0,179.25,956,1065,17.44,67.18,0,1.26,16.05.2024 17:07:23
0,180.38,962,1065,17.47,67.22,0,1.34,16.05.2024 17:07:25
0,182.06,971,1065,17.47,67.24,0,1.48,16.05.2024 17:07:28
0,180.75,964,1066,17.46,67.22,0,1.37,16.05.2024 17:07:30
0,178.69,953,1066,17.46,67.19,0,1.21,16.05.2024 17:07:32
0,180.94,965,1066,17.44,67.18,0,1.39,16.05.2024 17:07:34
0,180.19,961,1067,17.47,67.23,0,1.32,16.05.2024 17:07:36
0,181.13,966,1067,17.46,67.24,0,1.40,16.05.2024 17:07:38
0,181.13,966,1067,17.47,67.20,0,1.40,16.05.2024 17:07:40
0,181.13,966,1068,17.46,67.22,0,1.40,16.05.2024 17:07:42
0,183.19,977,1067,17.43,67.16,0,1.59,16.05.2024 17:07:44
0,178.31,951,1067,17.44,67.19,0,1.18,16.05.2024 17:07:47
0,179.81,959,1067,17.46,67.18,0,1.30,16.05.2024 17:07:49
0,179.44,957,1067,17.46,67.22,0,1.26,16.05.2024 17:07:51
0,178.13,950,1067,17.46,67.19,0,1.16,16.05.2024 17:07:53
0,182.06,971,1067,17.46,67.22,0,1.48,16.05.2024 17:07:55
0,179.25,956,1067,17.44,67.17,0,1.26,16.05.2024 17:07:57
0,181.88,970,1067,17.46,67.20,0,1.47,16.05.2024 17:07:59
0,179.81,959,1067,17.46,67.20,0,1.30,16.05.2024 17:08:01
0,181.69,969,1067,17.46,67.20,0,1.45,16.05.2024 17:08:04
0,179.44,957,1067,17.47,67.20,0,1.26,16.05.2024 17:08:06
0,178.31,951,1067,17.43,67.18,0,1.18,16.05.2024 17:08:08
0,180.56,963,1068,17.44,67.19,0,1.36,16.05.2024 17:08:10
0,177.56,947,1068,17.43,67.16,0,1.13,16.05.2024 17:08:12
0,179.44,957,1068,17.41,67.20,0,1.28,16.05.2024 17:08:14
0,180.75,964,1067,17.43,67.18,0,1.38,16.05.2024 17:08:16
0,177.75,948,1068,17.43,67.16,0,1.14,16.05.2024 17:08:18
0,179.81,959,1068,17.43,67.16,0,1.31,16.05.2024 17:08:20
0,179.81,959,1068,17.44,67.20,0,1.30,16.05.2024 17:08:23
0,182.25,972,1068,17.46,67.18,0,1.50,16.05.2024 17:08:25
0,183.75,980,1067,17.43,67.18,0,1.64,16.05.2024 17:08:29
0,179.81,959,1068,17.44,67.19,0,1.30,16.05.2024 17:08:31
0,177.38,946,1068,17.43,67.18,0,1.11,16.05.2024 17:08:33
0,179.06,955,1067,17.43,67.20,0,1.24,16.05.2024 17:08:35
0,178.50,952,1068,17.44,67.18,0,1.20,16.05.2024 17:08:37
0,176.06,939,1067,17.44,67.19,0,1.00,16.05.2024 17:08:39
0,175.50,936,1067,17.41,67.17,0,0.97,16.05.2024 17:08:42
0,177.56,947,1067,17.44,67.18,0,1.12,16.05.2024 17:08:44
0,177.38,946,1067,17.43,67.18,0,1.11,16.05.2024 17:08:46
0,175.50,936,1066,17.40,67.19,0,0.97,16.05.2024 17:08:48
0,181.13,966,1067,17.43,67.20,0,1.41,16.05.2024 17:08:50
0,175.13,934,1066,17.43,67.23,0,0.93,16.05.2024 17:08:52
0,180.19,961,1066,17.41,67.17,0,1.34,16.05.2024 17:08:54
0,179.06,955,1066,17.41,67.19,0,1.25,16.05.2024 17:08:56
0,179.06,955,1067,17.40,67.20,0,1.25,16.05.2024 17:08:58
0,181.88,970,1068,17.43,67.18,0,1.48,16.05.2024 17:09:01
0,181.31,967,1067,17.41,67.19,0,1.43,16.05.2024 17:09:03
0,181.50,968,1067,17.44,67.19,0,1.44,16.05.2024 17:09:05
0,181.50,968,1067,17.43,67.19,0,1.44,16.05.2024 17:09:07
0,180.00,960,1067,17.41,67.20,0,1.32,16.05.2024 17:09:09
0,181.69,969,1067,17.43,67.16,0,1.46,16.05.2024 17:09:11
0,183.56,979,1067,17.40,67.20,0,1.63,16.05.2024 17:09:13
0,178.88,954,1068,17.43,67.18,0,1.23,16.05.2024 17:09:15
0,180.19,961,1068,17.39,67.18,0,1.35,16.05.2024 17:09:18
0,179.63,958,1067,17.40,67.17,0,1.30,16.05.2024 17:09:20
0,181.31,967,1067,17.41,67.20,0,1.43,16.05.2024 17:09:22
0,179.06,955,1068,17.43,67.19,0,1.24,16.05.2024 17:09:24
0,179.25,956,1067,17.39,67.20,0,1.27,16.05.2024 17:09:26
0,179.63,958,1067,17.40,67.20,0,1.30,16.05.2024 17:09:28
0,183.94,981,1067,17.40,67.21,0,1.66,16.05.2024 17:09:30
0,180.94,965,1067,17.41,67.19,0,1.40,16.05.2024 17:09:32
0,179.06,955,1066,17.40,67.19,0,1.25,16.05.2024 17:09:34
0,184.69,985,1066,17.40,67.19,0,1.72,16.05.2024 17:09:37
0,181.69,969,1066,17.39,67.20,0,1.47,16.05.2024 17:09:39
0,183.19,977,1067,17.40,67.19,0,1.59,16.05.2024 17:09:41
0,179.63,958,1067,17.39,67.20,0,1.30,16.05.2024 17:09:43
0,181.13,966,1066,17.40,67.21,0,1.42,16.05.2024 17:09:45
0,182.81,975,1067,17.39,67.18,0,1.57,16.05.2024 17:09:47
0,178.69,953,1067,17.39,67.18,0,1.23,16.05.2024 17:09:49
0,181.13,966,1067,17.39,67.21,0,1.42,16.05.2024 17:09:51
0,185.25,988,1067,17.39,67.21,0,1.78,16.05.2024 17:09:54
0,180.56,963,1067,17.40,67.19,0,1.37,16.05.2024 17:09:56
0,183.56,979,1067,17.40,67.19,0,1.63,16.05.2024 17:09:58
0,180.56,963,1066,17.39,67.18,0,1.38,16.05.2024 17:10:00
0,183.00,976,1066,17.37,67.19,0,1.59,16.05.2024 17:10:02
0,180.75,964,1065,17.39,67.20,0,1.39,16.05.2024 17:10:04
0,178.50,952,1065,17.37,67.21,0,1.21,16.05.2024 17:10:06
0,179.63,958,1064,17.39,67.20,0,1.30,16.05.2024 17:10:08
0,184.50,984,1066,17.40,67.20,0,1.71,16.05.2024 17:10:10
0,180.00,960,1066,17.40,67.22,0,1.33,16.05.2024 17:10:13
0,179.06,955,1066,17.37,67.19,0,1.26,16.05.2024 17:10:15
0,180.00,960,1066,17.39,67.19,0,1.33,16.05.2024 17:10:17
0,178.13,950,1066,17.36,67.16,0,1.19,16.05.2024 17:10:19
0,181.50,968,1065,17.37,67.17,0,1.46,16.05.2024 17:10:21
0,178.88,954,1065,17.39,67.21,0,1.24,16.05.2024 17:10:23
0,179.63,958,1065,17.39,67.19,0,1.30,16.05.2024 17:10:25
0,181.69,969,1064,17.36,67.19,0,1.48,16.05.2024 17:10:27
0,180.00,960,1063,17.36,67.17,0,1.34,16.05.2024 17:10:30
0,180.19,961,1063,17.37,67.22,0,1.35,16.05.2024 17:10:32
0,179.63,958,1063,17.39,67.19,0,1.30,16.05.2024 17:10:34
0,181.31,967,1062,17.34,67.19,0,1.45,16.05.2024 17:10:36
0,180.19,961,1062,17.37,67.16,0,1.35,16.05.2024 17:10:38
0,181.13,966,1061,17.36,67.14,0,1.44,16.05.2024 17:10:40
0,178.31,951,1061,17.36,67.19,0,1.20,16.05.2024 17:10:42
0,179.25,956,1061,17.37,67.19,0,1.27,16.05.2024 17:10:44
0,176.63,942,1061,17.37,67.20,0,1.06,16.05.2024 17:10:46
0,181.13,966,1061,17.37,67.19,0,1.43,16.05.2024 17:10:49
0,179.81,959,1061,17.36,67.17,0,1.33,16.05.2024 17:10:51
0,178.88,954,1062,17.37,67.17,0,1.25,16.05.2024 17:10:53
0,181.13,966,1061,17.36,67.18,0,1.43,16.05.2024 17:10:55
0,177.94,949,1061,17.37,67.18,0,1.17,16.05.2024 17:10:57
0,179.81,959,1061,17.36,67.17,0,1.33,16.05.2024 17:10:59
0,181.31,967,1061,17.37,67.16,0,1.45,16.05.2024 17:11:03
0,179.06,955,1061,17.34,67.17,0,1.27,16.05.2024 17:11:05
0,178.69,953,1062,17.36,67.18,0,1.23,16.05.2024 17:11:08
0,179.25,956,1062,17.36,67.18,0,1.28,16.05.2024 17:11:10
0,176.44,941,1063,17.37,67.17,0,1.05,16.05.2024 17:11:12
0,176.63,942,1063,17.34,67.16,0,1.07,16.05.2024 17:11:14
0,174.56,931,1062,17.34,67.17,0,0.91,16.05.2024 17:11:16
0,178.88,954,1062,17.34,67.19,0,1.25,16.05.2024 17:11:18
0,174.75,932,1062,17.36,67.18,0,0.92,16.05.2024 17:11:20
0,176.06,939,1062,17.36,67.18,0,1.03,16.05.2024 17:11:22
0,182.06,971,1062,17.33,67.17,0,1.52,16.05.2024 17:11:24
0,175.13,934,1062,17.34,67.20,0,0.96,16.05.2024 17:11:27
0,174.56,931,1063,17.36,67.18,0,0.91,16.05.2024 17:11:29
0,177.19,945,1062,17.36,67.15,0,1.12,16.05.2024 17:11:31
0,177.75,948,1062,17.33,67.18,0,1.17,16.05.2024 17:11:33
0,177.94,949,1063,17.33,67.18,0,1.18,16.05.2024 17:11:35
0,171.19,913,1063,17.36,67.18,0,0.66,16.05.2024 17:11:37
0,177.00,944,1063,17.34,67.17,0,1.10,16.05.2024 17:11:39
0,180.00,960,1063,17.36,67.16,0,1.34,16.05.2024 17:11:41
0,180.19,961,1062,17.36,67.15,0,1.36,16.05.2024 17:11:44
0,178.13,950,1061,17.34,67.16,0,1.19,16.05.2024 17:11:46
0,181.13,966,1061,17.33,67.16,0,1.44,16.05.2024 17:11:48
0,179.81,959,1060,17.33,67.15,0,1.34,16.05.2024 17:11:50
0,179.25,956,1061,17.31,67.14,0,1.29,16.05.2024 17:11:52
0,181.50,968,1061,17.33,67.19,0,1.47,16.05.2024 17:11:54
0,180.19,961,1062,17.34,67.16,0,1.36,16.05.2024 17:11:56
0,182.06,971,1061,17.33,67.14,0,1.52,16.05.2024 17:11:58
0,180.00,960,1061,17.31,67.15,0,1.36,16.05.2024 17:12:00
0,180.00,960,1062,17.31,67.16,0,1.35,16.05.2024 17:12:03
0,180.38,962,1063,17.33,67.15,0,1.38,16.05.2024 17:12:05
0,178.50,952,1063,17.33,67.16,0,1.23,16.05.2024 17:12:07
0,183.94,981,1064,17.31,67.16,0,1.69,16.05.2024 17:12:09
0,177.75,948,1064,17.31,67.18,0,1.17,16.05.2024 17:12:11
0,184.31,983,1063,17.31,67.16,0,1.72,16.05.2024 17:12:13
0,178.50,952,1063,17.34,67.14,0,1.22,16.05.2024 17:12:15
0,180.75,964,1062,17.31,67.16,0,1.42,16.05.2024 17:12:17
0,180.19,961,1063,17.33,67.16,0,1.37,16.05.2024 17:12:20
0,180.38,962,1062,17.31,67.16,0,1.39,16.05.2024 17:12:22
0,178.31,951,1062,17.31,67.16,0,1.22,16.05.2024 17:12:24
0,180.00,960,1062,17.29,67.16,0,1.36,16.05.2024 17:12:26
0,180.19,961,1063,17.33,67.14,0,1.37,16.05.2024 17:12:28
0,181.13,966,1062,17.29,67.13,0,1.46,16.05.2024 17:12:30
0,175.13,934,1062,17.29,67.14,0,0.97,16.05.2024 17:12:32
0,184.31,983,1062,17.31,67.16,0,1.72,16.05.2024 17:12:34
0,182.06,971,1062,17.27,67.17,0,1.54,16.05.2024 17:12:36
0,179.25,956,1062,17.29,67.15,0,1.30,16.05.2024 17:12:39
0,182.81,975,1063,17.31,67.15,0,1.59,16.05.2024 17:12:41
0,179.81,959,1063,17.30,67.16,0,1.34,16.05.2024 17:12:43
0,178.13,950,1062,17.31,67.18,0,1.20,16.05.2024 17:12:45
0,178.13,950,1063,17.29,67.14,0,1.21,16.05.2024 17:12:47
0,179.44,957,1063,17.30,67.13,0,1.31,16.05.2024 17:12:49
0,180.00,960,1063,17.30,67.16,0,1.36,16.05.2024 17:12:51
0,178.50,952,1063,17.29,67.11,0,1.24,16.05.2024 17:12:53
0,178.13,950,1063,17.30,67.16,0,1.21,16.05.2024 17:12:56
0,179.44,957,1063,17.30,67.18,0,1.31,16.05.2024 17:12:58
0,179.06,955,1063,17.30,67.14,0,1.28,16.05.2024 17:13:00
0,181.13,966,1064,17.30,67.13,0,1.45,16.05.2024 17:13:02
0,177.75,948,1064,17.29,67.15,0,1.18,16.05.2024 17:13:04
0,179.63,958,1064,17.29,67.13,0,1.33,16.05.2024 17:13:06
0,182.44,973,1064,17.30,67.14,0,1.56,16.05.2024 17:13:08
0,183.56,979,1064,17.25,67.12,0,1.68,16.05.2024 17:13:10
0,179.25,956,1064,17.29,67.11,0,1.30,16.05.2024 17:13:12
0,179.06,955,1064,17.27,67.15,0,1.29,16.05.2024 17:13:15
0,181.69,969,1064,17.29,67.16,0,1.50,16.05.2024 17:13:17
0,182.25,972,1064,17.27,67.12,0,1.56,16.05.2024 17:13:19
0,178.88,954,1063,17.29,67.14,0,1.27,16.05.2024 17:13:21
0,180.19,961,1063,17.27,67.14,0,1.38,16.05.2024 17:13:23
0,179.81,959,1062,17.26,67.10,0,1.36,16.05.2024 17:13:25
0,179.06,955,1063,17.27,67.12,0,1.29,16.05.2024 17:13:27
0,179.44,957,1063,17.29,67.14,0,1.32,16.05.2024 17:13:29
0,179.44,957,1063,17.29,67.15,0,1.32,16.05.2024 17:13:32
0,179.81,959,1064,17.27,67.13,0,1.35,16.05.2024 17:13:34
0,179.63,958,1064,17.26,67.14,0,1.34,16.05.2024 17:13:36
0,177.94,949,1064,17.26,67.16,0,1.20,16.05.2024 17:13:38
0,177.94,949,1063,17.29,67.15,0,1.19,16.05.2024 17:13:42
0,179.06,955,1063,17.27,67.15,0,1.29,16.05.2024 17:13:44
0,175.88,938,1064,17.27,67.13,0,1.04,16.05.2024 17:13:46
0,177.19,945,1064,17.29,67.14,0,1.14,16.05.2024 17:13:48
0,178.88,954,1064,17.27,67.13,0,1.28,16.05.2024 17:13:50
0,178.69,953,1063,17.27,67.14,0,1.26,16.05.2024 17:13:53
0,174.19,929,1063,17.27,67.15,0,0.91,16.05.2024 17:13:55
0,177.19,945,1062,17.25,67.12,0,1.15,16.05.2024 17:13:57
0,178.69,953,1062,17.25,67.17,0,1.27,16.05.2024 17:13:59
0,175.88,938,1062,17.27,67.14,0,1.04,16.05.2024 17:14:01
0,176.06,939,1062,17.27,67.14,0,1.05,16.05.2024 17:14:03
0,178.31,951,1062,17.26,67.13,0,1.23,16.05.2024 17:14:05
0,176.63,942,1062,17.25,67.16,0,1.10,16.05.2024 17:14:07
0,176.25,940,1062,17.25,67.12,0,1.07,16.05.2024 17:14:10
0,175.69,937,1062,17.26,67.18,0,1.02,16.05.2024 17:14:12
0,177.75,948,1062,17.25,67.12,0,1.19,16.05.2024 17:14:14
0,178.69,953,1062,17.26,67.14,0,1.26,16.05.2024 17:14:16
0,181.50,968,1061,17.26,67.14,0,1.50,16.05.2024 17:14:18
0,181.88,970,1062,17.25,67.13,0,1.53,16.05.2024 17:14:20
0,179.06,955,1062,17.25,67.15,0,1.30,16.05.2024 17:14:22
0,180.75,964,1061,17.26,67.16,0,1.43,16.05.2024 17:14:24
0,178.88,954,1061,17.23,67.11,0,1.29,16.05.2024 17:14:26
0,178.13,950,1061,17.26,67.14,0,1.22,16.05.2024 17:14:29
0,180.56,963,1062,17.26,67.18,0,1.42,16.05.2024 17:14:31
0,180.56,963,1062,17.25,67.12,0,1.42,16.05.2024 17:14:33
0,183.19,977,1062,17.25,67.16,0,1.64,16.05.2024 17:14:35
0,177.94,949,1062,17.25,67.16,0,1.21,16.05.2024 17:14:37
0,179.44,957,1062,17.25,67.16,0,1.33,16.05.2024 17:14:39
0,180.94,965,1062,17.23,67.14,0,1.46,16.05.2024 17:14:41
0,182.63,974,1063,17.23,67.15,0,1.60,16.05.2024 17:14:43
0,176.63,942,1063,17.23,67.13,0,1.11,16.05.2024 17:14:46
0,180.19,961,1064,17.23,67.17,0,1.39,16.05.2024 17:14:48
0,181.13,966,1063,17.25,67.16,0,1.47,16.05.2024 17:14:50
0,178.69,953,1064,17.26,67.14,0,1.26,16.05.2024 17:14:52
0,178.13,950,1064,17.22,67.14,0,1.23,16.05.2024 17:14:54
0,181.50,968,1064,17.23,67.15,0,1.50,16.05.2024 17:14:56
0,181.13,966,1064,17.25,67.16,0,1.47,16.05.2024 17:14:58
0,180.94,965,1064,17.22,67.16,0,1.46,16.05.2024 17:15:00
0,179.25,956,1065,17.22,67.17,0,1.32,16.05.2024 17:15:02
0,180.00,960,1065,17.23,67.16,0,1.38,16.05.2024 17:15:05
0,181.13,966,1066,17.22,67.17,0,1.48,16.05.2024 17:15:07
0,180.75,964,1066,17.22,67.14,0,1.45,16.05.2024 17:15:09
0,179.44,957,1066,17.23,67.17,0,1.33,16.05.2024 17:15:11
0,181.31,967,1067,17.20,67.18,0,1.50,16.05.2024 17:15:13
0,177.75,948,1067,17.22,67.17,0,1.20,16.05.2024 17:15:15
0,176.81,943,1066,17.23,67.19,0,1.12,16.05.2024 17:15:17
0,179.25,956,1066,17.23,67.14,0,1.32,16.05.2024 17:15:19
0,180.56,963,1066,17.22,67.17,0,1.43,16.05.2024 17:15:22
0,182.63,974,1066,17.22,67.18,0,1.60,16.05.2024 17:15:24
0,179.44,957,1067,17.25,67.16,0,1.33,16.05.2024 17:15:26
0,179.81,959,1067,17.22,67.17,0,1.37,16.05.2024 17:15:28
0,177.75,948,1067,17.22,67.18,0,1.20,16.05.2024 17:15:30
0,176.81,943,1066,17.22,67.15,0,1.12,16.05.2024 17:15:32
0,177.38,946,1066,17.22,67.16,0,1.17,16.05.2024 17:15:34
0,180.56,963,1066,17.22,67.16,0,1.43,16.05.2024 17:15:36
0,180.75,964,1067,17.22,67.19,0,1.44,16.05.2024 17:15:38
0,177.75,948,1067,17.19,67.16,0,1.21,16.05.2024 17:15:41
0,178.31,951,1067,17.19,67.14,0,1.25,16.05.2024 17:15:43
0,181.69,969,1066,17.20,67.16,0,1.53,16.05.2024 17:15:45
0,177.56,947,1066,17.20,67.18,0,1.19,16.05.2024 17:15:47
0,178.69,953,1066,17.20,67.18,0,1.28,16.05.2024 17:15:49
0,180.00,960,1066,17.25,67.19,0,1.37,16.05.2024 17:15:51
0,178.31,951,1066,17.22,67.19,0,1.24,16.05.2024 17:15:53
0,178.50,952,1066,17.20,67.18,0,1.26,16.05.2024 17:15:55
0,177.75,948,1065,17.20,67.18,0,1.20,16.05.2024 17:15:58
0,183.56,979,1066,17.20,67.18,0,1.69,16.05.2024 17:16:00
0,179.81,959,1066,17.22,67.18,0,1.37,16.05.2024 17:16:02
0,178.13,950,1066,17.19,67.16,0,1.24,16.05.2024 17:16:04
0,179.81,959,1067,17.20,67.18,0,1.37,16.05.2024 17:16:06
0,176.81,943,1066,17.19,67.18,0,1.13,16.05.2024 17:16:08
0,177.75,948,1066,17.19,67.17,0,1.21,16.05.2024 17:16:10
0,175.69,937,1066,17.20,67.19,0,1.04,16.05.2024 17:16:12
0,180.19,961,1066,17.20,67.18,0,1.40,16.05.2024 17:16:15
0,177.94,949,1066,17.20,67.15,0,1.22,16.05.2024 17:16:17
0,180.00,960,1066,17.19,67.16,0,1.39,16.05.2024 17:16:19
0,180.19,961,1066,17.19,67.14,0,1.41,16.05.2024 17:16:21
0,176.25,940,1066,17.19,67.17,0,1.09,16.05.2024 17:16:25
0,178.50,952,1066,17.17,67.16,0,1.27,16.05.2024 17:16:27
0,175.88,938,1066,17.19,67.17,0,1.06,16.05.2024 17:16:29
0,178.50,952,1066,17.20,67.18,0,1.26,16.05.2024 17:16:31
0,175.50,936,1066,17.19,67.14,0,1.03,16.05.2024 17:16:33
0,176.81,943,1066,17.20,67.18,0,1.13,16.05.2024 17:16:36
0,175.88,938,1065,17.15,67.15,0,1.07,16.05.2024 17:16:38
0,176.63,942,1066,17.19,67.18,0,1.11,16.05.2024 17:16:40
0,177.56,947,1066,17.17,67.17,0,1.19,16.05.2024 17:16:42
0,177.75,948,1066,17.19,67.16,0,1.21,16.05.2024 17:16:44
0,176.44,941,1066,17.16,67.16,0,1.11,16.05.2024 17:16:46
0,179.44,957,1066,17.19,67.17,0,1.34,16.05.2024 17:16:48
0,177.19,945,1065,17.16,67.19,0,1.17,16.05.2024 17:16:50
0,177.00,944,1066,17.15,67.17,0,1.16,16.05.2024 17:16:53
0,178.31,951,1066,17.17,67.17,0,1.26,16.05.2024 17:16:55
0,177.75,948,1066,17.19,67.16,0,1.21,16.05.2024 17:16:57
0,176.06,939,1065,17.19,67.17,0,1.07,16.05.2024 17:16:59
0,178.50,952,1065,17.17,67.16,0,1.27,16.05.2024 17:17:01
0,175.31,935,1065,17.16,67.15,0,1.02,16.05.2024 17:17:03
0,180.38,962,1066,17.16,67.17,0,1.43,16.05.2024 17:17:05
0,183.00,976,1065,17.16,67.16,0,1.65,16.05.2024 17:17:07
0,177.56,947,1066,17.16,67.15,0,1.20,16.05.2024 17:17:09
0,181.31,967,1066,17.16,67.21,0,1.51,16.05.2024 17:17:12
0,180.19,961,1066,17.17,67.18,0,1.41,16.05.2024 17:17:14
0,180.94,965,1065,17.16,67.14,0,1.48,16.05.2024 17:17:16
0,179.25,956,1065,17.16,67.16,0,1.34,16.05.2024 17:17:18
0,182.81,975,1065,17.16,67.18,0,1.64,16.05.2024 17:17:20
0,180.56,963,1065,17.15,67.20,0,1.45,16.05.2024 17:17:22
0,183.38,978,1065,17.16,67.18,0,1.69,16.05.2024 17:17:24
0,180.00,960,1065,17.16,67.21,0,1.39,16.05.2024 17:17:26
0,183.38,978,1065,17.13,67.18,0,1.69,16.05.2024 17:17:28
0,183.38,978,1065,17.16,67.16,0,1.69,16.05.2024 17:17:31
0,176.63,942,1064,17.15,67.20,0,1.12,16.05.2024 17:17:33
0,178.13,950,1064,17.15,67.16,0,1.25,16.05.2024 17:17:35
0,177.56,947,1064,17.16,67.18,0,1.20,16.05.2024 17:17:37
0,179.06,955,1064,17.16,67.19,0,1.32,16.05.2024 17:17:39
0,180.00,960,1064,17.16,67.20,0,1.40,16.05.2024 17:17:41
0,178.50,952,1064,17.13,67.18,0,1.28,16.05.2024 17:17:43
0,179.06,955,1063,17.12,67.16,0,1.33,16.05.2024 17:17:45
0,181.50,968,1063,17.15,67.18,0,1.53,16.05.2024 17:17:48
0,180.94,965,1063,17.15,67.18,0,1.48,16.05.2024 17:17:50
0,178.31,951,1063,17.15,67.17,0,1.26,16.05.2024 17:17:52
0,179.25,956,1062,17.13,67.13,0,1.35,16.05.2024 17:17:54
0,178.13,950,1062,17.12,67.15,0,1.26,16.05.2024 17:17:56
0,181.88,970,1062,17.13,67.16,0,1.56,16.05.2024 17:17:58
0,178.69,953,1063,17.16,67.18,0,1.29,16.05.2024 17:18:00
0,178.31,951,1062,17.12,67.16,0,1.27,16.05.2024 17:18:02
0,181.31,967,1062,17.15,67.19,0,1.51,16.05.2024 17:18:05
0,178.31,951,1062,17.12,67.17,0,1.27,16.05.2024 17:18:07
0,179.06,955,1062,17.10,67.15,0,1.34,16.05.2024 17:18:09
0,180.38,962,1061,17.15,67.17,0,1.43,16.05.2024 17:18:11
0,178.31,951,1061,17.13,67.18,0,1.27,16.05.2024 17:18:13
0,180.00,960,1061,17.13,67.15,0,1.41,16.05.2024 17:18:15
0,176.25,940,1061,17.12,67.17,0,1.11,16.05.2024 17:18:17
0,177.38,946,1062,17.15,67.17,0,1.19,16.05.2024 17:18:19
0,179.44,957,1061,17.13,67.16,0,1.36,16.05.2024 17:18:21
0,181.88,970,1061,17.12,67.16,0,1.57,16.05.2024 17:18:24
0,177.38,946,1061,17.12,67.17,0,1.19,16.05.2024 17:18:26
0,180.56,963,1061,17.12,67.17,0,1.46,16.05.2024 17:18:28
0,177.94,949,1062,17.12,67.18,0,1.24,16.05.2024 17:18:30
0,176.63,942,1062,17.12,67.18,0,1.13,16.05.2024 17:18:32
0,176.63,942,1062,17.12,67.16,0,1.14,16.05.2024 17:18:34
0,181.69,969,1063,17.12,67.15,0,1.55,16.05.2024 17:18:36
0,181.13,966,1063,17.13,67.21,0,1.50,16.05.2024 17:18:38
0,178.13,950,1064,17.12,67.16,0,1.26,16.05.2024 17:18:41
0,177.00,944,1063,17.12,67.16,0,1.17,16.05.2024 17:18:43
0,177.75,948,1063,17.13,67.18,0,1.22,16.05.2024 17:18:45
0,179.25,956,1063,17.12,67.18,0,1.35,16.05.2024 17:18:47
0,181.69,969,1063,17.12,67.15,0,1.55,16.05.2024 17:18:49
0,180.19,961,1063,17.10,67.15,0,1.43,16.05.2024 17:18:51
0,178.31,951,1062,17.12,67.17,0,1.27,16.05.2024 17:18:53
0,179.44,957,1063,17.13,67.19,0,1.36,16.05.2024 17:18:55
0,180.38,962,1062,17.12,67.19,0,1.44,16.05.2024 17:18:57
0,180.38,962,1062,17.13,67.18,0,1.44,16.05.2024 17:19:00
0,174.75,932,1062,17.12,67.18,0,0.99,16.05.2024 17:19:04
0,177.56,947,1063,17.12,67.17,0,1.21,16.05.2024 17:19:06
0,178.31,951,1062,17.12,67.19,0,1.27,16.05.2024 17:19:08
0,178.13,950,1062,17.10,67.19,0,1.26,16.05.2024 17:19:10
0,174.94,933,1062,17.10,67.18,0,1.00,16.05.2024 17:19:12
0,175.13,934,1061,17.09,67.21,0,1.02,16.05.2024 17:19:14
0,174.56,931,1061,17.09,67.16,0,0.98,16.05.2024 17:19:16
0,177.00,944,1061,17.12,67.18,0,1.16,16.05.2024 17:19:19
0,177.75,948,1061,17.09,67.18,0,1.23,16.05.2024 17:19:21
0,170.81,911,1061,17.10,67.19,0,0.69,16.05.2024 17:19:23
0,176.25,940,1060,17.10,67.21,0,1.11,16.05.2024 17:19:25
0,175.69,937,1060,17.07,67.18,0,1.07,16.05.2024 17:19:27
0,170.44,909,1059,17.07,67.21,0,0.67,16.05.2024 17:19:29
0,179.06,955,1059,17.10,67.21,0,1.33,16.05.2024 17:19:31
0,179.06,955,1059,17.09,67.18,0,1.34,16.05.2024 17:19:33
0,179.81,959,1059,17.10,67.21,0,1.40,16.05.2024 17:19:35
0,179.81,959,1059,17.09,67.18,0,1.40,16.05.2024 17:19:38
0,179.25,956,1059,17.09,67.18,0,1.35,16.05.2024 17:19:40
0,182.44,973,1059,17.09,67.18,0,1.62,16.05.2024 17:19:42
0,180.38,962,1058,17.07,67.18,0,1.45,16.05.2024 17:19:44
0,181.69,969,1058,17.09,67.19,0,1.56,16.05.2024 17:19:46
0,177.19,945,1058,17.07,67.16,0,1.19,16.05.2024 17:19:48
0,179.81,959,1057,17.06,67.21,0,1.41,16.05.2024 17:19:50
0,179.63,958,1057,17.07,67.21,0,1.39,16.05.2024 17:19:52
0,178.31,951,1057,17.07,67.18,0,1.28,16.05.2024 17:19:55
0,180.94,965,1057,17.09,67.21,0,1.49,16.05.2024 17:19:57
0,179.44,957,1058,17.06,67.21,0,1.38,16.05.2024 17:19:59
0,177.19,945,1058,17.07,67.23,0,1.19,16.05.2024 17:20:01
0,180.00,960,1058,17.07,67.20,0,1.42,16.05.2024 17:20:03
0,181.50,968,1058,17.06,67.21,0,1.55,16.05.2024 17:20:05
0,175.69,937,1057,17.07,67.21,0,1.07,16.05.2024 17:20:07
0,178.31,951,1057,17.06,67.20,0,1.28,16.05.2024 17:20:09
0,179.25,956,1057,17.06,67.18,0,1.36,16.05.2024 17:20:11
0,179.06,955,1057,17.09,67.20,0,1.34,16.05.2024 17:20:14
0,179.06,955,1058,17.07,67.19,0,1.34,16.05.2024 17:20:16
0,180.75,964,1058,17.07,67.16,0,1.49,16.05.2024 17:20:18
0,177.75,948,1059,17.07,67.20,0,1.24,16.05.2024 17:20:20
0,178.69,953,1059,17.06,67.22,0,1.31,16.05.2024 17:20:22
0,179.44,957,1059,17.09,67.21,0,1.37,16.05.2024 17:20:24
0,176.63,942,1059,17.07,67.16,0,1.15,16.05.2024 17:20:26
0,178.88,954,1059,17.07,67.17,0,1.33,16.05.2024 17:20:28
0,179.81,959,1060,17.05,67.21,0,1.41,16.05.2024 17:20:31
0,179.25,956,1060,17.06,67.18,0,1.36,16.05.2024 17:20:33
0,177.56,947,1060,17.06,67.20,0,1.22,16.05.2024 17:20:35
0,180.38,962,1060,17.07,67.18,0,1.45,16.05.2024 17:20:37
0,177.19,945,1059,17.06,67.18,0,1.19,16.05.2024 17:20:39
0,176.44,941,1059,17.07,67.21,0,1.13,16.05.2024 17:20:41
0,179.06,955,1059,17.06,67.21,0,1.35,16.05.2024 17:20:43
0,180.94,965,1060,17.06,67.17,0,1.51,16.05.2024 17:20:45
0,179.06,955,1060,17.06,67.19,0,1.35,16.05.2024 17:20:47
0,177.56,947,1060,17.05,67.19,0,1.23,16.05.2024 17:20:50
0,178.88,954,1060,17.05,67.18,0,1.34,16.05.2024 17:20:52
0,179.25,956,1060,17.06,67.20,0,1.36,16.05.2024 17:20:54
0,177.94,949,1060,17.07,67.18,0,1.25,16.05.2024 17:20:56
0,178.88,954,1060,17.05,67.19,0,1.34,16.05.2024 17:20:58
0,176.63,942,1060,17.05,67.20,0,1.15,16.05.2024 17:21:00
0,180.00,960,1060,17.05,67.16,0,1.43,16.05.2024 17:21:02
0,177.75,948,1061,17.06,67.17,0,1.24,16.05.2024 17:21:04
0,178.13,950,1062,17.06,67.17,0,1.27,16.05.2024 17:21:07
0,177.56,947,1062,17.03,67.18,0,1.23,16.05.2024 17:21:09
0,179.81,959,1061,17.02,67.13,0,1.43,16.05.2024 17:21:11
0,177.38,946,1062,17.05,67.18,0,1.21,16.05.2024 17:21:13
0,181.13,966,1062,17.05,67.14,0,1.53,16.05.2024 17:21:15
0,178.50,952,1062,17.06,67.19,0,1.30,16.05.2024 17:21:17
0,179.81,959,1062,17.03,67.18,0,1.42,16.05.2024 17:21:19
0,175.88,938,1062,17.06,67.19,0,1.09,16.05.2024 17:21:21
0,177.19,945,1061,17.05,67.18,0,1.20,16.05.2024 17:21:24
0,180.56,963,1061,17.05,67.16,0,1.48,16.05.2024 17:21:26
0,176.06,939,1061,17.02,67.17,0,1.12,16.05.2024 17:21:28
0,177.00,944,1061,17.03,67.18,0,1.19,16.05.2024 17:21:30
0,181.69,969,1061,17.03,67.16,0,1.58,16.05.2024 17:21:34
0,174.94,933,1061,17.05,67.18,0,1.02,16.05.2024 17:21:36
0,179.06,955,1061,17.05,67.18,0,1.35,16.05.2024 17:21:38
0,176.63,942,1060,17.02,67.16,0,1.16,16.05.2024 17:21:40
0,177.38,946,1060,17.02,67.17,0,1.22,16.05.2024 17:21:42
0,176.81,943,1060,17.07,67.18,0,1.16,16.05.2024 17:21:45
0,175.88,938,1060,17.03,67.16,0,1.10,16.05.2024 17:21:47
0,178.13,950,1060,17.03,67.15,0,1.28,16.05.2024 17:21:49
0,171.38,914,1060,17.03,67.13,0,0.75,16.05.2024 17:21:51
0,174.56,931,1059,17.03,67.19,0,0.99,16.05.2024 17:21:53
0,177.19,945,1059,17.02,67.15,0,1.21,16.05.2024 17:21:55
0,176.25,940,1059,17.01,67.16,0,1.14,16.05.2024 17:21:57
0,174.75,932,1060,17.01,67.17,0,1.02,16.05.2024 17:21:59
0,177.38,946,1060,17.02,67.18,0,1.22,16.05.2024 17:22:02
0,176.81,943,1060,17.02,67.18,0,1.18,16.05.2024 17:22:04
0,178.69,953,1060,17.01,67.17,0,1.33,16.05.2024 17:22:06
0,173.44,925,1060,17.01,67.16,0,0.92,16.05.2024 17:22:08
0,177.38,946,1060,17.02,67.18,0,1.22,16.05.2024 17:22:10
0,178.88,954,1060,17.03,67.18,0,1.34,16.05.2024 17:22:12
0,179.06,955,1060,17.01,67.19,0,1.36,16.05.2024 17:22:14
0,177.56,947,1061,17.02,67.18,0,1.24,16.05.2024 17:22:16
0,176.63,942,1060,17.01,67.19,0,1.16,16.05.2024 17:22:19
0,178.50,952,1060,17.02,67.21,0,1.31,16.05.2024 17:22:21
0,179.25,956,1060,17.02,67.20,0,1.37,16.05.2024 17:22:23
0,176.25,940,1061,17.02,67.20,0,1.13,16.05.2024 17:22:25
0,178.13,950,1061,17.01,67.16,0,1.29,16.05.2024 17:22:27
0,177.94,949,1061,16.99,67.16,0,1.28,16.05.2024 17:22:29
0,180.75,964,1060,17.01,67.18,0,1.51,16.05.2024 17:22:31
0,179.63,958,1060,17.01,67.19,0,1.41,16.05.2024 17:22:33
0,178.69,953,1060,17.01,67.19,0,1.33,16.05.2024 17:22:35
0,180.19,961,1060,17.02,67.19,0,1.45,16.05.2024 17:22:38
0,179.06,955,1060,16.99,67.18,0,1.37,16.05.2024 17:22:40
0,179.06,955,1059,16.99,67.17,0,1.37,16.05.2024 17:22:42
0,177.00,944,1059,16.96,67.17,0,1.21,16.05.2024 17:22:44
0,180.56,963,1059,17.01,67.18,0,1.49,16.05.2024 17:22:46
0,179.44,957,1059,17.02,67.21,0,1.39,16.05.2024 17:22:48
0,183.19,977,1059,16.98,67.19,0,1.72,16.05.2024 17:22:50
0,178.31,951,1058,17.01,67.22,0,1.30,16.05.2024 17:22:52
0,177.19,945,1058,16.98,67.18,0,1.22,16.05.2024 17:22:55
0,179.25,956,1058,16.99,67.21,0,1.38,16.05.2024 17:22:57
0,179.63,958,1058,17.01,67.19,0,1.41,16.05.2024 17:22:59
0,178.88,954,1058,16.99,67.21,0,1.35,16.05.2024 17:23:01
0,180.75,964,1058,16.99,67.21,0,1.51,16.05.2024 17:23:03
0,176.25,940,1058,16.98,67.18,0,1.14,16.05.2024 17:23:05
0,179.06,955,1059,16.99,67.19,0,1.37,16.05.2024 17:23:07
0,182.63,974,1059,16.98,67.22,0,1.67,16.05.2024 17:23:09
0,176.25,940,1059,17.01,67.23,0,1.13,16.05.2024 17:23:12
0,181.50,968,1060,16.99,67.19,0,1.57,16.05.2024 17:23:14
0,177.94,949,1060,16.99,67.21,0,1.27,16.05.2024 17:23:16
0,179.25,956,1060,16.96,67.20,0,1.39,16.05.2024 17:23:18
0,179.81,959,1060,16.99,67.21,0,1.43,16.05.2024 17:23:20
0,175.31,935,1059,16.96,67.21,0,1.07,16.05.2024 17:23:22
0,180.00,960,1058,16.98,67.20,0,1.45,16.05.2024 17:23:24
0,178.13,950,1058,16.95,67.19,0,1.30,16.05.2024 17:23:26
0,177.00,944,1058,16.98,67.21,0,1.20,16.05.2024 17:23:28
0,179.25,956,1057,16.96,67.21,0,1.39,16.05.2024 17:23:31
0,181.13,966,1057,16.98,67.22,0,1.54,16.05.2024 17:23:33
0,180.38,962,1057,16.94,67.21,0,1.49,16.05.2024 17:23:35
0,181.69,969,1057,16.98,67.20,0,1.59,16.05.2024 17:23:37
0,177.75,948,1057,16.98,67.21,0,1.26,16.05.2024 17:23:39
0,180.38,962,1057,16.98,67.18,0,1.48,16.05.2024 17:23:41
0,180.56,963,1057,16.98,67.19,0,1.50,16.05.2024 17:23:43
0,177.94,949,1057,16.98,67.21,0,1.28,16.05.2024 17:23:45
0,175.69,937,1057,16.98,67.21,0,1.10,16.05.2024 17:23:48
0,181.31,967,1057,16.98,67.20,0,1.56,16.05.2024 17:23:50
0,177.94,949,1058,16.98,67.20,0,1.28,16.05.2024 17:23:52
0,175.31,935,1058,16.98,67.19,0,1.07,16.05.2024 17:23:54
0,179.63,958,1058,16.96,67.23,0,1.42,16.05.2024 17:23:56
0,177.75,948,1057,16.99,67.19,0,1.26,16.05.2024 17:23:58
0,180.19,961,1056,16.96,67.17,0,1.47,16.05.2024 17:24:00
0,176.81,943,1057,16.98,67.18,0,1.19,16.05.2024 17:24:02
0,178.50,952,1057,16.96,67.19,0,1.33,16.05.2024 17:24:05
0,176.44,941,1057,16.94,67.21,0,1.17,16.05.2024 17:24:07
0,178.50,952,1057,16.96,67.19,0,1.33,16.05.2024 17:24:09
0,179.25,956,1057,16.95,67.19,0,1.39,16.05.2024 17:24:11
0,181.50,968,1057,16.95,67.17,0,1.59,16.05.2024 17:24:13
0,176.63,942,1056,16.96,67.21,0,1.17,16.05.2024 17:24:17
0,179.44,957,1056,16.96,67.20,0,1.41,16.05.2024 17:24:19
0,176.63,942,1056,16.96,67.18,0,1.18,16.05.2024 17:24:21
0,175.69,937,1056,16.96,67.22,0,1.10,16.05.2024 17:24:23
0,175.31,935,1055,16.94,67.21,0,1.08,16.05.2024 17:24:26
0,176.63,942,1056,16.95,67.19,0,1.18,16.05.2024 17:24:28
0,176.81,943,1056,16.95,67.22,0,1.19,16.05.2024 17:24:30
0,177.94,949,1056,16.94,67.20,0,1.29,16.05.2024 17:24:32
0,179.63,958,1056,16.94,67.20,0,1.43,16.05.2024 17:24:34
0,177.75,948,1056,16.95,67.23,0,1.27,16.05.2024 17:24:36
0,170.63,910,1056,16.94,67.21,0,0.72,16.05.2024 17:24:38
0,175.31,935,1056,16.95,67.20,0,1.07,16.05.2024 17:24:40
0,178.88,954,1057,16.95,67.20,0,1.36,16.05.2024 17:24:43
0,175.69,937,1057,16.96,67.19,0,1.10,16.05.2024 17:24:45
0,175.50,936,1056,16.92,67.19,0,1.10,16.05.2024 17:24:47
0,174.75,932,1056,16.94,67.21,0,1.03,16.05.2024 17:24:49
0,177.19,945,1056,16.92,67.20,0,1.23,16.05.2024 17:24:51
0,176.81,943,1056,16.94,67.21,0,1.20,16.05.2024 17:24:53
0,176.25,940,1056,16.95,67.22,0,1.15,16.05.2024 17:24:55
0,177.00,944,1057,16.94,67.20,0,1.21,16.05.2024 17:24:57
0,181.69,969,1056,16.94,67.23,0,1.60,16.05.2024 17:25:00
0,179.25,956,1056,16.92,67.20,0,1.40,16.05.2024 17:25:02
0,178.50,952,1055,16.91,67.21,0,1.34,16.05.2024 17:25:04
0,176.06,939,1055,16.95,67.23,0,1.13,16.05.2024 17:25:06
0,178.50,952,1055,16.92,67.19,0,1.34,16.05.2024 17:25:08
0,179.06,955,1054,16.92,67.18,0,1.39,16.05.2024 17:25:10
0,178.13,950,1054,16.94,67.20,0,1.30,16.05.2024 17:25:12
0,180.56,963,1055,16.94,67.20,0,1.51,16.05.2024 17:25:14
0,178.69,953,1055,16.95,67.20,0,1.35,16.05.2024 17:25:16
0,177.38,946,1055,16.94,67.21,0,1.24,16.05.2024 17:25:19
0,177.19,945,1054,16.89,67.21,0,1.24,16.05.2024 17:25:21
0,180.00,960,1055,16.89,67.22,0,1.47,16.05.2024 17:25:23
0,179.81,959,1054,16.92,67.22,0,1.45,16.05.2024 17:25:25
0,179.63,958,1054,16.92,67.20,0,1.43,16.05.2024 17:25:27
0,177.94,949,1053,16.94,67.21,0,1.29,16.05.2024 17:25:29
0,176.44,941,1053,16.92,67.21,0,1.17,16.05.2024 17:25:31
0,180.56,963,1053,16.92,67.23,0,1.51,16.05.2024 17:25:33
0,177.00,944,1052,16.95,67.23,0,1.21,16.05.2024 17:25:36
0,177.19,945,1052,16.94,67.21,0,1.23,16.05.2024 17:25:38
0,177.56,947,1052,16.92,67.22,0,1.26,16.05.2024 17:25:40
0,179.81,959,1052,16.92,67.22,0,1.45,16.05.2024 17:25:42
0,178.13,950,1053,16.95,67.21,0,1.30,16.05.2024 17:25:44
0,177.00,944,1053,16.89,67.23,0,1.22,16.05.2024 17:25:46
0,178.13,950,1053,16.91,67.21,0,1.31,16.05.2024 17:25:48
0,179.06,955,1053,16.91,67.20,0,1.39,16.05.2024 17:25:50
0,176.25,940,1053,16.92,67.22,0,1.15,16.05.2024 17:25:53
0,178.69,953,1054,16.91,67.23,0,1.36,16.05.2024 17:25:55
0,177.75,948,1054,16.91,67.22,0,1.28,16.05.2024 17:25:57
0,177.75,948,1054,16.92,67.23,0,1.28,16.05.2024 17:25:59
0,180.75,964,1054,16.91,67.21,0,1.53,16.05.2024 17:26:01
0,175.50,936,1053,16.91,67.23,0,1.10,16.05.2024 17:26:03
0,178.50,952,1053,16.91,67.23,0,1.34,16.05.2024 17:26:05
0,180.38,962,1053,16.89,67.22,0,1.50,16.05.2024 17:26:07
0,180.00,960,1053,16.89,67.22,0,1.47,16.05.2024 17:26:09
0,175.69,937,1053,16.89,67.21,0,1.12,16.05.2024 17:26:12
0,177.94,949,1052,16.88,67.21,0,1.30,16.05.2024 17:26:14
0,177.38,946,1053,16.91,67.21,0,1.25,16.05.2024 17:26:16
0,179.25,956,1053,16.89,67.23,0,1.41,16.05.2024 17:26:18
0,177.94,949,1053,16.89,67.25,0,1.30,16.05.2024 17:26:20
0,176.25,940,1053,16.89,67.23,0,1.16,16.05.2024 17:26:22
0,178.31,951,1053,16.91,67.22,0,1.33,16.05.2024 17:26:24
0,177.56,947,1053,16.89,67.23,0,1.27,16.05.2024 17:26:26
0,177.19,945,1053,16.88,67.23,0,1.24,16.05.2024 17:26:29
0,178.50,952,1054,16.92,67.21,0,1.34,16.05.2024 17:26:31
0,180.94,965,1053,16.91,67.21,0,1.55,16.05.2024 17:26:33
0,175.88,938,1053,16.91,67.22,0,1.13,16.05.2024 17:26:35
0,176.44,941,1054,16.89,67.25,0,1.18,16.05.2024 17:26:37
0,181.13,966,1054,16.88,67.18,0,1.57,16.05.2024 17:26:39
0,177.38,946,1054,16.91,67.22,0,1.25,16.05.2024 17:26:41
0,178.69,953,1055,16.89,67.22,0,1.36,16.05.2024 17:26:43
0,181.13,966,1055,16.89,67.20,0,1.57,16.05.2024 17:26:46
0,175.13,934,1056,16.89,67.20,0,1.07,16.05.2024 17:26:48
0,183.19,977,1055,16.88,67.23,0,1.75,16.05.2024 17:26:50
0,175.69,937,1056,16.86,67.22,0,1.12,16.05.2024 17:26:52
0,175.13,934,1057,16.88,67.20,0,1.08,16.05.2024 17:26:54
0,176.44,941,1057,16.89,67.23,0,1.18,16.05.2024 17:26:56
0,174.38,930,1057,16.85,67.20,0,1.03,16.05.2024 17:26:58
0,174.00,928,1058,16.85,67.20,0,1.00,16.05.2024 17:27:00
0,177.56,947,1058,16.89,67.22,0,1.27,16.05.2024 17:27:02
0,177.75,948,1058,16.86,67.20,0,1.29,16.05.2024 17:27:05
0,174.56,931,1058,16.88,67.21,0,1.03,16.05.2024 17:27:07
0,177.38,946,1058,16.89,67.22,0,1.25,16.05.2024 17:27:09
0,177.19,945,1058,16.85,67.22,0,1.25,16.05.2024 17:27:11
0,176.44,941,1057,16.86,67.21,0,1.19,16.05.2024 17:27:13
0,176.06,939,1057,16.85,67.21,0,1.16,16.05.2024 17:27:17
0,179.63,958,1058,16.88,67.24,0,1.44,16.05.2024 17:27:19
0,173.25,924,1058,16.86,67.21,0,0.93,16.05.2024 17:27:21
0,177.94,949,1059,16.86,67.19,0,1.31,16.05.2024 17:27:24
0,177.56,947,1059,16.86,67.20,0,1.28,16.05.2024 17:27:26
0,176.06,939,1059,16.86,67.22,0,1.15,16.05.2024 17:27:28
0,173.63,926,1059,16.85,67.24,0,0.96,16.05.2024 17:27:30
0,177.94,949,1058,16.85,67.23,0,1.31,16.05.2024 17:27:32
0,176.81,943,1058,16.85,67.22,0,1.22,16.05.2024 17:27:34
0,172.88,922,1058,16.86,67.20,0,0.91,16.05.2024 17:27:36
0,175.69,937,1059,16.86,67.22,0,1.12,16.05.2024 17:27:38
0,175.50,936,1058,16.85,67.23,0,1.11,16.05.2024 17:27:41
0,173.06,923,1059,16.86,67.20,0,0.92,16.05.2024 17:27:43
0,174.94,933,1059,16.85,67.18,0,1.07,16.05.2024 17:27:45
0,176.25,940,1059,16.86,67.23,0,1.17,16.05.2024 17:27:47
0,179.06,955,1059,16.85,67.20,0,1.41,16.05.2024 17:27:49
0,173.25,924,1059,16.88,67.23,0,0.93,16.05.2024 17:27:51
0,175.69,937,1059,16.85,67.25,0,1.13,16.05.2024 17:27:53
0,179.63,958,1058,16.86,67.20,0,1.45,16.05.2024 17:27:55
0,179.63,958,1058,16.86,67.23,0,1.45,16.05.2024 17:27:57
0,179.81,959,1058,16.85,67.22,0,1.47,16.05.2024 17:28:00
0,175.50,936,1058,16.82,67.21,0,1.12,16.05.2024 17:28:02
0,177.75,948,1058,16.86,67.20,0,1.29,16.05.2024 17:28:04
0,179.44,957,1058,16.86,67.20,0,1.43,16.05.2024 17:28:06
0,180.56,963,1058,16.84,67.23,0,1.54,16.05.2024 17:28:08
0,177.00,944,1058,16.84,67.21,0,1.24,16.05.2024 17:28:10
0,178.31,951,1058,16.85,67.20,0,1.34,16.05.2024 17:28:12
0,178.13,950,1058,16.84,67.20,0,1.33,16.05.2024 17:28:14
0,177.56,947,1058,16.85,67.22,0,1.28,16.05.2024 17:28:17
0,178.50,952,1058,16.84,67.23,0,1.36,16.05.2024 17:28:19
0,179.44,957,1058,16.85,67.22,0,1.44,16.05.2024 17:28:21
0,175.88,938,1057,16.84,67.22,0,1.15,16.05.2024 17:28:23
0,178.69,953,1057,16.84,67.20,0,1.38,16.05.2024 17:28:25
0,174.75,932,1058,16.82,67.25,0,1.06,16.05.2024 17:28:27
0,180.19,961,1058,16.84,67.24,0,1.50,16.05.2024 17:28:29
0,180.19,961,1058,16.84,67.19,0,1.51,16.05.2024 17:28:31
0,176.44,941,1059,16.82,67.21,0,1.20,16.05.2024 17:28:33
0,178.88,954,1059,16.84,67.26,0,1.39,16.05.2024 17:28:36
0,183.38,978,1059,16.84,67.22,0,1.78,16.05.2024 17:28:38
0,178.31,951,1059,16.84,67.23,0,1.35,16.05.2024 17:28:40
0,179.44,957,1059,16.82,67.23,0,1.44,16.05.2024 17:28:42
0,177.75,948,1059,16.84,67.24,0,1.30,16.05.2024 17:28:44
0,176.63,942,1059,16.80,67.20,0,1.22,16.05.2024 17:28:46
0,180.56,963,1060,16.82,67.23,0,1.54,16.05.2024 17:28:48
0,178.69,953,1060,16.82,67.20,0,1.38,16.05.2024 17:28:50
0,176.63,942,1059,16.82,67.23,0,1.21,16.05.2024 17:28:53
0,180.19,961,1059,16.79,67.21,0,1.52,16.05.2024 17:28:55
0,181.13,966,1059,16.80,67.23,0,1.59,16.05.2024 17:28:57
0,179.63,958,1059,16.82,67.23,0,1.46,16.05.2024 17:28:59
0,177.56,947,1059,16.84,67.23,0,1.28,16.05.2024 17:29:01
0,178.69,953,1059,16.80,67.21,0,1.39,16.05.2024 17:29:03
0,179.25,956,1059,16.80,67.22,0,1.43,16.05.2024 17:29:05
0,176.63,942,1059,16.79,67.23,0,1.22,16.05.2024 17:29:07
0,176.44,941,1060,16.80,67.20,0,1.20,16.05.2024 17:29:10
0,178.88,954,1060,16.82,67.24,0,1.40,16.05.2024 17:29:12
0,177.94,949,1060,16.80,67.21,0,1.32,16.05.2024 17:29:14
0,177.38,946,1060,16.82,67.21,0,1.27,16.05.2024 17:29:16
0,178.69,953,1060,16.80,67.25,0,1.38,16.05.2024 17:29:18
0,176.63,942,1060,16.80,67.22,0,1.22,16.05.2024 17:29:20
0,176.25,940,1060,16.82,67.21,0,1.18,16.05.2024 17:29:22
0,177.75,948,1060,16.79,67.22,0,1.31,16.05.2024 17:29:24
0,177.75,948,1059,16.79,67.23,0,1.31,16.05.2024 17:29:26
0,177.19,945,1060,16.82,67.21,0,1.26,16.05.2024 17:29:29
0,178.50,952,1060,16.80,67.23,0,1.37,16.05.2024 17:29:31
0,180.00,960,1059,16.80,67.20,0,1.50,16.05.2024 17:29:33
0,177.94,949,1059,16.80,67.26,0,1.32,16.05.2024 17:29:35
0,176.44,941,1059,16.79,67.21,0,1.21,16.05.2024 17:29:37
0,177.19,945,1059,16.80,67.24,0,1.26,16.05.2024 17:29:39
0,179.63,958,1059,16.79,67.23,0,1.47,16.05.2024 17:29:41
0,177.56,947,1059,16.79,67.20,0,1.30,16.05.2024 17:29:43
0,180.38,962,1059,16.80,67.24,0,1.53,16.05.2024 17:29:46
0,173.63,926,1059,16.79,67.23,0,0.98,16.05.2024 17:29:48
0,177.19,945,1059,16.79,67.23,0,1.27,16.05.2024 17:29:50
0,176.63,942,1058,16.80,67.24,0,1.21,16.05.2024 17:29:52
0,178.88,954,1058,16.80,67.23,0,1.40,16.05.2024 17:29:54
0,178.69,953,1058,16.79,67.23,0,1.39,16.05.2024 17:29:56
0,178.69,953,1058,16.78,67.23,0,1.39,16.05.2024 17:29:58
0,178.88,954,1059,16.79,67.19,0,1.41,16.05.2024 17:30:00
0,178.50,952,1059,16.79,67.24,0,1.37,16.05.2024 17:30:03
0,178.50,952,1059,16.79,67.26,0,1.37,16.05.2024 17:30:05
0,175.13,934,1058,16.78,67.25,0,1.10,16.05.2024 17:30:07
0,176.25,940,1059,16.79,67.26,0,1.19,16.05.2024 17:30:11
0,175.31,935,1059,16.78,67.23,0,1.12,16.05.2024 17:30:13
0,174.19,929,1059,16.78,67.26,0,1.03,16.05.2024 17:30:15
0,170.81,911,1059,16.80,67.23,0,0.76,16.05.2024 17:30:17
0,175.50,936,1058,16.79,67.27,0,1.13,16.05.2024 17:30:19
0,176.44,941,1058,16.78,67.23,0,1.21,16.05.2024 17:30:21
0,173.06,923,1058,16.79,67.25,0,0.94,16.05.2024 17:30:24
0,172.31,919,1058,16.78,67.25,0,0.88,16.05.2024 17:30:26
0,174.00,928,1058,16.79,67.23,0,1.01,16.05.2024 17:30:28
0,175.31,935,1058,16.78,67.23,0,1.12,16.05.2024 17:30:30
0,173.81,927,1058,16.79,67.24,0,0.99,16.05.2024 17:30:32
0,174.38,930,1058,16.78,67.25,0,1.04,16.05.2024 17:30:34
0,175.69,937,1058,16.78,67.26,0,1.15,16.05.2024 17:30:36
0,175.31,935,1058,16.76,67.24,0,1.12,16.05.2024 17:30:38
0,177.94,949,1059,16.78,67.23,0,1.33,16.05.2024 17:30:41
0,178.88,954,1059,16.76,67.20,0,1.42,16.05.2024 17:30:43
0,174.56,931,1059,16.79,67.24,0,1.05,16.05.2024 17:30:45
0,179.81,959,1059,16.78,67.23,0,1.49,16.05.2024 17:30:47
0,177.94,949,1059,16.76,67.24,0,1.33,16.05.2024 17:30:49
0,176.06,939,1058,16.78,67.22,0,1.18,16.05.2024 17:30:51
0,176.06,939,1058,16.76,67.23,0,1.18,16.05.2024 17:30:53
0,178.31,951,1058,16.76,67.21,0,1.37,16.05.2024 17:30:55
0,176.06,939,1058,16.78,67.26,0,1.18,16.05.2024 17:30:58
0,176.06,939,1058,16.76,67.24,0,1.18,16.05.2024 17:31:00
0,176.81,943,1058,16.76,67.23,0,1.24,16.05.2024 17:31:02
0,177.75,948,1058,16.75,67.27,0,1.32,16.05.2024 17:31:04
0,175.88,938,1058,16.76,67.24,0,1.17,16.05.2024 17:31:06
0,180.38,962,1058,16.74,67.21,0,1.55,16.05.2024 17:31:08
0,174.94,933,1059,16.75,67.22,0,1.10,16.05.2024 17:31:10
0,179.81,959,1059,16.76,67.21,0,1.49,16.05.2024 17:31:12
0,178.31,951,1059,16.75,67.26,0,1.37,16.05.2024 17:31:14
0,180.00,960,1059,16.74,67.23,0,1.52,16.05.2024 17:31:17
0,179.81,959,1060,16.75,67.24,0,1.50,16.05.2024 17:31:19
0,176.44,941,1061,16.75,67.22,0,1.22,16.05.2024 17:31:21
0,181.13,966,1061,16.76,67.25,0,1.60,16.05.2024 17:31:23
0,180.38,962,1061,16.75,67.24,0,1.54,16.05.2024 17:31:25
0,177.56,947,1060,16.72,67.24,0,1.32,16.05.2024 17:31:27
0,174.00,928,1061,16.72,67.22,0,1.03,16.05.2024 17:31:29
0,172.69,921,1061,16.75,67.25,0,0.92,16.05.2024 17:31:31
0,175.31,935,1061,16.74,67.26,0,1.13,16.05.2024 17:31:34
0,174.75,932,1060,16.74,67.25,0,1.08,16.05.2024 17:31:36
0,176.63,942,1060,16.74,67.25,0,1.23,16.05.2024 17:31:38
0,175.69,937,1060,16.72,67.22,0,1.16,16.05.2024 17:31:40
0,180.00,960,1061,16.74,67.25,0,1.52,16.05.2024 17:31:42
0,177.75,948,1060,16.75,67.23,0,1.32,16.05.2024 17:31:44
0,176.44,941,1059,16.75,67.24,0,1.21,16.05.2024 17:31:46
0,176.81,943,1060,16.74,67.25,0,1.25,16.05.2024 17:31:48
0,173.44,925,1059,16.75,67.26,0,0.97,16.05.2024 17:31:51
0,179.81,959,1060,16.76,67.22,0,1.49,16.05.2024 17:31:53
0,177.94,949,1060,16.74,67.27,0,1.34,16.05.2024 17:31:55
0,179.44,957,1060,16.75,67.25,0,1.46,16.05.2024 17:31:57
0,177.00,944,1060,16.71,67.21,0,1.27,16.05.2024 17:31:59
0,177.19,945,1059,16.72,67.25,0,1.28,16.05.2024 17:32:01
0,174.94,933,1060,16.74,67.25,0,1.10,16.05.2024 17:32:03
0,176.81,943,1059,16.75,67.27,0,1.24,16.05.2024 17:32:05
0,180.94,965,1059,16.72,67.23,0,1.60,16.05.2024 17:32:07
0,176.06,939,1060,16.74,67.26,0,1.19,16.05.2024 17:32:10
0,177.00,944,1060,16.72,67.23,0,1.27,16.05.2024 17:32:12
0,178.50,952,1059,16.76,67.22,0,1.38,16.05.2024 17:32:14
0,177.19,945,1059,16.74,67.22,0,1.28,16.05.2024 17:32:16
0,177.94,949,1059,16.74,67.25,0,1.34,16.05.2024 17:32:18
0,175.88,938,1059,16.72,67.24,0,1.18,16.05.2024 17:32:20
0,178.69,953,1059,16.72,67.25,0,1.41,16.05.2024 17:32:22
0,175.88,938,1059,16.72,67.24,0,1.18,16.05.2024 17:32:24
0,174.94,933,1060,16.75,67.25,0,1.09,16.05.2024 17:32:27
0,180.75,964,1059,16.71,67.25,0,1.59,16.05.2024 17:32:29
0,175.13,934,1060,16.72,67.27,0,1.12,16.05.2024 17:32:31
0,177.75,948,1060,16.72,67.25,0,1.33,16.05.2024 17:32:33
0,177.75,948,1060,16.71,67.26,0,1.33,16.05.2024 17:32:35
0,178.69,953,1060,16.74,67.27,0,1.40,16.05.2024 17:32:37
0,178.13,950,1060,16.71,67.21,0,1.37,16.05.2024 17:32:39
0,176.06,939,1060,16.74,67.26,0,1.19,16.05.2024 17:32:41
0,176.44,941,1060,16.72,67.24,0,1.22,16.05.2024 17:32:44
0,177.56,947,1060,16.71,67.26,0,1.32,16.05.2024 17:32:46
0,175.31,935,1060,16.71,67.24,0,1.14,16.05.2024 17:32:50
0,176.81,943,1060,16.69,67.21,0,1.26,16.05.2024 17:32:52
0,173.25,924,1061,16.72,67.24,0,0.97,16.05.2024 17:32:54
0,172.50,920,1061,16.71,67.24,0,0.91,16.05.2024 17:32:56
0,172.88,922,1061,16.71,67.25,0,0.94,16.05.2024 17:32:58
0,172.31,919,1060,16.71,67.23,0,0.90,16.05.2024 17:33:00
0,176.81,943,1060,16.72,67.24,0,1.25,16.05.2024 17:33:02
0,175.13,934,1059,16.69,67.27,0,1.12,16.05.2024 17:33:05
0,173.63,926,1059,16.71,67.24,0,1.00,16.05.2024 17:33:07
0,171.38,914,1059,16.69,67.27,0,0.83,16.05.2024 17:33:09
0,175.50,936,1059,16.72,67.25,0,1.15,16.05.2024 17:33:11
0,175.69,937,1059,16.69,67.27,0,1.17,16.05.2024 17:33:13
0,175.69,937,1059,16.69,67.24,0,1.17,16.05.2024 17:33:15
0,173.81,927,1059,16.69,67.25,0,1.02,16.05.2024 17:33:17
0,176.25,940,1059,16.71,67.25,0,1.21,16.05.2024 17:33:19
0,175.69,937,1059,16.69,67.27,0,1.17,16.05.2024 17:33:22
0,172.31,919,1059,16.71,67.28,0,0.90,16.05.2024 17:33:24
0,177.00,944,1059,16.66,67.26,0,1.28,16.05.2024 17:33:26
0,176.06,939,1060,16.71,67.25,0,1.20,16.05.2024 17:33:28
0,178.50,952,1060,16.69,67.28,0,1.40,16.05.2024 17:33:30
0,177.00,944,1061,16.71,67.26,0,1.27,16.05.2024 17:33:32
0,179.44,957,1060,16.69,67.26,0,1.48,16.05.2024 17:33:34
0,178.50,952,1060,16.69,67.28,0,1.40,16.05.2024 17:33:36
0,175.88,938,1061,16.69,67.27,0,1.18,16.05.2024 17:33:39
0,178.88,954,1061,16.68,67.26,0,1.44,16.05.2024 17:33:41
0,177.56,947,1061,16.69,67.27,0,1.32,16.05.2024 17:33:43
0,178.50,952,1061,16.68,67.28,0,1.40,16.05.2024 17:33:45
0,175.13,934,1060,16.69,67.24,0,1.12,16.05.2024 17:33:47
0,177.75,948,1060,16.66,67.27,0,1.34,16.05.2024 17:33:49
0,179.25,956,1060,16.69,67.29,0,1.46,16.05.2024 17:33:51
0,176.63,942,1060,16.68,67.29,0,1.25,16.05.2024 17:33:53
0,176.44,941,1060,16.71,67.27,0,1.22,16.05.2024 17:33:55
0,177.38,946,1060,16.68,67.27,0,1.31,16.05.2024 17:33:58
0,178.31,951,1060,16.66,67.27,0,1.39,16.05.2024 17:34:00
0,177.38,946,1060,16.68,67.25,0,1.31,16.05.2024 17:34:02
0,178.69,953,1060,16.66,67.26,0,1.42,16.05.2024 17:34:04
0,178.50,952,1060,16.68,67.23,0,1.41,16.05.2024 17:34:06
0,179.44,957,1059,16.66,67.27,0,1.49,16.05.2024 17:34:08
0,178.31,951,1059,16.66,67.29,0,1.39,16.05.2024 17:34:10
0,178.31,951,1060,16.68,67.27,0,1.39,16.05.2024 17:34:12
0,178.69,953,1059,16.68,67.25,0,1.42,16.05.2024 17:34:15
0,178.69,953,1059,16.68,67.28,0,1.42,16.05.2024 17:34:17
0,178.88,954,1058,16.65,67.26,0,1.44,16.05.2024 17:34:19
0,177.56,947,1058,16.68,67.27,0,1.32,16.05.2024 17:34:21
0,176.44,941,1058,16.66,67.28,0,1.24,16.05.2024 17:34:23
0,175.88,938,1058,16.64,67.26,0,1.20,16.05.2024 17:34:25
0,177.38,946,1058,16.65,67.28,0,1.32,16.05.2024 17:34:27
0,176.06,939,1058,16.65,67.28,0,1.21,16.05.2024 17:34:29
0,178.50,952,1058,16.66,67.26,0,1.41,16.05.2024 17:34:32
0,178.13,950,1057,16.68,67.28,0,1.37,16.05.2024 17:34:34
0,177.00,944,1056,16.68,67.26,0,1.28,16.05.2024 17:34:36
0,175.88,938,1056,16.64,67.33,0,1.19,16.05.2024 17:34:38
0,179.81,959,1056,16.65,67.25,0,1.52,16.05.2024 17:34:40
0,177.75,948,1056,16.66,67.27,0,1.34,16.05.2024 17:34:42
0,179.25,956,1057,16.66,67.28,0,1.47,16.05.2024 17:34:44
0,176.81,943,1058,16.65,67.23,0,1.27,16.05.2024 17:34:46
0,175.13,934,1057,16.68,67.29,0,1.12,16.05.2024 17:34:48
0,177.75,948,1057,16.65,67.25,0,1.35,16.05.2024 17:34:51
0,175.50,936,1058,16.65,67.26,0,1.16,16.05.2024 17:34:53
0,176.06,939,1058,16.66,67.26,0,1.21,16.05.2024 17:34:55
0,176.44,941,1057,16.66,67.27,0,1.24,16.05.2024 17:34:57
0,179.06,955,1058,16.66,67.27,0,1.45,16.05.2024 17:34:59
0,177.00,944,1057,16.66,67.27,0,1.28,16.05.2024 17:35:01
0,175.88,938,1057,16.65,67.30,0,1.19,16.05.2024 17:35:03
0,175.50,936,1057,16.66,67.26,0,1.16,16.05.2024 17:35:05
0,173.06,923,1056,16.65,67.27,0,0.97,16.05.2024 17:35:08
0,175.13,934,1057,16.65,67.22,0,1.14,16.05.2024 17:35:10
0,181.31,967,1057,16.65,67.29,0,1.65,16.05.2024 17:35:12
0,179.25,956,1057,16.64,67.29,0,1.48,16.05.2024 17:35:14
0,175.13,934,1056,16.61,67.25,0,1.15,16.05.2024 17:35:16
0,176.63,942,1057,16.64,67.25,0,1.26,16.05.2024 17:35:18
0,175.69,937,1056,16.62,67.26,0,1.19,16.05.2024 17:35:20
0,176.81,943,1056,16.66,67.26,0,1.27,16.05.2024 17:35:22
0,175.69,937,1056,16.65,67.27,0,1.18,16.05.2024 17:35:25
0,176.44,941,1056,16.62,67.28,0,1.25,16.05.2024 17:35:27
0,173.81,927,1057,16.62,67.26,0,1.04,16.05.2024 17:35:29
0,177.00,944,1057,16.65,67.30,0,1.28,16.05.2024 17:35:31
0,172.50,920,1057,16.64,67.26,0,0.93,16.05.2024 17:35:35
0,174.94,933,1057,16.62,67.27,0,1.13,16.05.2024 17:35:37
0,178.50,952,1058,16.65,67.29,0,1.41,16.05.2024 17:35:39
0,174.19,929,1058,16.64,67.25,0,1.06,16.05.2024 17:35:41
0,176.63,942,1057,16.61,67.27,0,1.27,16.05.2024 17:35:43
0,172.31,919,1057,16.64,67.30,0,0.91,16.05.2024 17:35:46
0,175.88,938,1057,16.64,67.26,0,1.20,16.05.2024 17:35:48
0,173.81,927,1057,16.64,67.27,0,1.03,16.05.2024 17:35:50
0,171.00,912,1057,16.62,67.29,0,0.82,16.05.2024 17:35:52
0,173.81,927,1057,16.64,67.28,0,1.03,16.05.2024 17:35:54
0,174.75,932,1057,16.61,67.27,0,1.11,16.05.2024 17:35:56
0,171.75,916,1057,16.62,67.29,0,0.87,16.05.2024 17:35:58
0,167.63,894,1057,16.62,67.29,0,0.57,16.05.2024 17:36:00
0,175.31,935,1058,16.61,67.28,0,1.16,16.05.2024 17:36:03
0,175.31,935,1057,16.61,67.25,0,1.16,16.05.2024 17:36:05
0,174.00,928,1057,16.64,67.27,0,1.05,16.05.2024 17:36:07
0,174.56,931,1057,16.58,67.28,0,1.11,16.05.2024 17:36:09
0,176.44,941,1057,16.61,67.25,0,1.25,16.05.2024 17:36:11
0,174.56,931,1057,16.62,67.31,0,1.09,16.05.2024 17:36:13
0,177.56,947,1058,16.59,67.26,0,1.35,16.05.2024 17:36:15
0,176.25,940,1058,16.62,67.29,0,1.23,16.05.2024 17:36:17
0,175.13,934,1058,16.62,67.30,0,1.14,16.05.2024 17:36:20
0,172.88,922,1058,16.61,67.27,0,0.97,16.05.2024 17:36:22
0,176.63,942,1058,16.59,67.27,0,1.27,16.05.2024 17:36:24
0,176.81,943,1058,16.59,67.33,0,1.28,16.05.2024 17:36:26
0,178.50,952,1058,16.59,67.26,0,1.43,16.05.2024 17:36:28
0,179.44,957,1058,16.59,67.32,0,1.50,16.05.2024 17:36:30
0,175.88,938,1058,16.61,67.30,0,1.20,16.05.2024 17:36:32
0,177.75,948,1059,16.62,67.30,0,1.35,16.05.2024 17:36:34
0,175.69,937,1059,16.61,67.27,0,1.19,16.05.2024 17:36:36
0,173.25,924,1059,16.61,67.27,0,1.00,16.05.2024 17:36:39
0,178.13,950,1059,16.59,67.28,0,1.39,16.05.2024 17:36:41
0,176.81,943,1058,16.59,67.29,0,1.28,16.05.2024 17:36:43
0,175.13,934,1058,16.62,67.30,0,1.14,16.05.2024 17:36:45
0,180.00,960,1058,16.58,67.30,0,1.56,16.05.2024 17:36:47
0,177.38,946,1057,16.59,67.30,0,1.33,16.05.2024 17:36:49
0,176.06,939,1057,16.59,67.29,0,1.22,16.05.2024 17:36:51
0,175.13,934,1058,16.59,67.30,0,1.15,16.05.2024 17:36:53
0,177.19,945,1058,16.59,67.26,0,1.32,16.05.2024 17:36:56
0,177.75,948,1058,16.61,67.29,0,1.36,16.05.2024 17:36:58
0,176.44,941,1058,16.61,67.28,0,1.25,16.05.2024 17:37:00
0,179.63,958,1058,16.59,67.30,0,1.52,16.05.2024 17:37:02
0,174.56,931,1058,16.59,67.33,0,1.10,16.05.2024 17:37:04
0,176.44,941,1058,16.58,67.29,0,1.26,16.05.2024 17:37:06
0,178.50,952,1058,16.59,67.28,0,1.43,16.05.2024 17:37:08
0,177.56,947,1058,16.61,67.30,0,1.34,16.05.2024 17:37:10
0,176.06,939,1057,16.59,67.29,0,1.22,16.05.2024 17:37:13
0,176.81,943,1057,16.59,67.30,0,1.28,16.05.2024 17:37:15
0,178.69,953,1058,16.61,67.27,0,1.44,16.05.2024 17:37:17
0,172.88,922,1058,16.61,67.30,0,0.96,16.05.2024 17:37:19
0,177.75,948,1058,16.58,67.29,0,1.37,16.05.2024 17:37:21
0,178.50,952,1058,16.58,67.30,0,1.43,16.05.2024 17:37:23
0,173.25,924,1057,16.58,67.30,0,1.00,16.05.2024 17:37:25
0,178.50,952,1057,16.59,67.31,0,1.42,16.05.2024 17:37:27
0,180.19,961,1057,16.58,67.31,0,1.57,16.05.2024 17:37:29
0,174.38,930,1057,16.58,67.28,0,1.09,16.05.2024 17:37:32
0,179.06,955,1057,16.58,67.25,0,1.48,16.05.2024 17:37:34
0,178.31,951,1056,16.58,67.28,0,1.41,16.05.2024 17:37:36
0,177.56,947,1056,16.56,67.25,0,1.36,16.05.2024 17:37:38
0,174.94,933,1056,16.56,67.29,0,1.14,16.05.2024 17:37:40
0,177.00,944,1055,16.58,67.28,0,1.30,16.05.2024 17:37:42
0,176.44,941,1055,16.56,67.25,0,1.26,16.05.2024 17:37:44
0,178.50,952,1055,16.56,67.24,0,1.44,16.05.2024 17:37:46
0,175.13,934,1055,16.56,67.29,0,1.15,16.05.2024 17:37:49
0,174.94,933,1055,16.58,67.24,0,1.14,16.05.2024 17:37:51
0,177.56,947,1056,16.58,67.27,0,1.35,16.05.2024 17:37:53
0,173.25,924,1056,16.55,67.25,0,1.01,16.05.2024 17:37:55
0,176.25,940,1056,16.58,67.27,0,1.24,16.05.2024 17:37:57
0,174.00,928,1056,16.56,67.29,0,1.06,16.05.2024 17:37:59
0,176.81,943,1055,16.55,67.23,0,1.30,16.05.2024 17:38:01
0,172.88,922,1055,16.56,67.27,0,0.98,16.05.2024 17:38:03
0,174.94,933,1055,16.56,67.24,0,1.14,16.05.2024 17:38:06
0,176.06,939,1054,16.55,67.24,0,1.24,16.05.2024 17:38:08
0,178.69,953,1054,16.56,67.24,0,1.45,16.05.2024 17:38:10
0,174.75,932,1054,16.58,67.23,0,1.12,16.05.2024 17:38:14
0,175.88,938,1053,16.55,67.23,0,1.22,16.05.2024 17:38:16
0,177.19,945,1054,16.55,67.24,0,1.33,16.05.2024 17:38:18
0,176.25,940,1053,16.55,67.24,0,1.25,16.05.2024 17:38:20
0,172.13,918,1053,16.55,67.21,0,0.93,16.05.2024 17:38:22
0,171.75,916,1054,16.55,67.22,0,0.90,16.05.2024 17:38:24
0,172.88,922,1054,16.56,67.22,0,0.98,16.05.2024 17:38:27
0,171.56,915,1054,16.56,67.23,0,0.88,16.05.2024 17:38:29
0,175.31,935,1054,16.55,67.26,0,1.18,16.05.2024 17:38:31
0,174.19,929,1054,16.55,67.23,0,1.09,16.05.2024 17:38:33
0,170.06,907,1054,16.56,67.22,0,0.76,16.05.2024 17:38:35
0,175.88,938,1054,16.54,67.21,0,1.23,16.05.2024 17:38:37
0,175.31,935,1054,16.55,67.23,0,1.18,16.05.2024 17:38:39
0,173.25,924,1054,16.54,67.21,0,1.02,16.05.2024 17:38:41
0,175.88,938,1055,16.58,67.24,0,1.21,16.05.2024 17:38:44
0,175.31,935,1054,16.55,67.24,0,1.18,16.05.2024 17:38:46
0,173.25,924,1054,16.54,67.23,0,1.02,16.05.2024 17:38:48
0,177.00,944,1054,16.54,67.22,0,1.32,16.05.2024 17:38:50
0,176.25,940,1054,16.56,67.25,0,1.25,16.05.2024 17:38:52
0,176.81,943,1054,16.56,67.28,0,1.29,16.05.2024 17:38:54
0,177.94,949,1054,16.52,67.22,0,1.40,16.05.2024 17:38:56
0,175.50,936,1054,16.55,67.25,0,1.19,16.05.2024 17:38:58
0,175.69,937,1055,16.51,67.24,0,1.22,16.05.2024 17:39:01
0,175.69,937,1055,16.54,67.22,0,1.21,16.05.2024 17:39:03
0,176.06,939,1055,16.54,67.26,0,1.24,16.05.2024 17:39:05
0,176.44,941,1055,16.54,67.21,0,1.27,16.05.2024 17:39:07
0,176.25,940,1055,16.52,67.23,0,1.26,16.05.2024 17:39:09
0,179.81,959,1055,16.54,67.25,0,1.56,16.05.2024 17:39:11
0,176.06,939,1055,16.51,67.23,0,1.25,16.05.2024 17:39:13
0,175.88,938,1054,16.51,67.23,0,1.23,16.05.2024 17:39:15
0,175.69,937,1054,16.54,67.21,0,1.21,16.05.2024 17:39:17
0,174.38,930,1054,16.54,67.22,0,1.11,16.05.2024 17:39:20
0,178.69,953,1055,16.54,67.23,0,1.46,16.05.2024 17:39:22
0,174.94,933,1055,16.51,67.23,0,1.16,16.05.2024 17:39:24
0,175.69,937,1055,16.54,67.22,0,1.21,16.05.2024 17:39:26
0,178.69,953,1055,16.52,67.26,0,1.46,16.05.2024 17:39:28
0,177.19,945,1056,16.52,67.24,0,1.34,16.05.2024 17:39:30
0,178.69,953,1056,16.54,67.23,0,1.46,16.05.2024 17:39:32
0,172.69,921,1056,16.54,67.23,0,0.97,16.05.2024 17:39:34
0,179.63,958,1056,16.52,67.20,0,1.55,16.05.2024 17:39:37
0,176.25,940,1056,16.54,67.21,0,1.26,16.05.2024 17:39:39
0,177.00,944,1056,16.51,67.25,0,1.33,16.05.2024 17:39:41
0,176.63,942,1056,16.50,67.23,0,1.30,16.05.2024 17:39:43
0,178.13,950,1056,16.52,67.21,0,1.42,16.05.2024 17:39:45
0,177.56,947,1056,16.54,67.26,0,1.36,16.05.2024 17:39:47
0,176.44,941,1056,16.54,67.24,0,1.27,16.05.2024 17:39:49
0,175.13,934,1055,16.52,67.21,0,1.17,16.05.2024 17:39:51
0,176.25,940,1056,16.50,67.22,0,1.27,16.05.2024 17:39:54
0,175.50,936,1057,16.50,67.23,0,1.21,16.05.2024 17:39:56
0,173.25,924,1057,16.52,67.23,0,1.02,16.05.2024 17:39:58
0,176.81,943,1057,16.51,67.22,0,1.31,16.05.2024 17:40:00
0,175.69,937,1058,16.48,67.23,0,1.23,16.05.2024 17:40:02
0,177.56,947,1059,16.52,67.23,0,1.37,16.05.2024 17:40:04
0,176.81,943,1059,16.51,67.24,0,1.31,16.05.2024 17:40:06
0,176.63,942,1060,16.51,67.23,0,1.30,16.05.2024 17:40:08
0,177.00,944,1060,16.48,67.25,0,1.33,16.05.2024 17:40:10
0,174.75,932,1060,16.50,67.23,0,1.15,16.05.2024 17:40:13
0,174.94,933,1060,16.51,67.24,0,1.16,16.05.2024 17:40:15
0,175.69,937,1061,16.50,67.23,0,1.22,16.05.2024 17:40:17
0,176.44,941,1060,16.48,67.24,0,1.29,16.05.2024 17:40:19
0,173.25,924,1061,16.50,67.25,0,1.03,16.05.2024 17:40:21
0,176.06,939,1060,16.50,67.23,0,1.25,16.05.2024 17:40:23
0,177.38,946,1061,16.51,67.22,0,1.36,16.05.2024 17:40:25
0,172.88,922,1061,16.51,67.19,0,1.00,16.05.2024 17:40:27
0,174.75,932,1060,16.48,67.22,0,1.15,16.05.2024 17:40:30
0,176.63,942,1060,16.50,67.21,0,1.30,16.05.2024 17:40:32
0,176.81,943,1061,16.50,67.22,0,1.32,16.05.2024 17:40:34
0,176.25,940,1061,16.48,67.21,0,1.27,16.05.2024 17:40:36
0,180.56,963,1062,16.51,67.24,0,1.63,16.05.2024 17:40:38
0,173.81,927,1061,16.50,67.24,0,1.07,16.05.2024 17:40:40
0,173.25,924,1061,16.50,67.24,0,1.03,16.05.2024 17:40:42
0,178.13,950,1060,16.48,67.22,0,1.43,16.05.2024 17:40:44
0,175.69,937,1060,16.47,67.23,0,1.23,16.05.2024 17:40:47
0,174.38,930,1061,16.50,67.21,0,1.12,16.05.2024 17:40:49
0,176.81,943,1061,16.51,67.22,0,1.31,16.05.2024 17:40:53
0,173.06,923,1060,16.50,67.23,0,1.01,16.05.2024 17:40:55
0,172.31,919,1060,16.48,67.24,0,0.96,16.05.2024 17:40:57
0,175.88,938,1060,16.48,67.22,0,1.24,16.05.2024 17:40:59
0,174.94,933,1059,16.47,67.20,0,1.17,16.05.2024 17:41:01
0,174.56,931,1061,16.48,67.22,0,1.14,16.05.2024 17:41:03
0,170.63,910,1060,16.48,67.21,0,0.83,16.05.2024 17:41:05
0,173.25,924,1059,16.45,67.23,0,1.04,16.05.2024 17:41:08
0,173.44,925,1058,16.45,67.21,0,1.05,16.05.2024 17:41:10
0,171.56,915,1057,16.47,67.19,0,0.90,16.05.2024 17:41:12
0,170.81,911,1057,16.48,67.24,0,0.84,16.05.2024 17:41:14
0,174.75,932,1057,16.48,67.21,0,1.15,16.05.2024 17:41:16
0,173.25,924,1058,16.47,67.22,0,1.03,16.05.2024 17:41:18
0,173.81,927,1058,16.47,67.22,0,1.08,16.05.2024 17:41:20
0,170.06,907,1059,16.48,67.21,0,0.78,16.05.2024 17:41:22
0,174.56,931,1058,16.47,67.22,0,1.14,16.05.2024 17:41:25
0,175.69,937,1058,16.48,67.21,0,1.23,16.05.2024 17:41:27
0,177.56,947,1058,16.47,67.22,0,1.39,16.05.2024 17:41:29
0,176.81,943,1058,16.47,67.23,0,1.32,16.05.2024 17:41:31
0,173.25,924,1058,16.44,67.23,0,1.04,16.05.2024 17:41:33
0,176.81,943,1058,16.47,67.19,0,1.33,16.05.2024 17:41:35
0,177.75,948,1059,16.47,67.24,0,1.40,16.05.2024 17:41:37
0,175.69,937,1060,16.45,67.21,0,1.24,16.05.2024 17:41:39
0,172.88,922,1059,16.47,67.21,0,1.01,16.05.2024 17:41:42
0,174.56,931,1059,16.45,67.22,0,1.14,16.05.2024 17:41:44
0,177.00,944,1059,16.44,67.20,0,1.35,16.05.2024 17:41:46
0,178.13,950,1060,16.47,67.24,0,1.43,16.05.2024 17:41:48
0,175.50,936,1060,16.45,67.20,0,1.22,16.05.2024 17:41:50
0,178.50,952,1060,16.47,67.23,0,1.47,16.05.2024 17:41:52
0,176.25,940,1060,16.45,67.20,0,1.28,16.05.2024 17:41:54
0,174.56,931,1059,16.44,67.20,0,1.15,16.05.2024 17:41:56
0,174.94,933,1059,16.48,67.23,0,1.17,16.05.2024 17:41:58
0,174.75,932,1059,16.47,67.19,0,1.16,16.05.2024 17:42:01
0,174.38,930,1059,16.45,67.22,0,1.13,16.05.2024 17:42:03
0,171.75,916,1060,16.45,67.21,0,0.92,16.05.2024 17:42:05
0,173.06,923,1060,16.45,67.21,0,1.02,16.05.2024 17:42:07
0,175.50,936,1060,16.45,67.21,0,1.22,16.05.2024 17:42:09
0,175.31,935,1061,16.44,67.23,0,1.21,16.05.2024 17:42:11
0,176.44,941,1061,16.44,67.19,0,1.30,16.05.2024 17:42:13
0,176.81,943,1061,16.44,67.21,0,1.33,16.05.2024 17:42:15
0,174.94,933,1061,16.45,67.24,0,1.17,16.05.2024 17:42:18
0,174.00,928,1061,16.44,67.23,0,1.10,16.05.2024 17:42:20
0,175.13,934,1061,16.41,67.22,0,1.20,16.05.2024 17:42:22
0,175.69,937,1061,16.43,67.25,0,1.24,16.05.2024 17:42:24
0,173.81,927,1060,16.45,67.24,0,1.08,16.05.2024 17:42:26
0,174.00,928,1061,16.44,67.22,0,1.10,16.05.2024 17:42:28
0,176.63,942,1061,16.44,67.23,0,1.32,16.05.2024 17:42:30
0,173.25,924,1060,16.45,67.23,0,1.04,16.05.2024 17:42:32
0,179.44,957,1060,16.47,67.22,0,1.55,16.05.2024 17:42:34
0,178.31,951,1060,16.45,67.22,0,1.45,16.05.2024 17:42:37
0,177.94,949,1060,16.47,67.25,0,1.42,16.05.2024 17:42:39
0,175.69,937,1060,16.43,67.21,0,1.24,16.05.2024 17:42:41
0,175.31,935,1061,16.44,67.23,0,1.21,16.05.2024 17:42:43
0,176.25,940,1061,16.43,67.22,0,1.29,16.05.2024 17:42:45
0,174.19,929,1061,16.41,67.21,0,1.12,16.05.2024 17:42:47
0,176.25,940,1061,16.43,67.24,0,1.29,16.05.2024 17:42:49
0,173.25,924,1061,16.43,67.23,0,1.04,16.05.2024 17:42:51
0,171.94,917,1061,16.43,67.22,0,0.94,16.05.2024 17:42:54
0,172.69,921,1061,16.44,67.22,0,1.00,16.05.2024 17:42:56
0,175.31,935,1061,16.44,67.26,0,1.21,16.05.2024 17:42:58
0,170.44,909,1061,16.43,67.22,0,0.83,16.05.2024 17:43:00
0,176.81,943,1061,16.43,67.23,0,1.33,16.05.2024 17:43:02
0,178.13,950,1060,16.41,67.22,0,1.45,16.05.2024 17:43:04
0,173.44,925,1060,16.44,67.23,0,1.06,16.05.2024 17:43:06
0,173.63,926,1060,16.43,67.22,0,1.07,16.05.2024 17:43:08
0,175.50,936,1060,16.43,67.22,0,1.23,16.05.2024 17:43:11
0,172.31,919,1061,16.43,67.22,0,0.97,16.05.2024 17:43:13
0,177.19,945,1060,16.41,67.23,0,1.37,16.05.2024 17:43:15
0,177.56,947,1060,16.41,67.20,0,1.40,16.05.2024 17:43:17
0,173.25,924,1060,16.44,67.22,0,1.04,16.05.2024 17:43:19
0,172.88,922,1060,16.41,67.25,0,1.02,16.05.2024 17:43:21
0,175.31,935,1060,16.41,67.23,0,1.21,16.05.2024 17:43:23
0,176.63,942,1060,16.43,67.24,0,1.32,16.05.2024 17:43:25
0,173.06,923,1062,16.41,67.23,0,1.03,16.05.2024 17:43:27
0,176.44,941,1061,16.41,67.21,0,1.31,16.05.2024 17:43:30
0,173.63,926,1061,16.40,67.23,0,1.08,16.05.2024 17:43:32
0,174.75,932,1061,16.43,67.22,0,1.17,16.05.2024 17:43:36
0,174.94,933,1062,16.41,67.22,0,1.18,16.05.2024 17:43:38
0,171.00,912,1062,16.40,67.25,0,0.88,16.05.2024 17:43:40
0,176.63,942,1063,16.41,67.24,0,1.32,16.05.2024 17:43:42
0,171.38,914,1063,16.43,67.25,0,0.90,16.05.2024 17:43:44
0,172.69,921,1062,16.41,67.21,0,1.01,16.05.2024 17:43:46
0,169.88,906,1063,16.40,67.24,0,0.79,16.05.2024 17:43:49
0,175.31,935,1064,16.41,67.26,0,1.21,16.05.2024 17:43:51
0,175.31,935,1064,16.40,67.23,0,1.22,16.05.2024 17:43:53
0,170.63,910,1064,16.40,67.23,0,0.85,16.05.2024 17:43:55
0,171.94,917,1063,16.37,67.22,0,0.96,16.05.2024 17:43:57
0,171.00,912,1063,16.38,67.23,0,0.88,16.05.2024 17:43:59
0,169.13,902,1063,16.40,67.24,0,0.73,16.05.2024 17:44:01
0,171.75,916,1062,16.40,67.24,0,0.93,16.05.2024 17:44:03
0,173.44,925,1062,16.40,67.22,0,1.07,16.05.2024 17:44:06
0,173.25,924,1062,16.40,67.24,0,1.05,16.05.2024 17:44:08
0,169.88,906,1061,16.38,67.23,0,0.79,16.05.2024 17:44:10
0,171.94,917,1062,16.38,67.21,0,0.95,16.05.2024 17:44:12
0,174.56,931,1062,16.40,67.25,0,1.16,16.05.2024 17:44:14
0,171.19,913,1062,16.40,67.26,0,0.89,16.05.2024 17:44:16
0,181.31,967,1062,16.38,67.22,0,1.74,16.05.2024 17:44:18
0,176.44,941,1063,16.41,67.24,0,1.31,16.05.2024 17:44:20
0,175.69,937,1063,16.38,67.24,0,1.25,16.05.2024 17:44:22
0,171.19,913,1063,16.40,67.23,0,0.89,16.05.2024 17:44:25
0,175.50,936,1063,16.41,67.29,0,1.23,16.05.2024 17:44:27
0,174.19,929,1063,16.40,67.26,0,1.13,16.05.2024 17:44:29
0,174.19,929,1062,16.38,67.25,0,1.13,16.05.2024 17:44:31
0,174.75,932,1062,16.38,67.25,0,1.17,16.05.2024 17:44:33
0,177.75,948,1063,16.38,67.25,0,1.42,16.05.2024 17:44:35
0,176.06,939,1062,16.38,67.27,0,1.28,16.05.2024 17:44:37
0,173.25,924,1062,16.38,67.27,0,1.05,16.05.2024 17:44:39
0,176.63,942,1062,16.38,67.24,0,1.33,16.05.2024 17:44:42
0,175.88,938,1062,16.38,67.27,0,1.27,16.05.2024 17:44:44
0,174.00,928,1063,16.38,67.25,0,1.11,16.05.2024 17:44:46
0,175.50,936,1063,16.37,67.28,0,1.24,16.05.2024 17:44:48
0,176.44,941,1063,16.38,67.23,0,1.32,16.05.2024 17:44:50
0,176.44,941,1063,16.38,67.27,0,1.31,16.05.2024 17:44:52
0,174.00,928,1063,16.35,67.26,0,1.12,16.05.2024 17:44:54
0,175.50,936,1063,16.37,67.27,0,1.24,16.05.2024 17:44:56
0,177.56,947,1063,16.35,67.24,0,1.42,16.05.2024 17:44:59
0,172.13,918,1063,16.35,67.28,0,0.97,16.05.2024 17:45:01
0,174.75,932,1063,16.35,67.26,0,1.18,16.05.2024 17:45:03
0,178.13,950,1064,16.37,67.27,0,1.46,16.05.2024 17:45:05
0,176.25,940,1063,16.37,67.28,0,1.30,16.05.2024 17:45:07
0,175.13,934,1063,16.38,67.27,0,1.20,16.05.2024 17:45:09
0,175.31,935,1063,16.37,67.28,0,1.22,16.05.2024 17:45:11
0,176.06,939,1063,16.37,67.30,0,1.28,16.05.2024 17:45:13
0,176.81,943,1063,16.35,67.29,0,1.35,16.05.2024 17:45:15
0,175.50,936,1064,16.37,67.26,0,1.24,16.05.2024 17:45:18
0,176.63,942,1064,16.35,67.27,0,1.34,16.05.2024 17:45:20
0,175.69,937,1063,16.33,67.28,0,1.26,16.05.2024 17:45:22
0,179.44,957,1063,16.35,67.26,0,1.58,16.05.2024 17:45:24
0,174.94,933,1064,16.38,67.27,0,1.19,16.05.2024 17:45:26
0,177.00,944,1064,16.34,67.29,0,1.37,16.05.2024 17:45:28
0,174.75,932,1064,16.34,67.29,0,1.18,16.05.2024 17:45:30
0,173.44,925,1063,16.35,67.30,0,1.07,16.05.2024 17:45:32
0,175.13,934,1063,16.37,67.29,0,1.21,16.05.2024 17:45:35
0,176.44,941,1064,16.34,67.28,0,1.32,16.05.2024 17:45:37
0,176.44,941,1064,16.35,67.29,0,1.32,16.05.2024 17:45:39
0,173.81,927,1063,16.35,67.28,0,1.11,16.05.2024 17:45:41
0,173.81,927,1063,16.35,67.28,0,1.11,16.05.2024 17:45:43
0,175.88,938,1063,16.35,67.26,0,1.27,16.05.2024 17:45:45
0,174.56,931,1063,16.35,67.28,0,1.17,16.05.2024 17:45:47
0,173.81,927,1062,16.37,67.25,0,1.10,16.05.2024 17:45:49
0,175.13,934,1062,16.35,67.28,0,1.21,16.05.2024 17:45:52
0,173.25,924,1061,16.33,67.27,0,1.07,16.05.2024 17:45:54
0,174.75,932,1062,16.33,67.29,0,1.19,16.05.2024 17:45:56
0,173.44,925,1061,16.35,67.27,0,1.08,16.05.2024 17:45:58
0,172.69,921,1061,16.37,67.27,0,1.01,16.05.2024 17:46:00
0,173.44,925,1061,16.34,67.27,0,1.08,16.05.2024 17:46:02
0,176.63,942,1061,16.34,67.26,0,1.34,16.05.2024 17:46:04
0,175.50,936,1061,16.35,67.27,0,1.24,16.05.2024 17:46:06
0,177.19,945,1061,16.33,67.28,0,1.39,16.05.2024 17:46:08
0,174.38,930,1061,16.34,67.26,0,1.16,16.05.2024 17:46:11
0,175.31,935,1061,16.34,67.26,0,1.23,16.05.2024 17:46:13
0,174.19,929,1061,16.34,67.27,0,1.14,16.05.2024 17:46:15
0,174.00,928,1061,16.34,67.28,0,1.12,16.05.2024 17:46:17
0,174.00,928,1061,16.34,67.27,0,1.12,16.05.2024 17:46:21
0,176.25,940,1060,16.31,67.28,0,1.32,16.05.2024 17:46:23
0,179.63,958,1060,16.34,67.28,0,1.60,16.05.2024 17:46:25
0,170.63,910,1060,16.33,67.28,0,0.86,16.05.2024 17:46:27
0,176.25,940,1060,16.37,67.29,0,1.30,16.05.2024 17:46:30
0,172.50,920,1059,16.33,67.25,0,1.01,16.05.2024 17:46:32
0,166.13,886,1060,16.34,67.28,0,0.52,16.05.2024 17:46:34
0,171.56,915,1060,16.33,67.26,0,0.93,16.05.2024 17:46:36
0,173.81,927,1060,16.34,67.29,0,1.11,16.05.2024 17:46:38
0,171.75,916,1060,16.34,67.29,0,0.94,16.05.2024 17:46:40
0,165.19,881,1059,16.33,67.29,0,0.46,16.05.2024 17:46:42
0,174.56,931,1060,16.34,67.30,0,1.17,16.05.2024 17:46:44
0,171.56,915,1060,16.33,67.25,0,0.94,16.05.2024 17:46:47
0,172.88,922,1059,16.35,67.28,0,1.03,16.05.2024 17:46:49
0,176.25,940,1059,16.33,67.27,0,1.31,16.05.2024 17:46:51
0,173.06,923,1059,16.33,67.30,0,1.05,16.05.2024 17:46:53
0,173.63,926,1059,16.33,67.26,0,1.10,16.05.2024 17:46:55
0,174.94,933,1059,16.33,67.29,0,1.20,16.05.2024 17:46:57
0,171.94,917,1060,16.34,67.29,0,0.96,16.05.2024 17:46:59
0,172.69,921,1060,16.31,67.27,0,1.03,16.05.2024 17:47:01
0,177.00,944,1059,16.30,67.27,0,1.38,16.05.2024 17:47:04
0,175.50,936,1059,16.33,67.33,0,1.25,16.05.2024 17:47:06
0,180.00,960,1059,16.30,67.29,0,1.64,16.05.2024 17:47:08
0,175.50,936,1058,16.33,67.29,0,1.25,16.05.2024 17:47:10
0,173.81,927,1057,16.33,67.29,0,1.11,16.05.2024 17:47:12
0,174.56,931,1057,16.30,67.32,0,1.18,16.05.2024 17:47:14
0,173.25,924,1056,16.31,67.33,0,1.07,16.05.2024 17:47:16
0,172.88,922,1057,16.30,67.29,0,1.04,16.05.2024 17:47:18
0,173.63,926,1057,16.28,67.29,0,1.11,16.05.2024 17:47:20
0,174.19,929,1057,16.33,67.30,0,1.14,16.05.2024 17:47:23
0,175.13,934,1057,16.28,67.29,0,1.23,16.05.2024 17:47:25
0,176.63,942,1058,16.31,67.32,0,1.35,16.05.2024 17:47:27
0,177.38,946,1057,16.31,67.32,0,1.41,16.05.2024 17:47:29
0,175.69,937,1057,16.30,67.30,0,1.27,16.05.2024 17:47:31
0,174.56,931,1057,16.30,67.32,0,1.18,16.05.2024 17:47:33
0,174.94,933,1057,16.31,67.30,0,1.21,16.05.2024 17:47:35
0,175.13,934,1056,16.28,67.32,0,1.23,16.05.2024 17:47:37
0,177.00,944,1056,16.30,67.32,0,1.38,16.05.2024 17:47:40
0,176.44,941,1056,16.28,67.31,0,1.34,16.05.2024 17:47:42
0,174.00,928,1056,16.30,67.30,0,1.13,16.05.2024 17:47:44
0,175.13,934,1056,16.30,67.32,0,1.22,16.05.2024 17:47:46
0,174.56,931,1056,16.31,67.33,0,1.17,16.05.2024 17:47:48
0,175.69,937,1056,16.30,67.30,0,1.27,16.05.2024 17:47:50
0,175.69,937,1056,16.31,67.31,0,1.27,16.05.2024 17:47:52
0,174.38,930,1055,16.30,67.29,0,1.16,16.05.2024 17:47:54
0,172.13,918,1055,16.30,67.30,0,0.98,16.05.2024 17:47:57
0,174.38,930,1056,16.30,67.34,0,1.16,16.05.2024 17:47:59
0,175.88,938,1056,16.30,67.30,0,1.29,16.05.2024 17:48:01
0,174.56,931,1055,16.30,67.32,0,1.18,16.05.2024 17:48:03
0,173.81,927,1055,16.30,67.30,0,1.12,16.05.2024 17:48:05
0,175.13,934,1055,16.31,67.34,0,1.22,16.05.2024 17:48:07
0,170.06,907,1054,16.30,67.32,0,0.82,16.05.2024 17:48:09
0,174.94,933,1054,16.30,67.30,0,1.21,16.05.2024 17:48:11
0,172.50,920,1054,16.31,67.30,0,1.01,16.05.2024 17:48:13
0,173.25,924,1053,16.27,67.30,0,1.08,16.05.2024 17:48:16
0,170.44,909,1053,16.30,67.33,0,0.85,16.05.2024 17:48:18
0,174.19,929,1053,16.30,67.33,0,1.15,16.05.2024 17:48:20
0,171.94,917,1054,16.28,67.31,0,0.97,16.05.2024 17:48:22
0,176.63,942,1053,16.28,67.31,0,1.35,16.05.2024 17:48:24
0,173.06,923,1053,16.30,67.30,0,1.06,16.05.2024 17:48:26
0,175.31,935,1052,16.28,67.32,0,1.24,16.05.2024 17:48:28
0,174.75,932,1052,16.30,67.30,0,1.19,16.05.2024 17:48:30
0,176.81,943,1052,16.25,67.33,0,1.38,16.05.2024 17:48:33
0,174.38,930,1051,16.27,67.30,0,1.17,16.05.2024 17:48:35
0,171.56,915,1050,16.28,67.32,0,0.94,16.05.2024 17:48:37
0,176.63,942,1051,16.28,67.35,0,1.35,16.05.2024 17:48:39
0,173.06,923,1051,16.31,67.34,0,1.05,16.05.2024 17:48:41
0,172.31,919,1050,16.27,67.33,0,1.00,16.05.2024 17:48:43
0,175.69,937,1051,16.27,67.34,0,1.28,16.05.2024 17:48:45
0,178.88,954,1051,16.27,67.32,0,1.55,16.05.2024 17:48:47
0,174.94,933,1051,16.28,67.32,0,1.21,16.05.2024 17:48:50
0,175.88,938,1051,16.28,67.33,0,1.29,16.05.2024 17:48:52
0,177.00,944,1051,16.27,67.31,0,1.39,16.05.2024 17:48:54
0,172.13,918,1051,16.28,67.33,0,0.99,16.05.2024 17:48:56
0,174.56,931,1050,16.25,67.35,0,1.19,16.05.2024 17:49:00
0,174.00,928,1051,16.28,67.32,0,1.14,16.05.2024 17:49:02
0,172.13,918,1050,16.27,67.32,0,0.99,16.05.2024 17:49:04
0,177.00,944,1050,16.30,67.35,0,1.38,16.05.2024 17:49:06
0,166.13,886,1050,16.27,67.34,0,0.54,16.05.2024 17:49:08
0,171.19,913,1050,16.27,67.34,0,0.92,16.05.2024 17:49:11
0,174.00,928,1050,16.27,67.35,0,1.14,16.05.2024 17:49:13
0,173.63,926,1050,16.27,67.36,0,1.11,16.05.2024 17:49:15
0,170.81,911,1050,16.24,67.33,0,0.89,16.05.2024 17:49:17
0,171.00,912,1050,16.25,67.34,0,0.90,16.05.2024 17:49:19
0,169.31,903,1050,16.28,67.33,0,0.77,16.05.2024 17:49:21
0,173.25,924,1049,16.27,67.30,0,1.08,16.05.2024 17:49:23
0,171.56,915,1049,16.24,67.31,0,0.95,16.05.2024 17:49:25
0,174.56,931,1049,16.25,67.34,0,1.19,16.05.2024 17:49:28
0,170.06,907,1049,16.25,67.34,0,0.83,16.05.2024 17:49:30
0,172.13,918,1049,16.27,67.36,0,0.99,16.05.2024 17:49:32
0,173.44,925,1049,16.25,67.34,0,1.10,16.05.2024 17:49:34
0,174.75,932,1049,16.25,67.32,0,1.20,16.05.2024 17:49:36
0,173.25,924,1048,16.25,67.37,0,1.08,16.05.2024 17:49:38
0,173.44,925,1049,16.25,67.34,0,1.10,16.05.2024 17:49:40
0,176.44,941,1049,16.27,67.37,0,1.34,16.05.2024 17:49:42
0,176.81,943,1049,16.24,67.34,0,1.38,16.05.2024 17:49:45
0,172.88,922,1049,16.25,67.37,0,1.05,16.05.2024 17:49:47
0,175.50,936,1049,16.25,67.37,0,1.26,16.05.2024 17:49:49
0,175.69,937,1049,16.25,67.34,0,1.28,16.05.2024 17:49:51
0,176.06,939,1049,16.27,67.35,0,1.31,16.05.2024 17:49:53
0,177.00,944,1050,16.24,67.35,0,1.39,16.05.2024 17:49:55
0,176.63,942,1050,16.25,67.35,0,1.36,16.05.2024 17:49:57
0,177.19,945,1050,16.24,67.35,0,1.41,16.05.2024 17:49:59
0,175.31,935,1050,16.23,67.37,0,1.25,16.05.2024 17:50:01
0,175.31,935,1050,16.25,67.34,0,1.25,16.05.2024 17:50:04
0,175.88,938,1050,16.24,67.35,0,1.30,16.05.2024 17:50:06
0,174.75,932,1050,16.27,67.35,0,1.20,16.05.2024 17:50:08
0,173.81,927,1050,16.23,67.36,0,1.13,16.05.2024 17:50:10
0,174.75,932,1050,16.24,67.36,0,1.21,16.05.2024 17:50:12
0,177.75,948,1050,16.24,67.34,0,1.46,16.05.2024 17:50:14
0,176.25,940,1050,16.25,67.37,0,1.33,16.05.2024 17:50:16
0,178.13,950,1050,16.23,67.37,0,1.49,16.05.2024 17:50:18
0,176.63,942,1050,16.21,67.34,0,1.37,16.05.2024 17:50:21
0,173.81,927,1050,16.24,67.35,0,1.13,16.05.2024 17:50:23
0,175.13,934,1049,16.24,67.35,0,1.24,16.05.2024 17:50:25
0,171.75,916,1050,16.24,67.34,0,0.97,16.05.2024 17:50:27
0,177.19,945,1050,16.24,67.34,0,1.41,16.05.2024 17:50:29
0,174.38,930,1050,16.25,67.37,0,1.17,16.05.2024 17:50:31
0,176.25,940,1050,16.24,67.38,0,1.33,16.05.2024 17:50:33
0,172.88,922,1051,16.21,67.35,0,1.06,16.05.2024 17:50:35
0,173.06,923,1050,16.23,67.34,0,1.07,16.05.2024 17:50:37
0,172.88,922,1050,16.24,67.38,0,1.05,16.05.2024 17:50:40
0,177.00,944,1050,16.23,67.34,0,1.40,16.05.2024 17:50:42
0,174.75,932,1050,16.24,67.34,0,1.21,16.05.2024 17:50:44
0,177.38,946,1050,16.25,67.35,0,1.42,16.05.2024 17:50:46
0,174.00,928,1050,16.21,67.37,0,1.15,16.05.2024 17:50:48
0,177.56,947,1050,16.24,67.38,0,1.44,16.05.2024 17:50:50
0,176.44,941,1051,16.23,67.35,0,1.35,16.05.2024 17:50:52
0,177.38,946,1052,16.23,67.35,0,1.43,16.05.2024 17:50:54
0,175.50,936,1052,16.24,67.37,0,1.27,16.05.2024 17:50:57
0,174.38,930,1051,16.23,67.36,0,1.18,16.05.2024 17:50:59
0,177.94,949,1052,16.23,67.36,0,1.48,16.05.2024 17:51:01
0,174.19,929,1052,16.24,67.38,0,1.16,16.05.2024 17:51:03
0,174.94,933,1051,16.23,67.39,0,1.22,16.05.2024 17:51:05
0,174.19,929,1052,16.23,67.36,0,1.16,16.05.2024 17:51:07
0,173.81,927,1052,16.24,67.37,0,1.13,16.05.2024 17:51:09
0,171.19,913,1051,16.21,67.34,0,0.93,16.05.2024 17:51:11
0,175.31,935,1051,16.23,67.34,0,1.26,16.05.2024 17:51:14
0,175.88,938,1051,16.24,67.37,0,1.30,16.05.2024 17:51:16
0,174.19,929,1052,16.23,67.32,0,1.17,16.05.2024 17:51:18
0,174.75,932,1052,16.24,67.36,0,1.21,16.05.2024 17:51:20
0,172.31,919,1052,16.23,67.34,0,1.01,16.05.2024 17:51:22
0,176.25,940,1052,16.21,67.35,0,1.34,16.05.2024 17:51:24
0,171.94,917,1052,16.21,67.36,0,0.99,16.05.2024 17:51:26
0,173.06,923,1051,16.21,67.39,0,1.08,16.05.2024 17:51:28
0,172.50,920,1051,16.21,67.42,0,1.03,16.05.2024 17:51:31
0,176.25,940,1050,16.21,67.35,0,1.34,16.05.2024 17:51:33
0,173.06,923,1050,16.25,67.37,0,1.07,16.05.2024 17:51:37
0,172.69,921,1050,16.21,67.36,0,1.05,16.05.2024 17:51:39
0,171.38,914,1049,16.21,67.38,0,0.94,16.05.2024 17:51:41
0,170.63,910,1051,16.24,67.36,0,0.88,16.05.2024 17:51:43
0,171.56,915,1051,16.23,67.33,0,0.96,16.05.2024 17:51:45
0,170.25,908,1051,16.23,67.38,0,0.85,16.05.2024 17:51:47
0,172.50,920,1051,16.20,67.36,0,1.03,16.05.2024 17:51:49
0,172.13,918,1052,16.21,67.37,0,1.00,16.05.2024 17:51:52
0,173.25,924,1052,16.23,67.34,0,1.09,16.05.2024 17:51:54
0,180.19,961,1051,16.23,67.39,0,1.67,16.05.2024 17:51:56
0,174.38,930,1051,16.23,67.39,0,1.18,16.05.2024 17:51:58
0,172.13,918,1051,16.20,67.38,0,1.00,16.05.2024 17:52:00
0,170.81,911,1051,16.21,67.37,0,0.90,16.05.2024 17:52:02
0,174.19,929,1052,16.20,67.38,0,1.17,16.05.2024 17:52:04
0,170.63,910,1051,16.19,67.37,0,0.89,16.05.2024 17:52:06
0,173.63,926,1052,16.21,67.38,0,1.12,16.05.2024 17:52:09
0,173.06,923,1051,16.19,67.36,0,1.08,16.05.2024 17:52:11
0,174.75,932,1051,16.20,67.38,0,1.22,16.05.2024 17:52:13
0,173.44,925,1051,16.19,67.39,0,1.11,16.05.2024 17:52:15
0,174.56,931,1051,16.19,67.39,0,1.20,16.05.2024 17:52:17
0,174.75,932,1051,16.19,67.38,0,1.22,16.05.2024 17:52:19
0,175.88,938,1050,16.20,67.38,0,1.31,16.05.2024 17:52:21
0,172.69,921,1051,16.17,67.39,0,1.06,16.05.2024 17:52:23
0,176.25,940,1050,16.19,67.39,0,1.34,16.05.2024 17:52:25
0,175.69,937,1050,16.20,67.38,0,1.29,16.05.2024 17:52:28
0,175.31,935,1050,16.19,67.39,0,1.27,16.05.2024 17:52:30
0,177.56,947,1050,16.20,67.38,0,1.45,16.05.2024 17:52:32
0,174.38,930,1050,16.20,67.41,0,1.18,16.05.2024 17:52:34
0,174.00,928,1051,16.17,67.43,0,1.16,16.05.2024 17:52:36
0,174.94,933,1051,16.17,67.40,0,1.24,16.05.2024 17:52:38
0,177.75,948,1050,16.19,67.41,0,1.47,16.05.2024 17:52:40
0,175.69,937,1051,16.19,67.43,0,1.29,16.05.2024 17:52:42
0,175.31,935,1050,16.19,67.41,0,1.26,16.05.2024 17:52:45
0,173.25,924,1050,16.19,67.40,0,1.10,16.05.2024 17:52:47
0,175.50,936,1050,16.19,67.43,0,1.28,16.05.2024 17:52:49
0,177.00,944,1050,16.20,67.41,0,1.40,16.05.2024 17:52:51
0,174.19,929,1049,16.21,67.43,0,1.16,16.05.2024 17:52:53
0,173.44,925,1049,16.17,67.40,0,1.11,16.05.2024 17:52:55
0,175.31,935,1049,16.17,67.42,0,1.27,16.05.2024 17:52:57
0,174.56,931,1049,16.19,67.40,0,1.20,16.05.2024 17:52:59
0,175.31,935,1049,16.17,67.40,0,1.27,16.05.2024 17:53:02
0,173.44,925,1049,16.19,67.44,0,1.11,16.05.2024 17:53:04
0,176.63,942,1049,16.16,67.40,0,1.38,16.05.2024 17:53:06
0,177.19,945,1049,16.20,67.41,0,1.42,16.05.2024 17:53:08
0,176.81,943,1049,16.16,67.42,0,1.40,16.05.2024 17:53:10
0,177.19,945,1050,16.17,67.43,0,1.42,16.05.2024 17:53:12
0,175.50,936,1049,16.19,67.42,0,1.28,16.05.2024 17:53:14
0,175.31,935,1049,16.19,67.43,0,1.26,16.05.2024 17:53:16
0,173.81,927,1049,16.17,67.43,0,1.14,16.05.2024 17:53:18
0,173.81,927,1050,16.20,67.41,0,1.14,16.05.2024 17:53:21
0,176.63,942,1049,16.17,67.43,0,1.38,16.05.2024 17:53:23
0,174.00,928,1049,16.19,67.42,0,1.16,16.05.2024 17:53:25
0,176.81,943,1050,16.17,67.43,0,1.39,16.05.2024 17:53:27
0,177.38,946,1051,16.19,67.40,0,1.44,16.05.2024 17:53:29
0,174.00,928,1051,16.17,67.41,0,1.16,16.05.2024 17:53:31
0,177.75,948,1050,16.16,67.42,0,1.48,16.05.2024 17:53:33
0,175.50,936,1050,16.17,67.45,0,1.28,16.05.2024 17:53:35
0,173.06,923,1051,16.17,67.40,0,1.08,16.05.2024 17:53:38
0,176.81,943,1051,16.17,67.45,0,1.39,16.05.2024 17:53:40
0,172.13,918,1051,16.17,67.41,0,1.01,16.05.2024 17:53:42
0,174.75,932,1052,16.17,67.43,0,1.22,16.05.2024 17:53:44
0,173.63,926,1053,16.16,67.40,0,1.13,16.05.2024 17:53:46
0,177.75,948,1053,16.16,67.41,0,1.48,16.05.2024 17:53:48
0,173.63,926,1053,16.16,67.44,0,1.13,16.05.2024 17:53:50
0,174.56,931,1053,16.17,67.43,0,1.20,16.05.2024 17:53:52
0,172.13,918,1054,16.16,67.43,0,1.01,16.05.2024 17:53:55
0,173.06,923,1054,16.16,67.42,0,1.09,16.05.2024 17:53:57
0,173.63,926,1054,16.14,67.41,0,1.14,16.05.2024 17:53:59
0,173.06,923,1055,16.14,67.41,0,1.09,16.05.2024 17:54:01
0,175.13,934,1055,16.17,67.44,0,1.25,16.05.2024 17:54:03
0,179.63,958,1054,16.19,67.44,0,1.63,16.05.2024 17:54:05
0,172.88,922,1055,16.17,67.41,0,1.07,16.05.2024 17:54:07
0,175.50,936,1055,16.17,67.44,0,1.28,16.05.2024 17:54:09
0,171.94,917,1056,16.14,67.41,0,1.00,16.05.2024 17:54:11
0,171.19,913,1056,16.17,67.44,0,0.93,16.05.2024 17:54:16
0,171.94,917,1056,16.17,67.44,0,0.99,16.05.2024 17:54:18
0,175.88,938,1055,16.16,67.43,0,1.32,16.05.2024 17:54:20
0,172.88,922,1055,16.17,67.47,0,1.07,16.05.2024 17:54:22
0,172.31,919,1056,16.14,67.40,0,1.03,16.05.2024 17:54:24
0,171.38,914,1055,16.16,67.43,0,0.95,16.05.2024 17:54:26
0,172.31,919,1056,16.16,67.41,0,1.03,16.05.2024 17:54:28
0,173.06,923,1056,16.16,67.44,0,1.09,16.05.2024 17:54:30
0,175.31,935,1056,16.16,67.41,0,1.27,16.05.2024 17:54:33
0,173.44,925,1056,16.14,67.46,0,1.12,16.05.2024 17:54:35
0,172.50,920,1056,16.14,67.46,0,1.04,16.05.2024 17:54:37
0,176.06,939,1056,16.17,67.43,0,1.33,16.05.2024 17:54:39
0,172.13,918,1055,16.14,67.45,0,1.01,16.05.2024 17:54:41
0,174.94,933,1055,16.16,67.43,0,1.24,16.05.2024 17:54:43
0,172.50,920,1055,16.16,67.45,0,1.04,16.05.2024 17:54:45
0,174.56,931,1055,16.14,67.42,0,1.21,16.05.2024 17:54:47
0,168.56,899,1054,16.16,67.45,0,0.74,16.05.2024 17:54:50
0,174.38,930,1054,16.14,67.44,0,1.20,16.05.2024 17:54:52
0,169.31,903,1054,16.11,67.45,0,0.80,16.05.2024 17:54:54
0,174.00,928,1053,16.13,67.45,0,1.17,16.05.2024 17:54:56
0,172.31,919,1053,16.13,67.48,0,1.03,16.05.2024 17:54:58
0,176.25,940,1054,16.16,67.43,0,1.35,16.05.2024 17:55:00
0,173.63,926,1053,16.13,67.43,0,1.14,16.05.2024 17:55:02
0,174.56,931,1053,16.14,67.44,0,1.21,16.05.2024 17:55:04
0,176.25,940,1052,16.14,67.44,0,1.35,16.05.2024 17:55:06
0,174.75,932,1052,16.14,67.45,0,1.23,16.05.2024 17:55:09
0,174.75,932,1052,16.14,67.44,0,1.23,16.05.2024 17:55:11
0,173.06,923,1052,16.14,67.45,0,1.09,16.05.2024 17:55:13
0,174.00,928,1052,16.14,67.48,0,1.16,16.05.2024 17:55:15
0,176.63,942,1052,16.13,67.44,0,1.39,16.05.2024 17:55:17
0,174.94,933,1052,16.11,67.45,0,1.25,16.05.2024 17:55:19
0,175.50,936,1052,16.14,67.47,0,1.29,16.05.2024 17:55:21
0,174.19,929,1052,16.14,67.46,0,1.18,16.05.2024 17:55:23
0,177.56,947,1052,16.13,67.45,0,1.47,16.05.2024 17:55:26
0,173.25,924,1051,16.13,67.49,0,1.11,16.05.2024 17:55:28
0,175.50,936,1051,16.13,67.49,0,1.29,16.05.2024 17:55:30
0,172.31,919,1051,16.14,67.47,0,1.03,16.05.2024 17:55:32
0,175.69,937,1051,16.13,67.48,0,1.31,16.05.2024 17:55:34
0,172.13,918,1051,16.14,67.50,0,1.01,16.05.2024 17:55:36
0,173.06,923,1051,16.13,67.49,0,1.09,16.05.2024 17:55:38
0,172.50,920,1051,16.13,67.45,0,1.05,16.05.2024 17:55:40
0,173.63,926,1051,16.16,67.48,0,1.13,16.05.2024 17:55:43
0,175.31,935,1051,16.11,67.46,0,1.28,16.05.2024 17:55:45
0,173.25,924,1051,16.11,67.45,0,1.11,16.05.2024 17:55:47
0,172.31,919,1051,16.13,67.47,0,1.03,16.05.2024 17:55:49
0,176.06,939,1052,16.13,67.48,0,1.34,16.05.2024 17:55:51
0,174.00,928,1051,16.11,67.45,0,1.17,16.05.2024 17:55:53
0,174.94,933,1051,16.11,67.47,0,1.25,16.05.2024 17:55:55
0,176.44,941,1050,16.11,67.47,0,1.37,16.05.2024 17:55:57
0,176.25,940,1051,16.14,67.50,0,1.35,16.05.2024 17:55:59
0,178.13,950,1051,16.16,67.46,0,1.51,16.05.2024 17:56:02
0,175.31,935,1051,16.13,67.48,0,1.27,16.05.2024 17:56:04
0,175.88,938,1051,16.11,67.46,0,1.33,16.05.2024 17:56:06
0,175.31,935,1051,16.11,67.49,0,1.28,16.05.2024 17:56:08
0,176.63,942,1052,16.14,67.49,0,1.38,16.05.2024 17:56:10
0,173.44,925,1052,16.13,67.49,0,1.12,16.05.2024 17:56:12
0,171.75,916,1052,16.13,67.47,0,0.99,16.05.2024 17:56:14
0,172.88,922,1052,16.13,67.48,0,1.08,16.05.2024 17:56:16
0,175.50,936,1052,16.11,67.46,0,1.30,16.05.2024 17:56:19
0,176.81,943,1052,16.11,67.47,0,1.41,16.05.2024 17:56:21
0,175.31,935,1052,16.13,67.49,0,1.27,16.05.2024 17:56:23
0,175.88,938,1052,16.13,67.47,0,1.32,16.05.2024 17:56:25
0,174.75,932,1051,16.13,67.49,0,1.23,16.05.2024 17:56:27
0,174.38,930,1052,16.13,67.49,0,1.20,16.05.2024 17:56:29
0,175.31,935,1052,16.11,67.49,0,1.28,16.05.2024 17:56:31
0,171.56,915,1052,16.11,67.48,0,0.98,16.05.2024 17:56:33
0,176.25,940,1052,16.13,67.49,0,1.35,16.05.2024 17:56:36
0,176.06,939,1051,16.11,67.48,0,1.34,16.05.2024 17:56:38
0,173.81,927,1051,16.11,67.52,0,1.15,16.05.2024 17:56:40
0,176.06,939,1051,16.11,67.48,0,1.34,16.05.2024 17:56:42
0,173.25,924,1051,16.11,67.52,0,1.11,16.05.2024 17:56:44
0,175.13,934,1051,16.10,67.50,0,1.27,16.05.2024 17:56:46
0,169.31,903,1050,16.11,67.49,0,0.80,16.05.2024 17:56:48
0,173.25,924,1050,16.10,67.48,0,1.11,16.05.2024 17:56:52
0,172.88,922,1050,16.11,67.49,0,1.08,16.05.2024 17:56:54
0,172.69,921,1050,16.13,67.48,0,1.06,16.05.2024 17:56:57
0,174.00,928,1050,16.09,67.49,0,1.18,16.05.2024 17:56:59
0,173.63,926,1050,16.11,67.47,0,1.14,16.05.2024 17:57:01
0,171.00,912,1049,16.11,67.49,0,0.93,16.05.2024 17:57:03
0,173.63,926,1049,16.11,67.52,0,1.14,16.05.2024 17:57:05
0,174.38,930,1049,16.11,67.47,0,1.20,16.05.2024 17:57:07
0,168.00,896,1049,16.09,67.49,0,0.71,16.05.2024 17:57:09
0,169.31,903,1049,16.11,67.51,0,0.80,16.05.2024 17:57:11
0,172.88,922,1049,16.10,67.52,0,1.08,16.05.2024 17:57:14
0,174.00,928,1049,16.11,67.51,0,1.17,16.05.2024 17:57:16
0,172.31,919,1048,16.10,67.49,0,1.04,16.05.2024 17:57:18
0,173.63,926,1048,16.10,67.51,0,1.14,16.05.2024 17:57:20
0,169.50,904,1048,16.10,67.49,0,0.82,16.05.2024 17:57:22
0,174.94,933,1048,16.09,67.50,0,1.25,16.05.2024 17:57:24
0,168.19,897,1048,16.09,67.47,0,0.72,16.05.2024 17:57:26
0,174.19,929,1048,16.09,67.50,0,1.19,16.05.2024 17:57:28
0,177.75,948,1048,16.11,67.53,0,1.48,16.05.2024 17:57:31
0,176.63,942,1047,16.11,67.49,0,1.39,16.05.2024 17:57:33
0,175.69,937,1047,16.09,67.49,0,1.32,16.05.2024 17:57:35
0,174.75,932,1047,16.09,67.50,0,1.24,16.05.2024 17:57:37
0,172.88,922,1047,16.10,67.49,0,1.08,16.05.2024 17:57:39
0,174.00,928,1046,16.09,67.50,0,1.18,16.05.2024 17:57:41
0,174.75,932,1046,16.07,67.51,0,1.24,16.05.2024 17:57:43
0,174.56,931,1046,16.11,67.49,0,1.22,16.05.2024 17:57:45
0,175.69,937,1045,16.10,67.50,0,1.31,16.05.2024 17:57:47
0,175.13,934,1045,16.09,67.50,0,1.27,16.05.2024 17:57:50
0,178.31,951,1046,16.09,67.45,0,1.54,16.05.2024 17:57:52
0,176.25,940,1046,16.09,67.52,0,1.36,16.05.2024 17:57:54
0,175.88,938,1045,16.11,67.52,0,1.32,16.05.2024 17:57:56
0,175.13,934,1045,16.10,67.52,0,1.26,16.05.2024 17:57:58
0,175.13,934,1046,16.07,67.52,0,1.27,16.05.2024 17:58:00
0,173.63,926,1046,16.10,67.53,0,1.14,16.05.2024 17:58:02
0,173.25,924,1045,16.11,67.52,0,1.11,16.05.2024 17:58:04
0,174.75,932,1045,16.09,67.50,0,1.24,16.05.2024 17:58:07
0,176.44,941,1045,16.09,67.52,0,1.38,16.05.2024 17:58:09
0,172.69,921,1044,16.09,67.50,0,1.07,16.05.2024 17:58:11
0,173.63,926,1045,16.07,67.55,0,1.15,16.05.2024 17:58:13
0,175.31,935,1045,16.07,67.50,0,1.29,16.05.2024 17:58:15
0,174.56,931,1046,16.06,67.53,0,1.23,16.05.2024 17:58:17
0,175.50,936,1046,16.09,67.50,0,1.30,16.05.2024 17:58:19
0,177.00,944,1045,16.07,67.51,0,1.43,16.05.2024 17:58:21
0,174.00,928,1045,16.07,67.53,0,1.18,16.05.2024 17:58:24
0,174.56,931,1045,16.09,67.51,0,1.22,16.05.2024 17:58:26
0,174.19,929,1044,16.04,67.51,0,1.20,16.05.2024 17:58:28
0,172.31,919,1045,16.06,67.52,0,1.05,16.05.2024 17:58:30
0,169.88,906,1045,16.07,67.56,0,0.85,16.05.2024 17:58:32
0,175.31,935,1045,16.06,67.50,0,1.29,16.05.2024 17:58:34
0,176.25,940,1045,16.09,67.53,0,1.36,16.05.2024 17:58:36
0,177.00,944,1045,16.09,67.52,0,1.43,16.05.2024 17:58:38
0,179.63,958,1044,16.07,67.51,0,1.66,16.05.2024 17:58:40
0,175.31,935,1044,16.06,67.51,0,1.29,16.05.2024 17:58:43
0,174.56,931,1043,16.07,67.50,0,1.23,16.05.2024 17:58:45
0,173.44,925,1042,16.07,67.53,0,1.13,16.05.2024 17:58:47
0,174.38,930,1043,16.07,67.50,0,1.21,16.05.2024 17:58:49
0,172.13,918,1042,16.06,67.52,0,1.03,16.05.2024 17:58:51
0,172.88,922,1044,16.07,67.51,0,1.09,16.05.2024 17:58:53
0,174.56,931,1043,16.07,67.49,0,1.23,16.05.2024 17:58:55
0,178.31,951,1042,16.07,67.51,0,1.54,16.05.2024 17:58:57
0,173.25,924,1042,16.10,67.49,0,1.11,16.05.2024 17:59:00
0,176.81,943,1042,16.07,67.49,0,1.41,16.05.2024 17:59:02
0,172.50,920,1041,16.09,67.49,0,1.06,16.05.2024 17:59:04
0,173.25,924,1042,16.06,67.53,0,1.12,16.05.2024 17:59:06
0,174.75,932,1042,16.09,67.50,0,1.24,16.05.2024 17:59:08
0,173.63,926,1042,16.06,67.51,0,1.15,16.05.2024 17:59:10
0,172.50,920,1041,16.07,67.51,0,1.06,16.05.2024 17:59:12
0,176.81,943,1041,16.06,67.49,0,1.42,16.05.2024 17:59:14
0,169.13,902,1040,16.07,67.52,0,0.79,16.05.2024 17:59:17
0,174.00,928,1041,16.07,67.51,0,1.18,16.05.2024 17:59:19
0,174.94,933,1041,16.07,67.50,0,1.26,16.05.2024 17:59:21
0,173.06,923,1041,16.06,67.52,0,1.11,16.05.2024 17:59:23
0,175.88,938,1041,16.06,67.49,0,1.34,16.05.2024 17:59:25
0,171.56,915,1041,16.06,67.50,0,0.99,16.05.2024 17:59:27
0,176.06,939,1041,16.07,67.52,0,1.35,16.05.2024 17:59:31
0,174.94,933,1041,16.07,67.51,0,1.26,16.05.2024 17:59:33
0,175.88,938,1041,16.06,67.54,0,1.34,16.05.2024 17:59:35
0,171.19,913,1040,16.06,67.54,0,0.96,16.05.2024 17:59:38
0,172.88,922,1040,16.06,67.49,0,1.09,16.05.2024 17:59:40
0,172.31,919,1041,16.06,67.50,0,1.05,16.05.2024 17:59:42
0,171.56,915,1040,16.06,67.51,0,0.99,16.05.2024 17:59:44
0,168.19,897,1040,16.04,67.52,0,0.73,16.05.2024 17:59:46
0,171.56,915,1040,16.07,67.56,0,0.98,16.05.2024 17:59:48
0,163.69,873,1040,16.06,67.51,0,0.40,16.05.2024 17:59:50
0,169.31,903,1040,16.03,67.50,0,0.82,16.05.2024 17:59:52
0,172.88,922,1040,16.04,67.54,0,1.09,16.05.2024 17:59:55
0,171.94,917,1040,16.06,67.50,0,1.02,16.05.2024 17:59:57
0,172.69,921,1039,16.04,67.52,0,1.08,16.05.2024 17:59:59
