0,160.69,857,934,13.09,70.01,0,0.69,16.05.2024 21:00:00
0,162.38,866,934,13.10,70.01,0,0.82,16.05.2024 21:00:02
0,159.56,851,934,13.09,69.99,0,0.60,16.05.2024 21:00:04
0,162.94,869,934,13.09,70.00,0,0.87,16.05.2024 21:00:06
0,156.38,834,933,13.09,69.99,0,0.36,16.05.2024 21:00:08
0,165.38,882,933,13.10,70.01,0,1.06,16.05.2024 21:00:10
0,160.69,857,933,13.09,69.99,0,0.69,16.05.2024 21:00:13
0,162.38,866,933,13.09,70.01,0,0.82,16.05.2024 21:00:15
0,161.06,859,932,13.09,70.00,0,0.72,16.05.2024 21:00:17
0,161.44,861,931,13.10,70.02,0,0.74,16.05.2024 21:00:19
0,160.31,855,931,13.10,70.03,0,0.65,16.05.2024 21:00:21
0,164.06,875,931,13.10,69.99,0,0.95,16.05.2024 21:00:23
0,165.38,882,931,13.09,70.00,0,1.07,16.05.2024 21:00:25
0,163.69,873,931,13.09,70.00,0,0.93,16.05.2024 21:00:27
0,162.75,868,931,13.09,70.01,0,0.85,16.05.2024 21:00:30
0,162.75,868,931,13.09,70.02,0,0.85,16.05.2024 21:00:32
0,162.19,865,930,13.09,69.99,0,0.81,16.05.2024 21:00:34
0,161.25,860,930,13.07,69.99,0,0.74,16.05.2024 21:00:36
0,160.69,857,931,13.09,70.01,0,0.69,16.05.2024 21:00:38
0,165.56,883,930,13.06,69.97,0,1.09,16.05.2024 21:00:40
0,161.06,859,931,13.07,70.01,0,0.72,16.05.2024 21:00:42
0,164.63,878,932,13.09,70.01,0,1.00,16.05.2024 21:00:44
0,163.69,873,932,13.07,70.00,0,0.93,16.05.2024 21:00:47
0,167.81,895,931,13.11,70.03,0,1.26,16.05.2024 21:00:49
0,163.88,874,931,13.06,70.00,0,0.95,16.05.2024 21:00:51
0,159.56,851,931,13.04,70.00,0,0.61,16.05.2024 21:00:53
0,162.38,866,931,13.09,70.01,0,0.82,16.05.2024 21:00:55
0,160.69,857,931,13.07,69.99,0,0.69,16.05.2024 21:00:57
0,162.19,865,931,13.07,69.99,0,0.81,16.05.2024 21:00:59
0,161.44,861,931,13.09,70.01,0,0.75,16.05.2024 21:01:01
0,163.31,871,930,13.09,70.01,0,0.90,16.05.2024 21:01:03
0,163.50,872,930,13.06,70.01,0,0.92,16.05.2024 21:01:06
0,165.56,883,930,13.04,70.00,0,1.09,16.05.2024 21:01:08
0,161.06,859,930,13.07,69.96,0,0.72,16.05.2024 21:01:10
0,156.38,834,930,13.09,70.03,0,0.36,16.05.2024 21:01:12
0,161.44,861,930,13.04,70.02,0,0.75,16.05.2024 21:01:14
0,162.38,866,931,13.07,70.00,0,0.82,16.05.2024 21:01:16
0,162.38,866,931,13.06,69.98,0,0.83,16.05.2024 21:01:18
0,163.88,874,930,13.09,70.00,0,0.94,16.05.2024 21:01:20
0,162.38,866,930,13.04,70.02,0,0.83,16.05.2024 21:01:23
0,162.38,866,930,13.07,70.00,0,0.82,16.05.2024 21:01:25
0,162.00,864,929,13.07,69.99,0,0.79,16.05.2024 21:01:27
0,161.44,861,930,13.04,69.97,0,0.76,16.05.2024 21:01:29
0,161.06,859,930,13.07,69.99,0,0.72,16.05.2024 21:01:31
0,161.25,860,931,13.07,70.00,0,0.73,16.05.2024 21:01:33
0,163.31,871,931,13.09,70.02,0,0.89,16.05.2024 21:01:35
0,159.00,848,931,13.09,69.99,0,0.56,16.05.2024 21:01:37
0,162.94,869,931,13.07,69.99,0,0.87,16.05.2024 21:01:40
0,164.44,877,930,13.06,69.99,0,1.00,16.05.2024 21:01:42
0,164.06,875,930,13.04,69.98,0,0.97,16.05.2024 21:01:44
0,163.13,870,930,13.07,69.98,0,0.89,16.05.2024 21:01:46
0,165.19,881,931,13.06,70.02,0,1.06,16.05.2024 21:01:48
0,165.00,880,930,13.06,69.99,0,1.04,16.05.2024 21:01:50
0,162.38,866,930,13.06,69.99,0,0.83,16.05.2024 21:01:52
0,162.75,868,930,13.06,70.00,0,0.86,16.05.2024 21:01:54
0,163.31,871,930,13.06,69.99,0,0.90,16.05.2024 21:01:56
0,160.69,857,931,13.06,69.98,0,0.70,16.05.2024 21:01:59
0,162.19,865,930,13.06,70.00,0,0.81,16.05.2024 21:02:01
0,163.13,870,930,13.06,69.98,0,0.89,16.05.2024 21:02:03
0,165.00,880,930,13.07,69.98,0,1.04,16.05.2024 21:02:07
0,161.63,862,930,13.07,69.97,0,0.77,16.05.2024 21:02:09
0,159.00,848,930,13.09,69.97,0,0.56,16.05.2024 21:02:11
0,166.69,889,930,13.06,70.01,0,1.18,16.05.2024 21:02:13
0,158.81,847,930,13.06,69.99,0,0.55,16.05.2024 21:02:15
0,160.13,854,930,13.06,69.96,0,0.65,16.05.2024 21:02:18
0,157.50,840,930,13.04,69.97,0,0.46,16.05.2024 21:02:20
0,159.94,853,930,13.06,69.98,0,0.64,16.05.2024 21:02:22
0,160.31,855,930,13.06,69.96,0,0.67,16.05.2024 21:02:24
0,162.56,867,929,13.06,69.98,0,0.84,16.05.2024 21:02:26
0,159.75,852,929,13.07,69.97,0,0.62,16.05.2024 21:02:28
0,163.69,873,930,13.06,70.01,0,0.93,16.05.2024 21:02:30
0,162.75,868,931,13.06,70.01,0,0.86,16.05.2024 21:02:32
0,162.38,866,930,13.04,70.02,0,0.83,16.05.2024 21:02:35
0,159.19,849,930,13.06,69.97,0,0.58,16.05.2024 21:02:37
0,160.13,854,930,13.06,70.00,0,0.65,16.05.2024 21:02:39
0,165.56,883,929,13.04,70.00,0,1.09,16.05.2024 21:02:41
0,161.81,863,930,13.06,70.00,0,0.78,16.05.2024 21:02:43
0,160.69,857,931,13.06,69.99,0,0.69,16.05.2024 21:02:45
0,159.94,853,930,13.06,69.98,0,0.64,16.05.2024 21:02:47
0,164.25,876,931,13.06,70.04,0,0.98,16.05.2024 21:02:49
0,160.69,857,931,13.04,69.99,0,0.70,16.05.2024 21:02:51
0,161.25,860,931,13.04,69.99,0,0.74,16.05.2024 21:02:54
0,167.44,893,930,13.04,70.00,0,1.25,16.05.2024 21:02:56
0,165.19,881,930,13.06,69.98,0,1.06,16.05.2024 21:02:58
0,162.94,869,931,13.06,69.99,0,0.87,16.05.2024 21:03:00
0,162.38,866,931,13.04,69.98,0,0.83,16.05.2024 21:03:02
0,163.50,872,931,13.04,70.00,0,0.92,16.05.2024 21:03:04
0,163.88,874,931,13.04,69.98,0,0.95,16.05.2024 21:03:06
0,164.63,878,930,13.06,69.98,0,1.01,16.05.2024 21:03:08
0,162.56,867,930,13.06,70.03,0,0.84,16.05.2024 21:03:11
0,159.75,852,930,13.03,69.98,0,0.63,16.05.2024 21:03:13
0,163.31,871,930,13.04,70.02,0,0.90,16.05.2024 21:03:15
0,161.06,859,930,13.03,69.99,0,0.73,16.05.2024 21:03:17
0,163.50,872,930,13.04,69.99,0,0.92,16.05.2024 21:03:19
0,162.38,866,930,13.03,70.01,0,0.83,16.05.2024 21:03:21
0,162.38,866,929,13.03,69.99,0,0.83,16.05.2024 21:03:23
0,160.50,856,929,13.03,70.03,0,0.68,16.05.2024 21:03:25
0,165.38,882,929,13.06,70.00,0,1.07,16.05.2024 21:03:28
0,163.69,873,930,13.06,70.01,0,0.93,16.05.2024 21:03:30
0,161.25,860,929,13.03,69.99,0,0.74,16.05.2024 21:03:32
0,160.31,855,929,13.04,70.02,0,0.67,16.05.2024 21:03:34
0,162.56,867,929,13.04,70.00,0,0.84,16.05.2024 21:03:36
0,161.63,862,929,13.04,70.03,0,0.77,16.05.2024 21:03:38
0,163.13,870,929,13.06,70.02,0,0.89,16.05.2024 21:03:40
0,162.94,869,929,13.04,69.99,0,0.88,16.05.2024 21:03:42
0,164.25,876,929,13.02,70.00,0,0.99,16.05.2024 21:03:44
0,164.44,877,929,13.04,70.00,0,1.00,16.05.2024 21:03:47
0,162.38,866,930,13.03,70.00,0,0.83,16.05.2024 21:03:49
0,165.00,880,930,13.04,70.02,0,1.04,16.05.2024 21:03:51
0,161.63,862,930,13.03,70.00,0,0.77,16.05.2024 21:03:53
0,162.19,865,930,13.03,70.00,0,0.82,16.05.2024 21:03:55
0,160.88,858,930,13.03,70.01,0,0.71,16.05.2024 21:03:57
0,160.50,856,931,13.04,70.02,0,0.68,16.05.2024 21:03:59
0,165.00,880,931,13.03,70.01,0,1.05,16.05.2024 21:04:01
0,159.19,849,931,13.04,70.05,0,0.58,16.05.2024 21:04:04
0,161.06,859,932,13.02,70.00,0,0.73,16.05.2024 21:04:06
0,165.56,883,932,13.06,70.03,0,1.09,16.05.2024 21:04:08
0,163.69,873,932,13.04,69.99,0,0.94,16.05.2024 21:04:10
0,161.25,860,932,13.04,70.02,0,0.74,16.05.2024 21:04:12
0,163.50,872,933,13.03,70.01,0,0.92,16.05.2024 21:04:14
0,161.25,860,932,13.03,70.00,0,0.74,16.05.2024 21:04:16
0,159.75,852,933,13.03,69.99,0,0.63,16.05.2024 21:04:18
0,162.00,864,933,13.04,70.02,0,0.80,16.05.2024 21:04:21
0,160.31,855,933,13.03,69.99,0,0.67,16.05.2024 21:04:23
0,163.13,870,933,13.03,70.00,0,0.89,16.05.2024 21:04:25
0,162.38,866,934,13.03,69.99,0,0.83,16.05.2024 21:04:27
0,165.38,882,934,13.03,69.98,0,1.08,16.05.2024 21:04:29
0,163.50,872,934,13.02,70.02,0,0.93,16.05.2024 21:04:31
0,160.69,857,933,13.04,69.99,0,0.70,16.05.2024 21:04:33
0,162.94,869,933,13.04,70.00,0,0.88,16.05.2024 21:04:37
0,161.63,862,934,13.03,69.97,0,0.78,16.05.2024 21:04:39
0,159.38,850,934,13.04,69.98,0,0.60,16.05.2024 21:04:42
0,156.75,836,934,13.04,70.00,0,0.40,16.05.2024 21:04:44
0,161.06,859,934,13.03,69.98,0,0.73,16.05.2024 21:04:46
0,167.44,893,933,13.00,69.98,0,1.26,16.05.2024 21:04:48
0,161.44,861,933,13.02,69.99,0,0.76,16.05.2024 21:04:50
0,158.63,846,933,13.04,70.00,0,0.54,16.05.2024 21:04:52
0,158.25,844,934,13.03,69.98,0,0.52,16.05.2024 21:04:54
0,160.50,856,933,13.00,70.01,0,0.69,16.05.2024 21:04:56
0,167.06,891,933,13.02,70.01,0,1.23,16.05.2024 21:04:59
0,159.38,850,934,13.03,70.01,0,0.60,16.05.2024 21:05:01
0,162.19,865,934,13.02,69.96,0,0.82,16.05.2024 21:05:03
0,162.38,866,934,13.03,69.99,0,0.83,16.05.2024 21:05:05
0,163.69,873,934,13.02,70.00,0,0.94,16.05.2024 21:05:07
0,161.06,859,934,13.03,69.99,0,0.73,16.05.2024 21:05:09
0,160.31,855,935,13.00,70.00,0,0.68,16.05.2024 21:05:11
0,163.31,871,935,13.03,69.99,0,0.91,16.05.2024 21:05:13
0,166.13,886,936,13.02,69.99,0,1.15,16.05.2024 21:05:16
0,165.75,884,936,13.03,70.03,0,1.11,16.05.2024 21:05:18
0,160.88,858,936,13.00,70.00,0,0.72,16.05.2024 21:05:20
0,163.13,870,936,13.00,69.96,0,0.90,16.05.2024 21:05:22
0,162.56,867,936,13.00,69.97,0,0.86,16.05.2024 21:05:24
0,161.63,862,936,13.02,69.99,0,0.78,16.05.2024 21:05:26
0,163.13,870,937,13.03,70.01,0,0.89,16.05.2024 21:05:28
0,162.19,865,937,13.02,69.97,0,0.82,16.05.2024 21:05:30
0,164.44,877,937,13.02,70.00,0,1.00,16.05.2024 21:05:32
0,165.00,880,937,13.03,69.99,0,1.05,16.05.2024 21:05:35
0,162.00,864,936,13.03,69.98,0,0.80,16.05.2024 21:05:37
0,162.75,868,936,13.02,69.98,0,0.87,16.05.2024 21:05:39
0,161.25,860,936,13.00,69.99,0,0.75,16.05.2024 21:05:41
0,162.56,867,936,13.03,69.98,0,0.85,16.05.2024 21:05:43
0,161.63,862,936,13.02,69.99,0,0.78,16.05.2024 21:05:45
0,162.19,865,935,13.02,69.98,0,0.82,16.05.2024 21:05:47
0,163.88,874,935,13.00,69.98,0,0.96,16.05.2024 21:05:49
0,163.31,871,936,13.02,69.96,0,0.91,16.05.2024 21:05:52
0,165.56,883,936,13.00,69.97,0,1.10,16.05.2024 21:05:54
0,165.19,881,936,13.02,69.97,0,1.07,16.05.2024 21:05:56
0,164.06,875,936,13.02,69.96,0,0.97,16.05.2024 21:05:58
0,164.25,876,935,13.00,69.97,0,0.99,16.05.2024 21:06:00
0,165.94,885,935,13.00,69.97,0,1.13,16.05.2024 21:06:02
0,164.63,878,935,13.02,69.98,0,1.02,16.05.2024 21:06:04
0,159.56,851,934,12.97,69.97,0,0.63,16.05.2024 21:06:06
0,163.31,871,934,13.03,70.00,0,0.91,16.05.2024 21:06:09
0,163.88,874,935,12.99,69.96,0,0.97,16.05.2024 21:06:11
0,164.44,877,935,13.00,69.96,0,1.01,16.05.2024 21:06:13
0,161.63,862,935,13.03,69.98,0,0.77,16.05.2024 21:06:15
0,165.56,883,935,13.02,69.98,0,1.10,16.05.2024 21:06:17
0,162.94,869,934,12.97,69.94,0,0.89,16.05.2024 21:06:19
0,162.94,869,934,12.99,69.98,0,0.89,16.05.2024 21:06:21
0,160.69,857,933,13.00,69.96,0,0.71,16.05.2024 21:06:23
0,163.31,871,934,13.00,69.99,0,0.92,16.05.2024 21:06:25
0,162.00,864,934,13.02,69.97,0,0.81,16.05.2024 21:06:28
0,163.31,871,933,12.99,69.96,0,0.92,16.05.2024 21:06:30
0,162.19,865,933,12.97,69.97,0,0.83,16.05.2024 21:06:32
0,162.56,867,932,13.00,69.98,0,0.86,16.05.2024 21:06:34
0,160.69,857,932,13.00,69.97,0,0.71,16.05.2024 21:06:36
0,161.63,862,932,13.02,69.96,0,0.78,16.05.2024 21:06:38
0,160.13,854,931,13.02,69.99,0,0.66,16.05.2024 21:06:40
0,160.13,854,931,13.00,69.99,0,0.66,16.05.2024 21:06:42
0,162.38,866,931,12.99,69.99,0,0.84,16.05.2024 21:06:45
0,159.94,853,931,12.99,69.98,0,0.65,16.05.2024 21:06:47
0,165.00,880,931,13.00,69.98,0,1.05,16.05.2024 21:06:49
0,161.06,859,931,12.99,69.97,0,0.74,16.05.2024 21:06:51
0,159.75,852,931,13.00,69.97,0,0.63,16.05.2024 21:06:53
0,162.56,867,931,13.00,69.94,0,0.86,16.05.2024 21:06:55
0,161.06,859,931,12.99,69.96,0,0.74,16.05.2024 21:06:57
0,160.31,855,931,13.00,69.97,0,0.68,16.05.2024 21:06:59
0,164.44,877,931,13.02,69.97,0,1.01,16.05.2024 21:07:02
0,160.69,857,931,13.02,69.98,0,0.70,16.05.2024 21:07:06
0,161.63,862,931,13.00,69.98,0,0.78,16.05.2024 21:07:08
0,164.63,878,931,13.00,69.96,0,1.02,16.05.2024 21:07:10
0,159.94,853,931,13.02,69.96,0,0.65,16.05.2024 21:07:12
0,157.13,838,931,13.00,69.96,0,0.44,16.05.2024 21:07:14
0,161.44,861,931,13.00,69.99,0,0.77,16.05.2024 21:07:16
0,161.81,863,932,13.02,69.97,0,0.79,16.05.2024 21:07:18
0,158.44,845,932,12.97,69.95,0,0.54,16.05.2024 21:07:20
0,161.81,863,932,13.00,69.95,0,0.80,16.05.2024 21:07:23
0,157.13,838,932,12.99,69.97,0,0.44,16.05.2024 21:07:25
0,156.94,837,933,12.99,69.96,0,0.43,16.05.2024 21:07:27
0,160.13,854,933,12.99,69.98,0,0.67,16.05.2024 21:07:29
0,161.81,863,933,12.99,69.98,0,0.80,16.05.2024 21:07:31
0,160.31,855,933,12.99,70.00,0,0.68,16.05.2024 21:07:33
0,161.44,861,932,13.00,69.96,0,0.77,16.05.2024 21:07:35
0,161.81,863,932,12.99,70.00,0,0.80,16.05.2024 21:07:37
0,163.13,870,931,13.00,70.00,0,0.90,16.05.2024 21:07:40
0,161.81,863,931,12.99,69.95,0,0.80,16.05.2024 21:07:42
0,161.25,860,930,13.00,69.98,0,0.75,16.05.2024 21:07:44
0,162.00,864,930,12.99,70.00,0,0.81,16.05.2024 21:07:46
0,162.75,868,930,12.99,69.96,0,0.87,16.05.2024 21:07:48
0,162.19,865,930,12.97,69.97,0,0.83,16.05.2024 21:07:50
0,158.25,844,930,13.02,69.96,0,0.52,16.05.2024 21:07:52
0,163.69,873,930,12.99,69.97,0,0.95,16.05.2024 21:07:54
0,162.38,866,930,13.02,69.97,0,0.84,16.05.2024 21:07:57
0,164.44,877,930,12.99,69.99,0,1.01,16.05.2024 21:07:59
0,161.63,862,930,12.97,69.97,0,0.79,16.05.2024 21:08:01
0,162.19,865,930,12.97,69.97,0,0.83,16.05.2024 21:08:03
0,163.13,870,930,12.99,70.00,0,0.90,16.05.2024 21:08:05
0,163.50,872,929,12.97,69.94,0,0.94,16.05.2024 21:08:07
0,161.06,859,929,12.99,69.98,0,0.74,16.05.2024 21:08:09
0,160.31,855,929,12.97,69.99,0,0.68,16.05.2024 21:08:11
0,159.75,852,928,12.96,69.97,0,0.64,16.05.2024 21:08:13
0,158.81,847,928,12.99,69.93,0,0.57,16.05.2024 21:08:16
0,166.88,890,929,12.99,70.00,0,1.22,16.05.2024 21:08:18
0,159.56,851,929,12.97,69.97,0,0.63,16.05.2024 21:08:20
0,163.13,870,929,12.97,69.97,0,0.91,16.05.2024 21:08:22
0,158.63,846,929,12.97,69.97,0,0.55,16.05.2024 21:08:24
0,165.00,880,929,12.97,69.93,0,1.06,16.05.2024 21:08:26
0,163.13,870,929,12.97,69.98,0,0.91,16.05.2024 21:08:28
0,164.63,878,929,12.97,69.98,0,1.03,16.05.2024 21:08:30
0,165.38,882,930,12.99,69.98,0,1.09,16.05.2024 21:08:33
0,160.88,858,929,12.97,69.94,0,0.73,16.05.2024 21:08:35
0,162.38,866,929,12.96,69.97,0,0.85,16.05.2024 21:08:37
0,164.63,878,929,12.99,70.00,0,1.03,16.05.2024 21:08:39
0,161.06,859,929,12.97,69.95,0,0.74,16.05.2024 21:08:41
0,161.44,861,928,12.99,69.99,0,0.77,16.05.2024 21:08:43
0,162.00,864,928,12.99,69.99,0,0.81,16.05.2024 21:08:45
0,164.25,876,928,13.00,69.98,0,0.99,16.05.2024 21:08:47
0,161.63,862,928,12.96,69.96,0,0.79,16.05.2024 21:08:50
0,158.81,847,928,12.96,69.95,0,0.57,16.05.2024 21:08:52
0,160.88,858,928,12.97,69.97,0,0.73,16.05.2024 21:08:54
0,161.25,860,928,12.96,69.98,0,0.76,16.05.2024 21:08:56
0,158.25,844,927,12.96,69.96,0,0.53,16.05.2024 21:08:58
0,162.38,866,927,12.96,69.96,0,0.85,16.05.2024 21:09:00
0,163.50,872,927,12.97,69.98,0,0.94,16.05.2024 21:09:02
0,159.38,850,927,12.96,69.97,0,0.61,16.05.2024 21:09:04
0,162.75,868,927,12.96,69.95,0,0.88,16.05.2024 21:09:06
0,158.81,847,927,12.97,69.97,0,0.57,16.05.2024 21:09:09
0,163.13,870,927,12.97,69.95,0,0.91,16.05.2024 21:09:11
0,157.13,838,928,12.97,70.00,0,0.44,16.05.2024 21:09:13
0,156.38,834,928,12.97,69.98,0,0.39,16.05.2024 21:09:15
0,161.44,861,929,12.95,69.97,0,0.78,16.05.2024 21:09:17
0,161.44,861,928,12.95,69.93,0,0.78,16.05.2024 21:09:19
0,160.13,854,928,12.96,69.93,0,0.67,16.05.2024 21:09:21
0,161.06,859,929,12.96,69.95,0,0.75,16.05.2024 21:09:23
0,160.50,856,929,12.97,69.94,0,0.70,16.05.2024 21:09:28
0,161.06,859,929,12.95,69.96,0,0.75,16.05.2024 21:09:30
0,156.75,836,929,12.97,69.95,0,0.42,16.05.2024 21:09:32
0,159.94,853,928,12.96,69.95,0,0.66,16.05.2024 21:09:34
0,159.56,851,928,12.97,69.94,0,0.63,16.05.2024 21:09:36
0,158.06,843,929,12.99,69.95,0,0.51,16.05.2024 21:09:38
0,159.38,850,928,12.95,69.95,0,0.62,16.05.2024 21:09:40
0,157.50,840,928,12.97,69.97,0,0.47,16.05.2024 21:09:42
0,158.63,846,928,12.97,69.94,0,0.56,16.05.2024 21:09:45
0,160.50,856,927,12.96,69.93,0,0.70,16.05.2024 21:09:47
0,159.00,848,927,12.96,69.98,0,0.59,16.05.2024 21:09:49
0,157.13,838,928,12.97,69.97,0,0.44,16.05.2024 21:09:51
0,162.00,864,928,12.96,69.92,0,0.82,16.05.2024 21:09:53
0,166.13,886,928,12.96,69.97,0,1.16,16.05.2024 21:09:55
0,158.63,846,928,12.95,69.93,0,0.56,16.05.2024 21:09:57
0,164.44,877,927,12.97,69.95,0,1.02,16.05.2024 21:09:59
0,161.81,863,928,12.93,69.97,0,0.81,16.05.2024 21:10:01
0,164.06,875,928,12.97,69.97,0,0.98,16.05.2024 21:10:04
0,163.50,872,928,12.95,69.97,0,0.94,16.05.2024 21:10:06
0,161.25,860,928,12.96,69.97,0,0.76,16.05.2024 21:10:08
0,164.06,875,928,12.96,69.96,0,0.99,16.05.2024 21:10:10
0,161.63,862,927,12.95,69.97,0,0.79,16.05.2024 21:10:12
0,162.75,868,927,12.95,69.98,0,0.88,16.05.2024 21:10:14
0,162.94,869,926,12.95,69.95,0,0.90,16.05.2024 21:10:16
0,163.88,874,926,12.96,69.95,0,0.97,16.05.2024 21:10:18
0,162.19,865,926,12.96,69.95,0,0.84,16.05.2024 21:10:21
0,162.75,868,926,12.96,69.96,0,0.88,16.05.2024 21:10:23
0,162.19,865,925,12.96,69.95,0,0.84,16.05.2024 21:10:25
0,160.31,855,924,12.93,69.95,0,0.69,16.05.2024 21:10:27
0,162.00,864,924,12.92,69.96,0,0.83,16.05.2024 21:10:29
0,166.31,887,924,12.95,69.96,0,1.18,16.05.2024 21:10:31
0,162.00,864,924,12.96,69.95,0,0.82,16.05.2024 21:10:33
0,165.56,883,924,12.93,69.95,0,1.12,16.05.2024 21:10:35
0,164.63,878,924,12.95,69.97,0,1.04,16.05.2024 21:10:38
0,160.88,858,924,12.93,69.97,0,0.74,16.05.2024 21:10:40
0,162.19,865,923,12.93,69.94,0,0.84,16.05.2024 21:10:42
0,163.13,870,923,12.93,70.01,0,0.92,16.05.2024 21:10:44
0,160.69,857,924,12.96,69.97,0,0.72,16.05.2024 21:10:46
0,161.06,859,923,12.95,69.98,0,0.75,16.05.2024 21:10:48
0,160.50,856,923,12.93,69.92,0,0.71,16.05.2024 21:10:50
0,164.63,878,923,12.96,69.93,0,1.04,16.05.2024 21:10:52
0,159.75,852,923,12.92,69.94,0,0.65,16.05.2024 21:10:54
0,160.69,857,922,12.95,69.96,0,0.72,16.05.2024 21:10:57
0,164.44,877,922,12.93,69.97,0,1.03,16.05.2024 21:10:59
0,163.50,872,922,12.95,69.96,0,0.94,16.05.2024 21:11:01
0,161.81,863,922,12.95,69.94,0,0.81,16.05.2024 21:11:03
0,162.00,864,923,12.92,69.94,0,0.83,16.05.2024 21:11:05
0,162.94,869,922,12.96,69.95,0,0.90,16.05.2024 21:11:07
0,161.63,862,922,12.93,69.95,0,0.80,16.05.2024 21:11:09
0,161.44,861,922,12.95,69.95,0,0.78,16.05.2024 21:11:11
0,161.81,863,922,12.93,69.95,0,0.81,16.05.2024 21:11:14
0,156.00,832,921,12.93,69.94,0,0.37,16.05.2024 21:11:16
0,161.06,859,921,12.93,69.95,0,0.75,16.05.2024 21:11:18
0,160.13,854,921,12.93,69.95,0,0.68,16.05.2024 21:11:20
0,161.25,860,921,12.96,69.95,0,0.76,16.05.2024 21:11:22
0,158.06,843,921,12.93,69.94,0,0.52,16.05.2024 21:11:24
0,162.94,869,920,12.95,69.93,0,0.90,16.05.2024 21:11:26
0,160.69,857,920,12.95,69.94,0,0.72,16.05.2024 21:11:28
0,160.50,856,920,12.92,69.94,0,0.71,16.05.2024 21:11:31
0,163.31,871,920,12.93,69.91,0,0.94,16.05.2024 21:11:33
0,160.88,858,921,12.96,69.98,0,0.73,16.05.2024 21:11:35
0,158.81,847,921,12.95,69.93,0,0.58,16.05.2024 21:11:37
0,164.06,875,920,12.93,69.92,0,1.00,16.05.2024 21:11:39
0,160.13,854,921,12.92,69.94,0,0.68,16.05.2024 21:11:41
0,160.13,854,920,12.93,69.95,0,0.68,16.05.2024 21:11:43
0,162.38,866,921,12.93,69.94,0,0.86,16.05.2024 21:11:45
0,159.94,853,921,12.95,69.94,0,0.66,16.05.2024 21:11:47
0,161.63,862,921,12.93,69.91,0,0.80,16.05.2024 21:11:52
0,161.25,860,921,12.95,69.92,0,0.77,16.05.2024 21:11:54
0,161.81,863,921,12.95,69.94,0,0.81,16.05.2024 21:11:56
0,159.94,853,920,12.93,69.95,0,0.66,16.05.2024 21:11:58
0,161.25,860,921,12.93,69.94,0,0.77,16.05.2024 21:12:00
0,158.25,844,920,12.95,69.94,0,0.53,16.05.2024 21:12:02
0,158.25,844,921,12.92,69.94,0,0.54,16.05.2024 21:12:04
0,159.94,853,921,12.92,69.95,0,0.67,16.05.2024 21:12:06
0,158.44,845,921,12.92,69.92,0,0.55,16.05.2024 21:12:09
0,164.06,875,922,12.92,69.92,0,1.00,16.05.2024 21:12:11
0,159.75,852,921,12.95,69.97,0,0.65,16.05.2024 21:12:13
0,158.44,845,922,12.93,69.94,0,0.55,16.05.2024 21:12:15
0,157.50,840,922,12.93,69.98,0,0.48,16.05.2024 21:12:17
0,164.25,876,922,12.95,69.94,0,1.01,16.05.2024 21:12:19
0,158.81,847,922,12.92,69.93,0,0.58,16.05.2024 21:12:21
0,160.13,854,922,12.95,69.97,0,0.68,16.05.2024 21:12:23
0,160.88,858,923,12.90,69.95,0,0.74,16.05.2024 21:12:26
0,161.81,863,922,12.92,69.94,0,0.82,16.05.2024 21:12:28
0,162.00,864,923,12.92,69.94,0,0.83,16.05.2024 21:12:30
0,161.63,862,923,12.95,69.94,0,0.79,16.05.2024 21:12:32
0,164.44,877,923,12.92,69.97,0,1.03,16.05.2024 21:12:34
0,163.13,870,923,12.93,69.96,0,0.92,16.05.2024 21:12:36
0,164.44,877,924,12.93,69.93,0,1.03,16.05.2024 21:12:38
0,160.50,856,923,12.93,69.96,0,0.71,16.05.2024 21:12:40
0,158.25,844,923,12.90,69.92,0,0.54,16.05.2024 21:12:42
0,162.56,867,923,12.92,69.95,0,0.88,16.05.2024 21:12:45
0,161.25,860,923,12.93,69.96,0,0.77,16.05.2024 21:12:47
0,163.31,871,923,12.92,69.96,0,0.94,16.05.2024 21:12:49
0,163.88,874,923,12.92,69.95,0,0.98,16.05.2024 21:12:51
0,161.25,860,923,12.93,69.97,0,0.77,16.05.2024 21:12:53
0,161.63,862,923,12.89,69.96,0,0.81,16.05.2024 21:12:55
0,163.69,873,923,12.92,69.94,0,0.97,16.05.2024 21:12:57
0,164.25,876,923,12.90,69.95,0,1.02,16.05.2024 21:12:59
0,161.06,859,923,12.92,69.95,0,0.76,16.05.2024 21:13:02
0,162.56,867,922,12.93,69.96,0,0.87,16.05.2024 21:13:04
0,159.19,849,923,12.90,69.98,0,0.61,16.05.2024 21:13:06
0,165.75,884,922,12.92,69.96,0,1.14,16.05.2024 21:13:08
0,165.19,881,923,12.93,69.97,0,1.09,16.05.2024 21:13:10
0,161.25,860,923,12.92,69.96,0,0.77,16.05.2024 21:13:12
0,160.88,858,923,12.90,69.94,0,0.74,16.05.2024 21:13:14
0,164.06,875,923,12.90,69.98,0,1.00,16.05.2024 21:13:16
0,161.81,863,923,12.89,69.94,0,0.82,16.05.2024 21:13:18
0,162.38,866,923,12.93,69.97,0,0.86,16.05.2024 21:13:21
0,162.75,868,923,12.90,69.96,0,0.89,16.05.2024 21:13:23
0,163.31,871,923,12.90,69.96,0,0.94,16.05.2024 21:13:25
0,162.56,867,922,12.90,69.95,0,0.88,16.05.2024 21:13:27
0,163.50,872,922,12.89,69.95,0,0.96,16.05.2024 21:13:29
0,160.50,856,922,12.92,69.95,0,0.71,16.05.2024 21:13:31
0,163.69,873,922,12.89,69.96,0,0.97,16.05.2024 21:13:33
0,160.50,856,923,12.92,69.95,0,0.71,16.05.2024 21:13:35
0,162.00,864,922,12.90,69.97,0,0.83,16.05.2024 21:13:38
0,162.94,869,922,12.89,69.95,0,0.91,16.05.2024 21:13:40
0,161.44,861,922,12.90,69.97,0,0.79,16.05.2024 21:13:42
0,162.94,869,922,12.90,69.98,0,0.91,16.05.2024 21:13:44
0,161.44,861,922,12.92,69.98,0,0.78,16.05.2024 21:13:46
0,160.88,858,921,12.90,69.92,0,0.74,16.05.2024 21:13:48
0,160.13,854,921,12.90,69.93,0,0.69,16.05.2024 21:13:50
0,164.06,875,921,12.90,69.96,0,1.00,16.05.2024 21:13:52
0,162.19,865,921,12.90,69.94,0,0.85,16.05.2024 21:13:55
0,162.56,867,921,12.90,69.93,0,0.88,16.05.2024 21:13:57
0,160.31,855,922,12.92,69.96,0,0.70,16.05.2024 21:13:59
0,160.88,858,922,12.89,69.91,0,0.75,16.05.2024 21:14:01
0,160.13,854,922,12.89,69.96,0,0.69,16.05.2024 21:14:03
0,159.56,851,921,12.90,69.94,0,0.64,16.05.2024 21:14:05
0,156.19,833,921,12.89,69.93,0,0.39,16.05.2024 21:14:07
0,160.50,856,921,12.92,69.95,0,0.71,16.05.2024 21:14:09
0,161.81,863,921,12.89,69.93,0,0.82,16.05.2024 21:14:12
0,163.31,871,922,12.89,69.99,0,0.94,16.05.2024 21:14:14
0,161.44,861,922,12.92,69.94,0,0.79,16.05.2024 21:14:16
0,162.56,867,922,12.89,69.95,0,0.88,16.05.2024 21:14:18
0,164.81,879,923,12.89,69.96,0,1.07,16.05.2024 21:14:20
0,159.94,853,923,12.90,69.94,0,0.67,16.05.2024 21:14:22
0,156.75,836,923,12.90,69.96,0,0.43,16.05.2024 21:14:26
0,158.25,844,922,12.92,69.95,0,0.54,16.05.2024 21:14:28
0,159.75,852,922,12.89,69.94,0,0.66,16.05.2024 21:14:30
0,161.63,862,922,12.89,69.93,0,0.81,16.05.2024 21:14:33
0,158.06,843,921,12.90,69.94,0,0.53,16.05.2024 21:14:35
0,159.19,849,921,12.90,69.94,0,0.61,16.05.2024 21:14:37
0,160.13,854,921,12.92,69.93,0,0.68,16.05.2024 21:14:39
0,162.00,864,922,12.89,69.96,0,0.84,16.05.2024 21:14:41
0,160.88,858,922,12.90,69.94,0,0.74,16.05.2024 21:14:43
0,154.50,824,922,12.90,69.92,0,0.27,16.05.2024 21:14:45
0,161.06,859,922,12.90,69.93,0,0.76,16.05.2024 21:14:47
0,160.13,854,923,12.89,69.94,0,0.69,16.05.2024 21:14:50
0,159.38,850,922,12.90,69.98,0,0.63,16.05.2024 21:14:52
0,163.50,872,921,12.87,69.92,0,0.96,16.05.2024 21:14:54
0,160.69,857,921,12.87,69.94,0,0.74,16.05.2024 21:14:56
0,160.88,858,921,12.90,69.95,0,0.74,16.05.2024 21:14:58
0,162.00,864,921,12.89,69.94,0,0.84,16.05.2024 21:15:00
0,163.31,871,922,12.87,69.95,0,0.95,16.05.2024 21:15:02
0,162.94,869,922,12.90,69.94,0,0.91,16.05.2024 21:15:04
0,162.56,867,921,12.87,69.95,0,0.89,16.05.2024 21:15:06
0,161.81,863,921,12.87,69.98,0,0.82,16.05.2024 21:15:09
0,160.69,857,921,12.89,69.98,0,0.73,16.05.2024 21:15:11
0,160.13,854,921,12.87,69.94,0,0.69,16.05.2024 21:15:13
0,160.13,854,922,12.87,69.97,0,0.69,16.05.2024 21:15:15
0,162.56,867,922,12.87,69.94,0,0.89,16.05.2024 21:15:17
0,166.31,887,922,12.86,69.93,0,1.20,16.05.2024 21:15:19
0,162.75,868,923,12.90,69.97,0,0.89,16.05.2024 21:15:21
0,158.44,845,923,12.90,69.96,0,0.55,16.05.2024 21:15:23
0,162.19,865,923,12.86,69.95,0,0.86,16.05.2024 21:15:26
0,159.19,849,922,12.89,69.92,0,0.62,16.05.2024 21:15:28
0,164.25,876,923,12.89,69.94,0,1.02,16.05.2024 21:15:30
0,162.19,865,923,12.89,69.96,0,0.85,16.05.2024 21:15:32
0,165.56,883,923,12.87,69.98,0,1.13,16.05.2024 21:15:34
0,162.56,867,923,12.89,69.96,0,0.88,16.05.2024 21:15:36
0,163.13,870,923,12.86,69.97,0,0.93,16.05.2024 21:15:38
0,165.19,881,923,12.87,69.93,0,1.10,16.05.2024 21:15:40
0,162.00,864,923,12.87,69.98,0,0.84,16.05.2024 21:15:43
0,163.31,871,923,12.84,69.95,0,0.95,16.05.2024 21:15:45
0,161.44,861,922,12.84,69.95,0,0.80,16.05.2024 21:15:47
0,161.63,862,922,12.87,69.98,0,0.81,16.05.2024 21:15:49
0,159.94,853,923,12.89,69.94,0,0.67,16.05.2024 21:15:51
0,163.88,874,922,12.87,69.94,0,0.99,16.05.2024 21:15:53
0,162.38,866,922,12.89,69.99,0,0.86,16.05.2024 21:15:55
0,160.13,854,922,12.89,69.96,0,0.69,16.05.2024 21:15:57
0,159.00,848,922,12.87,69.96,0,0.60,16.05.2024 21:15:59
0,158.44,845,922,12.87,69.95,0,0.56,16.05.2024 21:16:02
0,158.25,844,921,12.87,69.97,0,0.55,16.05.2024 21:16:04
0,162.56,867,922,12.89,69.97,0,0.88,16.05.2024 21:16:06
0,165.94,885,923,12.87,69.96,0,1.17,16.05.2024 21:16:08
0,161.25,860,922,12.87,69.97,0,0.78,16.05.2024 21:16:10
0,161.81,863,921,12.90,69.94,0,0.82,16.05.2024 21:16:12
0,163.88,874,922,12.87,69.97,0,0.99,16.05.2024 21:16:14
0,157.31,839,922,12.89,69.94,0,0.47,16.05.2024 21:16:16
0,161.44,861,922,12.87,69.94,0,0.80,16.05.2024 21:16:19
0,160.50,856,922,12.87,70.00,0,0.72,16.05.2024 21:16:21
0,159.94,853,921,12.86,69.97,0,0.68,16.05.2024 21:16:23
0,164.06,875,921,12.87,69.98,0,1.01,16.05.2024 21:16:25
0,161.06,859,921,12.87,69.98,0,0.76,16.05.2024 21:16:27
0,159.94,853,922,12.87,69.95,0,0.68,16.05.2024 21:16:29
0,159.00,848,922,12.87,69.98,0,0.60,16.05.2024 21:16:31
0,162.56,867,922,12.86,69.96,0,0.89,16.05.2024 21:16:33
0,157.50,840,922,12.87,69.97,0,0.49,16.05.2024 21:16:36
0,165.75,884,922,12.86,69.95,0,1.15,16.05.2024 21:16:38
0,158.63,846,922,12.86,69.97,0,0.58,16.05.2024 21:16:40
0,160.13,854,922,12.86,69.98,0,0.69,16.05.2024 21:16:42
0,160.69,857,921,12.86,69.95,0,0.74,16.05.2024 21:16:44
0,159.75,852,922,12.86,69.96,0,0.66,16.05.2024 21:16:46
0,159.75,852,922,12.86,69.98,0,0.66,16.05.2024 21:16:48
0,162.00,864,921,12.86,69.99,0,0.84,16.05.2024 21:16:50
0,161.63,862,921,12.86,69.98,0,0.81,16.05.2024 21:16:52
0,162.75,868,921,12.87,69.96,0,0.90,16.05.2024 21:16:55
0,162.75,868,921,12.87,69.98,0,0.90,16.05.2024 21:16:59
0,160.88,858,922,12.87,69.98,0,0.75,16.05.2024 21:17:01
0,159.56,851,923,12.84,69.94,0,0.65,16.05.2024 21:17:03
0,159.00,848,923,12.86,69.97,0,0.61,16.05.2024 21:17:05
0,158.81,847,923,12.86,69.96,0,0.59,16.05.2024 21:17:07
0,158.25,844,924,12.86,69.96,0,0.55,16.05.2024 21:17:09
0,161.06,859,923,12.87,69.97,0,0.76,16.05.2024 21:17:11
0,161.44,861,923,12.87,69.98,0,0.79,16.05.2024 21:17:14
0,159.75,852,923,12.87,69.93,0,0.66,16.05.2024 21:17:16
0,159.00,848,923,12.87,69.98,0,0.60,16.05.2024 21:17:18
0,162.00,864,923,12.86,69.99,0,0.84,16.05.2024 21:17:20
0,161.44,861,923,12.87,69.98,0,0.79,16.05.2024 21:17:22
0,155.06,827,924,12.84,69.96,0,0.32,16.05.2024 21:17:24
0,159.56,851,923,12.86,70.00,0,0.65,16.05.2024 21:17:26
0,161.63,862,923,12.89,69.96,0,0.81,16.05.2024 21:17:28
0,165.75,884,923,12.86,69.96,0,1.15,16.05.2024 21:17:31
0,165.19,881,923,12.86,69.96,0,1.10,16.05.2024 21:17:33
0,160.31,855,923,12.86,69.95,0,0.71,16.05.2024 21:17:35
0,160.69,857,923,12.87,69.96,0,0.74,16.05.2024 21:17:37
0,157.13,838,923,12.84,69.97,0,0.47,16.05.2024 21:17:39
0,163.69,873,923,12.84,69.96,0,0.98,16.05.2024 21:17:41
0,159.94,853,923,12.86,69.97,0,0.68,16.05.2024 21:17:43
0,161.06,859,923,12.87,69.98,0,0.76,16.05.2024 21:17:45
0,163.31,871,923,12.83,69.96,0,0.95,16.05.2024 21:17:47
0,162.56,867,923,12.84,69.97,0,0.89,16.05.2024 21:17:50
0,159.94,853,923,12.87,69.98,0,0.68,16.05.2024 21:17:52
0,160.69,857,923,12.87,69.98,0,0.73,16.05.2024 21:17:54
0,159.94,853,923,12.86,69.96,0,0.68,16.05.2024 21:17:56
0,161.06,859,922,12.86,69.96,0,0.77,16.05.2024 21:17:58
0,161.63,862,922,12.86,69.99,0,0.81,16.05.2024 21:18:00
0,164.63,878,922,12.84,69.96,0,1.06,16.05.2024 21:18:02
0,161.25,860,923,12.83,69.95,0,0.79,16.05.2024 21:18:04
0,163.13,870,923,12.86,69.98,0,0.93,16.05.2024 21:18:07
0,161.25,860,923,12.86,69.97,0,0.78,16.05.2024 21:18:09
0,162.75,868,923,12.87,69.95,0,0.90,16.05.2024 21:18:11
0,162.94,869,922,12.86,69.98,0,0.92,16.05.2024 21:18:13
0,159.19,849,922,12.86,69.96,0,0.62,16.05.2024 21:18:15
0,161.06,859,922,12.84,69.98,0,0.77,16.05.2024 21:18:17
0,159.19,849,922,12.87,69.99,0,0.62,16.05.2024 21:18:19
0,159.56,851,922,12.84,69.98,0,0.65,16.05.2024 21:18:21
0,159.94,853,922,12.84,69.98,0,0.68,16.05.2024 21:18:24
0,159.00,848,923,12.84,69.96,0,0.61,16.05.2024 21:18:26
0,165.00,880,922,12.84,69.97,0,1.09,16.05.2024 21:18:28
0,165.56,883,922,12.84,70.00,0,1.14,16.05.2024 21:18:30
0,161.06,859,922,12.86,69.96,0,0.77,16.05.2024 21:18:32
0,160.13,854,922,12.84,69.95,0,0.70,16.05.2024 21:18:34
0,162.38,866,923,12.87,69.95,0,0.87,16.05.2024 21:18:36
0,162.19,865,924,12.84,69.98,0,0.86,16.05.2024 21:18:38
0,163.69,873,924,12.84,69.97,0,0.98,16.05.2024 21:18:40
0,163.31,871,923,12.84,69.94,0,0.95,16.05.2024 21:18:43
0,165.38,882,924,12.84,69.95,0,1.12,16.05.2024 21:18:45
0,161.06,859,923,12.83,69.95,0,0.77,16.05.2024 21:18:47
0,163.31,871,923,12.84,69.99,0,0.95,16.05.2024 21:18:49
0,162.00,864,923,12.84,69.94,0,0.85,16.05.2024 21:18:51
0,159.94,853,923,12.86,69.95,0,0.68,16.05.2024 21:18:53
0,160.13,854,922,12.86,69.94,0,0.69,16.05.2024 21:18:55
0,162.38,866,922,12.84,69.93,0,0.88,16.05.2024 21:18:57
0,164.06,875,923,12.83,69.94,0,1.02,16.05.2024 21:19:00
0,159.75,852,923,12.84,69.99,0,0.67,16.05.2024 21:19:02
0,159.19,849,923,12.84,69.98,0,0.62,16.05.2024 21:19:04
0,162.75,868,924,12.84,69.95,0,0.91,16.05.2024 21:19:06
0,159.00,848,923,12.83,69.95,0,0.61,16.05.2024 21:19:08
0,159.94,853,923,12.83,69.95,0,0.69,16.05.2024 21:19:10
0,160.50,856,923,12.86,69.95,0,0.72,16.05.2024 21:19:12
0,161.44,861,923,12.84,69.96,0,0.80,16.05.2024 21:19:14
0,159.19,849,923,12.84,69.95,0,0.62,16.05.2024 21:19:17
0,159.75,852,923,12.86,69.93,0,0.67,16.05.2024 21:19:19
0,159.75,852,924,12.83,69.95,0,0.67,16.05.2024 21:19:21
0,157.69,841,923,12.84,69.96,0,0.51,16.05.2024 21:19:23
0,162.19,865,924,12.84,69.94,0,0.86,16.05.2024 21:19:25
0,160.69,857,924,12.83,69.93,0,0.74,16.05.2024 21:19:27
0,161.25,860,924,12.84,69.97,0,0.78,16.05.2024 21:19:29
0,160.31,855,925,12.84,69.93,0,0.71,16.05.2024 21:19:33
0,158.63,846,925,12.84,69.94,0,0.58,16.05.2024 21:19:36
0,158.06,843,925,12.83,69.94,0,0.54,16.05.2024 21:19:38
0,160.31,855,926,12.84,69.94,0,0.71,16.05.2024 21:19:40
0,157.50,840,926,12.80,69.92,0,0.51,16.05.2024 21:19:42
0,161.25,860,926,12.83,69.92,0,0.79,16.05.2024 21:19:44
0,158.44,845,927,12.83,69.95,0,0.57,16.05.2024 21:19:46
0,156.38,834,926,12.83,69.96,0,0.41,16.05.2024 21:19:48
0,158.06,843,926,12.84,69.93,0,0.54,16.05.2024 21:19:50
0,156.56,835,926,12.83,69.97,0,0.43,16.05.2024 21:19:52
0,160.31,855,927,12.83,69.93,0,0.72,16.05.2024 21:19:55
0,158.81,847,926,12.82,69.96,0,0.60,16.05.2024 21:19:57
0,159.94,853,926,12.84,69.98,0,0.68,16.05.2024 21:19:59
0,159.00,848,926,12.83,69.93,0,0.61,16.05.2024 21:20:01
0,159.75,852,925,12.80,69.93,0,0.68,16.05.2024 21:20:03
0,158.25,844,926,12.82,69.93,0,0.56,16.05.2024 21:20:05
0,164.25,876,926,12.83,69.93,0,1.03,16.05.2024 21:20:07
0,159.94,853,925,12.83,69.90,0,0.69,16.05.2024 21:20:09
0,157.50,840,925,12.82,69.96,0,0.50,16.05.2024 21:20:12
0,158.81,847,925,12.82,69.96,0,0.60,16.05.2024 21:20:14
0,158.81,847,925,12.83,69.95,0,0.60,16.05.2024 21:20:16
0,159.19,849,925,12.82,69.96,0,0.63,16.05.2024 21:20:18
0,159.00,848,925,12.82,69.94,0,0.62,16.05.2024 21:20:20
0,161.06,859,925,12.83,69.93,0,0.77,16.05.2024 21:20:22
0,157.69,841,925,12.83,69.95,0,0.51,16.05.2024 21:20:24
0,159.56,851,926,12.83,69.97,0,0.66,16.05.2024 21:20:26
0,161.44,861,926,12.82,69.94,0,0.81,16.05.2024 21:20:29
0,163.31,871,925,12.83,69.95,0,0.96,16.05.2024 21:20:31
0,164.44,877,925,12.82,69.94,0,1.05,16.05.2024 21:20:33
0,158.06,843,925,12.80,69.94,0,0.55,16.05.2024 21:20:35
0,160.69,857,925,12.82,69.98,0,0.75,16.05.2024 21:20:37
0,163.13,870,924,12.83,69.96,0,0.94,16.05.2024 21:20:39
0,159.56,851,925,12.82,69.98,0,0.66,16.05.2024 21:20:41
0,163.13,870,924,12.82,69.94,0,0.94,16.05.2024 21:20:43
0,158.81,847,924,12.80,69.94,0,0.60,16.05.2024 21:20:45
0,160.13,854,924,12.84,69.95,0,0.70,16.05.2024 21:20:48
0,159.56,851,924,12.83,69.97,0,0.66,16.05.2024 21:20:50
0,159.56,851,924,12.80,69.95,0,0.66,16.05.2024 21:20:52
0,160.31,855,925,12.82,69.98,0,0.72,16.05.2024 21:20:54
0,162.75,868,925,12.83,69.95,0,0.91,16.05.2024 21:20:56
0,161.81,863,925,12.82,69.96,0,0.84,16.05.2024 21:20:58
0,160.69,857,925,12.82,69.96,0,0.75,16.05.2024 21:21:00
0,158.44,845,926,12.82,69.96,0,0.57,16.05.2024 21:21:02
0,156.56,835,926,12.82,69.96,0,0.43,16.05.2024 21:21:05
0,159.56,851,926,12.83,69.97,0,0.66,16.05.2024 21:21:07
0,161.25,860,927,12.82,69.98,0,0.79,16.05.2024 21:21:09
0,161.44,861,927,12.82,69.93,0,0.81,16.05.2024 21:21:11
0,159.56,851,926,12.82,69.96,0,0.66,16.05.2024 21:21:13
0,160.50,856,926,12.82,69.96,0,0.73,16.05.2024 21:21:15
0,163.69,873,927,12.82,69.96,0,0.99,16.05.2024 21:21:17
0,159.38,850,926,12.83,69.92,0,0.64,16.05.2024 21:21:19
0,161.44,861,927,12.82,69.98,0,0.81,16.05.2024 21:21:22
0,161.44,861,927,12.82,69.94,0,0.81,16.05.2024 21:21:24
0,159.94,853,926,12.82,69.96,0,0.69,16.05.2024 21:21:26
0,160.69,857,927,12.82,69.94,0,0.75,16.05.2024 21:21:28
0,164.63,878,926,12.83,69.95,0,1.06,16.05.2024 21:21:30
0,161.63,862,926,12.82,69.96,0,0.82,16.05.2024 21:21:32
0,161.81,863,925,12.82,69.94,0,0.84,16.05.2024 21:21:34
0,162.00,864,925,12.82,69.96,0,0.85,16.05.2024 21:21:36
0,161.81,863,925,12.82,69.98,0,0.84,16.05.2024 21:21:39
0,158.25,844,925,12.83,69.94,0,0.56,16.05.2024 21:21:41
0,159.19,849,925,12.79,69.94,0,0.64,16.05.2024 21:21:43
0,159.00,848,925,12.80,69.93,0,0.62,16.05.2024 21:21:45
0,160.69,857,925,12.80,69.96,0,0.75,16.05.2024 21:21:47
0,161.44,861,925,12.80,69.97,0,0.81,16.05.2024 21:21:49
0,159.94,853,925,12.82,69.94,0,0.69,16.05.2024 21:21:51
0,160.88,858,924,12.82,69.94,0,0.76,16.05.2024 21:21:53
0,163.50,872,925,12.84,69.95,0,0.97,16.05.2024 21:21:56
0,160.69,857,925,12.80,69.93,0,0.75,16.05.2024 21:21:58
0,159.19,849,924,12.80,69.95,0,0.63,16.05.2024 21:22:00
0,157.69,841,925,12.80,69.95,0,0.52,16.05.2024 21:22:02
0,159.00,848,925,12.80,70.01,0,0.62,16.05.2024 21:22:04
0,160.31,855,925,12.83,69.96,0,0.71,16.05.2024 21:22:06
0,159.75,852,925,12.80,69.97,0,0.68,16.05.2024 21:22:08
0,161.63,862,924,12.82,69.96,0,0.82,16.05.2024 21:22:12
0,162.19,865,924,12.83,69.97,0,0.86,16.05.2024 21:22:15
0,161.44,861,924,12.82,69.96,0,0.81,16.05.2024 21:22:17
0,159.94,853,924,12.82,69.96,0,0.69,16.05.2024 21:22:19
0,162.00,864,924,12.82,69.94,0,0.85,16.05.2024 21:22:21
0,159.19,849,924,12.82,69.96,0,0.63,16.05.2024 21:22:23
0,157.13,838,924,12.80,69.94,0,0.48,16.05.2024 21:22:25
0,159.19,849,923,12.82,69.98,0,0.63,16.05.2024 21:22:27
0,157.50,840,924,12.80,69.98,0,0.50,16.05.2024 21:22:29
0,157.50,840,923,12.82,69.98,0,0.50,16.05.2024 21:22:31
0,158.81,847,923,12.83,69.95,0,0.60,16.05.2024 21:22:34
0,156.75,836,922,12.80,69.95,0,0.45,16.05.2024 21:22:36
0,160.13,854,922,12.80,69.94,0,0.71,16.05.2024 21:22:38
0,160.13,854,922,12.82,69.96,0,0.70,16.05.2024 21:22:40
0,160.50,856,922,12.82,69.96,0,0.73,16.05.2024 21:22:42
0,161.44,861,921,12.77,69.99,0,0.81,16.05.2024 21:22:44
0,163.31,871,921,12.80,69.94,0,0.96,16.05.2024 21:22:46
0,160.50,856,921,12.80,69.96,0,0.73,16.05.2024 21:22:48
0,160.50,856,921,12.82,69.99,0,0.73,16.05.2024 21:22:51
0,163.69,873,921,12.79,69.99,0,0.99,16.05.2024 21:22:53
0,165.38,882,921,12.80,69.98,0,1.13,16.05.2024 21:22:55
0,161.44,861,921,12.80,69.98,0,0.81,16.05.2024 21:22:57
0,159.19,849,921,12.79,69.97,0,0.63,16.05.2024 21:22:59
0,163.88,874,920,12.79,69.99,0,1.01,16.05.2024 21:23:01
0,156.38,834,921,12.82,69.96,0,0.42,16.05.2024 21:23:03
0,160.88,858,921,12.80,69.98,0,0.76,16.05.2024 21:23:05
0,163.13,870,921,12.80,69.97,0,0.95,16.05.2024 21:23:08
0,161.06,859,921,12.79,69.99,0,0.78,16.05.2024 21:23:10
0,165.00,880,921,12.80,69.96,0,1.10,16.05.2024 21:23:12
0,160.13,854,921,12.79,69.96,0,0.71,16.05.2024 21:23:14
0,162.56,867,921,12.80,70.00,0,0.90,16.05.2024 21:23:16
0,163.31,871,921,12.79,69.97,0,0.96,16.05.2024 21:23:18
0,163.50,872,921,12.80,69.96,0,0.98,16.05.2024 21:23:20
0,158.81,847,921,12.79,69.97,0,0.61,16.05.2024 21:23:22
0,161.44,861,921,12.77,69.97,0,0.82,16.05.2024 21:23:25
0,160.88,858,921,12.79,69.94,0,0.77,16.05.2024 21:23:27
0,160.31,855,921,12.80,69.96,0,0.72,16.05.2024 21:23:29
0,160.88,858,921,12.77,69.99,0,0.77,16.05.2024 21:23:31
0,162.00,864,920,12.79,69.95,0,0.86,16.05.2024 21:23:33
0,162.75,868,921,12.80,69.99,0,0.91,16.05.2024 21:23:35
0,160.69,857,920,12.80,69.97,0,0.75,16.05.2024 21:23:37
0,161.44,861,921,12.79,69.96,0,0.81,16.05.2024 21:23:39
0,162.94,869,921,12.79,69.97,0,0.93,16.05.2024 21:23:41
0,166.31,887,920,12.77,69.97,0,1.22,16.05.2024 21:23:44
0,158.63,846,920,12.80,69.98,0,0.59,16.05.2024 21:23:46
0,163.69,873,920,12.79,69.96,0,1.00,16.05.2024 21:23:48
0,161.44,861,920,12.80,69.98,0,0.81,16.05.2024 21:23:50
0,163.13,870,920,12.79,69.97,0,0.95,16.05.2024 21:23:52
0,161.63,862,919,12.80,69.98,0,0.82,16.05.2024 21:23:54
0,162.94,869,919,12.80,69.93,0,0.93,16.05.2024 21:23:56
0,163.13,870,919,12.79,69.95,0,0.95,16.05.2024 21:23:58
0,160.88,858,919,12.79,69.99,0,0.77,16.05.2024 21:24:01
0,159.94,853,919,12.77,69.95,0,0.70,16.05.2024 21:24:03
0,158.81,847,919,12.77,69.98,0,0.61,16.05.2024 21:24:05
0,161.06,859,919,12.80,69.97,0,0.78,16.05.2024 21:24:07
0,161.81,863,920,12.79,69.94,0,0.84,16.05.2024 21:24:09
0,162.00,864,919,12.77,69.96,0,0.86,16.05.2024 21:24:11
0,160.50,856,919,12.80,69.98,0,0.73,16.05.2024 21:24:13
0,160.88,858,919,12.77,69.95,0,0.77,16.05.2024 21:24:15
0,160.69,857,919,12.79,69.95,0,0.75,16.05.2024 21:24:18
0,160.31,855,919,12.79,69.94,0,0.72,16.05.2024 21:24:20
0,161.63,862,918,12.77,69.95,0,0.83,16.05.2024 21:24:22
0,162.56,867,918,12.77,69.97,0,0.91,16.05.2024 21:24:24
0,164.06,875,918,12.80,69.97,0,1.02,16.05.2024 21:24:26
0,161.44,861,917,12.79,69.97,0,0.81,16.05.2024 21:24:28
0,163.13,870,917,12.79,69.94,0,0.95,16.05.2024 21:24:30
0,161.06,859,917,12.80,69.93,0,0.78,16.05.2024 21:24:32
0,159.19,849,917,12.77,69.96,0,0.64,16.05.2024 21:24:35
0,162.75,868,917,12.79,69.94,0,0.92,16.05.2024 21:24:37
0,159.94,853,916,12.79,69.95,0,0.69,16.05.2024 21:24:39
0,159.19,849,916,12.79,69.97,0,0.63,16.05.2024 21:24:41
0,161.81,863,916,12.80,69.94,0,0.84,16.05.2024 21:24:43
0,161.63,862,916,12.77,69.93,0,0.83,16.05.2024 21:24:45
0,162.19,865,916,12.77,69.94,0,0.88,16.05.2024 21:24:47
0,160.13,854,917,12.77,69.96,0,0.71,16.05.2024 21:24:49
0,159.75,852,917,12.77,69.95,0,0.68,16.05.2024 21:24:52
0,162.94,869,917,12.80,69.96,0,0.93,16.05.2024 21:24:54
0,162.19,865,917,12.79,69.92,0,0.87,16.05.2024 21:24:58
0,162.19,865,917,12.77,69.93,0,0.88,16.05.2024 21:25:00
0,159.00,848,917,12.77,69.92,0,0.63,16.05.2024 21:25:02
0,159.94,853,918,12.80,69.96,0,0.69,16.05.2024 21:25:04
0,154.31,823,918,12.79,69.92,0,0.27,16.05.2024 21:25:06
0,161.25,860,918,12.76,69.94,0,0.80,16.05.2024 21:25:08
0,159.75,852,917,12.76,69.93,0,0.69,16.05.2024 21:25:11
0,159.38,850,917,12.79,69.93,0,0.65,16.05.2024 21:25:13
0,161.25,860,917,12.76,69.93,0,0.81,16.05.2024 21:25:15
0,158.25,844,916,12.76,69.95,0,0.57,16.05.2024 21:25:17
0,160.50,856,916,12.77,69.93,0,0.74,16.05.2024 21:25:19
0,158.44,845,916,12.80,69.94,0,0.58,16.05.2024 21:25:21
0,157.50,840,917,12.79,69.91,0,0.51,16.05.2024 21:25:23
0,158.63,846,916,12.77,69.96,0,0.60,16.05.2024 21:25:25
0,163.69,873,916,12.79,69.94,0,1.00,16.05.2024 21:25:27
0,163.50,872,917,12.79,69.93,0,0.98,16.05.2024 21:25:30
0,160.13,854,917,12.76,69.94,0,0.72,16.05.2024 21:25:32
0,163.31,871,917,12.77,69.92,0,0.97,16.05.2024 21:25:34
0,163.13,870,917,12.77,69.95,0,0.95,16.05.2024 21:25:36
0,160.69,857,917,12.77,69.92,0,0.76,16.05.2024 21:25:38
0,164.25,876,918,12.77,69.98,0,1.05,16.05.2024 21:25:40
0,161.25,860,918,12.77,69.96,0,0.80,16.05.2024 21:25:42
0,161.81,863,917,12.75,69.93,0,0.85,16.05.2024 21:25:44
0,159.56,851,917,12.77,69.95,0,0.67,16.05.2024 21:25:47
0,160.13,854,917,12.77,69.95,0,0.71,16.05.2024 21:25:49
0,159.19,849,918,12.77,69.99,0,0.64,16.05.2024 21:25:51
0,159.56,851,918,12.76,69.96,0,0.67,16.05.2024 21:25:53
0,161.44,861,917,12.79,69.94,0,0.81,16.05.2024 21:25:55
0,163.13,870,917,12.77,69.98,0,0.95,16.05.2024 21:25:57
0,158.63,846,917,12.77,69.95,0,0.60,16.05.2024 21:25:59
0,161.63,862,917,12.76,69.94,0,0.83,16.05.2024 21:26:01
0,159.00,848,917,12.79,69.93,0,0.62,16.05.2024 21:26:04
0,160.13,854,917,12.76,69.93,0,0.72,16.05.2024 21:26:06
0,165.00,880,917,12.76,69.95,0,1.11,16.05.2024 21:26:08
0,162.56,867,917,12.77,69.93,0,0.91,16.05.2024 21:26:10
0,160.50,856,917,12.77,69.96,0,0.74,16.05.2024 21:26:12
0,160.13,854,917,12.77,69.98,0,0.71,16.05.2024 21:26:14
0,160.88,858,916,12.76,69.94,0,0.77,16.05.2024 21:26:16
0,161.63,862,916,12.76,69.97,0,0.83,16.05.2024 21:26:18
0,160.88,858,916,12.76,69.94,0,0.77,16.05.2024 21:26:21
0,164.06,875,916,12.75,69.95,0,1.04,16.05.2024 21:26:23
0,162.94,869,917,12.76,69.94,0,0.94,16.05.2024 21:26:25
0,164.63,878,916,12.76,69.95,0,1.08,16.05.2024 21:26:27
0,160.88,858,916,12.77,69.96,0,0.77,16.05.2024 21:26:29
0,161.06,859,916,12.76,69.96,0,0.79,16.05.2024 21:26:31
0,162.38,866,917,12.76,69.94,0,0.90,16.05.2024 21:26:33
0,163.69,873,916,12.75,69.96,0,1.00,16.05.2024 21:26:35
0,157.69,841,916,12.77,69.98,0,0.52,16.05.2024 21:26:38
0,159.56,851,916,12.77,69.95,0,0.67,16.05.2024 21:26:40
0,160.88,858,916,12.77,69.94,0,0.77,16.05.2024 21:26:42
0,162.94,869,916,12.77,69.97,0,0.94,16.05.2024 21:26:44
0,162.00,864,916,12.77,69.96,0,0.86,16.05.2024 21:26:46
0,158.25,844,916,12.77,69.96,0,0.57,16.05.2024 21:26:48
0,165.00,880,916,12.75,69.92,0,1.12,16.05.2024 21:26:50
0,158.25,844,917,12.76,69.94,0,0.57,16.05.2024 21:26:52
0,162.00,864,917,12.75,69.95,0,0.87,16.05.2024 21:26:54
0,159.38,850,916,12.76,69.95,0,0.66,16.05.2024 21:26:57
0,160.31,855,916,12.75,69.92,0,0.73,16.05.2024 21:26:59
0,164.44,877,916,12.75,69.94,0,1.07,16.05.2024 21:27:01
0,160.13,854,916,12.75,69.95,0,0.72,16.05.2024 21:27:03
0,157.31,839,916,12.76,69.92,0,0.50,16.05.2024 21:27:05
0,161.06,859,917,12.76,69.93,0,0.79,16.05.2024 21:27:07
0,159.19,849,917,12.75,69.92,0,0.65,16.05.2024 21:27:09
0,160.88,858,916,12.75,69.94,0,0.78,16.05.2024 21:27:11
0,162.94,869,916,12.75,69.95,0,0.94,16.05.2024 21:27:14
0,155.81,831,915,12.75,69.93,0,0.39,16.05.2024 21:27:16
0,160.69,857,915,12.76,69.96,0,0.76,16.05.2024 21:27:18
0,160.50,856,916,12.72,69.94,0,0.75,16.05.2024 21:27:20
0,162.56,867,916,12.75,69.96,0,0.91,16.05.2024 21:27:22
0,160.31,855,916,12.76,69.93,0,0.73,16.05.2024 21:27:24
0,160.69,857,916,12.76,69.94,0,0.76,16.05.2024 21:27:26
0,160.69,857,916,12.77,69.96,0,0.76,16.05.2024 21:27:28
0,161.44,861,916,12.75,69.93,0,0.82,16.05.2024 21:27:31
0,160.13,854,916,12.76,69.94,0,0.72,16.05.2024 21:27:33
0,159.38,850,916,12.76,69.95,0,0.66,16.05.2024 21:27:35
0,160.69,857,916,12.75,69.93,0,0.76,16.05.2024 21:27:37
0,159.38,850,916,12.77,69.96,0,0.65,16.05.2024 21:27:39
0,160.31,855,916,12.75,69.96,0,0.73,16.05.2024 21:27:41
0,160.69,857,916,12.76,69.93,0,0.76,16.05.2024 21:27:45
0,157.31,839,916,12.77,69.96,0,0.50,16.05.2024 21:27:47
0,160.69,857,916,12.76,69.96,0,0.76,16.05.2024 21:27:50
0,159.00,848,916,12.76,69.95,0,0.63,16.05.2024 21:27:52
0,161.25,860,916,12.76,69.94,0,0.80,16.05.2024 21:27:54
0,160.13,854,916,12.76,69.94,0,0.72,16.05.2024 21:27:56
0,159.38,850,916,12.73,69.93,0,0.66,16.05.2024 21:27:58
0,156.75,836,917,12.76,69.94,0,0.46,16.05.2024 21:28:00
0,160.13,854,917,12.75,69.92,0,0.72,16.05.2024 21:28:02
0,157.31,839,916,12.76,69.95,0,0.50,16.05.2024 21:28:04
0,160.31,855,916,12.75,69.91,0,0.73,16.05.2024 21:28:07
0,157.31,839,916,12.73,69.95,0,0.50,16.05.2024 21:28:09
0,159.00,848,916,12.75,69.96,0,0.63,16.05.2024 21:28:11
0,159.19,849,916,12.73,69.93,0,0.65,16.05.2024 21:28:13
0,156.00,832,916,12.76,69.94,0,0.40,16.05.2024 21:28:15
0,161.06,859,916,12.76,69.95,0,0.79,16.05.2024 21:28:17
0,159.56,851,916,12.76,69.94,0,0.67,16.05.2024 21:28:19
0,157.50,840,915,12.76,69.93,0,0.51,16.05.2024 21:28:21
0,160.69,857,916,12.72,69.93,0,0.77,16.05.2024 21:28:23
0,160.88,858,916,12.75,69.97,0,0.78,16.05.2024 21:28:26
0,159.56,851,916,12.73,69.93,0,0.68,16.05.2024 21:28:28
0,161.63,862,916,12.73,69.96,0,0.84,16.05.2024 21:28:30
0,161.44,861,915,12.72,69.92,0,0.83,16.05.2024 21:28:32
0,164.44,877,916,12.75,69.96,0,1.07,16.05.2024 21:28:34
0,160.31,855,916,12.76,69.96,0,0.73,16.05.2024 21:28:36
0,158.25,844,916,12.73,69.95,0,0.58,16.05.2024 21:28:38
0,163.69,873,916,12.75,69.94,0,1.01,16.05.2024 21:28:40
0,162.56,867,917,12.75,69.91,0,0.92,16.05.2024 21:28:43
0,161.44,861,917,12.70,69.92,0,0.83,16.05.2024 21:28:45
0,158.44,845,917,12.73,69.96,0,0.59,16.05.2024 21:28:47
0,161.44,861,917,12.73,69.96,0,0.82,16.05.2024 21:28:49
0,159.94,853,918,12.73,69.96,0,0.71,16.05.2024 21:28:51
0,165.38,882,918,12.75,69.95,0,1.15,16.05.2024 21:28:53
0,160.88,858,918,12.73,69.94,0,0.78,16.05.2024 21:28:55
0,165.56,883,918,12.73,69.94,0,1.17,16.05.2024 21:28:57
0,161.06,859,918,12.72,69.94,0,0.80,16.05.2024 21:29:00
0,162.94,869,918,12.73,69.92,0,0.95,16.05.2024 21:29:02
0,161.44,861,918,12.72,69.93,0,0.83,16.05.2024 21:29:04
0,163.88,874,918,12.72,69.93,0,1.03,16.05.2024 21:29:06
0,159.94,853,918,12.73,69.93,0,0.71,16.05.2024 21:29:08
0,159.19,849,917,12.73,69.91,0,0.65,16.05.2024 21:29:10
0,159.75,852,918,12.75,69.89,0,0.69,16.05.2024 21:29:12
0,159.75,852,917,12.73,69.94,0,0.69,16.05.2024 21:29:14
0,159.19,849,918,12.73,69.94,0,0.65,16.05.2024 21:29:17
0,157.50,840,918,12.73,69.92,0,0.52,16.05.2024 21:29:19
0,161.25,860,918,12.73,69.96,0,0.81,16.05.2024 21:29:21
0,158.06,843,917,12.73,69.93,0,0.56,16.05.2024 21:29:23
0,162.56,867,917,12.73,69.94,0,0.92,16.05.2024 21:29:25
0,161.81,863,917,12.73,69.96,0,0.85,16.05.2024 21:29:27
0,161.44,861,917,12.72,69.96,0,0.83,16.05.2024 21:29:29
0,162.38,866,918,12.73,69.91,0,0.90,16.05.2024 21:29:31
0,157.31,839,917,12.75,69.94,0,0.50,16.05.2024 21:29:34
0,159.75,852,917,12.73,69.93,0,0.69,16.05.2024 21:29:36
0,163.31,871,918,12.73,69.93,0,0.98,16.05.2024 21:29:38
0,159.38,850,917,12.73,69.95,0,0.66,16.05.2024 21:29:40
0,162.94,869,917,12.73,69.94,0,0.95,16.05.2024 21:29:42
0,158.63,846,917,12.75,69.92,0,0.60,16.05.2024 21:29:44
0,159.19,849,917,12.73,69.93,0,0.65,16.05.2024 21:29:46
0,158.81,847,917,12.73,69.94,0,0.62,16.05.2024 21:29:48
0,158.25,844,917,12.72,69.96,0,0.58,16.05.2024 21:29:51
0,162.00,864,917,12.72,69.95,0,0.87,16.05.2024 21:29:53
0,160.31,855,917,12.70,69.92,0,0.74,16.05.2024 21:29:55
0,158.63,846,916,12.73,69.91,0,0.61,16.05.2024 21:29:57
0,162.19,865,916,12.73,69.92,0,0.89,16.05.2024 21:29:59
0,159.00,848,917,12.70,69.94,0,0.64,16.05.2024 21:30:01
0,162.56,867,917,12.72,69.95,0,0.92,16.05.2024 21:30:03
0,159.38,850,917,12.73,69.93,0,0.66,16.05.2024 21:30:05
0,158.25,844,917,12.69,69.92,0,0.59,16.05.2024 21:30:07
0,158.81,847,918,12.75,69.96,0,0.62,16.05.2024 21:30:10
0,162.38,866,918,12.73,69.97,0,0.90,16.05.2024 21:30:12
0,160.88,858,917,12.72,69.93,0,0.78,16.05.2024 21:30:14
0,157.88,842,917,12.72,69.92,0,0.55,16.05.2024 21:30:16
0,162.00,864,918,12.70,69.92,0,0.88,16.05.2024 21:30:18
0,162.56,867,918,12.73,69.92,0,0.92,16.05.2024 21:30:20
0,162.75,868,918,12.73,69.91,0,0.93,16.05.2024 21:30:22
0,160.13,854,918,12.72,69.92,0,0.73,16.05.2024 21:30:24
0,160.50,856,917,12.72,69.90,0,0.76,16.05.2024 21:30:27
0,157.31,839,917,12.73,69.92,0,0.51,16.05.2024 21:30:31
0,160.88,858,918,12.72,69.91,0,0.79,16.05.2024 21:30:33
0,159.75,852,918,12.75,69.92,0,0.69,16.05.2024 21:30:35
0,156.00,832,918,12.72,69.91,0,0.41,16.05.2024 21:30:37
0,152.63,814,918,12.70,69.92,0,0.17,16.05.2024 21:30:39
0,155.25,828,917,12.72,69.94,0,0.36,16.05.2024 21:30:41
0,158.06,843,917,12.72,69.91,0,0.57,16.05.2024 21:30:43
0,157.50,840,917,12.72,69.91,0,0.52,16.05.2024 21:30:46
0,159.00,848,917,12.72,69.92,0,0.64,16.05.2024 21:30:48
0,159.75,852,917,12.70,69.91,0,0.70,16.05.2024 21:30:50
0,161.06,859,917,12.70,69.94,0,0.80,16.05.2024 21:30:52
0,158.63,846,917,12.70,69.92,0,0.61,16.05.2024 21:30:54
0,157.31,839,917,12.70,69.92,0,0.51,16.05.2024 21:30:56
0,156.19,833,918,12.70,69.92,0,0.43,16.05.2024 21:30:58
0,159.19,849,918,12.73,69.93,0,0.65,16.05.2024 21:31:00
0,158.63,846,918,12.70,69.91,0,0.61,16.05.2024 21:31:03
0,160.31,855,918,12.72,69.94,0,0.74,16.05.2024 21:31:05
0,163.88,874,918,12.70,69.90,0,1.03,16.05.2024 21:31:07
0,161.63,862,917,12.69,69.90,0,0.85,16.05.2024 21:31:09
0,161.44,861,917,12.73,69.95,0,0.82,16.05.2024 21:31:11
0,161.25,860,917,12.70,69.94,0,0.82,16.05.2024 21:31:13
0,157.88,842,917,12.72,69.91,0,0.55,16.05.2024 21:31:15
0,159.38,850,917,12.69,69.95,0,0.67,16.05.2024 21:31:17
0,160.50,856,917,12.69,69.93,0,0.76,16.05.2024 21:31:20
0,162.56,867,917,12.73,69.91,0,0.92,16.05.2024 21:31:22
0,163.88,874,917,12.70,69.92,0,1.03,16.05.2024 21:31:24
0,165.56,883,916,12.72,69.91,0,1.17,16.05.2024 21:31:26
0,162.75,868,916,12.70,69.90,0,0.94,16.05.2024 21:31:28
0,159.56,851,917,12.70,69.91,0,0.68,16.05.2024 21:31:30
0,160.31,855,916,12.72,69.92,0,0.74,16.05.2024 21:31:32
0,157.88,842,916,12.70,69.94,0,0.55,16.05.2024 21:31:34
0,158.44,845,916,12.69,69.93,0,0.60,16.05.2024 21:31:36
0,161.81,863,915,12.72,69.92,0,0.86,16.05.2024 21:31:39
0,160.31,855,916,12.73,69.94,0,0.74,16.05.2024 21:31:41
0,158.81,847,916,12.72,69.93,0,0.62,16.05.2024 21:31:43
0,163.31,871,916,12.72,69.92,0,0.98,16.05.2024 21:31:45
0,160.31,855,916,12.70,69.92,0,0.74,16.05.2024 21:31:47
0,159.00,848,916,12.69,69.93,0,0.64,16.05.2024 21:31:49
0,156.56,835,916,12.72,69.91,0,0.45,16.05.2024 21:31:51
0,163.88,874,916,12.72,69.90,0,1.03,16.05.2024 21:31:53
0,162.00,864,915,12.70,69.92,0,0.88,16.05.2024 21:31:56
0,162.19,865,915,12.72,69.92,0,0.89,16.05.2024 21:31:58
0,159.94,853,916,12.67,69.90,0,0.72,16.05.2024 21:32:00
0,160.69,857,916,12.70,69.92,0,0.77,16.05.2024 21:32:02
0,163.13,870,916,12.69,69.93,0,0.97,16.05.2024 21:32:04
0,159.19,849,916,12.72,69.93,0,0.65,16.05.2024 21:32:06
0,160.88,858,916,12.70,69.92,0,0.79,16.05.2024 21:32:08
0,159.19,849,916,12.69,69.92,0,0.66,16.05.2024 21:32:10
0,157.31,839,916,12.70,69.94,0,0.51,16.05.2024 21:32:13
0,162.94,869,916,12.70,69.94,0,0.95,16.05.2024 21:32:15
0,164.25,876,917,12.69,69.89,0,1.07,16.05.2024 21:32:17
0,158.81,847,917,12.69,69.90,0,0.63,16.05.2024 21:32:19
0,161.44,861,916,12.67,69.97,0,0.84,16.05.2024 21:32:21
0,158.63,846,916,12.66,69.88,0,0.62,16.05.2024 21:32:23
0,160.13,854,916,12.69,69.90,0,0.73,16.05.2024 21:32:25
0,161.25,860,917,12.69,69.92,0,0.82,16.05.2024 21:32:27
0,161.63,862,916,12.69,69.92,0,0.85,16.05.2024 21:32:30
0,161.44,861,917,12.67,69.90,0,0.84,16.05.2024 21:32:32
0,162.94,869,916,12.69,69.92,0,0.96,16.05.2024 21:32:34
0,159.00,848,916,12.72,69.91,0,0.64,16.05.2024 21:32:36
0,160.50,856,917,12.70,69.90,0,0.76,16.05.2024 21:32:38
0,162.00,864,917,12.70,69.92,0,0.88,16.05.2024 21:32:40
0,160.50,856,916,12.70,69.91,0,0.76,16.05.2024 21:32:42
0,158.81,847,917,12.69,69.90,0,0.63,16.05.2024 21:32:44
0,159.19,849,916,12.70,69.94,0,0.65,16.05.2024 21:32:47
0,162.00,864,916,12.69,69.93,0,0.88,16.05.2024 21:32:49
0,165.00,880,915,12.67,69.89,0,1.14,16.05.2024 21:32:51
0,159.94,853,916,12.69,69.93,0,0.72,16.05.2024 21:32:53
0,162.75,868,916,12.69,69.93,0,0.94,16.05.2024 21:32:55
0,160.69,857,916,12.67,69.89,0,0.78,16.05.2024 21:32:57
0,157.50,840,917,12.67,69.90,0,0.53,16.05.2024 21:32:59
0,161.63,862,917,12.66,69.91,0,0.86,16.05.2024 21:33:01
0,160.69,857,917,12.69,69.89,0,0.78,16.05.2024 21:33:03
0,159.56,851,917,12.70,69.91,0,0.68,16.05.2024 21:33:06
0,160.31,855,918,12.67,69.90,0,0.75,16.05.2024 21:33:08
0,157.88,842,918,12.67,69.92,0,0.56,16.05.2024 21:33:12
0,159.56,851,918,12.69,69.88,0,0.69,16.05.2024 21:33:14
0,160.13,854,918,12.67,69.91,0,0.73,16.05.2024 21:33:16
0,157.50,840,918,12.69,69.94,0,0.53,16.05.2024 21:33:18
0,159.38,850,918,12.69,69.92,0,0.67,16.05.2024 21:33:20
0,160.31,855,918,12.69,69.90,0,0.75,16.05.2024 21:33:22
0,158.25,844,918,12.67,69.91,0,0.59,16.05.2024 21:33:25
0,156.94,837,918,12.69,69.89,0,0.49,16.05.2024 21:33:27
0,157.50,840,917,12.70,69.89,0,0.53,16.05.2024 21:33:29
0,156.19,833,918,12.67,69.91,0,0.43,16.05.2024 21:33:31
0,160.50,856,917,12.69,69.92,0,0.76,16.05.2024 21:33:33
0,156.19,833,918,12.67,69.92,0,0.43,16.05.2024 21:33:35
0,157.69,841,917,12.67,69.91,0,0.55,16.05.2024 21:33:37
0,158.25,844,917,12.66,69.94,0,0.59,16.05.2024 21:33:39
0,149.25,796,917,12.69,69.89,0,-0.06,16.05.2024 21:33:42
0,160.13,854,917,12.70,69.92,0,0.73,16.05.2024 21:33:44
0,158.63,846,917,12.69,69.92,0,0.61,16.05.2024 21:33:46
0,160.13,854,917,12.66,69.92,0,0.74,16.05.2024 21:33:48
0,160.13,854,917,12.67,69.90,0,0.73,16.05.2024 21:33:50
0,158.44,845,917,12.66,69.91,0,0.61,16.05.2024 21:33:52
0,159.94,853,917,12.67,69.92,0,0.72,16.05.2024 21:33:54
0,159.19,849,918,12.66,69.92,0,0.66,16.05.2024 21:33:56
0,159.94,853,917,12.67,69.92,0,0.72,16.05.2024 21:33:59
0,162.75,868,917,12.66,69.92,0,0.95,16.05.2024 21:34:01
0,160.69,857,917,12.67,69.91,0,0.78,16.05.2024 21:34:03
0,162.56,867,917,12.69,69.93,0,0.93,16.05.2024 21:34:05
0,162.38,866,916,12.67,69.91,0,0.92,16.05.2024 21:34:07
0,162.75,868,917,12.67,69.95,0,0.94,16.05.2024 21:34:09
0,161.63,862,917,12.66,69.93,0,0.86,16.05.2024 21:34:11
0,160.69,857,917,12.67,69.95,0,0.78,16.05.2024 21:34:13
0,162.38,866,917,12.67,69.96,0,0.91,16.05.2024 21:34:16
0,157.88,842,917,12.66,69.92,0,0.56,16.05.2024 21:34:18
0,160.69,857,917,12.66,69.94,0,0.78,16.05.2024 21:34:20
0,157.88,842,917,12.67,69.95,0,0.56,16.05.2024 21:34:22
0,160.13,854,917,12.67,69.88,0,0.74,16.05.2024 21:34:24
0,160.69,857,917,12.65,69.92,0,0.78,16.05.2024 21:34:26
0,159.94,853,917,12.67,69.94,0,0.72,16.05.2024 21:34:28
0,157.50,840,917,12.67,69.94,0,0.53,16.05.2024 21:34:30
0,163.31,871,917,12.66,69.95,0,0.99,16.05.2024 21:34:32
0,158.44,845,917,12.66,69.91,0,0.61,16.05.2024 21:34:35
0,160.69,857,917,12.66,69.95,0,0.78,16.05.2024 21:34:37
0,158.81,847,917,12.65,69.92,0,0.64,16.05.2024 21:34:39
0,160.88,858,916,12.65,69.92,0,0.80,16.05.2024 21:34:41
0,159.38,850,917,12.66,69.91,0,0.68,16.05.2024 21:34:43
0,160.31,855,917,12.66,69.95,0,0.75,16.05.2024 21:34:45
0,162.00,864,916,12.65,69.92,0,0.89,16.05.2024 21:34:47
0,161.25,860,916,12.67,69.95,0,0.82,16.05.2024 21:34:49
0,157.13,838,916,12.67,69.96,0,0.50,16.05.2024 21:34:52
0,161.06,859,916,12.70,69.94,0,0.80,16.05.2024 21:34:54
0,158.81,847,916,12.66,69.94,0,0.63,16.05.2024 21:34:56
0,162.19,865,916,12.66,69.91,0,0.90,16.05.2024 21:34:58
0,160.13,854,915,12.66,69.92,0,0.74,16.05.2024 21:35:00
0,158.81,847,916,12.67,69.94,0,0.63,16.05.2024 21:35:02
0,159.56,851,916,12.67,69.93,0,0.69,16.05.2024 21:35:04
0,160.50,856,916,12.67,69.95,0,0.76,16.05.2024 21:35:06
0,161.63,862,916,12.65,69.92,0,0.86,16.05.2024 21:35:09
0,160.13,854,916,12.67,69.93,0,0.73,16.05.2024 21:35:11
0,159.38,850,916,12.66,69.93,0,0.68,16.05.2024 21:35:13
0,160.50,856,916,12.65,69.94,0,0.77,16.05.2024 21:35:15
0,159.94,853,916,12.67,69.95,0,0.72,16.05.2024 21:35:17
0,158.06,843,916,12.66,69.94,0,0.58,16.05.2024 21:35:19
0,159.00,848,916,12.67,69.92,0,0.65,16.05.2024 21:35:21
0,159.00,848,916,12.67,69.94,0,0.65,16.05.2024 21:35:23
0,156.19,833,916,12.65,69.92,0,0.44,16.05.2024 21:35:26
0,159.00,848,916,12.66,69.91,0,0.65,16.05.2024 21:35:28
0,159.94,853,915,12.66,69.92,0,0.72,16.05.2024 21:35:30
0,160.88,858,915,12.65,69.92,0,0.80,16.05.2024 21:35:32
0,159.38,850,915,12.67,69.94,0,0.67,16.05.2024 21:35:34
0,164.25,876,915,12.66,69.95,0,1.07,16.05.2024 21:35:36
0,162.38,866,915,12.65,69.93,0,0.92,16.05.2024 21:35:38
0,155.44,829,915,12.65,69.94,0,0.38,16.05.2024 21:35:40
0,160.13,854,914,12.66,69.95,0,0.74,16.05.2024 21:35:43
0,158.63,846,914,12.66,69.91,0,0.62,16.05.2024 21:35:45
0,155.81,831,914,12.65,69.93,0,0.41,16.05.2024 21:35:47
0,157.69,841,914,12.65,69.92,0,0.55,16.05.2024 21:35:49
0,157.50,840,913,12.69,69.95,0,0.53,16.05.2024 21:35:51
0,159.00,848,913,12.66,69.93,0,0.65,16.05.2024 21:35:55
0,156.94,837,913,12.65,69.92,0,0.49,16.05.2024 21:35:57
0,158.44,845,913,12.66,69.94,0,0.60,16.05.2024 21:35:59
0,158.44,845,914,12.65,69.96,0,0.61,16.05.2024 21:36:02
0,156.75,836,914,12.65,69.92,0,0.48,16.05.2024 21:36:04
0,157.88,842,914,12.66,69.95,0,0.56,16.05.2024 21:36:06
0,158.63,846,914,12.66,69.92,0,0.62,16.05.2024 21:36:08
0,159.00,848,914,12.65,69.90,0,0.65,16.05.2024 21:36:10
0,156.00,832,914,12.65,69.92,0,0.42,16.05.2024 21:36:12
0,159.00,848,913,12.65,69.91,0,0.65,16.05.2024 21:36:14
0,161.44,861,913,12.66,69.94,0,0.84,16.05.2024 21:36:16
0,157.31,839,913,12.66,69.91,0,0.52,16.05.2024 21:36:18
0,153.19,817,913,12.63,69.91,0,0.22,16.05.2024 21:36:21
0,159.00,848,912,12.63,69.91,0,0.65,16.05.2024 21:36:23
0,159.94,853,913,12.65,69.94,0,0.72,16.05.2024 21:36:25
0,160.69,857,913,12.66,69.91,0,0.78,16.05.2024 21:36:27
0,154.50,824,913,12.63,69.92,0,0.32,16.05.2024 21:36:29
0,162.75,868,913,12.65,69.92,0,0.95,16.05.2024 21:36:31
0,158.25,844,913,12.63,69.92,0,0.60,16.05.2024 21:36:33
0,159.56,851,913,12.65,69.93,0,0.69,16.05.2024 21:36:35
0,159.75,852,912,12.66,69.93,0,0.71,16.05.2024 21:36:38
0,161.81,863,912,12.63,69.91,0,0.88,16.05.2024 21:36:40
0,156.94,837,912,12.65,69.92,0,0.49,16.05.2024 21:36:42
0,159.94,853,912,12.63,69.92,0,0.73,16.05.2024 21:36:44
0,158.25,844,911,12.63,69.95,0,0.59,16.05.2024 21:36:46
0,161.44,861,911,12.66,69.91,0,0.84,16.05.2024 21:36:48
0,160.31,855,912,12.63,69.91,0,0.76,16.05.2024 21:36:50
0,160.50,856,911,12.63,69.91,0,0.77,16.05.2024 21:36:52
0,159.19,849,911,12.63,69.91,0,0.67,16.05.2024 21:36:55
0,160.13,854,911,12.65,69.91,0,0.74,16.05.2024 21:36:57
0,161.25,860,911,12.65,69.90,0,0.83,16.05.2024 21:36:59
0,161.44,861,910,12.65,69.93,0,0.84,16.05.2024 21:37:01
0,159.75,852,910,12.63,69.93,0,0.71,16.05.2024 21:37:03
0,158.44,845,910,12.63,69.90,0,0.61,16.05.2024 21:37:05
0,164.06,875,910,12.65,69.92,0,1.06,16.05.2024 21:37:07
0,160.69,857,910,12.62,69.90,0,0.79,16.05.2024 21:37:09
0,161.63,862,910,12.63,69.92,0,0.86,16.05.2024 21:37:12
0,162.38,866,909,12.65,69.93,0,0.92,16.05.2024 21:37:14
0,162.56,867,910,12.63,69.92,0,0.94,16.05.2024 21:37:16
0,163.13,870,909,12.62,69.95,0,0.99,16.05.2024 21:37:18
0,159.75,852,909,12.62,69.91,0,0.72,16.05.2024 21:37:20
0,162.00,864,910,12.63,69.94,0,0.89,16.05.2024 21:37:22
0,163.50,872,909,12.63,69.91,0,1.02,16.05.2024 21:37:24
0,158.44,845,909,12.62,69.92,0,0.61,16.05.2024 21:37:26
0,157.69,841,909,12.63,69.90,0,0.55,16.05.2024 21:37:29
0,162.56,867,909,12.63,69.93,0,0.94,16.05.2024 21:37:31
0,158.63,846,910,12.63,69.92,0,0.63,16.05.2024 21:37:33
0,160.69,857,910,12.63,69.91,0,0.79,16.05.2024 21:37:35
0,160.50,856,910,12.65,69.94,0,0.77,16.05.2024 21:37:37
0,161.25,860,910,12.63,69.90,0,0.83,16.05.2024 21:37:39
0,162.19,865,910,12.62,69.92,0,0.91,16.05.2024 21:37:41
0,159.94,853,910,12.65,69.92,0,0.72,16.05.2024 21:37:43
0,156.38,834,910,12.65,69.93,0,0.45,16.05.2024 21:37:45
0,160.50,856,909,12.63,69.95,0,0.77,16.05.2024 21:37:48
0,164.06,875,909,12.63,69.93,0,1.06,16.05.2024 21:37:50
0,159.56,851,909,12.62,69.91,0,0.70,16.05.2024 21:37:52
0,157.13,838,909,12.59,69.92,0,0.52,16.05.2024 21:37:54
0,157.13,838,910,12.65,69.93,0,0.51,16.05.2024 21:37:56
0,160.13,854,910,12.65,69.89,0,0.74,16.05.2024 21:37:58
0,161.44,861,910,12.62,69.93,0,0.85,16.05.2024 21:38:00
0,160.31,855,910,12.60,69.91,0,0.76,16.05.2024 21:38:02
0,157.69,841,910,12.63,69.92,0,0.55,16.05.2024 21:38:05
0,158.81,847,910,12.65,69.92,0,0.64,16.05.2024 21:38:07
0,159.38,850,910,12.62,69.93,0,0.69,16.05.2024 21:38:09
0,158.81,847,909,12.62,69.94,0,0.64,16.05.2024 21:38:11
0,159.94,853,909,12.60,69.89,0,0.74,16.05.2024 21:38:13
0,161.63,862,909,12.63,69.92,0,0.86,16.05.2024 21:38:15
0,157.31,839,909,12.62,69.91,0,0.53,16.05.2024 21:38:17
0,158.81,847,909,12.62,69.95,0,0.64,16.05.2024 21:38:19
0,159.56,851,910,12.63,69.95,0,0.70,16.05.2024 21:38:22
0,157.50,840,909,12.63,69.90,0,0.54,16.05.2024 21:38:24
0,158.25,844,909,12.63,69.91,0,0.60,16.05.2024 21:38:26
0,160.88,858,909,12.62,69.91,0,0.81,16.05.2024 21:38:28
0,156.00,832,909,12.62,69.88,0,0.43,16.05.2024 21:38:30
0,159.75,852,909,12.62,69.91,0,0.72,16.05.2024 21:38:32
0,160.69,857,909,12.62,69.91,0,0.79,16.05.2024 21:38:34
0,162.94,869,909,12.60,69.92,0,0.98,16.05.2024 21:38:38
0,158.25,844,909,12.63,69.89,0,0.60,16.05.2024 21:38:41
0,155.44,829,909,12.62,69.92,0,0.39,16.05.2024 21:38:43
0,160.50,856,909,12.62,69.93,0,0.77,16.05.2024 21:38:45
0,155.25,828,909,12.60,69.93,0,0.38,16.05.2024 21:38:47
0,152.25,812,908,12.65,69.93,0,0.15,16.05.2024 21:38:49
0,156.56,835,909,12.63,69.93,0,0.47,16.05.2024 21:38:51
0,155.63,830,909,12.60,69.89,0,0.41,16.05.2024 21:38:53
0,156.38,834,909,12.60,69.94,0,0.46,16.05.2024 21:38:55
0,156.75,836,909,12.62,69.92,0,0.49,16.05.2024 21:38:58
0,150.00,800,909,12.63,69.91,0,0.00,16.05.2024 21:39:00
0,151.50,808,909,12.60,69.91,0,0.11,16.05.2024 21:39:02
0,157.50,840,908,12.59,69.88,0,0.55,16.05.2024 21:39:04
0,160.88,858,908,12.60,69.91,0,0.81,16.05.2024 21:39:06
0,157.13,838,908,12.62,69.88,0,0.52,16.05.2024 21:39:08
0,158.81,847,908,12.59,69.90,0,0.65,16.05.2024 21:39:10
0,158.25,844,908,12.60,69.91,0,0.60,16.05.2024 21:39:12
0,163.69,873,908,12.62,69.90,0,1.04,16.05.2024 21:39:14
0,159.94,853,908,12.62,69.93,0,0.73,16.05.2024 21:39:17
0,157.50,840,908,12.62,69.92,0,0.54,16.05.2024 21:39:19
0,158.63,846,908,12.62,69.90,0,0.63,16.05.2024 21:39:21
0,157.88,842,909,12.60,69.89,0,0.57,16.05.2024 21:39:23
0,161.06,859,908,12.62,69.91,0,0.82,16.05.2024 21:39:25
0,159.00,848,908,12.60,69.90,0,0.66,16.05.2024 21:39:27
0,160.13,854,907,12.62,69.92,0,0.75,16.05.2024 21:39:29
0,161.63,862,907,12.60,69.91,0,0.87,16.05.2024 21:39:31
0,158.44,845,907,12.62,69.91,0,0.61,16.05.2024 21:39:34
0,160.50,856,907,12.62,69.93,0,0.77,16.05.2024 21:39:36
0,157.50,840,908,12.60,69.93,0,0.54,16.05.2024 21:39:38
0,160.13,854,908,12.62,69.93,0,0.75,16.05.2024 21:39:40
0,160.69,857,908,12.60,69.93,0,0.79,16.05.2024 21:39:42
0,159.94,853,908,12.60,69.93,0,0.73,16.05.2024 21:39:44
0,157.88,842,908,12.59,69.92,0,0.58,16.05.2024 21:39:46
0,159.38,850,908,12.62,69.94,0,0.69,16.05.2024 21:39:48
0,160.50,856,908,12.63,69.94,0,0.77,16.05.2024 21:39:51
0,158.25,844,907,12.60,69.89,0,0.60,16.05.2024 21:39:53
0,160.31,855,907,12.60,69.91,0,0.76,16.05.2024 21:39:55
0,156.75,836,907,12.60,69.92,0,0.49,16.05.2024 21:39:57
0,160.88,858,907,12.62,69.89,0,0.81,16.05.2024 21:39:59
0,156.56,835,907,12.59,69.90,0,0.48,16.05.2024 21:40:01
0,158.81,847,906,12.60,69.94,0,0.64,16.05.2024 21:40:03
0,159.75,852,906,12.59,69.91,0,0.72,16.05.2024 21:40:05
0,157.88,842,906,12.59,69.92,0,0.58,16.05.2024 21:40:08
0,160.31,855,906,12.57,69.91,0,0.77,16.05.2024 21:40:10
0,159.00,848,906,12.60,69.94,0,0.66,16.05.2024 21:40:12
0,161.63,862,906,12.60,69.90,0,0.87,16.05.2024 21:40:14
0,157.50,840,906,12.60,69.92,0,0.54,16.05.2024 21:40:16
0,159.19,849,906,12.57,69.90,0,0.68,16.05.2024 21:40:18
0,162.56,867,906,12.62,69.91,0,0.94,16.05.2024 21:40:20
0,160.69,857,905,12.59,69.94,0,0.80,16.05.2024 21:40:22
0,161.25,860,906,12.59,69.91,0,0.84,16.05.2024 21:40:25
0,157.69,841,906,12.60,69.92,0,0.56,16.05.2024 21:40:27
0,158.81,847,906,12.59,69.92,0,0.65,16.05.2024 21:40:29
0,159.75,852,906,12.59,69.90,0,0.72,16.05.2024 21:40:31
0,159.75,852,906,12.60,69.88,0,0.72,16.05.2024 21:40:33
0,159.56,851,906,12.62,69.92,0,0.70,16.05.2024 21:40:35
0,159.38,850,906,12.59,69.89,0,0.69,16.05.2024 21:40:37
0,158.44,845,906,12.56,69.92,0,0.63,16.05.2024 21:40:39
0,161.44,861,906,12.60,69.91,0,0.85,16.05.2024 21:40:42
0,159.00,848,906,12.59,69.92,0,0.66,16.05.2024 21:40:44
0,158.25,844,906,12.59,69.90,0,0.61,16.05.2024 21:40:46
0,163.50,872,906,12.59,69.88,0,1.03,16.05.2024 21:40:48
0,159.19,849,905,12.57,69.87,0,0.68,16.05.2024 21:40:50
0,157.69,841,905,12.59,69.91,0,0.56,16.05.2024 21:40:52
0,156.38,834,905,12.59,69.92,0,0.46,16.05.2024 21:40:54
0,158.06,843,904,12.57,69.92,0,0.59,16.05.2024 21:40:56
0,157.69,841,904,12.60,69.88,0,0.56,16.05.2024 21:40:58
0,160.13,854,904,12.59,69.90,0,0.75,16.05.2024 21:41:01
0,159.75,852,904,12.57,69.89,0,0.73,16.05.2024 21:41:05
0,157.69,841,904,12.59,69.91,0,0.56,16.05.2024 21:41:07
0,158.25,844,904,12.60,69.90,0,0.60,16.05.2024 21:41:09
0,156.75,836,904,12.59,69.91,0,0.49,16.05.2024 21:41:11
0,154.88,826,904,12.56,69.89,0,0.36,16.05.2024 21:41:13
0,155.25,828,904,12.60,69.91,0,0.38,16.05.2024 21:41:15
0,157.31,839,904,12.59,69.92,0,0.53,16.05.2024 21:41:17
0,152.81,815,904,12.60,69.92,0,0.20,16.05.2024 21:41:20
0,159.00,848,904,12.57,69.91,0,0.67,16.05.2024 21:41:22
0,159.56,851,904,12.59,69.90,0,0.71,16.05.2024 21:41:24
0,156.94,837,904,12.57,69.91,0,0.51,16.05.2024 21:41:26
0,161.63,862,904,12.56,69.91,0,0.88,16.05.2024 21:41:28
0,157.69,841,904,12.59,69.91,0,0.56,16.05.2024 21:41:30
0,157.69,841,904,12.57,69.90,0,0.57,16.05.2024 21:41:32
0,159.38,850,905,12.57,69.91,0,0.70,16.05.2024 21:41:34
0,156.19,833,905,12.57,69.93,0,0.45,16.05.2024 21:41:37
0,160.31,855,905,12.57,69.91,0,0.77,16.05.2024 21:41:39
0,159.38,850,906,12.56,69.91,0,0.70,16.05.2024 21:41:41
0,161.81,863,906,12.59,69.89,0,0.89,16.05.2024 21:41:43
0,161.25,860,906,12.57,69.91,0,0.85,16.05.2024 21:41:45
0,157.88,842,906,12.56,69.91,0,0.58,16.05.2024 21:41:47
0,159.75,852,906,12.56,69.91,0,0.73,16.05.2024 21:41:49
0,159.38,850,906,12.57,69.91,0,0.70,16.05.2024 21:41:51
0,158.63,846,906,12.57,69.92,0,0.64,16.05.2024 21:41:54
0,162.00,864,906,12.57,69.93,0,0.91,16.05.2024 21:41:56
0,161.81,863,906,12.57,69.95,0,0.89,16.05.2024 21:41:58
0,157.13,838,906,12.56,69.92,0,0.52,16.05.2024 21:42:00
0,161.06,859,906,12.57,69.92,0,0.83,16.05.2024 21:42:02
0,158.25,844,906,12.57,69.91,0,0.61,16.05.2024 21:42:04
0,158.81,847,906,12.57,69.95,0,0.65,16.05.2024 21:42:06
0,161.81,863,906,12.57,69.93,0,0.89,16.05.2024 21:42:08
0,158.44,845,906,12.56,69.93,0,0.62,16.05.2024 21:42:11
0,158.63,846,906,12.56,69.94,0,0.64,16.05.2024 21:42:13
0,157.50,840,906,12.57,69.94,0,0.55,16.05.2024 21:42:15
0,158.06,843,906,12.55,69.92,0,0.60,16.05.2024 21:42:17
0,159.75,852,907,12.56,69.93,0,0.73,16.05.2024 21:42:19
0,157.69,841,907,12.55,69.93,0,0.57,16.05.2024 21:42:21
0,160.69,857,907,12.57,69.96,0,0.80,16.05.2024 21:42:23
0,157.69,841,907,12.56,69.91,0,0.57,16.05.2024 21:42:25
0,162.94,869,907,12.59,69.92,0,0.98,16.05.2024 21:42:27
0,156.75,836,907,12.56,69.96,0,0.49,16.05.2024 21:42:30
0,160.88,858,907,12.57,69.90,0,0.82,16.05.2024 21:42:32
0,161.44,861,908,12.56,69.92,0,0.86,16.05.2024 21:42:34
0,161.63,862,908,12.56,69.95,0,0.88,16.05.2024 21:42:36
0,160.31,855,909,12.56,69.93,0,0.77,16.05.2024 21:42:38
0,160.13,854,909,12.59,69.92,0,0.75,16.05.2024 21:42:40
0,157.88,842,909,12.56,69.91,0,0.58,16.05.2024 21:42:42
0,160.13,854,909,12.56,69.93,0,0.76,16.05.2024 21:42:44
0,160.69,857,909,12.56,69.90,0,0.80,16.05.2024 21:42:47
0,160.31,855,909,12.53,69.91,0,0.78,16.05.2024 21:42:49
0,159.94,853,909,12.56,69.95,0,0.74,16.05.2024 21:42:51
0,156.19,833,910,12.55,69.94,0,0.46,16.05.2024 21:42:53
0,160.69,857,910,12.57,69.93,0,0.80,16.05.2024 21:42:55
0,159.00,848,910,12.55,69.94,0,0.67,16.05.2024 21:42:57
0,160.69,857,910,12.56,69.95,0,0.80,16.05.2024 21:42:59
0,159.56,851,910,12.55,69.96,0,0.71,16.05.2024 21:43:01
0,162.75,868,910,12.56,69.93,0,0.97,16.05.2024 21:43:04
0,161.06,859,910,12.55,69.93,0,0.83,16.05.2024 21:43:06
0,157.69,841,910,12.55,69.93,0,0.57,16.05.2024 21:43:08
0,155.63,830,911,12.55,69.93,0,0.41,16.05.2024 21:43:10
0,159.75,852,911,12.55,69.94,0,0.73,16.05.2024 21:43:12
0,158.63,846,911,12.56,69.95,0,0.64,16.05.2024 21:43:14
0,159.00,848,911,12.56,69.93,0,0.67,16.05.2024 21:43:16
0,159.56,851,910,12.55,69.94,0,0.71,16.05.2024 21:43:18
0,160.13,854,910,12.56,69.94,0,0.76,16.05.2024 21:43:21
0,161.25,860,910,12.59,69.92,0,0.84,16.05.2024 21:43:23
0,161.44,861,910,12.55,69.92,0,0.87,16.05.2024 21:43:25
0,158.63,846,910,12.55,69.93,0,0.64,16.05.2024 21:43:27
0,160.50,856,910,12.55,69.93,0,0.79,16.05.2024 21:43:29
0,157.69,841,911,12.56,69.93,0,0.57,16.05.2024 21:43:31
0,163.13,870,911,12.56,69.96,0,1.00,16.05.2024 21:43:35
0,159.38,850,911,12.57,69.96,0,0.69,16.05.2024 21:43:37
0,160.50,856,911,12.55,69.96,0,0.79,16.05.2024 21:43:40
0,154.50,824,911,12.55,69.94,0,0.33,16.05.2024 21:43:42
0,158.06,843,912,12.56,69.94,0,0.60,16.05.2024 21:43:44
0,157.31,839,912,12.55,69.93,0,0.54,16.05.2024 21:43:46
0,159.00,848,912,12.56,69.96,0,0.67,16.05.2024 21:43:48
0,159.00,848,913,12.55,69.93,0,0.67,16.05.2024 21:43:50
0,153.75,820,913,12.55,69.94,0,0.28,16.05.2024 21:43:52
0,155.06,827,913,12.55,69.94,0,0.37,16.05.2024 21:43:54
0,159.00,848,913,12.53,69.94,0,0.67,16.05.2024 21:43:57
0,153.38,818,913,12.55,69.95,0,0.25,16.05.2024 21:43:59
0,157.31,839,913,12.55,69.92,0,0.54,16.05.2024 21:44:01
0,157.13,838,914,12.55,69.95,0,0.53,16.05.2024 21:44:03
0,161.25,860,914,12.52,69.96,0,0.85,16.05.2024 21:44:05
0,160.13,854,915,12.55,69.94,0,0.76,16.05.2024 21:44:07
0,160.13,854,914,12.56,69.96,0,0.76,16.05.2024 21:44:09
0,159.75,852,914,12.53,69.95,0,0.73,16.05.2024 21:44:11
0,159.75,852,914,12.56,69.98,0,0.73,16.05.2024 21:44:13
0,160.50,856,914,12.53,69.95,0,0.79,16.05.2024 21:44:16
0,163.88,874,914,12.55,69.93,0,1.07,16.05.2024 21:44:18
0,155.25,828,914,12.55,69.95,0,0.39,16.05.2024 21:44:20
0,163.13,870,914,12.53,69.96,0,1.01,16.05.2024 21:44:22
0,161.25,860,914,12.53,69.99,0,0.85,16.05.2024 21:44:24
0,157.69,841,914,12.53,69.97,0,0.57,16.05.2024 21:44:26
0,159.75,852,914,12.53,69.98,0,0.73,16.05.2024 21:44:28
0,159.38,850,914,12.55,69.97,0,0.70,16.05.2024 21:44:30
0,159.94,853,914,12.53,69.99,0,0.75,16.05.2024 21:44:33
0,157.88,842,914,12.56,69.98,0,0.58,16.05.2024 21:44:35
0,161.25,860,914,12.52,70.00,0,0.85,16.05.2024 21:44:37
0,159.56,851,914,12.53,69.94,0,0.72,16.05.2024 21:44:39
0,161.44,861,914,12.55,69.95,0,0.86,16.05.2024 21:44:41
0,159.38,850,914,12.56,69.98,0,0.70,16.05.2024 21:44:43
0,156.00,832,914,12.53,69.97,0,0.44,16.05.2024 21:44:45
0,159.19,849,914,12.53,69.95,0,0.69,16.05.2024 21:44:47
0,160.31,855,913,12.55,69.99,0,0.77,16.05.2024 21:44:50
0,160.13,854,913,12.55,69.98,0,0.76,16.05.2024 21:44:52
0,161.25,860,913,12.55,69.97,0,0.85,16.05.2024 21:44:54
0,158.25,844,913,12.55,69.98,0,0.61,16.05.2024 21:44:56
0,159.75,852,914,12.55,70.00,0,0.73,16.05.2024 21:44:58
0,159.56,851,914,12.55,69.97,0,0.71,16.05.2024 21:45:00
0,160.31,855,914,12.53,69.99,0,0.77,16.05.2024 21:45:02
0,159.56,851,915,12.55,69.97,0,0.71,16.05.2024 21:45:04
0,159.19,849,915,12.51,69.97,0,0.69,16.05.2024 21:45:07
0,158.06,843,914,12.53,70.00,0,0.60,16.05.2024 21:45:09
0,158.81,847,914,12.53,69.96,0,0.66,16.05.2024 21:45:11
0,161.06,859,914,12.55,69.99,0,0.83,16.05.2024 21:45:13
0,163.13,870,914,12.55,70.01,0,1.00,16.05.2024 21:45:15
0,161.06,859,914,12.53,69.97,0,0.84,16.05.2024 21:45:17
0,156.56,835,914,12.52,69.96,0,0.49,16.05.2024 21:45:19
0,158.44,845,914,12.51,69.99,0,0.63,16.05.2024 21:45:21
0,161.06,859,914,12.52,69.99,0,0.84,16.05.2024 21:45:24
0,156.94,837,914,12.53,69.97,0,0.51,16.05.2024 21:45:26
0,158.63,846,914,12.56,69.96,0,0.64,16.05.2024 21:45:28
0,160.69,857,914,12.52,69.99,0,0.81,16.05.2024 21:45:30
0,159.75,852,914,12.53,69.97,0,0.73,16.05.2024 21:45:32
0,161.81,863,914,12.53,69.99,0,0.90,16.05.2024 21:45:34
0,158.06,843,914,12.53,70.03,0,0.60,16.05.2024 21:45:36
0,158.44,845,914,12.52,69.94,0,0.63,16.05.2024 21:45:38
0,159.56,851,914,12.55,70.02,0,0.71,16.05.2024 21:45:40
0,159.00,848,914,12.53,70.01,0,0.67,16.05.2024 21:45:43
0,158.06,843,913,12.52,70.00,0,0.60,16.05.2024 21:45:45
0,159.94,853,913,12.52,69.99,0,0.75,16.05.2024 21:45:47
0,158.63,846,913,12.52,69.99,0,0.64,16.05.2024 21:45:49
0,160.13,854,912,12.52,70.00,0,0.76,16.05.2024 21:45:51
0,159.19,849,912,12.52,69.98,0,0.69,16.05.2024 21:45:53
0,158.25,844,912,12.52,70.02,0,0.61,16.05.2024 21:45:55
0,159.19,849,912,12.52,69.99,0,0.69,16.05.2024 21:45:57
0,158.06,843,912,12.51,69.96,0,0.61,16.05.2024 21:46:00
0,157.69,841,912,12.53,69.99,0,0.57,16.05.2024 21:46:04
0,161.81,863,912,12.52,70.00,0,0.90,16.05.2024 21:46:06
0,156.00,832,911,12.49,69.97,0,0.45,16.05.2024 21:46:08
0,158.63,846,911,12.52,69.99,0,0.64,16.05.2024 21:46:10
0,153.00,816,911,12.53,69.98,0,0.22,16.05.2024 21:46:12
0,159.38,850,911,12.53,69.98,0,0.70,16.05.2024 21:46:14
0,156.19,833,911,12.52,69.99,0,0.46,16.05.2024 21:46:16
0,159.38,850,911,12.52,70.02,0,0.70,16.05.2024 21:46:19
0,158.81,847,911,12.51,69.94,0,0.66,16.05.2024 21:46:21
0,156.94,837,911,12.53,70.01,0,0.51,16.05.2024 21:46:23
0,156.38,834,911,12.53,70.00,0,0.47,16.05.2024 21:46:25
0,159.00,848,911,12.51,70.00,0,0.68,16.05.2024 21:46:27
0,156.19,833,911,12.52,70.03,0,0.46,16.05.2024 21:46:29
0,155.81,831,911,12.52,70.01,0,0.43,16.05.2024 21:46:31
0,159.38,850,912,12.51,69.99,0,0.71,16.05.2024 21:46:33
0,158.25,844,911,12.53,70.01,0,0.61,16.05.2024 21:46:36
0,158.63,846,912,12.53,70.02,0,0.64,16.05.2024 21:46:38
0,158.44,845,912,12.53,70.01,0,0.63,16.05.2024 21:46:40
0,160.31,855,912,12.52,69.99,0,0.78,16.05.2024 21:46:42
0,157.88,842,912,12.52,69.99,0,0.59,16.05.2024 21:46:44
0,161.44,861,912,12.53,70.03,0,0.86,16.05.2024 21:46:46
0,162.75,868,913,12.52,70.01,0,0.98,16.05.2024 21:46:48
0,164.06,875,912,12.53,70.01,0,1.08,16.05.2024 21:46:50
0,160.69,857,913,12.53,70.03,0,0.80,16.05.2024 21:46:53
0,163.88,874,913,12.53,70.00,0,1.07,16.05.2024 21:46:55
0,160.13,854,912,12.51,70.03,0,0.76,16.05.2024 21:46:57
0,158.63,846,912,12.52,70.04,0,0.64,16.05.2024 21:46:59
0,162.94,869,913,12.51,70.01,0,0.99,16.05.2024 21:47:01
0,160.88,858,913,12.52,70.00,0,0.82,16.05.2024 21:47:03
0,157.69,841,913,12.51,70.03,0,0.57,16.05.2024 21:47:05
0,162.19,865,913,12.51,70.03,0,0.93,16.05.2024 21:47:07
0,157.50,840,912,12.49,70.03,0,0.56,16.05.2024 21:47:09
0,162.38,866,912,12.51,70.06,0,0.95,16.05.2024 21:47:12
0,164.44,877,912,12.51,70.04,0,1.12,16.05.2024 21:47:14
0,164.06,875,912,12.53,70.05,0,1.08,16.05.2024 21:47:16
0,161.63,862,912,12.51,70.04,0,0.88,16.05.2024 21:47:18
0,158.25,844,911,12.51,70.07,0,0.62,16.05.2024 21:47:20
0,158.06,843,912,12.53,70.03,0,0.60,16.05.2024 21:47:22
0,157.31,839,911,12.51,70.06,0,0.54,16.05.2024 21:47:24
0,160.88,858,910,12.49,70.03,0,0.83,16.05.2024 21:47:26
0,159.19,849,910,12.49,70.02,0,0.69,16.05.2024 21:47:29
0,159.94,853,910,12.49,70.04,0,0.75,16.05.2024 21:47:31
0,164.06,875,910,12.52,70.03,0,1.08,16.05.2024 21:47:33
0,160.88,858,910,12.51,70.07,0,0.82,16.05.2024 21:47:35
0,162.75,868,911,12.52,70.05,0,0.97,16.05.2024 21:47:37
0,159.19,849,911,12.51,70.05,0,0.69,16.05.2024 21:47:39
0,160.31,855,910,12.51,70.05,0,0.78,16.05.2024 21:47:41
0,162.00,864,910,12.51,70.04,0,0.92,16.05.2024 21:47:43
0,160.88,858,910,12.49,70.05,0,0.83,16.05.2024 21:47:46
0,159.56,851,910,12.49,70.04,0,0.72,16.05.2024 21:47:48
0,159.00,848,909,12.49,70.04,0,0.68,16.05.2024 21:47:50
0,160.13,854,909,12.49,70.05,0,0.77,16.05.2024 21:47:52
0,159.56,851,909,12.53,70.05,0,0.71,16.05.2024 21:47:54
0,158.44,845,910,12.53,70.07,0,0.62,16.05.2024 21:47:56
0,161.25,860,909,12.51,70.07,0,0.85,16.05.2024 21:47:58
0,159.75,852,908,12.52,70.06,0,0.73,16.05.2024 21:48:00
0,160.50,856,909,12.51,70.04,0,0.79,16.05.2024 21:48:03
0,163.13,870,910,12.52,70.07,0,1.00,16.05.2024 21:48:05
0,162.19,865,911,12.52,70.06,0,0.93,16.05.2024 21:48:07
0,159.94,853,911,12.51,70.08,0,0.75,16.05.2024 21:48:09
0,160.13,854,912,12.52,70.07,0,0.76,16.05.2024 21:48:11
0,156.75,836,912,12.52,70.09,0,0.50,16.05.2024 21:48:13
0,160.69,857,911,12.52,70.04,0,0.81,16.05.2024 21:48:15
0,156.38,834,911,12.49,70.05,0,0.48,16.05.2024 21:48:17
0,159.38,850,910,12.49,70.05,0,0.71,16.05.2024 21:48:20
0,158.81,847,910,12.49,70.08,0,0.66,16.05.2024 21:48:22
0,152.81,815,910,12.51,70.06,0,0.21,16.05.2024 21:48:24
0,159.19,849,912,12.51,70.05,0,0.69,16.05.2024 21:48:26
0,156.56,835,910,12.52,70.07,0,0.48,16.05.2024 21:48:30
0,157.69,841,910,12.53,70.06,0,0.57,16.05.2024 21:48:32
0,158.63,846,910,12.51,70.05,0,0.65,16.05.2024 21:48:34
0,158.81,847,909,12.49,70.08,0,0.66,16.05.2024 21:48:36
0,156.19,833,909,12.51,70.07,0,0.46,16.05.2024 21:48:39
0,156.56,835,909,12.49,70.05,0,0.49,16.05.2024 21:48:41
0,155.44,829,909,12.49,70.08,0,0.41,16.05.2024 21:48:43
0,157.13,838,909,12.49,70.06,0,0.53,16.05.2024 21:48:45
0,158.06,843,909,12.51,70.06,0,0.60,16.05.2024 21:48:47
0,156.56,835,908,12.51,70.09,0,0.49,16.05.2024 21:48:49
0,156.38,834,909,12.51,70.09,0,0.47,16.05.2024 21:48:51
0,158.44,845,909,12.51,70.07,0,0.63,16.05.2024 21:48:53
0,157.69,841,910,12.51,70.10,0,0.57,16.05.2024 21:48:55
0,159.56,851,909,12.51,70.10,0,0.72,16.05.2024 21:48:58
0,158.25,844,909,12.51,70.07,0,0.62,16.05.2024 21:49:00
0,156.56,835,909,12.49,70.08,0,0.49,16.05.2024 21:49:02
0,156.00,832,908,12.48,70.04,0,0.45,16.05.2024 21:49:04
0,159.38,850,908,12.51,70.09,0,0.70,16.05.2024 21:49:06
0,158.44,845,908,12.49,70.09,0,0.63,16.05.2024 21:49:08
0,160.88,858,908,12.48,70.06,0,0.83,16.05.2024 21:49:10
0,160.69,857,907,12.48,70.08,0,0.81,16.05.2024 21:49:12
0,159.56,851,907,12.49,70.06,0,0.72,16.05.2024 21:49:15
0,158.44,845,907,12.48,70.12,0,0.63,16.05.2024 21:49:17
0,159.94,853,907,12.48,70.10,0,0.75,16.05.2024 21:49:19
0,161.44,861,909,12.51,70.08,0,0.87,16.05.2024 21:49:21
0,162.38,866,910,12.49,70.08,0,0.95,16.05.2024 21:49:23
0,157.69,841,910,12.49,70.09,0,0.57,16.05.2024 21:49:25
0,161.25,860,911,12.49,70.11,0,0.85,16.05.2024 21:49:27
0,161.06,859,911,12.51,70.09,0,0.84,16.05.2024 21:49:29
0,159.00,848,912,12.48,70.11,0,0.68,16.05.2024 21:49:32
0,160.31,855,912,12.49,70.10,0,0.78,16.05.2024 21:49:34
0,160.50,856,912,12.49,70.09,0,0.79,16.05.2024 21:49:36
0,159.94,853,913,12.48,70.09,0,0.75,16.05.2024 21:49:38
0,160.13,854,912,12.49,70.08,0,0.76,16.05.2024 21:49:40
0,157.88,842,911,12.49,70.09,0,0.59,16.05.2024 21:49:42
0,158.81,847,912,12.49,70.10,0,0.66,16.05.2024 21:49:44
0,161.63,862,912,12.49,70.10,0,0.88,16.05.2024 21:49:46
0,162.00,864,912,12.51,70.11,0,0.91,16.05.2024 21:49:49
0,158.81,847,912,12.49,70.11,0,0.66,16.05.2024 21:49:51
0,158.81,847,912,12.49,70.11,0,0.66,16.05.2024 21:49:53
0,162.38,866,911,12.48,70.14,0,0.95,16.05.2024 21:49:55
0,157.31,839,912,12.49,70.14,0,0.54,16.05.2024 21:49:57
0,158.25,844,912,12.49,70.12,0,0.62,16.05.2024 21:49:59
0,162.00,864,912,12.51,70.14,0,0.91,16.05.2024 21:50:01
0,157.88,842,912,12.51,70.09,0,0.59,16.05.2024 21:50:03
0,158.81,847,913,12.48,70.11,0,0.66,16.05.2024 21:50:06
0,159.38,850,912,12.51,70.11,0,0.70,16.05.2024 21:50:08
0,157.69,841,912,12.51,70.09,0,0.57,16.05.2024 21:50:10
0,160.50,856,912,12.48,70.12,0,0.80,16.05.2024 21:50:12
0,159.19,849,912,12.49,70.12,0,0.69,16.05.2024 21:50:14
0,159.56,851,912,12.49,70.12,0,0.72,16.05.2024 21:50:16
0,157.31,839,912,12.49,70.15,0,0.54,16.05.2024 21:50:18
0,160.13,854,913,12.48,70.11,0,0.77,16.05.2024 21:50:20
0,160.50,856,913,12.51,70.10,0,0.79,16.05.2024 21:50:23
0,160.13,854,913,12.49,70.12,0,0.76,16.05.2024 21:50:25
0,158.25,844,912,12.48,70.14,0,0.62,16.05.2024 21:50:27
0,158.44,845,912,12.49,70.14,0,0.63,16.05.2024 21:50:29
0,162.19,865,912,12.49,70.13,0,0.93,16.05.2024 21:50:31
0,159.75,852,912,12.49,70.12,0,0.73,16.05.2024 21:50:33
0,156.94,837,912,12.48,70.12,0,0.52,16.05.2024 21:50:35
0,158.44,845,912,12.46,70.09,0,0.64,16.05.2024 21:50:37
0,157.13,838,912,12.46,70.14,0,0.53,16.05.2024 21:50:40
0,159.56,851,911,12.49,70.15,0,0.72,16.05.2024 21:50:42
0,159.56,851,911,12.48,70.11,0,0.72,16.05.2024 21:50:44
0,156.75,836,911,12.48,70.14,0,0.50,16.05.2024 21:50:46
0,159.56,851,911,12.46,70.11,0,0.72,16.05.2024 21:50:48
0,157.31,839,910,12.49,70.11,0,0.54,16.05.2024 21:50:50
0,158.44,845,910,12.48,70.12,0,0.63,16.05.2024 21:50:52
0,156.94,837,910,12.49,70.13,0,0.52,16.05.2024 21:50:54
0,161.06,859,910,12.46,70.10,0,0.84,16.05.2024 21:50:56
0,162.75,868,910,12.51,70.11,0,0.97,16.05.2024 21:50:59
0,162.75,868,910,12.48,70.14,0,0.98,16.05.2024 21:51:01
0,156.56,835,910,12.48,70.14,0,0.49,16.05.2024 21:51:03
0,156.75,836,910,12.51,70.14,0,0.50,16.05.2024 21:51:07
0,161.06,859,911,12.49,70.14,0,0.84,16.05.2024 21:51:09
0,161.06,859,911,12.46,70.13,0,0.84,16.05.2024 21:51:11
0,157.13,838,910,12.46,70.14,0,0.53,16.05.2024 21:51:13
0,155.81,831,910,12.51,70.17,0,0.43,16.05.2024 21:51:15
0,149.44,797,911,12.46,70.14,0,-0.01,16.05.2024 21:51:18
0,159.00,848,910,12.49,70.16,0,0.67,16.05.2024 21:51:20
0,158.25,844,911,12.46,70.14,0,0.62,16.05.2024 21:51:22
0,156.19,833,911,12.49,70.17,0,0.46,16.05.2024 21:51:24
0,158.81,847,911,12.51,70.14,0,0.66,16.05.2024 21:51:26
0,156.75,836,911,12.49,70.17,0,0.50,16.05.2024 21:51:28
0,161.06,859,912,12.51,70.15,0,0.83,16.05.2024 21:51:30
0,157.88,842,911,12.48,70.18,0,0.59,16.05.2024 21:51:32
0,155.06,827,911,12.48,70.14,0,0.38,16.05.2024 21:51:35
0,159.75,852,911,12.48,70.14,0,0.74,16.05.2024 21:51:37
0,158.44,845,911,12.49,70.15,0,0.63,16.05.2024 21:51:39
0,156.19,833,911,12.49,70.17,0,0.46,16.05.2024 21:51:41
0,162.19,865,911,12.46,70.14,0,0.93,16.05.2024 21:51:43
0,159.19,849,912,12.48,70.16,0,0.69,16.05.2024 21:51:45
0,161.25,860,912,12.49,70.19,0,0.85,16.05.2024 21:51:47
0,162.00,864,912,12.49,70.17,0,0.91,16.05.2024 21:51:49
0,158.25,844,913,12.48,70.16,0,0.62,16.05.2024 21:51:52
0,161.25,860,912,12.49,70.15,0,0.85,16.05.2024 21:51:54
0,158.63,846,913,12.49,70.20,0,0.64,16.05.2024 21:51:56
0,160.50,856,913,12.48,70.16,0,0.79,16.05.2024 21:51:58
0,161.25,860,914,12.48,70.14,0,0.85,16.05.2024 21:52:00
0,159.56,851,913,12.49,70.18,0,0.72,16.05.2024 21:52:02
0,163.69,873,913,12.49,70.20,0,1.05,16.05.2024 21:52:04
0,160.31,855,913,12.46,70.19,0,0.78,16.05.2024 21:52:06
0,162.75,868,913,12.46,70.16,0,0.98,16.05.2024 21:52:09
0,158.06,843,913,12.46,70.17,0,0.61,16.05.2024 21:52:11
0,158.44,845,913,12.48,70.19,0,0.63,16.05.2024 21:52:13
0,158.81,847,913,12.46,70.17,0,0.66,16.05.2024 21:52:15
0,159.00,848,913,12.46,70.17,0,0.68,16.05.2024 21:52:17
0,160.88,858,913,12.48,70.22,0,0.82,16.05.2024 21:52:19
0,162.19,865,913,12.48,70.17,0,0.93,16.05.2024 21:52:21
0,159.38,850,914,12.48,70.17,0,0.70,16.05.2024 21:52:23
0,157.88,842,913,12.46,70.17,0,0.59,16.05.2024 21:52:25
0,161.25,860,913,12.48,70.18,0,0.85,16.05.2024 21:52:28
0,158.25,844,913,12.44,70.18,0,0.62,16.05.2024 21:52:30
0,159.56,851,914,12.48,70.16,0,0.72,16.05.2024 21:52:32
0,159.38,850,914,12.49,70.20,0,0.70,16.05.2024 21:52:34
0,158.63,846,914,12.46,70.17,0,0.65,16.05.2024 21:52:36
0,159.00,848,914,12.49,70.19,0,0.67,16.05.2024 21:52:38
0,163.88,874,914,12.49,70.17,0,1.07,16.05.2024 21:52:40
0,156.38,834,915,12.45,70.18,0,0.48,16.05.2024 21:52:42
0,161.06,859,914,12.49,70.20,0,0.83,16.05.2024 21:52:45
0,162.19,865,914,12.48,70.16,0,0.93,16.05.2024 21:52:47
0,162.75,868,914,12.48,70.21,0,0.97,16.05.2024 21:52:49
0,159.19,849,914,12.49,70.20,0,0.69,16.05.2024 21:52:51
0,162.56,867,914,12.48,70.19,0,0.96,16.05.2024 21:52:53
0,160.88,858,914,12.46,70.21,0,0.83,16.05.2024 21:52:55
0,161.44,861,915,12.45,70.18,0,0.87,16.05.2024 21:52:57
0,158.25,844,915,12.48,70.16,0,0.62,16.05.2024 21:52:59
0,159.56,851,915,12.48,70.20,0,0.72,16.05.2024 21:53:02
0,162.19,865,915,12.46,70.21,0,0.93,16.05.2024 21:53:04
0,155.81,831,915,12.45,70.18,0,0.44,16.05.2024 21:53:06
0,162.38,866,916,12.46,70.21,0,0.95,16.05.2024 21:53:08
0,162.00,864,915,12.48,70.20,0,0.91,16.05.2024 21:53:10
0,160.88,858,915,12.48,70.20,0,0.82,16.05.2024 21:53:12
0,161.44,861,916,12.48,70.18,0,0.87,16.05.2024 21:53:14
0,160.31,855,915,12.46,70.15,0,0.78,16.05.2024 21:53:16
0,159.00,848,915,12.48,70.17,0,0.67,16.05.2024 21:53:19
0,160.88,858,916,12.48,70.18,0,0.82,16.05.2024 21:53:21
0,156.75,836,915,12.49,70.20,0,0.50,16.05.2024 21:53:23
0,157.50,840,916,12.49,70.20,0,0.55,16.05.2024 21:53:25
0,160.50,856,916,12.46,70.20,0,0.80,16.05.2024 21:53:27
0,161.81,863,916,12.48,70.21,0,0.90,16.05.2024 21:53:29
0,159.38,850,916,12.48,70.21,0,0.70,16.05.2024 21:53:31
0,159.38,850,916,12.48,70.20,0,0.70,16.05.2024 21:53:33
0,158.81,847,916,12.46,70.20,0,0.66,16.05.2024 21:53:36
0,158.63,846,916,12.46,70.19,0,0.65,16.05.2024 21:53:40
0,156.94,837,916,12.49,70.20,0,0.51,16.05.2024 21:53:42
0,157.13,838,916,12.49,70.23,0,0.53,16.05.2024 21:53:44
0,159.00,848,915,12.46,70.18,0,0.68,16.05.2024 21:53:46
0,157.31,839,916,12.48,70.20,0,0.54,16.05.2024 21:53:48
0,156.19,833,915,12.46,70.20,0,0.46,16.05.2024 21:53:50
0,155.81,831,915,12.45,70.16,0,0.44,16.05.2024 21:53:52
0,157.69,841,916,12.46,70.19,0,0.58,16.05.2024 21:53:54
0,157.88,842,915,12.48,70.22,0,0.59,16.05.2024 21:53:57
0,156.94,837,915,12.46,70.20,0,0.52,16.05.2024 21:53:59
0,156.38,834,915,12.46,70.24,0,0.47,16.05.2024 21:54:01
0,158.63,846,915,12.45,70.19,0,0.65,16.05.2024 21:54:03
0,158.06,843,915,12.45,70.18,0,0.61,16.05.2024 21:54:05
0,158.25,844,915,12.46,70.23,0,0.62,16.05.2024 21:54:07
0,158.25,844,915,12.46,70.20,0,0.62,16.05.2024 21:54:09
0,158.81,847,916,12.46,70.23,0,0.66,16.05.2024 21:54:11
0,154.50,824,916,12.48,70.21,0,0.33,16.05.2024 21:54:14
0,160.50,856,916,12.48,70.22,0,0.79,16.05.2024 21:54:16
0,160.50,856,915,12.46,70.22,0,0.79,16.05.2024 21:54:18
0,160.13,854,915,12.48,70.20,0,0.76,16.05.2024 21:54:20
0,160.13,854,915,12.45,70.24,0,0.77,16.05.2024 21:54:22
0,163.50,872,915,12.45,70.22,0,1.04,16.05.2024 21:54:24
0,159.56,851,915,12.46,70.24,0,0.72,16.05.2024 21:54:26
0,160.13,854,915,12.45,70.21,0,0.77,16.05.2024 21:54:28
0,160.13,854,915,12.48,70.23,0,0.76,16.05.2024 21:54:31
0,159.75,852,915,12.46,70.25,0,0.73,16.05.2024 21:54:33
0,159.75,852,915,12.46,70.25,0,0.73,16.05.2024 21:54:35
0,161.06,859,915,12.46,70.25,0,0.84,16.05.2024 21:54:37
0,160.50,856,915,12.45,70.23,0,0.80,16.05.2024 21:54:39
0,155.63,830,915,12.48,70.24,0,0.42,16.05.2024 21:54:41
0,162.19,865,915,12.48,70.25,0,0.93,16.05.2024 21:54:43
0,158.81,847,915,12.48,70.26,0,0.66,16.05.2024 21:54:45
0,158.81,847,916,12.44,70.25,0,0.67,16.05.2024 21:54:48
0,159.75,852,915,12.46,70.22,0,0.73,16.05.2024 21:54:50
0,160.13,854,915,12.46,70.25,0,0.76,16.05.2024 21:54:52
0,160.50,856,915,12.48,70.24,0,0.79,16.05.2024 21:54:54
0,160.88,858,916,12.48,70.24,0,0.82,16.05.2024 21:54:56
0,162.75,868,916,12.45,70.23,0,0.98,16.05.2024 21:54:58
0,161.81,863,916,12.45,70.24,0,0.90,16.05.2024 21:55:00
0,160.13,854,915,12.45,70.26,0,0.77,16.05.2024 21:55:02
0,160.88,858,915,12.46,70.25,0,0.82,16.05.2024 21:55:05
0,161.25,860,916,12.46,70.27,0,0.85,16.05.2024 21:55:07
0,157.88,842,915,12.46,70.25,0,0.59,16.05.2024 21:55:09
0,159.38,850,915,12.46,70.22,0,0.71,16.05.2024 21:55:11
0,160.50,856,915,12.46,70.25,0,0.79,16.05.2024 21:55:13
0,159.38,850,915,12.45,70.27,0,0.71,16.05.2024 21:55:15
0,160.13,854,914,12.46,70.27,0,0.76,16.05.2024 21:55:17
0,159.75,852,914,12.48,70.28,0,0.73,16.05.2024 21:55:19
0,159.38,850,914,12.45,70.24,0,0.71,16.05.2024 21:55:22
0,161.63,862,914,12.48,70.25,0,0.88,16.05.2024 21:55:24
0,159.19,849,914,12.46,70.23,0,0.69,16.05.2024 21:55:26
0,158.06,843,914,12.45,70.23,0,0.61,16.05.2024 21:55:28
0,162.00,864,914,12.46,70.26,0,0.91,16.05.2024 21:55:30
0,158.25,844,914,12.46,70.26,0,0.62,16.05.2024 21:55:32
0,161.63,862,914,12.48,70.26,0,0.88,16.05.2024 21:55:34
0,160.13,854,914,12.45,70.28,0,0.76,16.05.2024 21:55:36
0,157.88,842,914,12.48,70.26,0,0.58,16.05.2024 21:55:38
0,161.63,862,914,12.46,70.26,0,0.88,16.05.2024 21:55:41
0,158.63,846,913,12.48,70.26,0,0.64,16.05.2024 21:55:43
0,162.19,865,914,12.48,70.24,0,0.93,16.05.2024 21:55:45
0,157.88,842,913,12.46,70.26,0,0.59,16.05.2024 21:55:47
0,160.88,858,913,12.48,70.26,0,0.82,16.05.2024 21:55:49
0,159.38,850,912,12.46,70.25,0,0.70,16.05.2024 21:55:51
0,159.94,853,913,12.46,70.24,0,0.75,16.05.2024 21:55:53
0,158.25,844,912,12.46,70.30,0,0.61,16.05.2024 21:55:55
0,158.06,843,912,12.46,70.26,0,0.60,16.05.2024 21:55:58
0,159.56,851,912,12.44,70.28,0,0.72,16.05.2024 21:56:00
0,159.75,852,912,12.46,70.25,0,0.73,16.05.2024 21:56:02
0,159.75,852,912,12.46,70.26,0,0.73,16.05.2024 21:56:04
0,160.13,854,912,12.45,70.27,0,0.77,16.05.2024 21:56:06
0,159.38,850,912,12.44,70.26,0,0.71,16.05.2024 21:56:08
0,159.56,851,911,12.46,70.27,0,0.72,16.05.2024 21:56:10
0,159.56,851,911,12.45,70.28,0,0.72,16.05.2024 21:56:12
0,162.56,867,911,12.46,70.29,0,0.96,16.05.2024 21:56:15
0,162.56,867,912,12.48,70.28,0,0.96,16.05.2024 21:56:17
0,157.69,841,912,12.46,70.32,0,0.57,16.05.2024 21:56:21
0,160.31,855,912,12.48,70.30,0,0.77,16.05.2024 21:56:23
0,158.81,847,912,12.46,70.28,0,0.66,16.05.2024 21:56:25
0,157.50,840,911,12.46,70.30,0,0.56,16.05.2024 21:56:27
0,159.38,850,911,12.45,70.27,0,0.71,16.05.2024 21:56:29
0,155.44,829,911,12.46,70.28,0,0.40,16.05.2024 21:56:31
0,157.31,839,911,12.46,70.26,0,0.54,16.05.2024 21:56:34
0,158.63,846,910,12.46,70.29,0,0.64,16.05.2024 21:56:36
0,158.25,844,910,12.46,70.28,0,0.61,16.05.2024 21:56:38
0,156.56,835,910,12.45,70.30,0,0.49,16.05.2024 21:56:40
0,157.69,841,910,12.46,70.30,0,0.57,16.05.2024 21:56:42
0,158.63,846,910,12.45,70.29,0,0.65,16.05.2024 21:56:44
0,158.44,845,910,12.44,70.30,0,0.63,16.05.2024 21:56:46
0,157.69,841,910,12.48,70.31,0,0.57,16.05.2024 21:56:48
0,157.31,839,910,12.45,70.28,0,0.55,16.05.2024 21:56:51
0,158.25,844,910,12.45,70.32,0,0.62,16.05.2024 21:56:53
0,163.50,872,910,12.45,70.26,0,1.04,16.05.2024 21:56:55
0,162.00,864,911,12.46,70.28,0,0.91,16.05.2024 21:56:57
0,160.69,857,911,12.45,70.28,0,0.81,16.05.2024 21:56:59
0,159.94,853,911,12.46,70.30,0,0.75,16.05.2024 21:57:01
0,159.56,851,910,12.45,70.31,0,0.72,16.05.2024 21:57:03
0,157.13,838,910,12.45,70.32,0,0.53,16.05.2024 21:57:05
0,160.31,855,910,12.46,70.31,0,0.78,16.05.2024 21:57:07
0,159.94,853,910,12.45,70.28,0,0.75,16.05.2024 21:57:10
0,160.13,854,909,12.46,70.32,0,0.76,16.05.2024 21:57:12
0,162.38,866,909,12.46,70.31,0,0.94,16.05.2024 21:57:14
0,158.81,847,909,12.45,70.32,0,0.66,16.05.2024 21:57:16
0,160.88,858,909,12.45,70.34,0,0.82,16.05.2024 21:57:18
0,162.00,864,910,12.45,70.31,0,0.91,16.05.2024 21:57:20
0,158.63,846,909,12.46,70.32,0,0.64,16.05.2024 21:57:22
0,162.56,867,909,12.44,70.31,0,0.96,16.05.2024 21:57:24
0,160.69,857,909,12.46,70.33,0,0.80,16.05.2024 21:57:27
0,159.94,853,908,12.46,70.32,0,0.75,16.05.2024 21:57:29
0,159.56,851,908,12.45,70.32,0,0.72,16.05.2024 21:57:31
0,160.13,854,908,12.45,70.30,0,0.76,16.05.2024 21:57:33
0,159.75,852,907,12.44,70.32,0,0.74,16.05.2024 21:57:35
0,159.75,852,907,12.46,70.32,0,0.73,16.05.2024 21:57:37
0,159.38,850,907,12.46,70.32,0,0.70,16.05.2024 21:57:39
0,156.38,834,906,12.45,70.34,0,0.47,16.05.2024 21:57:41
0,162.00,864,906,12.44,70.32,0,0.92,16.05.2024 21:57:44
0,160.13,854,906,12.45,70.32,0,0.76,16.05.2024 21:57:46
0,162.75,868,906,12.48,70.33,0,0.97,16.05.2024 21:57:48
0,159.00,848,906,12.46,70.32,0,0.67,16.05.2024 21:57:50
0,163.13,870,906,12.46,70.32,0,1.00,16.05.2024 21:57:52
0,158.81,847,906,12.46,70.33,0,0.66,16.05.2024 21:57:54
0,162.38,866,906,12.45,70.34,0,0.94,16.05.2024 21:57:56
0,159.94,853,906,12.48,70.33,0,0.74,16.05.2024 21:57:58
0,160.88,858,906,12.45,70.34,0,0.82,16.05.2024 21:58:01
0,163.13,870,907,12.45,70.34,0,1.01,16.05.2024 21:58:03
0,161.25,860,907,12.44,70.32,0,0.86,16.05.2024 21:58:05
0,158.25,844,907,12.44,70.33,0,0.62,16.05.2024 21:58:07
0,161.81,863,907,12.45,70.32,0,0.90,16.05.2024 21:58:09
0,159.56,851,906,12.45,70.34,0,0.72,16.05.2024 21:58:11
0,158.44,845,906,12.44,70.35,0,0.63,16.05.2024 21:58:13
0,158.81,847,906,12.46,70.33,0,0.66,16.05.2024 21:58:15
0,160.69,857,905,12.46,70.36,0,0.80,16.05.2024 21:58:18
0,162.00,864,905,12.45,70.32,0,0.91,16.05.2024 21:58:20
0,156.19,833,905,12.45,70.34,0,0.46,16.05.2024 21:58:22
0,158.63,846,905,12.46,70.33,0,0.64,16.05.2024 21:58:24
0,158.81,847,905,12.48,70.34,0,0.65,16.05.2024 21:58:26
0,159.75,852,906,12.46,70.34,0,0.73,16.05.2024 21:58:28
0,162.38,866,906,12.45,70.34,0,0.94,16.05.2024 21:58:30
0,161.63,862,906,12.46,70.32,0,0.88,16.05.2024 21:58:32
0,158.25,844,906,12.46,70.38,0,0.61,16.05.2024 21:58:34
0,157.88,842,906,12.46,70.36,0,0.58,16.05.2024 21:58:37
0,158.81,847,906,12.48,70.34,0,0.65,16.05.2024 21:58:39
0,159.75,852,906,12.46,70.33,0,0.73,16.05.2024 21:58:41
0,162.00,864,906,12.45,70.32,0,0.91,16.05.2024 21:58:43
0,157.31,839,906,12.46,70.32,0,0.54,16.05.2024 21:58:45
0,159.00,848,905,12.44,70.31,0,0.68,16.05.2024 21:58:47
0,157.69,841,905,12.45,70.34,0,0.57,16.05.2024 21:58:49
0,159.38,850,906,12.46,70.36,0,0.70,16.05.2024 21:58:51
0,160.69,857,906,12.48,70.30,0,0.80,16.05.2024 21:58:54
0,159.75,852,905,12.44,70.30,0,0.74,16.05.2024 21:58:56
0,158.81,847,905,12.45,70.34,0,0.66,16.05.2024 21:59:00
0,158.25,844,905,12.45,70.34,0,0.61,16.05.2024 21:59:02
0,158.25,844,906,12.48,70.34,0,0.61,16.05.2024 21:59:04
0,156.75,836,906,12.45,70.36,0,0.50,16.05.2024 21:59:06
0,157.88,842,905,12.48,70.34,0,0.58,16.05.2024 21:59:08
0,155.44,829,905,12.48,70.33,0,0.40,16.05.2024 21:59:10
0,158.06,843,905,12.45,70.34,0,0.60,16.05.2024 21:59:13
0,157.88,842,905,12.46,70.38,0,0.58,16.05.2024 21:59:15
0,158.06,843,905,12.46,70.34,0,0.60,16.05.2024 21:59:17
0,159.38,850,904,12.45,70.36,0,0.70,16.05.2024 21:59:19
0,153.75,820,904,12.45,70.37,0,0.28,16.05.2024 21:59:21
0,160.50,856,905,12.46,70.36,0,0.79,16.05.2024 21:59:23
0,156.94,837,905,12.45,70.34,0,0.51,16.05.2024 21:59:25
0,157.31,839,905,12.45,70.34,0,0.54,16.05.2024 21:59:27
0,158.63,846,905,12.46,70.33,0,0.64,16.05.2024 21:59:30
0,158.25,844,905,12.45,70.37,0,0.61,16.05.2024 21:59:32
0,160.69,857,906,12.48,70.35,0,0.80,16.05.2024 21:59:34
0,159.00,848,906,12.45,70.34,0,0.67,16.05.2024 21:59:36
0,161.06,859,905,12.45,70.36,0,0.84,16.05.2024 21:59:38
0,159.94,853,904,12.46,70.36,0,0.74,16.05.2024 21:59:40
0,157.50,840,904,12.45,70.34,0,0.56,16.05.2024 21:59:42
0,160.50,856,904,12.45,70.34,0,0.79,16.05.2024 21:59:44
0,158.63,846,904,12.48,70.33,0,0.64,16.05.2024 21:59:47
0,158.63,846,904,12.46,70.36,0,0.64,16.05.2024 21:59:49
0,161.06,859,903,12.46,70.35,0,0.83,16.05.2024 21:59:51
0,159.00,848,903,12.49,70.38,0,0.66,16.05.2024 21:59:53
0,159.38,850,903,12.44,70.34,0,0.71,16.05.2024 21:59:55
0,160.13,854,903,12.45,70.34,0,0.76,16.05.2024 21:59:57
0,159.00,848,903,12.45,70.34,0,0.67,16.05.2024 21:59:59
