0,150.56,803,742,10.41,70.47,0,0.40,17.05.2024 05:00:00
0,150.38,802,742,10.41,70.48,0,0.38,17.05.2024 05:00:02
0,149.25,796,742,10.41,70.47,0,0.30,17.05.2024 05:00:04
0,146.25,780,742,10.41,70.47,0,0.08,17.05.2024 05:00:06
0,150.00,800,743,10.44,70.51,0,0.35,17.05.2024 05:00:08
0,148.69,793,743,10.41,70.47,0,0.26,17.05.2024 05:00:11
0,147.38,786,743,10.43,70.48,0,0.16,17.05.2024 05:00:13
0,149.06,795,743,10.43,70.48,0,0.28,17.05.2024 05:00:15
0,145.13,774,743,10.43,70.48,0,0.00,17.05.2024 05:00:17
0,147.19,785,743,10.43,70.47,0,0.15,17.05.2024 05:00:19
0,150.38,802,743,10.43,70.50,0,0.38,17.05.2024 05:00:21
0,148.50,792,743,10.43,70.47,0,0.24,17.05.2024 05:00:23
0,148.13,790,743,10.41,70.48,0,0.22,17.05.2024 05:00:25
0,151.69,809,743,10.40,70.51,0,0.49,17.05.2024 05:00:28
0,150.56,803,743,10.41,70.48,0,0.40,17.05.2024 05:00:30
0,149.44,797,743,10.43,70.49,0,0.31,17.05.2024 05:00:32
0,151.31,807,743,10.43,70.47,0,0.45,17.05.2024 05:00:34
0,150.38,802,743,10.43,70.49,0,0.38,17.05.2024 05:00:36
0,152.44,813,743,10.43,70.48,0,0.54,17.05.2024 05:00:38
0,151.13,806,743,10.41,70.47,0,0.44,17.05.2024 05:00:40
0,153.00,816,743,10.43,70.51,0,0.58,17.05.2024 05:00:42
0,150.94,805,743,10.41,70.48,0,0.43,17.05.2024 05:00:45
0,152.63,814,742,10.44,70.49,0,0.55,17.05.2024 05:00:47
0,154.69,825,742,10.41,70.47,0,0.72,17.05.2024 05:00:49
0,150.75,804,743,10.43,70.50,0,0.41,17.05.2024 05:00:51
0,151.88,810,742,10.40,70.52,0,0.50,17.05.2024 05:00:53
0,156.00,832,741,10.44,70.51,0,0.83,17.05.2024 05:00:55
0,149.63,798,742,10.41,70.50,0,0.33,17.05.2024 05:00:57
0,155.06,827,742,10.40,70.50,0,0.76,17.05.2024 05:00:59
0,150.38,802,742,10.43,70.52,0,0.38,17.05.2024 05:01:02
0,149.44,797,742,10.43,70.49,0,0.31,17.05.2024 05:01:04
0,154.50,824,742,10.44,70.51,0,0.70,17.05.2024 05:01:06
0,152.25,812,742,10.43,70.49,0,0.53,17.05.2024 05:01:08
0,149.81,799,742,10.44,70.49,0,0.34,17.05.2024 05:01:10
0,151.50,808,743,10.43,70.48,0,0.47,17.05.2024 05:01:12
0,148.50,792,743,10.43,70.51,0,0.24,17.05.2024 05:01:14
0,153.19,817,743,10.43,70.54,0,0.60,17.05.2024 05:01:16
0,153.00,816,743,10.44,70.52,0,0.58,17.05.2024 05:01:18
0,152.25,812,742,10.44,70.50,0,0.52,17.05.2024 05:01:21
0,153.00,816,742,10.45,70.54,0,0.58,17.05.2024 05:01:23
0,151.69,809,742,10.43,70.54,0,0.48,17.05.2024 05:01:25
0,152.81,815,742,10.43,70.52,0,0.57,17.05.2024 05:01:27
0,150.19,801,742,10.41,70.50,0,0.37,17.05.2024 05:01:29
0,153.94,821,741,10.43,70.53,0,0.66,17.05.2024 05:01:31
0,149.25,796,741,10.43,70.52,0,0.30,17.05.2024 05:01:33
0,151.31,807,741,10.44,70.52,0,0.45,17.05.2024 05:01:35
0,149.25,796,742,10.41,70.51,0,0.30,17.05.2024 05:01:38
0,151.50,808,741,10.44,70.53,0,0.46,17.05.2024 05:01:40
0,152.81,815,742,10.40,70.51,0,0.58,17.05.2024 05:01:42
0,148.69,793,742,10.40,70.53,0,0.26,17.05.2024 05:01:44
0,151.13,806,741,10.41,70.54,0,0.44,17.05.2024 05:01:46
0,149.06,795,741,10.41,70.55,0,0.28,17.05.2024 05:01:48
0,149.25,796,741,10.43,70.52,0,0.30,17.05.2024 05:01:50
0,152.44,813,741,10.44,70.55,0,0.54,17.05.2024 05:01:52
0,151.13,806,741,10.43,70.55,0,0.44,17.05.2024 05:01:55
0,152.06,811,741,10.43,70.50,0,0.51,17.05.2024 05:01:57
0,154.31,823,741,10.44,70.54,0,0.69,17.05.2024 05:01:59
0,147.19,785,740,10.44,70.52,0,0.14,17.05.2024 05:02:01
0,151.31,807,740,10.41,70.54,0,0.45,17.05.2024 05:02:03
0,146.81,783,740,10.41,70.51,0,0.12,17.05.2024 05:02:05
0,151.31,807,740,10.41,70.55,0,0.45,17.05.2024 05:02:07
0,149.25,796,740,10.44,70.55,0,0.29,17.05.2024 05:02:09
0,150.75,804,740,10.44,70.53,0,0.41,17.05.2024 05:02:11
0,151.50,808,740,10.44,70.52,0,0.46,17.05.2024 05:02:16
0,146.44,781,740,10.44,70.53,0,0.09,17.05.2024 05:02:18
0,150.19,801,741,10.43,70.52,0,0.37,17.05.2024 05:02:20
0,149.63,798,740,10.41,70.51,0,0.33,17.05.2024 05:02:22
0,149.06,795,740,10.45,70.54,0,0.28,17.05.2024 05:02:24
0,151.13,806,739,10.44,70.54,0,0.44,17.05.2024 05:02:26
0,147.38,786,739,10.44,70.54,0,0.16,17.05.2024 05:02:28
0,149.25,796,739,10.44,70.54,0,0.29,17.05.2024 05:02:30
0,149.06,795,739,10.43,70.54,0,0.28,17.05.2024 05:02:33
0,149.63,798,739,10.41,70.54,0,0.33,17.05.2024 05:02:35
0,149.44,797,739,10.44,70.56,0,0.31,17.05.2024 05:02:37
0,146.44,781,740,10.45,70.54,0,0.09,17.05.2024 05:02:39
0,150.00,800,740,10.43,70.57,0,0.35,17.05.2024 05:02:41
0,151.50,808,740,10.41,70.54,0,0.47,17.05.2024 05:02:43
0,150.94,805,740,10.45,70.55,0,0.42,17.05.2024 05:02:45
0,150.75,804,740,10.43,70.56,0,0.41,17.05.2024 05:02:47
0,150.19,801,740,10.44,70.55,0,0.36,17.05.2024 05:02:50
0,151.13,806,740,10.44,70.56,0,0.43,17.05.2024 05:02:52
0,154.88,826,739,10.43,70.55,0,0.73,17.05.2024 05:02:54
0,150.38,802,739,10.41,70.55,0,0.38,17.05.2024 05:02:56
0,154.31,823,739,10.43,70.54,0,0.69,17.05.2024 05:02:58
0,155.25,828,738,10.43,70.55,0,0.76,17.05.2024 05:03:00
0,154.13,822,738,10.43,70.53,0,0.67,17.05.2024 05:03:02
0,153.56,819,738,10.43,70.55,0,0.63,17.05.2024 05:03:04
0,150.38,802,738,10.43,70.58,0,0.38,17.05.2024 05:03:06
0,153.19,817,738,10.44,70.57,0,0.59,17.05.2024 05:03:09
0,152.06,811,738,10.43,70.56,0,0.51,17.05.2024 05:03:11
0,151.69,809,738,10.44,70.54,0,0.48,17.05.2024 05:03:13
0,151.50,808,738,10.44,70.57,0,0.46,17.05.2024 05:03:15
0,148.88,794,737,10.44,70.54,0,0.27,17.05.2024 05:03:17
0,151.69,809,737,10.45,70.56,0,0.47,17.05.2024 05:03:19
0,149.25,796,736,10.45,70.55,0,0.29,17.05.2024 05:03:21
0,151.50,808,736,10.44,70.56,0,0.46,17.05.2024 05:03:23
0,150.94,805,736,10.44,70.60,0,0.42,17.05.2024 05:03:26
0,150.00,800,736,10.44,70.56,0,0.35,17.05.2024 05:03:28
0,148.69,793,736,10.43,70.55,0,0.25,17.05.2024 05:03:30
0,151.31,807,735,10.43,70.59,0,0.45,17.05.2024 05:03:32
0,150.56,803,735,10.41,70.56,0,0.40,17.05.2024 05:03:34
0,150.38,802,735,10.43,70.59,0,0.38,17.05.2024 05:03:36
0,151.50,808,735,10.45,70.58,0,0.46,17.05.2024 05:03:38
0,152.63,814,735,10.44,70.56,0,0.55,17.05.2024 05:03:40
0,149.81,799,735,10.43,70.56,0,0.34,17.05.2024 05:03:43
0,149.44,797,735,10.43,70.58,0,0.31,17.05.2024 05:03:45
0,150.38,802,735,10.44,70.57,0,0.38,17.05.2024 05:03:47
0,154.13,822,734,10.44,70.56,0,0.67,17.05.2024 05:03:49
0,150.00,800,734,10.43,70.59,0,0.35,17.05.2024 05:03:51
0,151.13,806,733,10.43,70.57,0,0.44,17.05.2024 05:03:53
0,148.88,794,733,10.44,70.61,0,0.26,17.05.2024 05:03:55
0,152.44,813,733,10.45,70.58,0,0.53,17.05.2024 05:03:57
0,154.13,822,733,10.44,70.58,0,0.67,17.05.2024 05:03:59
0,150.56,803,733,10.45,70.55,0,0.39,17.05.2024 05:04:02
0,152.44,813,733,10.43,70.58,0,0.54,17.05.2024 05:04:04
0,151.50,808,733,10.44,70.61,0,0.46,17.05.2024 05:04:06
0,150.19,801,733,10.45,70.57,0,0.36,17.05.2024 05:04:08
0,154.50,824,733,10.45,70.56,0,0.70,17.05.2024 05:04:10
0,151.31,807,733,10.43,70.58,0,0.45,17.05.2024 05:04:12
0,153.38,818,734,10.45,70.56,0,0.61,17.05.2024 05:04:14
0,149.63,798,734,10.44,70.57,0,0.32,17.05.2024 05:04:16
0,149.63,798,734,10.45,70.56,0,0.32,17.05.2024 05:04:19
0,149.44,797,734,10.45,70.57,0,0.30,17.05.2024 05:04:21
0,151.88,810,734,10.43,70.55,0,0.50,17.05.2024 05:04:23
0,150.75,804,734,10.47,70.57,0,0.40,17.05.2024 05:04:25
0,149.44,797,734,10.45,70.57,0,0.30,17.05.2024 05:04:27
0,148.50,792,734,10.43,70.57,0,0.24,17.05.2024 05:04:29
0,149.63,798,734,10.45,70.58,0,0.32,17.05.2024 05:04:33
0,150.38,802,735,10.44,70.56,0,0.38,17.05.2024 05:04:35
0,150.94,805,734,10.44,70.55,0,0.42,17.05.2024 05:04:38
0,147.94,789,734,10.43,70.59,0,0.20,17.05.2024 05:04:40
0,148.50,792,734,10.44,70.56,0,0.24,17.05.2024 05:04:42
0,147.94,789,734,10.45,70.58,0,0.19,17.05.2024 05:04:44
0,148.69,793,734,10.45,70.60,0,0.25,17.05.2024 05:04:46
0,147.56,787,734,10.44,70.59,0,0.17,17.05.2024 05:04:48
0,146.44,781,735,10.45,70.56,0,0.09,17.05.2024 05:04:50
0,148.13,790,735,10.47,70.60,0,0.20,17.05.2024 05:04:52
0,145.50,776,735,10.44,70.60,0,0.02,17.05.2024 05:04:54
0,149.06,795,735,10.44,70.58,0,0.28,17.05.2024 05:04:57
0,149.44,797,735,10.44,70.59,0,0.31,17.05.2024 05:04:59
0,148.88,794,734,10.45,70.62,0,0.26,17.05.2024 05:05:01
0,150.19,801,733,10.44,70.62,0,0.36,17.05.2024 05:05:03
0,149.63,798,733,10.44,70.59,0,0.32,17.05.2024 05:05:05
0,152.44,813,734,10.44,70.59,0,0.53,17.05.2024 05:05:07
0,145.31,775,734,10.44,70.61,0,0.01,17.05.2024 05:05:09
0,150.00,800,734,10.47,70.61,0,0.34,17.05.2024 05:05:11
0,149.81,799,735,10.44,70.60,0,0.33,17.05.2024 05:05:14
0,150.00,800,735,10.47,70.60,0,0.34,17.05.2024 05:05:16
0,151.69,809,735,10.45,70.61,0,0.47,17.05.2024 05:05:18
0,149.63,798,735,10.47,70.59,0,0.31,17.05.2024 05:05:20
0,152.81,815,736,10.44,70.60,0,0.56,17.05.2024 05:05:22
0,151.50,808,736,10.47,70.61,0,0.46,17.05.2024 05:05:24
0,152.81,815,737,10.44,70.60,0,0.56,17.05.2024 05:05:26
0,149.81,799,736,10.45,70.57,0,0.33,17.05.2024 05:05:28
0,149.63,798,736,10.44,70.61,0,0.32,17.05.2024 05:05:31
0,152.25,812,736,10.47,70.64,0,0.51,17.05.2024 05:05:33
0,149.25,796,735,10.43,70.61,0,0.29,17.05.2024 05:05:35
0,152.81,815,735,10.44,70.64,0,0.56,17.05.2024 05:05:37
0,149.44,797,735,10.44,70.59,0,0.31,17.05.2024 05:05:39
0,150.38,802,735,10.47,70.65,0,0.37,17.05.2024 05:05:41
0,150.00,800,735,10.45,70.62,0,0.34,17.05.2024 05:05:43
0,153.19,817,735,10.45,70.62,0,0.59,17.05.2024 05:05:45
0,151.31,807,735,10.48,70.60,0,0.44,17.05.2024 05:05:47
0,149.25,796,735,10.45,70.61,0,0.29,17.05.2024 05:05:50
0,148.88,794,735,10.47,70.60,0,0.26,17.05.2024 05:05:52
0,152.25,812,735,10.44,70.61,0,0.52,17.05.2024 05:05:54
0,147.38,786,735,10.47,70.60,0,0.15,17.05.2024 05:05:56
0,149.06,795,735,10.48,70.62,0,0.27,17.05.2024 05:05:58
0,152.06,811,735,10.44,70.63,0,0.50,17.05.2024 05:06:00
0,153.19,817,734,10.45,70.62,0,0.59,17.05.2024 05:06:02
0,154.31,823,734,10.47,70.63,0,0.68,17.05.2024 05:06:04
0,151.31,807,734,10.45,70.64,0,0.44,17.05.2024 05:06:07
0,150.94,805,734,10.45,70.64,0,0.41,17.05.2024 05:06:09
0,149.06,795,734,10.44,70.63,0,0.28,17.05.2024 05:06:11
0,155.06,827,734,10.47,70.62,0,0.74,17.05.2024 05:06:13
0,150.19,801,735,10.47,70.64,0,0.36,17.05.2024 05:06:15
0,151.50,808,735,10.45,70.64,0,0.46,17.05.2024 05:06:17
0,150.75,804,734,10.45,70.65,0,0.40,17.05.2024 05:06:19
0,150.38,802,735,10.45,70.63,0,0.37,17.05.2024 05:06:21
0,152.25,812,735,10.47,70.63,0,0.51,17.05.2024 05:06:24
0,147.75,788,735,10.48,70.65,0,0.17,17.05.2024 05:06:26
0,150.75,804,735,10.45,70.61,0,0.40,17.05.2024 05:06:28
0,154.88,826,735,10.45,70.63,0,0.73,17.05.2024 05:06:30
0,151.13,806,735,10.47,70.65,0,0.43,17.05.2024 05:06:32
0,151.31,807,735,10.48,70.64,0,0.44,17.05.2024 05:06:34
0,150.94,805,735,10.47,70.63,0,0.41,17.05.2024 05:06:36
0,149.44,797,734,10.45,70.63,0,0.30,17.05.2024 05:06:38
0,150.94,805,734,10.45,70.64,0,0.41,17.05.2024 05:06:41
0,148.69,793,734,10.48,70.63,0,0.24,17.05.2024 05:06:43
0,149.06,795,733,10.48,70.63,0,0.27,17.05.2024 05:06:45
0,149.81,799,733,10.47,70.67,0,0.33,17.05.2024 05:06:49
0,149.63,798,733,10.45,70.62,0,0.32,17.05.2024 05:06:51
0,148.13,790,733,10.47,70.64,0,0.20,17.05.2024 05:06:53
0,149.06,795,733,10.47,70.63,0,0.27,17.05.2024 05:06:55
0,149.25,796,734,10.45,70.65,0,0.29,17.05.2024 05:06:57
0,150.38,802,734,10.48,70.64,0,0.37,17.05.2024 05:06:59
0,149.06,795,734,10.45,70.65,0,0.27,17.05.2024 05:07:02
0,145.50,776,734,10.47,70.65,0,0.02,17.05.2024 05:07:04
0,150.00,800,733,10.48,70.64,0,0.34,17.05.2024 05:07:06
0,151.88,810,733,10.47,70.65,0,0.48,17.05.2024 05:07:08
0,149.06,795,733,10.45,70.63,0,0.27,17.05.2024 05:07:10
0,149.63,798,733,10.47,70.63,0,0.31,17.05.2024 05:07:12
0,147.56,787,733,10.48,70.63,0,0.16,17.05.2024 05:07:14
0,149.63,798,733,10.45,70.64,0,0.32,17.05.2024 05:07:16
0,151.13,806,734,10.47,70.66,0,0.43,17.05.2024 05:07:19
0,150.75,804,734,10.47,70.65,0,0.40,17.05.2024 05:07:21
0,152.81,815,734,10.45,70.62,0,0.56,17.05.2024 05:07:23
0,153.19,817,733,10.47,70.63,0,0.59,17.05.2024 05:07:25
0,153.75,820,733,10.51,70.65,0,0.62,17.05.2024 05:07:27
0,155.63,830,733,10.48,70.65,0,0.78,17.05.2024 05:07:29
0,151.88,810,733,10.47,70.64,0,0.48,17.05.2024 05:07:31
0,150.56,803,734,10.47,70.63,0,0.38,17.05.2024 05:07:33
0,150.56,803,734,10.44,70.64,0,0.39,17.05.2024 05:07:36
0,151.31,807,734,10.47,70.64,0,0.44,17.05.2024 05:07:38
0,152.06,811,734,10.45,70.63,0,0.50,17.05.2024 05:07:40
0,152.81,815,734,10.45,70.65,0,0.56,17.05.2024 05:07:42
0,153.00,816,734,10.47,70.66,0,0.57,17.05.2024 05:07:44
0,153.75,820,734,10.45,70.65,0,0.63,17.05.2024 05:07:46
0,152.44,813,735,10.47,70.63,0,0.53,17.05.2024 05:07:48
0,153.75,820,735,10.45,70.66,0,0.63,17.05.2024 05:07:50
0,151.88,810,735,10.47,70.65,0,0.48,17.05.2024 05:07:52
0,153.19,817,735,10.45,70.65,0,0.59,17.05.2024 05:07:55
0,151.69,809,735,10.47,70.63,0,0.47,17.05.2024 05:07:57
0,153.56,819,735,10.47,70.65,0,0.62,17.05.2024 05:07:59
0,151.13,806,736,10.45,70.70,0,0.43,17.05.2024 05:08:01
0,150.38,802,736,10.47,70.65,0,0.37,17.05.2024 05:08:03
0,151.88,810,736,10.45,70.64,0,0.49,17.05.2024 05:08:05
0,148.88,794,736,10.47,70.65,0,0.26,17.05.2024 05:08:07
0,151.31,807,737,10.48,70.65,0,0.44,17.05.2024 05:08:09
0,149.81,799,737,10.48,70.65,0,0.32,17.05.2024 05:08:12
0,157.88,842,736,10.47,70.63,0,0.97,17.05.2024 05:08:14
0,151.50,808,736,10.48,70.64,0,0.45,17.05.2024 05:08:16
0,153.00,816,737,10.47,70.64,0,0.57,17.05.2024 05:08:18
0,149.63,798,737,10.48,70.63,0,0.31,17.05.2024 05:08:20
0,152.06,811,736,10.47,70.63,0,0.50,17.05.2024 05:08:22
0,151.13,806,736,10.48,70.68,0,0.42,17.05.2024 05:08:24
0,151.69,809,737,10.48,70.68,0,0.47,17.05.2024 05:08:26
0,154.88,826,737,10.48,70.66,0,0.72,17.05.2024 05:08:29
0,153.75,820,736,10.49,70.67,0,0.63,17.05.2024 05:08:31
0,152.06,811,736,10.49,70.66,0,0.49,17.05.2024 05:08:33
0,151.88,810,736,10.47,70.63,0,0.48,17.05.2024 05:08:35
0,152.63,814,737,10.48,70.65,0,0.54,17.05.2024 05:08:37
0,151.69,809,736,10.47,70.64,0,0.47,17.05.2024 05:08:39
0,150.94,805,736,10.47,70.65,0,0.41,17.05.2024 05:08:41
0,154.50,824,736,10.48,70.66,0,0.69,17.05.2024 05:08:43
0,153.75,820,736,10.45,70.65,0,0.63,17.05.2024 05:08:45
0,149.06,795,736,10.49,70.64,0,0.27,17.05.2024 05:08:48
0,153.56,819,736,10.47,70.65,0,0.62,17.05.2024 05:08:50
0,150.19,801,736,10.48,70.63,0,0.35,17.05.2024 05:08:52
0,151.31,807,736,10.48,70.67,0,0.44,17.05.2024 05:08:54
0,151.13,806,736,10.49,70.63,0,0.42,17.05.2024 05:08:56
0,151.88,810,736,10.49,70.65,0,0.48,17.05.2024 05:08:58
0,149.44,797,736,10.48,70.66,0,0.30,17.05.2024 05:09:00
0,149.06,795,736,10.51,70.62,0,0.27,17.05.2024 05:09:04
0,146.63,782,737,10.48,70.63,0,0.09,17.05.2024 05:09:07
0,149.06,795,737,10.48,70.63,0,0.27,17.05.2024 05:09:09
0,147.19,785,737,10.47,70.63,0,0.14,17.05.2024 05:09:11
0,148.69,793,738,10.48,70.65,0,0.24,17.05.2024 05:09:13
0,150.38,802,738,10.48,70.63,0,0.37,17.05.2024 05:09:15
0,147.94,789,738,10.47,70.62,0,0.19,17.05.2024 05:09:17
0,145.13,774,738,10.48,70.65,0,-0.01,17.05.2024 05:09:19
0,150.56,803,737,10.49,70.63,0,0.38,17.05.2024 05:09:21
0,150.94,805,737,10.48,70.63,0,0.41,17.05.2024 05:09:24
0,152.25,812,738,10.48,70.65,0,0.51,17.05.2024 05:09:26
0,145.13,774,738,10.49,70.65,0,-0.01,17.05.2024 05:09:28
0,148.88,794,738,10.51,70.64,0,0.25,17.05.2024 05:09:30
0,152.63,814,738,10.48,70.63,0,0.54,17.05.2024 05:09:32
0,150.94,805,739,10.48,70.63,0,0.41,17.05.2024 05:09:34
0,149.63,798,739,10.48,70.63,0,0.31,17.05.2024 05:09:36
0,155.63,830,739,10.48,70.62,0,0.78,17.05.2024 05:09:38
0,153.00,816,739,10.48,70.65,0,0.57,17.05.2024 05:09:41
0,151.88,810,739,10.48,70.63,0,0.48,17.05.2024 05:09:43
0,151.69,809,738,10.51,70.67,0,0.46,17.05.2024 05:09:45
0,150.19,801,739,10.49,70.66,0,0.35,17.05.2024 05:09:47
0,152.06,811,739,10.47,70.63,0,0.50,17.05.2024 05:09:49
0,152.25,812,739,10.49,70.64,0,0.51,17.05.2024 05:09:51
0,152.63,814,739,10.51,70.63,0,0.54,17.05.2024 05:09:53
0,152.25,812,739,10.47,70.62,0,0.51,17.05.2024 05:09:55
0,150.56,803,739,10.51,70.65,0,0.38,17.05.2024 05:09:57
0,150.75,804,739,10.49,70.65,0,0.39,17.05.2024 05:10:00
0,152.44,813,739,10.47,70.64,0,0.53,17.05.2024 05:10:02
0,148.88,794,739,10.51,70.65,0,0.25,17.05.2024 05:10:04
0,149.81,799,739,10.48,70.65,0,0.32,17.05.2024 05:10:06
0,152.25,812,739,10.48,70.63,0,0.51,17.05.2024 05:10:08
0,155.25,828,739,10.48,70.65,0,0.75,17.05.2024 05:10:10
0,153.56,819,739,10.49,70.66,0,0.61,17.05.2024 05:10:12
0,149.81,799,739,10.48,70.62,0,0.33,17.05.2024 05:10:14
0,154.88,826,739,10.48,70.67,0,0.72,17.05.2024 05:10:17
0,156.00,832,739,10.49,70.67,0,0.81,17.05.2024 05:10:19
0,150.38,802,739,10.49,70.62,0,0.37,17.05.2024 05:10:21
0,153.19,817,739,10.48,70.62,0,0.59,17.05.2024 05:10:23
0,153.00,816,739,10.48,70.60,0,0.57,17.05.2024 05:10:25
0,153.94,821,740,10.49,70.65,0,0.64,17.05.2024 05:10:27
0,154.31,823,740,10.51,70.64,0,0.67,17.05.2024 05:10:29
0,153.00,816,739,10.49,70.65,0,0.57,17.05.2024 05:10:31
0,149.81,799,739,10.48,70.60,0,0.33,17.05.2024 05:10:34
0,151.13,806,739,10.47,70.61,0,0.43,17.05.2024 05:10:36
0,148.88,794,740,10.49,70.62,0,0.25,17.05.2024 05:10:38
0,149.81,799,740,10.51,70.61,0,0.32,17.05.2024 05:10:40
0,153.00,816,740,10.49,70.62,0,0.57,17.05.2024 05:10:42
0,153.75,820,740,10.49,70.62,0,0.63,17.05.2024 05:10:44
0,154.31,823,740,10.48,70.62,0,0.68,17.05.2024 05:10:46
0,152.63,814,740,10.48,70.63,0,0.54,17.05.2024 05:10:48
0,151.88,810,740,10.49,70.65,0,0.48,17.05.2024 05:10:50
0,148.31,791,740,10.48,70.63,0,0.21,17.05.2024 05:10:53
0,154.13,822,740,10.51,70.62,0,0.65,17.05.2024 05:10:55
0,154.31,823,740,10.51,70.65,0,0.67,17.05.2024 05:10:57
0,150.75,804,740,10.51,70.61,0,0.39,17.05.2024 05:10:59
0,150.75,804,740,10.51,70.60,0,0.39,17.05.2024 05:11:01
0,152.25,812,740,10.51,70.63,0,0.51,17.05.2024 05:11:03
0,148.50,792,740,10.51,70.62,0,0.22,17.05.2024 05:11:05
0,152.06,811,740,10.51,70.62,0,0.49,17.05.2024 05:11:07
0,149.44,797,740,10.51,70.62,0,0.29,17.05.2024 05:11:10
0,151.69,809,740,10.48,70.62,0,0.47,17.05.2024 05:11:12
0,151.31,807,740,10.51,70.63,0,0.43,17.05.2024 05:11:14
0,148.31,791,740,10.49,70.64,0,0.21,17.05.2024 05:11:16
0,153.19,817,740,10.52,70.61,0,0.58,17.05.2024 05:11:18
0,152.06,811,740,10.49,70.60,0,0.50,17.05.2024 05:11:22
0,152.06,811,739,10.51,70.61,0,0.49,17.05.2024 05:11:24
0,149.63,798,739,10.51,70.62,0,0.31,17.05.2024 05:11:26
0,146.44,781,739,10.51,70.62,0,0.08,17.05.2024 05:11:29
0,148.50,792,739,10.51,70.60,0,0.22,17.05.2024 05:11:31
0,150.38,802,739,10.49,70.59,0,0.37,17.05.2024 05:11:33
0,150.38,802,738,10.48,70.60,0,0.37,17.05.2024 05:11:35
0,149.63,798,738,10.49,70.58,0,0.31,17.05.2024 05:11:37
0,149.63,798,738,10.51,70.62,0,0.31,17.05.2024 05:11:39
0,149.25,796,739,10.48,70.59,0,0.29,17.05.2024 05:11:41
0,150.38,802,738,10.51,70.60,0,0.36,17.05.2024 05:11:43
0,148.50,792,738,10.49,70.61,0,0.23,17.05.2024 05:11:45
0,149.63,798,738,10.49,70.59,0,0.31,17.05.2024 05:11:48
0,150.75,804,738,10.52,70.59,0,0.39,17.05.2024 05:11:50
0,153.56,819,738,10.49,70.56,0,0.61,17.05.2024 05:11:52
0,151.88,810,738,10.49,70.57,0,0.48,17.05.2024 05:11:54
0,152.25,812,738,10.49,70.62,0,0.51,17.05.2024 05:11:56
0,151.50,808,738,10.51,70.57,0,0.45,17.05.2024 05:11:58
0,151.31,807,738,10.48,70.60,0,0.44,17.05.2024 05:12:00
0,152.63,814,738,10.52,70.59,0,0.53,17.05.2024 05:12:02
0,150.38,802,739,10.49,70.60,0,0.37,17.05.2024 05:12:05
0,154.13,822,739,10.49,70.60,0,0.66,17.05.2024 05:12:07
0,152.06,811,739,10.51,70.58,0,0.49,17.05.2024 05:12:09
0,151.88,810,740,10.49,70.59,0,0.48,17.05.2024 05:12:11
0,151.31,807,740,10.51,70.61,0,0.43,17.05.2024 05:12:13
0,150.75,804,739,10.49,70.60,0,0.39,17.05.2024 05:12:15
0,148.50,792,739,10.51,70.57,0,0.23,17.05.2024 05:12:17
0,154.13,822,740,10.51,70.60,0,0.65,17.05.2024 05:12:19
0,153.75,820,739,10.49,70.62,0,0.63,17.05.2024 05:12:22
0,152.81,815,738,10.49,70.59,0,0.55,17.05.2024 05:12:24
0,148.88,794,739,10.51,70.60,0,0.25,17.05.2024 05:12:26
0,148.88,794,739,10.49,70.60,0,0.25,17.05.2024 05:12:28
0,150.00,800,739,10.49,70.57,0,0.34,17.05.2024 05:12:30
0,152.25,812,739,10.52,70.62,0,0.50,17.05.2024 05:12:32
0,155.81,831,740,10.48,70.59,0,0.80,17.05.2024 05:12:34
0,148.69,793,740,10.49,70.57,0,0.24,17.05.2024 05:12:36
0,150.94,805,739,10.52,70.56,0,0.41,17.05.2024 05:12:38
0,151.69,809,740,10.49,70.58,0,0.47,17.05.2024 05:12:41
0,152.25,812,740,10.49,70.58,0,0.51,17.05.2024 05:12:43
0,151.69,809,740,10.51,70.58,0,0.46,17.05.2024 05:12:45
0,150.00,800,740,10.49,70.58,0,0.34,17.05.2024 05:12:47
0,152.44,813,740,10.49,70.60,0,0.52,17.05.2024 05:12:49
0,151.69,809,740,10.48,70.58,0,0.47,17.05.2024 05:12:51
0,150.19,801,741,10.51,70.57,0,0.35,17.05.2024 05:12:53
0,154.31,823,741,10.49,70.58,0,0.67,17.05.2024 05:12:55
0,151.13,806,741,10.51,70.55,0,0.42,17.05.2024 05:12:58
0,148.88,794,741,10.51,70.57,0,0.25,17.05.2024 05:13:00
0,151.88,810,741,10.49,70.58,0,0.48,17.05.2024 05:13:02
0,151.13,806,741,10.51,70.59,0,0.42,17.05.2024 05:13:04
0,149.06,795,741,10.51,70.58,0,0.27,17.05.2024 05:13:06
0,153.94,821,741,10.51,70.57,0,0.64,17.05.2024 05:13:08
0,148.69,793,742,10.51,70.57,0,0.24,17.05.2024 05:13:10
0,153.75,820,741,10.51,70.55,0,0.63,17.05.2024 05:13:12
0,150.00,800,741,10.49,70.56,0,0.34,17.05.2024 05:13:15
0,151.31,807,741,10.52,70.57,0,0.43,17.05.2024 05:13:17
0,151.31,807,741,10.51,70.57,0,0.44,17.05.2024 05:13:19
0,149.63,798,741,10.49,70.59,0,0.31,17.05.2024 05:13:21
0,150.19,801,741,10.49,70.59,0,0.35,17.05.2024 05:13:23
0,150.19,801,741,10.51,70.57,0,0.35,17.05.2024 05:13:25
0,149.63,798,741,10.52,70.56,0,0.31,17.05.2024 05:13:27
0,150.00,800,741,10.52,70.57,0,0.33,17.05.2024 05:13:29
0,152.06,811,741,10.51,70.53,0,0.50,17.05.2024 05:13:32
0,146.44,781,740,10.51,70.55,0,0.08,17.05.2024 05:13:36
0,149.81,799,740,10.51,70.57,0,0.32,17.05.2024 05:13:38
0,149.63,798,740,10.49,70.56,0,0.31,17.05.2024 05:13:40
0,149.44,797,739,10.54,70.59,0,0.29,17.05.2024 05:13:42
0,145.31,775,739,10.51,70.55,0,-0.00,17.05.2024 05:13:44
0,148.88,794,740,10.51,70.57,0,0.25,17.05.2024 05:13:46
0,144.94,773,740,10.52,70.55,0,-0.03,17.05.2024 05:13:48
0,149.06,795,740,10.49,70.57,0,0.27,17.05.2024 05:13:50
0,148.69,793,741,10.52,70.58,0,0.24,17.05.2024 05:13:53
0,146.06,779,741,10.49,70.52,0,0.05,17.05.2024 05:13:55
0,150.19,801,740,10.52,70.55,0,0.35,17.05.2024 05:13:57
0,150.75,804,740,10.48,70.56,0,0.40,17.05.2024 05:13:59
0,149.63,798,739,10.51,70.57,0,0.31,17.05.2024 05:14:01
0,150.19,801,740,10.48,70.54,0,0.36,17.05.2024 05:14:03
0,151.50,808,740,10.49,70.58,0,0.45,17.05.2024 05:14:05
0,152.06,811,740,10.49,70.53,0,0.50,17.05.2024 05:14:07
0,150.75,804,740,10.52,70.57,0,0.39,17.05.2024 05:14:10
0,151.88,810,740,10.52,70.59,0,0.48,17.05.2024 05:14:12
0,153.38,818,740,10.51,70.55,0,0.60,17.05.2024 05:14:14
0,150.56,803,740,10.51,70.55,0,0.38,17.05.2024 05:14:16
0,153.00,816,739,10.52,70.55,0,0.57,17.05.2024 05:14:18
0,153.75,820,739,10.51,70.54,0,0.63,17.05.2024 05:14:20
0,151.88,810,739,10.51,70.53,0,0.48,17.05.2024 05:14:22
0,151.50,808,739,10.51,70.55,0,0.45,17.05.2024 05:14:24
0,154.69,825,739,10.52,70.57,0,0.70,17.05.2024 05:14:27
0,154.50,824,739,10.52,70.56,0,0.68,17.05.2024 05:14:29
0,151.88,810,739,10.51,70.54,0,0.48,17.05.2024 05:14:31
0,153.94,821,739,10.52,70.56,0,0.64,17.05.2024 05:14:33
0,151.88,810,739,10.52,70.56,0,0.48,17.05.2024 05:14:35
0,152.63,814,738,10.49,70.52,0,0.54,17.05.2024 05:14:37
0,152.25,812,739,10.52,70.57,0,0.51,17.05.2024 05:14:39
0,150.00,800,739,10.51,70.53,0,0.34,17.05.2024 05:14:41
0,151.50,808,739,10.51,70.54,0,0.45,17.05.2024 05:14:43
0,153.56,819,739,10.51,70.55,0,0.61,17.05.2024 05:14:46
0,149.06,795,739,10.49,70.54,0,0.27,17.05.2024 05:14:48
0,155.81,831,740,10.52,70.56,0,0.79,17.05.2024 05:14:50
0,151.88,810,740,10.51,70.55,0,0.48,17.05.2024 05:14:52
0,150.94,805,740,10.52,70.52,0,0.41,17.05.2024 05:14:54
0,147.56,787,740,10.52,70.53,0,0.16,17.05.2024 05:14:56
0,151.69,809,741,10.49,70.56,0,0.47,17.05.2024 05:14:58
0,149.06,795,741,10.51,70.55,0,0.27,17.05.2024 05:15:00
0,152.25,812,740,10.52,70.54,0,0.51,17.05.2024 05:15:03
0,152.81,815,740,10.51,70.54,0,0.55,17.05.2024 05:15:05
0,147.94,789,741,10.54,70.53,0,0.18,17.05.2024 05:15:07
0,151.88,810,741,10.49,70.52,0,0.48,17.05.2024 05:15:09
0,150.38,802,741,10.52,70.53,0,0.36,17.05.2024 05:15:11
0,149.06,795,740,10.51,70.52,0,0.27,17.05.2024 05:15:13
0,152.44,813,740,10.51,70.53,0,0.52,17.05.2024 05:15:15
0,149.81,799,741,10.49,70.51,0,0.33,17.05.2024 05:15:17
0,147.19,785,741,10.54,70.50,0,0.13,17.05.2024 05:15:20
0,152.25,812,741,10.52,70.51,0,0.51,17.05.2024 05:15:22
0,151.88,810,741,10.54,70.54,0,0.48,17.05.2024 05:15:24
0,150.00,800,741,10.52,70.54,0,0.34,17.05.2024 05:15:26
0,151.13,806,740,10.52,70.53,0,0.42,17.05.2024 05:15:28
0,153.75,820,740,10.51,70.52,0,0.63,17.05.2024 05:15:30
0,148.31,791,741,10.51,70.51,0,0.21,17.05.2024 05:15:32
0,150.75,804,741,10.51,70.54,0,0.39,17.05.2024 05:15:34
0,153.19,817,741,10.52,70.52,0,0.58,17.05.2024 05:15:36
0,150.75,804,741,10.52,70.53,0,0.39,17.05.2024 05:15:39
0,148.31,791,741,10.51,70.51,0,0.21,17.05.2024 05:15:41
0,150.19,801,741,10.51,70.55,0,0.35,17.05.2024 05:15:45
0,149.44,797,741,10.51,70.50,0,0.30,17.05.2024 05:15:47
0,149.81,799,741,10.54,70.50,0,0.32,17.05.2024 05:15:49
0,147.19,785,741,10.51,70.52,0,0.13,17.05.2024 05:15:51
0,145.88,778,741,10.52,70.49,0,0.04,17.05.2024 05:15:53
0,149.25,796,741,10.56,70.50,0,0.28,17.05.2024 05:15:55
0,150.38,802,742,10.51,70.48,0,0.37,17.05.2024 05:15:58
0,144.56,771,742,10.51,70.51,0,-0.05,17.05.2024 05:16:00
0,147.38,786,742,10.52,70.49,0,0.14,17.05.2024 05:16:02
0,147.94,789,741,10.52,70.49,0,0.19,17.05.2024 05:16:04
0,153.94,821,741,10.54,70.52,0,0.64,17.05.2024 05:16:06
0,147.75,788,741,10.52,70.51,0,0.17,17.05.2024 05:16:08
0,147.56,787,741,10.51,70.49,0,0.16,17.05.2024 05:16:10
0,150.75,804,742,10.51,70.48,0,0.40,17.05.2024 05:16:12
0,150.56,803,742,10.52,70.50,0,0.38,17.05.2024 05:16:15
0,151.88,810,742,10.52,70.51,0,0.48,17.05.2024 05:16:17
0,153.38,818,742,10.52,70.48,0,0.60,17.05.2024 05:16:19
0,153.94,821,742,10.52,70.53,0,0.64,17.05.2024 05:16:21
0,153.94,821,742,10.52,70.49,0,0.64,17.05.2024 05:16:23
0,156.00,832,742,10.52,70.49,0,0.81,17.05.2024 05:16:25
0,154.69,825,741,10.56,70.52,0,0.70,17.05.2024 05:16:27
0,150.94,805,741,10.52,70.48,0,0.41,17.05.2024 05:16:29
0,149.06,795,740,10.49,70.50,0,0.27,17.05.2024 05:16:31
0,149.81,799,740,10.52,70.52,0,0.32,17.05.2024 05:16:34
0,153.56,819,741,10.51,70.50,0,0.61,17.05.2024 05:16:36
0,152.44,813,741,10.52,70.50,0,0.52,17.05.2024 05:16:38
0,152.81,815,741,10.52,70.48,0,0.55,17.05.2024 05:16:40
0,149.25,796,740,10.52,70.49,0,0.28,17.05.2024 05:16:42
0,152.63,814,740,10.51,70.50,0,0.54,17.05.2024 05:16:44
0,150.38,802,741,10.52,70.52,0,0.36,17.05.2024 05:16:46
0,149.81,799,741,10.52,70.50,0,0.32,17.05.2024 05:16:48
0,153.19,817,741,10.52,70.48,0,0.58,17.05.2024 05:16:51
0,150.38,802,741,10.52,70.50,0,0.36,17.05.2024 05:16:53
0,151.13,806,740,10.52,70.49,0,0.42,17.05.2024 05:16:55
0,153.56,819,740,10.51,70.52,0,0.61,17.05.2024 05:16:57
0,152.06,811,740,10.52,70.50,0,0.49,17.05.2024 05:16:59
0,151.88,810,740,10.54,70.51,0,0.48,17.05.2024 05:17:01
0,151.31,807,740,10.51,70.50,0,0.44,17.05.2024 05:17:03
0,151.88,810,741,10.52,70.50,0,0.48,17.05.2024 05:17:05
0,150.00,800,740,10.52,70.48,0,0.34,17.05.2024 05:17:08
0,150.94,805,739,10.52,70.48,0,0.41,17.05.2024 05:17:10
0,149.25,796,739,10.51,70.47,0,0.28,17.05.2024 05:17:12
0,153.38,818,739,10.54,70.50,0,0.59,17.05.2024 05:17:14
0,152.44,813,739,10.56,70.49,0,0.52,17.05.2024 05:17:16
0,151.88,810,739,10.56,70.50,0,0.47,17.05.2024 05:17:18
0,148.50,792,739,10.52,70.47,0,0.23,17.05.2024 05:17:20
0,150.19,801,738,10.51,70.47,0,0.35,17.05.2024 05:17:22
0,153.94,821,738,10.52,70.48,0,0.64,17.05.2024 05:17:24
0,149.63,798,738,10.54,70.47,0,0.31,17.05.2024 05:17:27
0,150.00,800,738,10.51,70.50,0,0.34,17.05.2024 05:17:29
0,153.19,817,738,10.52,70.47,0,0.58,17.05.2024 05:17:31
0,148.31,791,738,10.49,70.45,0,0.22,17.05.2024 05:17:33
0,151.50,808,738,10.51,70.47,0,0.45,17.05.2024 05:17:35
0,152.06,811,739,10.54,70.45,0,0.49,17.05.2024 05:17:37
0,151.31,807,739,10.52,70.47,0,0.44,17.05.2024 05:17:39
0,155.44,829,738,10.51,70.47,0,0.77,17.05.2024 05:17:41
0,153.56,819,739,10.52,70.45,0,0.61,17.05.2024 05:17:44
0,153.00,816,738,10.51,70.45,0,0.57,17.05.2024 05:17:46
0,150.38,802,739,10.51,70.48,0,0.37,17.05.2024 05:17:48
0,146.63,782,739,10.51,70.47,0,0.09,17.05.2024 05:17:50
0,152.06,811,739,10.52,70.45,0,0.50,17.05.2024 05:17:52
0,153.38,818,740,10.51,70.47,0,0.60,17.05.2024 05:17:54
0,153.00,816,740,10.52,70.47,0,0.57,17.05.2024 05:17:58
0,149.25,796,740,10.52,70.48,0,0.28,17.05.2024 05:18:00
0,150.38,802,739,10.52,70.47,0,0.37,17.05.2024 05:18:03
0,148.31,791,739,10.52,70.47,0,0.21,17.05.2024 05:18:05
0,149.25,796,739,10.52,70.49,0,0.28,17.05.2024 05:18:07
0,151.69,809,739,10.52,70.47,0,0.47,17.05.2024 05:18:09
0,150.19,801,739,10.52,70.47,0,0.35,17.05.2024 05:18:11
0,149.81,799,740,10.52,70.48,0,0.32,17.05.2024 05:18:13
0,147.19,785,740,10.54,70.46,0,0.13,17.05.2024 05:18:15
0,147.94,789,740,10.54,70.46,0,0.18,17.05.2024 05:18:17
0,153.19,817,741,10.56,70.50,0,0.58,17.05.2024 05:18:19
0,148.88,794,742,10.51,70.47,0,0.26,17.05.2024 05:18:22
0,153.00,816,742,10.52,70.45,0,0.57,17.05.2024 05:18:24
0,148.13,790,741,10.49,70.47,0,0.20,17.05.2024 05:18:26
0,146.63,782,742,10.52,70.47,0,0.09,17.05.2024 05:18:28
0,150.75,804,742,10.52,70.46,0,0.40,17.05.2024 05:18:30
0,149.63,798,742,10.54,70.45,0,0.31,17.05.2024 05:18:32
0,150.56,803,742,10.52,70.47,0,0.38,17.05.2024 05:18:34
0,151.88,810,742,10.52,70.46,0,0.48,17.05.2024 05:18:36
0,153.38,818,742,10.52,70.48,0,0.60,17.05.2024 05:18:39
0,150.56,803,742,10.51,70.45,0,0.38,17.05.2024 05:18:41
0,151.31,807,742,10.52,70.44,0,0.44,17.05.2024 05:18:43
0,152.06,811,742,10.52,70.46,0,0.50,17.05.2024 05:18:45
0,153.94,821,742,10.51,70.42,0,0.65,17.05.2024 05:18:47
0,154.13,822,741,10.54,70.50,0,0.65,17.05.2024 05:18:49
0,154.13,822,741,10.54,70.44,0,0.66,17.05.2024 05:18:51
0,154.50,824,741,10.52,70.47,0,0.69,17.05.2024 05:18:53
0,152.44,813,741,10.51,70.49,0,0.53,17.05.2024 05:18:56
0,150.56,803,741,10.49,70.46,0,0.39,17.05.2024 05:18:58
0,153.75,820,740,10.51,70.43,0,0.63,17.05.2024 05:19:00
0,150.00,800,740,10.54,70.47,0,0.34,17.05.2024 05:19:02
0,150.19,801,740,10.52,70.45,0,0.35,17.05.2024 05:19:04
0,151.31,807,740,10.52,70.46,0,0.44,17.05.2024 05:19:06
0,153.56,819,740,10.52,70.48,0,0.61,17.05.2024 05:19:08
0,153.75,820,740,10.54,70.44,0,0.63,17.05.2024 05:19:10
0,150.00,800,739,10.54,70.48,0,0.34,17.05.2024 05:19:13
0,150.56,803,739,10.49,70.44,0,0.39,17.05.2024 05:19:15
0,153.38,818,739,10.54,70.46,0,0.60,17.05.2024 05:19:17
0,150.38,802,740,10.52,70.46,0,0.37,17.05.2024 05:19:19
0,151.13,806,740,10.54,70.46,0,0.42,17.05.2024 05:19:21
0,152.81,815,740,10.54,70.44,0,0.55,17.05.2024 05:19:23
0,151.50,808,740,10.54,70.46,0,0.45,17.05.2024 05:19:25
0,150.94,805,740,10.52,70.47,0,0.41,17.05.2024 05:19:27
0,150.38,802,740,10.51,70.45,0,0.37,17.05.2024 05:19:29
0,153.00,816,741,10.51,70.45,0,0.57,17.05.2024 05:19:32
0,150.19,801,740,10.52,70.47,0,0.35,17.05.2024 05:19:34
0,150.19,801,740,10.54,70.44,0,0.35,17.05.2024 05:19:36
0,150.38,802,740,10.54,70.43,0,0.37,17.05.2024 05:19:38
0,151.13,806,739,10.51,70.45,0,0.43,17.05.2024 05:19:40
0,150.75,804,739,10.52,70.44,0,0.40,17.05.2024 05:19:42
0,150.00,800,739,10.52,70.47,0,0.34,17.05.2024 05:19:44
0,149.81,799,739,10.54,70.47,0,0.32,17.05.2024 05:19:46
0,151.50,808,739,10.51,70.43,0,0.46,17.05.2024 05:19:49
0,150.56,803,738,10.52,70.46,0,0.38,17.05.2024 05:19:51
0,150.94,805,738,10.51,70.44,0,0.41,17.05.2024 05:19:53
0,149.44,797,739,10.51,70.43,0,0.30,17.05.2024 05:19:55
0,151.50,808,739,10.51,70.44,0,0.45,17.05.2024 05:19:57
0,152.06,811,739,10.54,70.44,0,0.49,17.05.2024 05:19:59
0,149.06,795,739,10.54,70.46,0,0.27,17.05.2024 05:20:01
0,147.75,788,739,10.54,70.45,0,0.17,17.05.2024 05:20:03
0,151.13,806,740,10.52,70.44,0,0.42,17.05.2024 05:20:06
0,149.25,796,740,10.49,70.42,0,0.29,17.05.2024 05:20:08
0,153.19,817,740,10.54,70.46,0,0.58,17.05.2024 05:20:10
0,149.44,797,739,10.54,70.45,0,0.29,17.05.2024 05:20:14
0,149.25,796,740,10.52,70.43,0,0.28,17.05.2024 05:20:16
0,145.88,778,739,10.51,70.44,0,0.04,17.05.2024 05:20:18
0,149.81,799,739,10.54,70.46,0,0.32,17.05.2024 05:20:20
0,148.69,793,739,10.54,70.42,0,0.24,17.05.2024 05:20:22
0,154.13,822,739,10.52,70.44,0,0.66,17.05.2024 05:20:24
0,149.81,799,740,10.54,70.46,0,0.32,17.05.2024 05:20:27
0,148.31,791,740,10.52,70.44,0,0.21,17.05.2024 05:20:29
0,148.69,793,740,10.52,70.48,0,0.24,17.05.2024 05:20:31
0,148.88,794,739,10.52,70.42,0,0.26,17.05.2024 05:20:33
0,148.50,792,739,10.51,70.40,0,0.23,17.05.2024 05:20:35
0,147.38,786,739,10.51,70.45,0,0.15,17.05.2024 05:20:37
0,148.13,790,739,10.51,70.43,0,0.20,17.05.2024 05:20:39
0,152.25,812,739,10.52,70.43,0,0.51,17.05.2024 05:20:41
0,150.94,805,739,10.51,70.43,0,0.41,17.05.2024 05:20:44
0,151.13,806,738,10.52,70.46,0,0.42,17.05.2024 05:20:46
0,149.25,796,738,10.52,70.44,0,0.28,17.05.2024 05:20:48
0,151.88,810,738,10.52,70.47,0,0.48,17.05.2024 05:20:50
0,152.81,815,738,10.51,70.43,0,0.56,17.05.2024 05:20:52
0,151.31,807,737,10.52,70.42,0,0.44,17.05.2024 05:20:54
0,151.31,807,737,10.52,70.41,0,0.44,17.05.2024 05:20:56
0,154.50,824,737,10.52,70.44,0,0.69,17.05.2024 05:20:58
0,152.25,812,737,10.56,70.46,0,0.50,17.05.2024 05:21:01
0,153.38,818,737,10.49,70.43,0,0.60,17.05.2024 05:21:03
0,152.44,813,737,10.52,70.44,0,0.53,17.05.2024 05:21:05
0,149.81,799,736,10.52,70.46,0,0.32,17.05.2024 05:21:07
0,151.88,810,736,10.54,70.47,0,0.48,17.05.2024 05:21:09
0,149.63,798,736,10.52,70.42,0,0.31,17.05.2024 05:21:11
0,149.63,798,736,10.52,70.45,0,0.31,17.05.2024 05:21:13
0,151.31,807,736,10.51,70.44,0,0.44,17.05.2024 05:21:15
0,153.56,819,736,10.56,70.43,0,0.61,17.05.2024 05:21:18
0,150.75,804,735,10.52,70.43,0,0.40,17.05.2024 05:21:20
0,149.81,799,736,10.52,70.45,0,0.32,17.05.2024 05:21:22
0,151.31,807,735,10.54,70.44,0,0.44,17.05.2024 05:21:24
0,153.00,816,735,10.52,70.42,0,0.57,17.05.2024 05:21:26
0,156.75,836,735,10.52,70.43,0,0.87,17.05.2024 05:21:28
0,153.75,820,735,10.49,70.44,0,0.63,17.05.2024 05:21:30
0,151.31,807,735,10.52,70.44,0,0.44,17.05.2024 05:21:32
0,150.75,804,735,10.52,70.41,0,0.40,17.05.2024 05:21:35
0,153.75,820,735,10.51,70.43,0,0.63,17.05.2024 05:21:37
0,150.00,800,734,10.52,70.42,0,0.34,17.05.2024 05:21:39
0,156.38,834,734,10.51,70.42,0,0.85,17.05.2024 05:21:41
0,150.00,800,734,10.51,70.43,0,0.34,17.05.2024 05:21:43
0,145.88,778,734,10.52,70.45,0,0.04,17.05.2024 05:21:45
0,147.38,786,734,10.54,70.41,0,0.15,17.05.2024 05:21:47
0,153.00,816,734,10.52,70.39,0,0.57,17.05.2024 05:21:49
0,152.63,814,734,10.52,70.41,0,0.54,17.05.2024 05:21:51
0,153.38,818,733,10.49,70.43,0,0.60,17.05.2024 05:21:54
0,150.19,801,734,10.54,70.41,0,0.35,17.05.2024 05:21:56
0,151.13,806,734,10.51,70.43,0,0.43,17.05.2024 05:21:58
0,152.81,815,734,10.51,70.41,0,0.56,17.05.2024 05:22:00
0,150.00,800,734,10.51,70.38,0,0.34,17.05.2024 05:22:02
0,152.81,815,734,10.52,70.45,0,0.55,17.05.2024 05:22:04
0,150.19,801,734,10.51,70.40,0,0.36,17.05.2024 05:22:06
0,153.38,818,734,10.54,70.39,0,0.60,17.05.2024 05:22:08
0,148.50,792,735,10.52,70.41,0,0.23,17.05.2024 05:22:11
0,151.88,810,735,10.52,70.43,0,0.48,17.05.2024 05:22:13
0,151.50,808,735,10.52,70.40,0,0.45,17.05.2024 05:22:15
0,150.75,804,735,10.54,70.43,0,0.39,17.05.2024 05:22:17
0,150.00,800,735,10.52,70.39,0,0.34,17.05.2024 05:22:19
0,149.44,797,735,10.52,70.41,0,0.30,17.05.2024 05:22:21
0,152.06,811,735,10.52,70.41,0,0.50,17.05.2024 05:22:23
0,149.63,798,735,10.54,70.45,0,0.31,17.05.2024 05:22:25
0,150.19,801,736,10.51,70.42,0,0.36,17.05.2024 05:22:28
0,153.38,818,736,10.51,70.47,0,0.60,17.05.2024 05:22:30
0,149.81,799,736,10.52,70.38,0,0.33,17.05.2024 05:22:32
0,151.50,808,735,10.51,70.39,0,0.46,17.05.2024 05:22:34
0,151.69,809,736,10.52,70.41,0,0.47,17.05.2024 05:22:36
0,149.25,796,736,10.54,70.41,0,0.28,17.05.2024 05:22:38
0,150.00,800,737,10.52,70.41,0,0.34,17.05.2024 05:22:42
0,152.63,814,737,10.56,70.42,0,0.53,17.05.2024 05:22:44
0,148.31,791,736,10.51,70.41,0,0.22,17.05.2024 05:22:47
0,147.94,789,736,10.52,70.43,0,0.19,17.05.2024 05:22:49
0,146.44,781,737,10.51,70.43,0,0.08,17.05.2024 05:22:51
0,148.13,790,736,10.51,70.42,0,0.20,17.05.2024 05:22:53
0,148.88,794,736,10.54,70.43,0,0.25,17.05.2024 05:22:55
0,150.00,800,736,10.51,70.43,0,0.34,17.05.2024 05:22:57
0,149.63,798,736,10.54,70.39,0,0.31,17.05.2024 05:22:59
0,148.69,793,736,10.52,70.41,0,0.24,17.05.2024 05:23:01
0,149.63,798,736,10.51,70.40,0,0.31,17.05.2024 05:23:04
0,148.50,792,735,10.51,70.41,0,0.23,17.05.2024 05:23:06
0,145.50,776,735,10.52,70.42,0,0.01,17.05.2024 05:23:08
0,144.00,768,735,10.52,70.40,0,-0.09,17.05.2024 05:23:10
0,150.94,805,734,10.51,70.38,0,0.41,17.05.2024 05:23:12
0,149.06,795,735,10.56,70.40,0,0.27,17.05.2024 05:23:14
0,151.88,810,735,10.52,70.41,0,0.48,17.05.2024 05:23:16
0,153.38,818,735,10.52,70.37,0,0.60,17.05.2024 05:23:18
0,151.13,806,735,10.49,70.42,0,0.43,17.05.2024 05:23:21
0,150.75,804,735,10.52,70.43,0,0.40,17.05.2024 05:23:23
0,152.25,812,735,10.51,70.38,0,0.52,17.05.2024 05:23:25
0,152.25,812,735,10.54,70.39,0,0.51,17.05.2024 05:23:27
0,151.69,809,734,10.52,70.42,0,0.47,17.05.2024 05:23:29
0,151.69,809,734,10.51,70.39,0,0.47,17.05.2024 05:23:31
0,152.44,813,734,10.51,70.38,0,0.53,17.05.2024 05:23:33
0,154.88,826,734,10.52,70.40,0,0.72,17.05.2024 05:23:35
0,149.81,799,733,10.52,70.42,0,0.33,17.05.2024 05:23:37
0,152.44,813,733,10.52,70.38,0,0.53,17.05.2024 05:23:40
0,154.88,826,733,10.52,70.42,0,0.72,17.05.2024 05:23:42
0,152.06,811,733,10.51,70.42,0,0.50,17.05.2024 05:23:44
0,151.13,806,733,10.49,70.38,0,0.43,17.05.2024 05:23:46
0,152.81,815,732,10.54,70.41,0,0.55,17.05.2024 05:23:48
0,151.50,808,732,10.52,70.42,0,0.45,17.05.2024 05:23:50
0,152.44,813,732,10.52,70.39,0,0.53,17.05.2024 05:23:52
0,153.38,818,732,10.51,70.40,0,0.60,17.05.2024 05:23:54
0,153.94,821,732,10.52,70.39,0,0.65,17.05.2024 05:23:57
0,150.75,804,732,10.52,70.39,0,0.40,17.05.2024 05:23:59
0,152.25,812,732,10.51,70.41,0,0.51,17.05.2024 05:24:01
0,150.19,801,732,10.52,70.40,0,0.35,17.05.2024 05:24:03
0,151.50,808,732,10.51,70.37,0,0.46,17.05.2024 05:24:05
0,149.44,797,732,10.54,70.38,0,0.30,17.05.2024 05:24:07
0,153.00,816,731,10.51,70.40,0,0.57,17.05.2024 05:24:09
0,154.31,823,731,10.54,70.39,0,0.67,17.05.2024 05:24:11
0,153.75,820,731,10.52,70.36,0,0.63,17.05.2024 05:24:14
0,147.75,788,730,10.51,70.38,0,0.18,17.05.2024 05:24:16
0,151.50,808,730,10.52,70.38,0,0.45,17.05.2024 05:24:18
0,149.44,797,730,10.56,70.41,0,0.29,17.05.2024 05:24:20
0,150.94,805,730,10.52,70.35,0,0.41,17.05.2024 05:24:22
0,151.69,809,729,10.54,70.41,0,0.47,17.05.2024 05:24:24
0,151.69,809,730,10.52,70.38,0,0.47,17.05.2024 05:24:26
0,148.69,793,730,10.52,70.36,0,0.24,17.05.2024 05:24:28
0,150.94,805,730,10.54,70.36,0,0.41,17.05.2024 05:24:31
0,151.88,810,730,10.51,70.39,0,0.49,17.05.2024 05:24:33
0,152.06,811,730,10.51,70.37,0,0.50,17.05.2024 05:24:35
0,148.13,790,730,10.52,70.40,0,0.20,17.05.2024 05:24:37
0,153.38,818,730,10.54,70.38,0,0.60,17.05.2024 05:24:39
0,154.69,825,730,10.52,70.37,0,0.71,17.05.2024 05:24:41
0,150.75,804,730,10.52,70.36,0,0.40,17.05.2024 05:24:43
0,149.44,797,730,10.52,70.37,0,0.30,17.05.2024 05:24:45
0,150.19,801,730,10.52,70.36,0,0.36,17.05.2024 05:24:48
0,150.94,805,729,10.56,70.37,0,0.41,17.05.2024 05:24:50
0,149.06,795,729,10.51,70.38,0,0.27,17.05.2024 05:24:52
0,149.06,795,729,10.54,70.38,0,0.27,17.05.2024 05:24:54
0,154.50,824,729,10.51,70.35,0,0.70,17.05.2024 05:24:56
0,153.38,818,728,10.54,70.37,0,0.60,17.05.2024 05:24:58
0,149.63,798,728,10.52,70.37,0,0.31,17.05.2024 05:25:00
0,153.00,816,728,10.52,70.38,0,0.57,17.05.2024 05:25:02
0,150.19,801,729,10.54,70.38,0,0.35,17.05.2024 05:25:05
0,149.06,795,728,10.52,70.36,0,0.27,17.05.2024 05:25:07
0,147.75,788,728,10.54,70.35,0,0.17,17.05.2024 05:25:11
0,148.69,793,728,10.51,70.37,0,0.25,17.05.2024 05:25:13
0,148.31,791,727,10.54,70.36,0,0.21,17.05.2024 05:25:15
0,149.81,799,728,10.52,70.39,0,0.33,17.05.2024 05:25:17
0,152.06,811,728,10.52,70.37,0,0.50,17.05.2024 05:25:19
0,149.81,799,728,10.54,70.37,0,0.33,17.05.2024 05:25:21
0,149.44,797,728,10.52,70.34,0,0.30,17.05.2024 05:25:24
0,149.44,797,728,10.51,70.35,0,0.30,17.05.2024 05:25:26
0,151.13,806,727,10.52,70.36,0,0.43,17.05.2024 05:25:28
0,144.94,773,727,10.49,70.38,0,-0.02,17.05.2024 05:25:30
0,149.63,798,728,10.52,70.35,0,0.31,17.05.2024 05:25:32
0,149.06,795,728,10.52,70.36,0,0.27,17.05.2024 05:25:34
0,150.56,803,727,10.49,70.33,0,0.39,17.05.2024 05:25:36
0,146.06,779,727,10.52,70.37,0,0.06,17.05.2024 05:25:38
0,150.75,804,727,10.52,70.35,0,0.40,17.05.2024 05:25:40
0,147.94,789,728,10.52,70.37,0,0.19,17.05.2024 05:25:43
0,152.63,814,728,10.51,70.34,0,0.55,17.05.2024 05:25:45
0,150.38,802,728,10.51,70.35,0,0.37,17.05.2024 05:25:47
0,150.00,800,727,10.49,70.35,0,0.35,17.05.2024 05:25:49
0,150.38,802,727,10.51,70.37,0,0.37,17.05.2024 05:25:52
0,150.56,803,728,10.51,70.37,0,0.39,17.05.2024 05:25:54
0,149.25,796,727,10.52,70.35,0,0.29,17.05.2024 05:25:56
0,149.63,798,727,10.52,70.36,0,0.31,17.05.2024 05:25:58
0,152.63,814,728,10.51,70.32,0,0.55,17.05.2024 05:26:00
0,151.69,809,727,10.52,70.35,0,0.47,17.05.2024 05:26:02
0,147.56,787,727,10.56,70.37,0,0.16,17.05.2024 05:26:04
0,148.50,792,727,10.51,70.36,0,0.23,17.05.2024 05:26:07
0,148.88,794,728,10.51,70.36,0,0.26,17.05.2024 05:26:09
0,150.38,802,727,10.52,70.37,0,0.37,17.05.2024 05:26:11
0,147.56,787,727,10.49,70.36,0,0.17,17.05.2024 05:26:13
0,148.50,792,728,10.52,70.36,0,0.23,17.05.2024 05:26:15
0,149.81,799,728,10.52,70.37,0,0.33,17.05.2024 05:26:17
0,149.25,796,727,10.52,70.36,0,0.29,17.05.2024 05:26:19
0,150.19,801,727,10.51,70.36,0,0.36,17.05.2024 05:26:21
0,146.44,781,727,10.51,70.37,0,0.08,17.05.2024 05:26:24
0,151.13,806,728,10.52,70.35,0,0.43,17.05.2024 05:26:26
0,152.44,813,728,10.52,70.38,0,0.53,17.05.2024 05:26:28
0,150.94,805,728,10.51,70.38,0,0.41,17.05.2024 05:26:30
0,149.06,795,728,10.51,70.39,0,0.27,17.05.2024 05:26:32
0,150.00,800,727,10.51,70.34,0,0.34,17.05.2024 05:26:34
0,152.25,812,728,10.52,70.37,0,0.51,17.05.2024 05:26:36
0,151.13,806,728,10.51,70.38,0,0.43,17.05.2024 05:26:38
0,153.94,821,728,10.54,70.38,0,0.64,17.05.2024 05:26:41
0,152.25,812,728,10.49,70.34,0,0.52,17.05.2024 05:26:43
0,151.31,807,728,10.51,70.38,0,0.44,17.05.2024 05:26:45
0,152.63,814,728,10.51,70.36,0,0.55,17.05.2024 05:26:47
0,147.00,784,727,10.51,70.36,0,0.12,17.05.2024 05:26:49
0,152.06,811,727,10.49,70.35,0,0.50,17.05.2024 05:26:51
0,153.75,820,727,10.51,70.37,0,0.63,17.05.2024 05:26:53
0,149.81,799,727,10.51,70.37,0,0.33,17.05.2024 05:26:55
0,155.81,831,727,10.51,70.36,0,0.80,17.05.2024 05:26:58
0,151.88,810,727,10.51,70.37,0,0.49,17.05.2024 05:27:00
0,150.00,800,727,10.51,70.33,0,0.35,17.05.2024 05:27:02
0,147.94,789,727,10.49,70.34,0,0.20,17.05.2024 05:27:04
0,147.94,789,727,10.51,70.36,0,0.19,17.05.2024 05:27:06
0,150.75,804,727,10.48,70.35,0,0.41,17.05.2024 05:27:08
0,153.19,817,727,10.54,70.33,0,0.59,17.05.2024 05:27:10
0,153.75,820,727,10.52,70.36,0,0.63,17.05.2024 05:27:12
0,153.00,816,727,10.52,70.36,0,0.57,17.05.2024 05:27:14
0,153.75,820,727,10.49,70.36,0,0.64,17.05.2024 05:27:17
0,153.00,816,727,10.54,70.38,0,0.57,17.05.2024 05:27:19
0,149.44,797,726,10.49,70.33,0,0.31,17.05.2024 05:27:21
0,150.94,805,727,10.51,70.32,0,0.42,17.05.2024 05:27:23
0,149.63,798,727,10.51,70.33,0,0.32,17.05.2024 05:27:25
0,146.25,780,727,10.52,70.35,0,0.07,17.05.2024 05:27:27
0,149.63,798,727,10.52,70.31,0,0.32,17.05.2024 05:27:29
0,147.75,788,727,10.54,70.34,0,0.17,17.05.2024 05:27:31
0,151.88,810,727,10.52,70.36,0,0.48,17.05.2024 05:27:34
0,149.81,799,727,10.52,70.34,0,0.33,17.05.2024 05:27:36
0,153.75,820,727,10.49,70.36,0,0.64,17.05.2024 05:27:38
0,151.50,808,727,10.54,70.37,0,0.45,17.05.2024 05:27:40
0,149.81,799,726,10.51,70.35,0,0.33,17.05.2024 05:27:42
0,148.69,793,726,10.51,70.34,0,0.25,17.05.2024 05:27:44
0,152.25,812,727,10.51,70.36,0,0.52,17.05.2024 05:27:46
0,150.75,804,726,10.52,70.34,0,0.40,17.05.2024 05:27:48
0,152.44,813,726,10.52,70.34,0,0.53,17.05.2024 05:27:51
0,151.31,807,727,10.52,70.34,0,0.44,17.05.2024 05:27:53
0,150.38,802,727,10.49,70.31,0,0.38,17.05.2024 05:27:55
0,151.88,810,727,10.52,70.35,0,0.49,17.05.2024 05:27:57
0,151.88,810,727,10.51,70.33,0,0.49,17.05.2024 05:27:59
0,148.13,790,727,10.49,70.31,0,0.21,17.05.2024 05:28:01
0,150.38,802,727,10.52,70.30,0,0.37,17.05.2024 05:28:03
0,150.00,800,728,10.51,70.33,0,0.35,17.05.2024 05:28:05
0,149.81,799,728,10.49,70.32,0,0.33,17.05.2024 05:28:08
0,150.75,804,727,10.52,70.35,0,0.40,17.05.2024 05:28:12
0,149.44,797,727,10.51,70.33,0,0.30,17.05.2024 05:28:14
0,150.00,800,727,10.49,70.33,0,0.35,17.05.2024 05:28:16
0,146.25,780,727,10.52,70.31,0,0.07,17.05.2024 05:28:18
0,147.75,788,727,10.51,70.32,0,0.18,17.05.2024 05:28:20
0,146.06,779,727,10.51,70.32,0,0.06,17.05.2024 05:28:22
0,149.81,799,726,10.52,70.34,0,0.33,17.05.2024 05:28:24
0,148.13,790,726,10.51,70.32,0,0.21,17.05.2024 05:28:27
0,148.31,791,725,10.52,70.31,0,0.22,17.05.2024 05:28:29
0,149.63,798,725,10.52,70.35,0,0.31,17.05.2024 05:28:31
0,147.94,789,726,10.51,70.33,0,0.19,17.05.2024 05:28:33
0,143.63,766,725,10.51,70.33,0,-0.11,17.05.2024 05:28:35
0,151.13,806,726,10.51,70.32,0,0.43,17.05.2024 05:28:37
0,149.25,796,726,10.52,70.33,0,0.29,17.05.2024 05:28:39
0,149.25,796,726,10.52,70.33,0,0.29,17.05.2024 05:28:41
0,151.50,808,726,10.49,70.36,0,0.46,17.05.2024 05:28:44
0,151.13,806,725,10.52,70.34,0,0.43,17.05.2024 05:28:46
0,150.94,805,724,10.51,70.32,0,0.42,17.05.2024 05:28:48
0,152.06,811,725,10.49,70.34,0,0.51,17.05.2024 05:28:50
0,147.94,789,726,10.51,70.33,0,0.19,17.05.2024 05:28:52
0,150.94,805,727,10.51,70.35,0,0.42,17.05.2024 05:28:54
0,151.69,809,727,10.52,70.29,0,0.47,17.05.2024 05:28:56
0,153.38,818,726,10.51,70.36,0,0.60,17.05.2024 05:28:58
0,151.50,808,726,10.52,70.34,0,0.46,17.05.2024 05:29:00
0,151.50,808,727,10.52,70.37,0,0.46,17.05.2024 05:29:03
0,153.19,817,727,10.52,70.36,0,0.59,17.05.2024 05:29:05
0,150.00,800,727,10.52,70.34,0,0.34,17.05.2024 05:29:07
0,152.25,812,726,10.51,70.30,0,0.52,17.05.2024 05:29:09
0,154.31,823,727,10.51,70.35,0,0.68,17.05.2024 05:29:11
0,148.50,792,727,10.51,70.35,0,0.23,17.05.2024 05:29:13
0,154.13,822,727,10.49,70.33,0,0.67,17.05.2024 05:29:15
0,154.13,822,727,10.49,70.33,0,0.67,17.05.2024 05:29:17
0,149.63,798,727,10.52,70.35,0,0.31,17.05.2024 05:29:20
0,150.19,801,727,10.51,70.31,0,0.36,17.05.2024 05:29:22
0,151.69,809,727,10.51,70.32,0,0.47,17.05.2024 05:29:24
0,150.19,801,726,10.49,70.31,0,0.36,17.05.2024 05:29:26
0,150.56,803,726,10.49,70.35,0,0.39,17.05.2024 05:29:28
0,148.50,792,726,10.49,70.31,0,0.24,17.05.2024 05:29:30
0,148.88,794,726,10.49,70.32,0,0.26,17.05.2024 05:29:32
0,154.69,825,725,10.51,70.34,0,0.71,17.05.2024 05:29:34
0,148.31,791,727,10.51,70.29,0,0.22,17.05.2024 05:29:37
0,153.00,816,727,10.49,70.31,0,0.58,17.05.2024 05:29:39
0,149.81,799,727,10.51,70.34,0,0.33,17.05.2024 05:29:41
0,146.44,781,727,10.52,70.33,0,0.08,17.05.2024 05:29:43
0,156.56,835,727,10.49,70.31,0,0.87,17.05.2024 05:29:45
0,153.75,820,727,10.51,70.34,0,0.64,17.05.2024 05:29:47
0,149.06,795,727,10.49,70.30,0,0.28,17.05.2024 05:29:49
0,147.94,789,728,10.51,70.31,0,0.19,17.05.2024 05:29:51
0,151.13,806,728,10.49,70.30,0,0.43,17.05.2024 05:29:54
0,151.13,806,728,10.51,70.29,0,0.43,17.05.2024 05:29:56
0,150.00,800,729,10.51,70.32,0,0.35,17.05.2024 05:29:58
0,150.75,804,729,10.52,70.34,0,0.40,17.05.2024 05:30:00
0,149.25,796,729,10.51,70.31,0,0.29,17.05.2024 05:30:02
0,153.38,818,728,10.51,70.34,0,0.61,17.05.2024 05:30:04
0,148.88,794,728,10.52,70.31,0,0.26,17.05.2024 05:30:06
0,147.94,789,729,10.49,70.33,0,0.20,17.05.2024 05:30:08
0,149.44,797,728,10.51,70.31,0,0.30,17.05.2024 05:30:11
0,151.69,809,728,10.49,70.30,0,0.48,17.05.2024 05:30:13
0,152.63,814,728,10.51,70.30,0,0.55,17.05.2024 05:30:15
0,150.75,804,728,10.51,70.30,0,0.40,17.05.2024 05:30:17
0,155.44,829,727,10.48,70.30,0,0.78,17.05.2024 05:30:19
0,150.19,801,727,10.49,70.32,0,0.36,17.05.2024 05:30:21
0,148.13,790,728,10.52,70.31,0,0.21,17.05.2024 05:30:23
0,150.75,804,726,10.52,70.33,0,0.40,17.05.2024 05:30:25
0,152.06,811,727,10.49,70.31,0,0.51,17.05.2024 05:30:30
0,151.69,809,727,10.51,70.32,0,0.47,17.05.2024 05:30:32
0,150.38,802,727,10.49,70.32,0,0.38,17.05.2024 05:30:34
0,148.31,791,727,10.51,70.31,0,0.22,17.05.2024 05:30:36
0,150.56,803,727,10.51,70.31,0,0.39,17.05.2024 05:30:38
0,148.69,793,726,10.52,70.31,0,0.25,17.05.2024 05:30:40
0,147.38,786,727,10.48,70.30,0,0.16,17.05.2024 05:30:42
0,150.19,801,727,10.52,70.28,0,0.36,17.05.2024 05:30:44
0,147.75,788,727,10.51,70.32,0,0.18,17.05.2024 05:30:47
0,146.44,781,727,10.51,70.31,0,0.09,17.05.2024 05:30:49
0,149.06,795,726,10.51,70.31,0,0.28,17.05.2024 05:30:51
0,150.38,802,726,10.49,70.30,0,0.38,17.05.2024 05:30:53
0,147.56,787,726,10.49,70.29,0,0.17,17.05.2024 05:30:55
0,147.94,789,727,10.48,70.32,0,0.20,17.05.2024 05:30:57
0,150.00,800,727,10.51,70.32,0,0.35,17.05.2024 05:30:59
0,150.94,805,726,10.52,70.30,0,0.41,17.05.2024 05:31:01
0,154.31,823,726,10.47,70.29,0,0.69,17.05.2024 05:31:03
0,152.44,813,725,10.51,70.30,0,0.53,17.05.2024 05:31:06
0,150.19,801,726,10.52,70.31,0,0.36,17.05.2024 05:31:08
0,150.75,804,726,10.49,70.30,0,0.41,17.05.2024 05:31:10
0,150.94,805,726,10.51,70.30,0,0.42,17.05.2024 05:31:12
0,149.81,799,726,10.49,70.30,0,0.34,17.05.2024 05:31:14
0,152.25,812,726,10.49,70.31,0,0.52,17.05.2024 05:31:16
0,152.06,811,726,10.49,70.32,0,0.51,17.05.2024 05:31:18
0,154.31,823,726,10.49,70.31,0,0.68,17.05.2024 05:31:20
0,151.13,806,725,10.49,70.30,0,0.43,17.05.2024 05:31:23
0,152.25,812,725,10.51,70.29,0,0.52,17.05.2024 05:31:25
0,152.63,814,725,10.49,70.30,0,0.55,17.05.2024 05:31:27
0,156.38,834,724,10.49,70.31,0,0.85,17.05.2024 05:31:29
0,153.19,817,723,10.49,70.31,0,0.59,17.05.2024 05:31:31
0,150.00,800,723,10.47,70.31,0,0.35,17.05.2024 05:31:33
0,150.19,801,723,10.49,70.30,0,0.36,17.05.2024 05:31:35
0,149.81,799,723,10.49,70.32,0,0.33,17.05.2024 05:31:37
0,153.56,819,723,10.48,70.28,0,0.63,17.05.2024 05:31:40
0,152.25,812,723,10.49,70.28,0,0.52,17.05.2024 05:31:42
0,153.00,816,723,10.49,70.30,0,0.58,17.05.2024 05:31:44
0,151.50,808,724,10.48,70.31,0,0.47,17.05.2024 05:31:46
0,151.50,808,724,10.49,70.30,0,0.46,17.05.2024 05:31:48
0,152.06,811,723,10.47,70.32,0,0.51,17.05.2024 05:31:50
0,153.19,817,724,10.51,70.29,0,0.59,17.05.2024 05:31:52
0,152.81,815,724,10.48,70.29,0,0.57,17.05.2024 05:31:54
0,153.38,818,724,10.51,70.32,0,0.61,17.05.2024 05:31:57
0,154.88,826,723,10.49,70.31,0,0.73,17.05.2024 05:31:59
0,151.50,808,724,10.48,70.31,0,0.47,17.05.2024 05:32:01
0,151.69,809,724,10.49,70.30,0,0.48,17.05.2024 05:32:03
0,151.13,806,725,10.49,70.29,0,0.43,17.05.2024 05:32:05
0,146.63,782,725,10.49,70.29,0,0.10,17.05.2024 05:32:07
0,150.38,802,725,10.49,70.28,0,0.38,17.05.2024 05:32:09
0,149.25,796,724,10.49,70.30,0,0.29,17.05.2024 05:32:11
0,150.38,802,723,10.51,70.32,0,0.37,17.05.2024 05:32:14
0,152.81,815,723,10.49,70.29,0,0.57,17.05.2024 05:32:16
0,147.75,788,724,10.51,70.30,0,0.18,17.05.2024 05:32:18
0,150.00,800,725,10.49,70.27,0,0.35,17.05.2024 05:32:20
0,152.06,811,725,10.51,70.31,0,0.50,17.05.2024 05:32:22
0,152.25,812,724,10.51,70.28,0,0.52,17.05.2024 05:32:24
0,154.69,825,723,10.51,70.31,0,0.71,17.05.2024 05:32:26
0,151.69,809,723,10.49,70.26,0,0.48,17.05.2024 05:32:28
0,148.50,792,723,10.49,70.25,0,0.24,17.05.2024 05:32:31
0,150.56,803,723,10.51,70.26,0,0.39,17.05.2024 05:32:33
0,153.94,821,723,10.49,70.28,0,0.66,17.05.2024 05:32:35
0,152.44,813,723,10.51,70.29,0,0.53,17.05.2024 05:32:37
0,151.88,810,723,10.49,70.27,0,0.49,17.05.2024 05:32:39
0,146.44,781,724,10.52,70.31,0,0.08,17.05.2024 05:32:41
0,148.13,790,723,10.52,70.30,0,0.21,17.05.2024 05:32:43
0,150.19,801,723,10.51,70.29,0,0.36,17.05.2024 05:32:45
0,148.88,794,723,10.49,70.30,0,0.27,17.05.2024 05:32:47
0,153.00,816,723,10.49,70.29,0,0.58,17.05.2024 05:32:50
0,149.44,797,724,10.49,70.28,0,0.31,17.05.2024 05:32:54
0,148.88,794,724,10.48,70.28,0,0.27,17.05.2024 05:32:56
0,146.81,783,724,10.48,70.31,0,0.12,17.05.2024 05:32:58
0,152.63,814,724,10.49,70.29,0,0.55,17.05.2024 05:33:00
0,148.13,790,724,10.49,70.28,0,0.21,17.05.2024 05:33:02
0,150.94,805,725,10.51,70.27,0,0.42,17.05.2024 05:33:04
0,146.25,780,725,10.51,70.28,0,0.07,17.05.2024 05:33:06
0,148.69,793,725,10.48,70.27,0,0.25,17.05.2024 05:33:09
0,148.69,793,724,10.49,70.27,0,0.25,17.05.2024 05:33:11
0,148.50,792,724,10.48,70.26,0,0.24,17.05.2024 05:33:13
0,148.13,790,724,10.48,70.26,0,0.21,17.05.2024 05:33:15
0,148.69,793,724,10.52,70.29,0,0.25,17.05.2024 05:33:17
0,146.63,782,724,10.49,70.28,0,0.10,17.05.2024 05:33:19
0,148.31,791,723,10.51,70.31,0,0.22,17.05.2024 05:33:21
0,144.38,770,724,10.52,70.25,0,-0.06,17.05.2024 05:33:23
0,151.50,808,724,10.51,70.26,0,0.46,17.05.2024 05:33:26
0,153.00,816,724,10.51,70.27,0,0.58,17.05.2024 05:33:28
0,151.13,806,724,10.49,70.30,0,0.43,17.05.2024 05:33:30
0,151.13,806,724,10.51,70.30,0,0.43,17.05.2024 05:33:32
0,148.31,791,724,10.49,70.28,0,0.22,17.05.2024 05:33:34
0,149.25,796,723,10.51,70.28,0,0.29,17.05.2024 05:33:36
0,152.81,815,723,10.49,70.30,0,0.57,17.05.2024 05:33:38
0,151.31,807,724,10.49,70.30,0,0.45,17.05.2024 05:33:40
0,152.06,811,724,10.51,70.26,0,0.51,17.05.2024 05:33:43
0,150.00,800,724,10.49,70.28,0,0.35,17.05.2024 05:33:45
0,151.13,806,724,10.51,70.29,0,0.43,17.05.2024 05:33:47
0,149.06,795,724,10.49,70.30,0,0.28,17.05.2024 05:33:49
0,152.63,814,723,10.49,70.30,0,0.55,17.05.2024 05:33:51
0,153.94,821,723,10.48,70.27,0,0.66,17.05.2024 05:33:53
0,150.19,801,723,10.49,70.25,0,0.37,17.05.2024 05:33:55
0,154.13,822,723,10.51,70.28,0,0.67,17.05.2024 05:33:57
0,147.56,787,724,10.48,70.26,0,0.17,17.05.2024 05:34:00
0,152.44,813,723,10.51,70.27,0,0.53,17.05.2024 05:34:02
0,147.94,789,723,10.49,70.27,0,0.20,17.05.2024 05:34:04
0,150.19,801,723,10.48,70.30,0,0.37,17.05.2024 05:34:06
0,150.19,801,723,10.49,70.31,0,0.36,17.05.2024 05:34:08
0,151.31,807,723,10.49,70.30,0,0.45,17.05.2024 05:34:10
0,150.19,801,723,10.51,70.29,0,0.36,17.05.2024 05:34:12
0,153.56,819,723,10.49,70.25,0,0.63,17.05.2024 05:34:14
0,151.69,809,723,10.49,70.28,0,0.48,17.05.2024 05:34:16
0,149.81,799,723,10.49,70.26,0,0.34,17.05.2024 05:34:19
0,147.75,788,723,10.48,70.27,0,0.19,17.05.2024 05:34:21
0,153.19,817,722,10.48,70.27,0,0.60,17.05.2024 05:34:23
0,152.25,812,721,10.48,70.28,0,0.52,17.05.2024 05:34:25
0,148.69,793,721,10.51,70.27,0,0.25,17.05.2024 05:34:27
0,150.94,805,721,10.51,70.28,0,0.42,17.05.2024 05:34:29
0,150.19,801,721,10.49,70.27,0,0.36,17.05.2024 05:34:31
0,151.69,809,721,10.49,70.28,0,0.48,17.05.2024 05:34:33
0,155.25,828,721,10.49,70.27,0,0.76,17.05.2024 05:34:36
0,152.06,811,721,10.48,70.28,0,0.51,17.05.2024 05:34:38
0,152.63,814,720,10.49,70.30,0,0.55,17.05.2024 05:34:40
0,150.00,800,720,10.51,70.29,0,0.35,17.05.2024 05:34:42
0,152.06,811,721,10.48,70.26,0,0.51,17.05.2024 05:34:44
0,151.50,808,721,10.48,70.26,0,0.47,17.05.2024 05:34:46
0,149.25,796,722,10.49,70.25,0,0.29,17.05.2024 05:34:48
0,149.44,797,721,10.49,70.29,0,0.31,17.05.2024 05:34:50
0,149.63,798,721,10.49,70.30,0,0.32,17.05.2024 05:34:53
0,154.13,822,721,10.49,70.29,0,0.67,17.05.2024 05:34:55
0,154.88,826,721,10.51,70.32,0,0.73,17.05.2024 05:34:57
0,152.06,811,721,10.51,70.26,0,0.51,17.05.2024 05:34:59
0,147.75,788,722,10.51,70.30,0,0.18,17.05.2024 05:35:01
0,151.13,806,721,10.51,70.27,0,0.43,17.05.2024 05:35:03
0,148.13,790,721,10.52,70.26,0,0.21,17.05.2024 05:35:05
0,154.13,822,721,10.49,70.29,0,0.67,17.05.2024 05:35:07
0,153.00,816,721,10.47,70.25,0,0.59,17.05.2024 05:35:10
0,151.31,807,721,10.48,70.27,0,0.45,17.05.2024 05:35:12
0,148.31,791,722,10.49,70.25,0,0.23,17.05.2024 05:35:14
0,150.38,802,723,10.49,70.29,0,0.38,17.05.2024 05:35:18
0,149.44,797,722,10.51,70.29,0,0.30,17.05.2024 05:35:20
0,151.13,806,722,10.47,70.22,0,0.44,17.05.2024 05:35:22
0,147.75,788,722,10.49,70.27,0,0.18,17.05.2024 05:35:24
0,149.63,798,722,10.47,70.28,0,0.33,17.05.2024 05:35:26
0,149.44,797,722,10.49,70.25,0,0.31,17.05.2024 05:35:29
0,144.19,769,721,10.49,70.27,0,-0.07,17.05.2024 05:35:31
0,150.94,805,721,10.48,70.26,0,0.42,17.05.2024 05:35:33
0,146.25,780,721,10.49,70.28,0,0.08,17.05.2024 05:35:35
0,147.94,789,721,10.48,70.27,0,0.20,17.05.2024 05:35:37
0,147.94,789,721,10.48,70.23,0,0.20,17.05.2024 05:35:39
0,151.88,810,722,10.47,70.26,0,0.50,17.05.2024 05:35:41
0,148.69,793,722,10.45,70.26,0,0.26,17.05.2024 05:35:43
0,152.81,815,722,10.51,70.25,0,0.56,17.05.2024 05:35:46
0,150.94,805,723,10.49,70.25,0,0.42,17.05.2024 05:35:48
0,151.69,809,723,10.48,70.27,0,0.48,17.05.2024 05:35:50
0,150.94,805,723,10.48,70.26,0,0.42,17.05.2024 05:35:52
0,152.25,812,724,10.51,70.27,0,0.52,17.05.2024 05:35:54
0,149.63,798,724,10.47,70.24,0,0.33,17.05.2024 05:35:56
0,151.88,810,723,10.48,70.27,0,0.50,17.05.2024 05:35:58
0,153.19,817,724,10.49,70.26,0,0.60,17.05.2024 05:36:00
0,151.13,806,724,10.48,70.28,0,0.44,17.05.2024 05:36:02
0,150.38,802,724,10.49,70.27,0,0.38,17.05.2024 05:36:05
0,151.88,810,724,10.48,70.25,0,0.50,17.05.2024 05:36:07
0,150.94,805,724,10.49,70.31,0,0.42,17.05.2024 05:36:09
0,151.13,806,724,10.48,70.26,0,0.44,17.05.2024 05:36:11
0,150.94,805,724,10.48,70.25,0,0.42,17.05.2024 05:36:13
0,151.69,809,724,10.48,70.26,0,0.48,17.05.2024 05:36:15
0,148.50,792,725,10.48,70.26,0,0.24,17.05.2024 05:36:17
0,151.88,810,725,10.48,70.27,0,0.50,17.05.2024 05:36:19
0,153.94,821,725,10.48,70.27,0,0.66,17.05.2024 05:36:22
0,147.94,789,725,10.47,70.29,0,0.20,17.05.2024 05:36:24
0,154.13,822,725,10.47,70.24,0,0.68,17.05.2024 05:36:26
0,147.38,786,725,10.48,70.26,0,0.16,17.05.2024 05:36:28
0,148.69,793,726,10.47,70.27,0,0.26,17.05.2024 05:36:30
0,152.06,811,726,10.49,70.26,0,0.51,17.05.2024 05:36:32
0,152.44,813,726,10.49,70.30,0,0.54,17.05.2024 05:36:34
0,153.00,816,726,10.49,70.29,0,0.58,17.05.2024 05:36:36
0,151.88,810,727,10.52,70.29,0,0.49,17.05.2024 05:36:39
0,149.63,798,727,10.48,70.27,0,0.32,17.05.2024 05:36:41
0,150.38,802,726,10.48,70.26,0,0.38,17.05.2024 05:36:43
0,151.31,807,726,10.48,70.26,0,0.45,17.05.2024 05:36:45
0,150.19,801,726,10.47,70.28,0,0.37,17.05.2024 05:36:47
0,153.56,819,726,10.51,70.27,0,0.62,17.05.2024 05:36:49
0,151.50,808,727,10.47,70.26,0,0.47,17.05.2024 05:36:51
0,152.44,813,727,10.48,70.26,0,0.54,17.05.2024 05:36:53
0,149.25,796,727,10.49,70.29,0,0.29,17.05.2024 05:36:56
0,156.00,832,727,10.48,70.25,0,0.83,17.05.2024 05:36:58
0,150.94,805,726,10.48,70.27,0,0.42,17.05.2024 05:37:00
0,150.94,805,726,10.47,70.24,0,0.43,17.05.2024 05:37:02
0,148.13,790,726,10.48,70.29,0,0.21,17.05.2024 05:37:04
0,149.44,797,726,10.48,70.27,0,0.31,17.05.2024 05:37:06
0,151.88,810,726,10.47,70.26,0,0.50,17.05.2024 05:37:08
0,151.13,806,726,10.47,70.28,0,0.44,17.05.2024 05:37:10
0,150.94,805,725,10.49,70.27,0,0.42,17.05.2024 05:37:13
0,150.38,802,726,10.49,70.25,0,0.38,17.05.2024 05:37:15
0,149.25,796,726,10.49,70.26,0,0.29,17.05.2024 05:37:17
0,151.13,806,725,10.47,70.26,0,0.44,17.05.2024 05:37:19
0,150.56,803,725,10.48,70.25,0,0.40,17.05.2024 05:37:21
0,149.25,796,725,10.48,70.26,0,0.30,17.05.2024 05:37:23
0,147.75,788,725,10.48,70.28,0,0.19,17.05.2024 05:37:25
0,149.81,799,725,10.48,70.26,0,0.34,17.05.2024 05:37:27
0,150.94,805,725,10.48,70.26,0,0.42,17.05.2024 05:37:30
0,153.56,819,725,10.49,70.25,0,0.63,17.05.2024 05:37:32
0,148.50,792,725,10.49,70.26,0,0.24,17.05.2024 05:37:34
0,150.75,804,725,10.49,70.27,0,0.41,17.05.2024 05:37:38
0,150.94,805,725,10.49,70.24,0,0.42,17.05.2024 05:37:40
0,149.63,798,726,10.49,70.27,0,0.32,17.05.2024 05:37:42
0,148.13,790,727,10.49,70.30,0,0.21,17.05.2024 05:37:44
0,144.19,769,727,10.49,70.26,0,-0.07,17.05.2024 05:37:46
0,147.38,786,727,10.47,70.25,0,0.16,17.05.2024 05:37:49
0,148.13,790,727,10.48,70.24,0,0.21,17.05.2024 05:37:51
0,149.63,798,727,10.47,70.26,0,0.33,17.05.2024 05:37:53
0,149.81,799,727,10.49,70.25,0,0.34,17.05.2024 05:37:55
0,144.94,773,728,10.49,70.27,0,-0.01,17.05.2024 05:37:57
0,149.81,799,727,10.47,70.25,0,0.34,17.05.2024 05:37:59
0,152.63,814,727,10.49,70.28,0,0.55,17.05.2024 05:38:01
0,149.81,799,727,10.48,70.26,0,0.34,17.05.2024 05:38:03
0,150.56,803,727,10.49,70.27,0,0.39,17.05.2024 05:38:05
0,151.31,807,727,10.48,70.26,0,0.45,17.05.2024 05:38:08
0,151.13,806,726,10.49,70.26,0,0.44,17.05.2024 05:38:10
0,150.94,805,727,10.48,70.26,0,0.42,17.05.2024 05:38:12
0,150.94,805,726,10.45,70.22,0,0.43,17.05.2024 05:38:14
0,153.56,819,726,10.48,70.24,0,0.63,17.05.2024 05:38:16
0,151.50,808,725,10.48,70.26,0,0.47,17.05.2024 05:38:18
0,150.94,805,726,10.47,70.23,0,0.43,17.05.2024 05:38:20
0,150.38,802,726,10.48,70.27,0,0.38,17.05.2024 05:38:22
0,151.13,806,726,10.49,70.25,0,0.44,17.05.2024 05:38:25
0,148.88,794,727,10.47,70.26,0,0.27,17.05.2024 05:38:27
0,151.69,809,726,10.48,70.25,0,0.48,17.05.2024 05:38:29
0,153.19,817,726,10.48,70.26,0,0.60,17.05.2024 05:38:31
0,153.38,818,727,10.48,70.26,0,0.61,17.05.2024 05:38:33
0,151.31,807,726,10.48,70.27,0,0.45,17.05.2024 05:38:35
0,152.63,814,726,10.45,70.26,0,0.56,17.05.2024 05:38:37
0,150.56,803,726,10.49,70.27,0,0.39,17.05.2024 05:38:39
0,145.88,778,726,10.48,70.27,0,0.05,17.05.2024 05:38:42
0,149.44,797,725,10.48,70.24,0,0.31,17.05.2024 05:38:44
0,151.69,809,725,10.48,70.27,0,0.48,17.05.2024 05:38:46
0,150.00,800,725,10.51,70.23,0,0.35,17.05.2024 05:38:48
0,151.50,808,726,10.47,70.24,0,0.47,17.05.2024 05:38:50
0,151.69,809,726,10.48,70.28,0,0.48,17.05.2024 05:38:52
0,153.56,819,726,10.48,70.27,0,0.63,17.05.2024 05:38:54
0,155.63,830,726,10.48,70.26,0,0.80,17.05.2024 05:38:56
0,153.75,820,726,10.49,70.28,0,0.64,17.05.2024 05:38:59
0,151.69,809,726,10.45,70.26,0,0.49,17.05.2024 05:39:01
0,153.38,818,726,10.48,70.26,0,0.61,17.05.2024 05:39:03
0,151.69,809,726,10.47,70.28,0,0.48,17.05.2024 05:39:05
0,150.94,805,727,10.47,70.23,0,0.43,17.05.2024 05:39:07
0,152.44,813,726,10.45,70.24,0,0.55,17.05.2024 05:39:09
0,152.06,811,726,10.47,70.25,0,0.51,17.05.2024 05:39:11
0,149.81,799,726,10.47,70.25,0,0.34,17.05.2024 05:39:13
0,145.69,777,726,10.49,70.26,0,0.04,17.05.2024 05:39:16
0,150.00,800,727,10.45,70.26,0,0.36,17.05.2024 05:39:18
0,148.69,793,726,10.48,70.26,0,0.26,17.05.2024 05:39:20
0,151.69,809,726,10.49,70.29,0,0.48,17.05.2024 05:39:22
0,150.56,803,726,10.48,70.23,0,0.40,17.05.2024 05:39:24
0,152.06,811,726,10.47,70.25,0,0.51,17.05.2024 05:39:26
0,146.81,783,725,10.47,70.28,0,0.12,17.05.2024 05:39:28
0,148.31,791,725,10.48,70.26,0,0.23,17.05.2024 05:39:30
0,150.75,804,725,10.49,70.24,0,0.41,17.05.2024 05:39:33
0,154.13,822,725,10.48,70.26,0,0.67,17.05.2024 05:39:35
0,151.31,807,726,10.47,70.25,0,0.46,17.05.2024 05:39:37
0,146.44,781,726,10.48,70.25,0,0.09,17.05.2024 05:39:39
0,149.06,795,726,10.48,70.26,0,0.28,17.05.2024 05:39:41
0,151.88,810,726,10.49,70.22,0,0.50,17.05.2024 05:39:43
0,153.94,821,725,10.47,70.24,0,0.66,17.05.2024 05:39:45
0,149.81,799,725,10.47,70.25,0,0.34,17.05.2024 05:39:47
0,153.38,818,725,10.47,70.25,0,0.62,17.05.2024 05:39:49
0,148.69,793,725,10.47,70.24,0,0.26,17.05.2024 05:39:54
0,148.31,791,725,10.45,70.22,0,0.23,17.05.2024 05:39:56
0,151.69,809,725,10.49,70.25,0,0.48,17.05.2024 05:39:58
0,147.00,784,726,10.47,70.25,0,0.13,17.05.2024 05:40:00
0,146.63,782,726,10.48,70.23,0,0.11,17.05.2024 05:40:02
0,151.13,806,725,10.47,70.24,0,0.44,17.05.2024 05:40:04
0,143.06,763,726,10.49,70.24,0,-0.14,17.05.2024 05:40:06
0,149.63,798,726,10.47,70.23,0,0.33,17.05.2024 05:40:08
0,150.19,801,725,10.47,70.22,0,0.37,17.05.2024 05:40:11
0,148.50,792,725,10.45,70.23,0,0.25,17.05.2024 05:40:13
0,146.25,780,725,10.47,70.23,0,0.08,17.05.2024 05:40:15
0,147.56,787,725,10.48,70.24,0,0.17,17.05.2024 05:40:17
0,149.44,797,725,10.48,70.26,0,0.31,17.05.2024 05:40:19
0,149.63,798,726,10.45,70.20,0,0.33,17.05.2024 05:40:21
0,151.88,810,726,10.45,70.25,0,0.50,17.05.2024 05:40:23
0,154.50,824,726,10.48,70.25,0,0.70,17.05.2024 05:40:25
0,149.63,798,726,10.48,70.23,0,0.33,17.05.2024 05:40:28
0,149.81,799,727,10.48,70.24,0,0.34,17.05.2024 05:40:30
0,151.13,806,727,10.47,70.24,0,0.44,17.05.2024 05:40:32
0,153.00,816,727,10.45,70.24,0,0.59,17.05.2024 05:40:34
0,151.88,810,727,10.48,70.25,0,0.50,17.05.2024 05:40:36
0,149.81,799,727,10.47,70.26,0,0.34,17.05.2024 05:40:38
0,155.63,830,727,10.47,70.24,0,0.80,17.05.2024 05:40:40
0,148.88,794,727,10.47,70.28,0,0.27,17.05.2024 05:40:42
0,151.13,806,728,10.45,70.26,0,0.44,17.05.2024 05:40:45
0,150.94,805,728,10.48,70.27,0,0.42,17.05.2024 05:40:47
0,151.69,809,728,10.47,70.24,0,0.48,17.05.2024 05:40:49
0,150.38,802,729,10.45,70.21,0,0.39,17.05.2024 05:40:51
0,149.63,798,729,10.47,70.24,0,0.33,17.05.2024 05:40:53
0,155.25,828,730,10.48,70.24,0,0.77,17.05.2024 05:40:55
0,153.19,817,730,10.45,70.23,0,0.61,17.05.2024 05:40:57
0,151.31,807,729,10.44,70.26,0,0.46,17.05.2024 05:40:59
0,150.38,802,729,10.45,70.24,0,0.39,17.05.2024 05:41:02
0,149.25,796,729,10.48,70.24,0,0.30,17.05.2024 05:41:04
0,148.88,794,728,10.47,70.24,0,0.27,17.05.2024 05:41:06
0,150.94,805,728,10.47,70.24,0,0.43,17.05.2024 05:41:08
0,150.00,800,728,10.48,70.26,0,0.35,17.05.2024 05:41:10
0,150.94,805,727,10.48,70.26,0,0.42,17.05.2024 05:41:12
0,150.00,800,727,10.45,70.24,0,0.36,17.05.2024 05:41:14
0,151.88,810,727,10.45,70.25,0,0.50,17.05.2024 05:41:16
0,149.25,796,727,10.45,70.26,0,0.30,17.05.2024 05:41:19
0,151.31,807,728,10.45,70.25,0,0.46,17.05.2024 05:41:21
0,149.44,797,728,10.47,70.22,0,0.31,17.05.2024 05:41:23
0,147.19,785,728,10.49,70.26,0,0.14,17.05.2024 05:41:25
0,154.50,824,728,10.47,70.24,0,0.71,17.05.2024 05:41:27
0,151.50,808,728,10.45,70.22,0,0.47,17.05.2024 05:41:29
0,151.50,808,728,10.48,70.25,0,0.47,17.05.2024 05:41:31
0,151.88,810,727,10.45,70.24,0,0.50,17.05.2024 05:41:33
0,152.44,813,727,10.45,70.25,0,0.55,17.05.2024 05:41:35
0,151.88,810,726,10.47,70.23,0,0.50,17.05.2024 05:41:38
0,151.69,809,726,10.47,70.25,0,0.48,17.05.2024 05:41:40
0,149.81,799,726,10.48,70.25,0,0.34,17.05.2024 05:41:42
0,150.00,800,725,10.45,70.24,0,0.36,17.05.2024 05:41:44
0,148.69,793,725,10.47,70.26,0,0.26,17.05.2024 05:41:46
0,150.19,801,725,10.47,70.23,0,0.37,17.05.2024 05:41:48
0,149.63,798,724,10.47,70.22,0,0.33,17.05.2024 05:41:50
0,150.19,801,725,10.47,70.24,0,0.37,17.05.2024 05:41:52
0,150.56,803,724,10.47,70.24,0,0.40,17.05.2024 05:41:55
0,147.75,788,724,10.45,70.23,0,0.19,17.05.2024 05:41:57
0,150.56,803,724,10.47,70.25,0,0.40,17.05.2024 05:41:59
0,153.00,816,724,10.45,70.25,0,0.59,17.05.2024 05:42:01
0,148.13,790,724,10.44,70.24,0,0.22,17.05.2024 05:42:03
0,150.19,801,723,10.45,70.22,0,0.37,17.05.2024 05:42:05
0,149.63,798,723,10.48,70.24,0,0.33,17.05.2024 05:42:07
0,145.88,778,723,10.45,70.24,0,0.06,17.05.2024 05:42:11
0,151.88,810,723,10.47,70.24,0,0.50,17.05.2024 05:42:14
0,150.19,801,723,10.47,70.25,0,0.37,17.05.2024 05:42:16
0,148.69,793,723,10.45,70.24,0,0.26,17.05.2024 05:42:18
0,147.56,787,723,10.47,70.25,0,0.18,17.05.2024 05:42:20
0,148.88,794,723,10.48,70.25,0,0.27,17.05.2024 05:42:22
0,151.88,810,723,10.47,70.21,0,0.50,17.05.2024 05:42:24
0,150.56,803,723,10.45,70.26,0,0.40,17.05.2024 05:42:26
0,145.13,774,723,10.47,70.24,0,0.00,17.05.2024 05:42:28
0,147.38,786,723,10.45,70.25,0,0.16,17.05.2024 05:42:31
0,147.19,785,723,10.48,70.26,0,0.15,17.05.2024 05:42:33
0,143.25,764,723,10.45,70.23,0,-0.12,17.05.2024 05:42:35
0,150.19,801,723,10.47,70.27,0,0.37,17.05.2024 05:42:37
0,150.38,802,723,10.45,70.24,0,0.39,17.05.2024 05:42:39
0,148.13,790,724,10.45,70.26,0,0.22,17.05.2024 05:42:41
0,151.88,810,724,10.45,70.27,0,0.50,17.05.2024 05:42:43
0,150.56,803,724,10.48,70.26,0,0.40,17.05.2024 05:42:45
0,148.88,794,723,10.47,70.24,0,0.27,17.05.2024 05:42:48
0,152.06,811,723,10.44,70.28,0,0.52,17.05.2024 05:42:50
0,149.25,796,722,10.48,70.26,0,0.30,17.05.2024 05:42:52
0,148.13,790,723,10.45,70.27,0,0.22,17.05.2024 05:42:54
0,152.25,812,723,10.48,70.26,0,0.53,17.05.2024 05:42:56
0,149.25,796,722,10.45,70.27,0,0.30,17.05.2024 05:42:58
0,152.44,813,723,10.45,70.26,0,0.54,17.05.2024 05:43:00
0,151.13,806,723,10.45,70.26,0,0.44,17.05.2024 05:43:02
0,150.00,800,723,10.47,70.24,0,0.36,17.05.2024 05:43:05
0,152.44,813,723,10.45,70.28,0,0.54,17.05.2024 05:43:07
0,151.88,810,722,10.47,70.24,0,0.50,17.05.2024 05:43:09
0,150.75,804,722,10.47,70.22,0,0.41,17.05.2024 05:43:11
0,148.88,794,722,10.47,70.27,0,0.27,17.05.2024 05:43:13
0,147.19,785,722,10.44,70.25,0,0.15,17.05.2024 05:43:15
0,151.50,808,723,10.45,70.24,0,0.47,17.05.2024 05:43:17
0,149.44,797,723,10.45,70.24,0,0.32,17.05.2024 05:43:19
0,152.44,813,723,10.45,70.28,0,0.54,17.05.2024 05:43:22
0,150.38,802,723,10.44,70.27,0,0.39,17.05.2024 05:43:24
0,153.75,820,723,10.47,70.26,0,0.65,17.05.2024 05:43:26
0,151.13,806,723,10.45,70.28,0,0.44,17.05.2024 05:43:28
0,149.25,796,723,10.45,70.29,0,0.30,17.05.2024 05:43:30
0,149.63,798,723,10.45,70.27,0,0.33,17.05.2024 05:43:32
0,151.69,809,723,10.47,70.27,0,0.48,17.05.2024 05:43:34
0,150.00,800,723,10.44,70.25,0,0.36,17.05.2024 05:43:36
0,150.56,803,723,10.45,70.26,0,0.40,17.05.2024 05:43:38
0,147.56,787,723,10.44,70.27,0,0.18,17.05.2024 05:43:41
0,150.00,800,723,10.47,70.27,0,0.35,17.05.2024 05:43:43
0,152.25,812,724,10.47,70.28,0,0.53,17.05.2024 05:43:45
0,150.94,805,723,10.44,70.29,0,0.43,17.05.2024 05:43:47
0,148.31,791,723,10.45,70.28,0,0.23,17.05.2024 05:43:49
0,148.50,792,723,10.44,70.27,0,0.25,17.05.2024 05:43:51
0,151.13,806,723,10.45,70.24,0,0.44,17.05.2024 05:43:53
0,151.88,810,723,10.47,70.28,0,0.50,17.05.2024 05:43:55
0,149.06,795,723,10.48,70.27,0,0.28,17.05.2024 05:43:58
0,150.94,805,724,10.44,70.28,0,0.43,17.05.2024 05:44:00
0,150.94,805,724,10.44,70.27,0,0.43,17.05.2024 05:44:02
0,148.31,791,724,10.44,70.25,0,0.23,17.05.2024 05:44:04
0,150.00,800,724,10.45,70.25,0,0.36,17.05.2024 05:44:06
0,154.50,824,724,10.45,70.28,0,0.71,17.05.2024 05:44:08
0,150.56,803,724,10.47,70.26,0,0.40,17.05.2024 05:44:10
0,152.25,812,724,10.48,70.28,0,0.52,17.05.2024 05:44:12
0,148.88,794,724,10.45,70.29,0,0.27,17.05.2024 05:44:15
0,152.25,812,723,10.47,70.28,0,0.53,17.05.2024 05:44:17
0,154.88,826,724,10.44,70.28,0,0.74,17.05.2024 05:44:19
0,151.13,806,724,10.45,70.27,0,0.44,17.05.2024 05:44:21
0,153.00,816,723,10.48,70.29,0,0.58,17.05.2024 05:44:23
0,151.69,809,724,10.45,70.29,0,0.49,17.05.2024 05:44:25
0,145.88,778,724,10.45,70.29,0,0.06,17.05.2024 05:44:27
0,151.31,807,724,10.47,70.25,0,0.46,17.05.2024 05:44:31
0,147.94,789,723,10.45,70.28,0,0.20,17.05.2024 05:44:34
0,146.06,779,724,10.45,70.29,0,0.07,17.05.2024 05:44:36
0,149.06,795,724,10.44,70.28,0,0.29,17.05.2024 05:44:38
0,147.38,786,724,10.44,70.28,0,0.17,17.05.2024 05:44:40
0,149.25,796,723,10.45,70.30,0,0.30,17.05.2024 05:44:42
0,146.63,782,723,10.47,70.27,0,0.11,17.05.2024 05:44:44
0,148.69,793,723,10.45,70.27,0,0.26,17.05.2024 05:44:46
0,149.06,795,723,10.45,70.26,0,0.29,17.05.2024 05:44:48
0,149.06,795,723,10.45,70.30,0,0.29,17.05.2024 05:44:51
0,148.13,790,723,10.45,70.30,0,0.22,17.05.2024 05:44:53
0,148.31,791,722,10.45,70.30,0,0.23,17.05.2024 05:44:55
0,153.00,816,722,10.45,70.30,0,0.59,17.05.2024 05:44:57
0,148.31,791,722,10.45,70.29,0,0.23,17.05.2024 05:44:59
0,150.56,803,722,10.44,70.29,0,0.40,17.05.2024 05:45:01
0,152.25,812,722,10.47,70.29,0,0.53,17.05.2024 05:45:03
0,149.06,795,722,10.45,70.29,0,0.29,17.05.2024 05:45:05
0,150.38,802,722,10.44,70.30,0,0.39,17.05.2024 05:45:08
0,153.00,816,722,10.44,70.29,0,0.59,17.05.2024 05:45:10
0,153.19,817,722,10.44,70.27,0,0.61,17.05.2024 05:45:12
0,152.44,813,721,10.48,70.30,0,0.54,17.05.2024 05:45:14
0,153.00,816,722,10.44,70.30,0,0.59,17.05.2024 05:45:16
0,153.75,820,722,10.45,70.30,0,0.65,17.05.2024 05:45:18
0,149.81,799,722,10.44,70.31,0,0.34,17.05.2024 05:45:20
0,150.94,805,722,10.45,70.30,0,0.43,17.05.2024 05:45:22
0,151.13,806,722,10.44,70.29,0,0.44,17.05.2024 05:45:24
0,152.06,811,722,10.44,70.28,0,0.52,17.05.2024 05:45:27
0,147.94,789,722,10.47,70.32,0,0.20,17.05.2024 05:45:29
0,152.06,811,722,10.45,70.30,0,0.51,17.05.2024 05:45:31
0,151.50,808,721,10.45,70.32,0,0.47,17.05.2024 05:45:33
0,150.38,802,722,10.45,70.30,0,0.38,17.05.2024 05:45:35
0,153.94,821,721,10.45,70.32,0,0.66,17.05.2024 05:45:37
0,150.38,802,721,10.44,70.32,0,0.39,17.05.2024 05:45:39
0,151.50,808,722,10.45,70.32,0,0.47,17.05.2024 05:45:41
0,151.50,808,721,10.43,70.29,0,0.48,17.05.2024 05:45:44
0,149.44,797,721,10.47,70.34,0,0.31,17.05.2024 05:45:46
0,150.94,805,721,10.47,70.32,0,0.42,17.05.2024 05:45:48
0,153.38,818,721,10.47,70.32,0,0.61,17.05.2024 05:45:50
0,151.88,810,720,10.47,70.31,0,0.50,17.05.2024 05:45:52
0,150.38,802,721,10.43,70.30,0,0.39,17.05.2024 05:45:54
0,155.44,829,720,10.45,70.30,0,0.78,17.05.2024 05:45:56
0,150.56,803,720,10.49,70.32,0,0.39,17.05.2024 05:45:58
0,151.69,809,720,10.45,70.32,0,0.48,17.05.2024 05:46:01
0,150.38,802,719,10.45,70.32,0,0.38,17.05.2024 05:46:03
0,149.63,798,719,10.45,70.30,0,0.33,17.05.2024 05:46:05
0,151.13,806,719,10.44,70.34,0,0.44,17.05.2024 05:46:07
0,149.44,797,719,10.45,70.32,0,0.31,17.05.2024 05:46:09
0,149.81,799,719,10.45,70.30,0,0.34,17.05.2024 05:46:11
0,152.25,812,720,10.44,70.35,0,0.53,17.05.2024 05:46:13
0,150.38,802,719,10.45,70.32,0,0.38,17.05.2024 05:46:15
0,150.19,801,719,10.44,70.31,0,0.37,17.05.2024 05:46:18
0,149.63,798,720,10.44,70.31,0,0.33,17.05.2024 05:46:20
0,150.19,801,720,10.45,70.32,0,0.37,17.05.2024 05:46:22
0,150.38,802,720,10.45,70.29,0,0.38,17.05.2024 05:46:24
0,149.25,796,720,10.43,70.31,0,0.30,17.05.2024 05:46:26
0,150.75,804,720,10.47,70.34,0,0.41,17.05.2024 05:46:28
0,149.81,799,721,10.45,70.30,0,0.34,17.05.2024 05:46:30
0,148.69,793,720,10.43,70.31,0,0.26,17.05.2024 05:46:32
0,150.75,804,721,10.45,70.32,0,0.41,17.05.2024 05:46:35
0,151.50,808,721,10.44,70.31,0,0.47,17.05.2024 05:46:37
0,149.44,797,722,10.45,70.34,0,0.31,17.05.2024 05:46:39
0,149.63,798,722,10.45,70.32,0,0.33,17.05.2024 05:46:41
0,152.25,812,721,10.47,70.32,0,0.53,17.05.2024 05:46:43
0,151.88,810,721,10.45,70.34,0,0.50,17.05.2024 05:46:45
0,147.19,785,721,10.45,70.33,0,0.15,17.05.2024 05:46:47
0,148.50,792,721,10.45,70.32,0,0.24,17.05.2024 05:46:49
0,152.81,815,721,10.44,70.32,0,0.57,17.05.2024 05:46:54
0,149.81,799,721,10.44,70.35,0,0.34,17.05.2024 05:46:56
0,150.00,800,721,10.48,70.30,0,0.35,17.05.2024 05:46:58
0,150.19,801,721,10.44,70.34,0,0.37,17.05.2024 05:47:00
0,146.63,782,720,10.45,70.34,0,0.11,17.05.2024 05:47:02
0,151.69,809,720,10.48,70.33,0,0.48,17.05.2024 05:47:04
0,149.06,795,720,10.44,70.33,0,0.29,17.05.2024 05:47:06
0,147.56,787,720,10.45,70.35,0,0.17,17.05.2024 05:47:08
0,147.38,786,720,10.48,70.32,0,0.16,17.05.2024 05:47:10
0,149.06,795,720,10.47,70.36,0,0.28,17.05.2024 05:47:13
0,151.88,810,719,10.44,70.34,0,0.50,17.05.2024 05:47:15
0,151.13,806,718,10.47,70.32,0,0.44,17.05.2024 05:47:17
0,149.25,796,718,10.44,70.34,0,0.30,17.05.2024 05:47:19
0,150.56,803,718,10.45,70.33,0,0.40,17.05.2024 05:47:21
0,151.88,810,718,10.45,70.37,0,0.50,17.05.2024 05:47:23
0,148.88,794,718,10.45,70.35,0,0.27,17.05.2024 05:47:25
0,149.25,796,718,10.47,70.36,0,0.30,17.05.2024 05:47:27
0,148.88,794,718,10.47,70.34,0,0.27,17.05.2024 05:47:30
0,151.50,808,717,10.47,70.36,0,0.47,17.05.2024 05:47:32
0,150.94,805,717,10.44,70.33,0,0.43,17.05.2024 05:47:34
0,149.25,796,716,10.47,70.34,0,0.30,17.05.2024 05:47:36
0,150.00,800,716,10.45,70.36,0,0.35,17.05.2024 05:47:38
0,152.25,812,716,10.45,70.36,0,0.53,17.05.2024 05:47:40
0,153.75,820,717,10.45,70.35,0,0.65,17.05.2024 05:47:42
0,149.06,795,716,10.44,70.34,0,0.29,17.05.2024 05:47:44
0,148.31,791,716,10.44,70.33,0,0.23,17.05.2024 05:47:47
0,153.94,821,716,10.44,70.35,0,0.66,17.05.2024 05:47:49
0,152.06,811,715,10.47,70.36,0,0.51,17.05.2024 05:47:51
0,150.94,805,715,10.45,70.35,0,0.42,17.05.2024 05:47:53
0,149.06,795,715,10.44,70.39,0,0.29,17.05.2024 05:47:55
0,153.56,819,715,10.45,70.38,0,0.63,17.05.2024 05:47:57
0,151.88,810,715,10.45,70.38,0,0.50,17.05.2024 05:47:59
0,151.13,806,715,10.45,70.37,0,0.44,17.05.2024 05:48:01
0,146.44,781,716,10.44,70.37,0,0.10,17.05.2024 05:48:04
0,154.31,823,716,10.47,70.36,0,0.69,17.05.2024 05:48:06
0,150.56,803,716,10.44,70.39,0,0.40,17.05.2024 05:48:08
0,152.06,811,716,10.44,70.38,0,0.51,17.05.2024 05:48:10
0,151.50,808,716,10.44,70.36,0,0.47,17.05.2024 05:48:12
0,152.81,815,716,10.45,70.38,0,0.57,17.05.2024 05:48:14
0,153.19,817,716,10.47,70.39,0,0.60,17.05.2024 05:48:16
0,149.81,799,716,10.45,70.40,0,0.34,17.05.2024 05:48:18
0,146.25,780,717,10.44,70.38,0,0.08,17.05.2024 05:48:21
0,151.50,808,717,10.45,70.38,0,0.47,17.05.2024 05:48:23
0,150.19,801,717,10.45,70.37,0,0.37,17.05.2024 05:48:25
0,153.00,816,716,10.45,70.39,0,0.58,17.05.2024 05:48:27
0,153.56,819,716,10.44,70.39,0,0.63,17.05.2024 05:48:29
0,145.69,777,715,10.45,70.38,0,0.04,17.05.2024 05:48:31
0,153.38,818,716,10.44,70.37,0,0.62,17.05.2024 05:48:33
0,150.94,805,716,10.45,70.39,0,0.42,17.05.2024 05:48:35
0,149.63,798,716,10.44,70.37,0,0.33,17.05.2024 05:48:38
0,148.50,792,715,10.47,70.40,0,0.24,17.05.2024 05:48:40
0,149.25,796,715,10.45,70.38,0,0.30,17.05.2024 05:48:42
0,150.75,804,715,10.45,70.40,0,0.41,17.05.2024 05:48:44
0,151.13,806,715,10.44,70.40,0,0.44,17.05.2024 05:48:46
0,149.25,796,715,10.44,70.39,0,0.30,17.05.2024 05:48:48
0,154.69,825,715,10.44,70.36,0,0.72,17.05.2024 05:48:50
0,151.13,806,714,10.47,70.37,0,0.44,17.05.2024 05:48:52
0,150.00,800,713,10.44,70.39,0,0.36,17.05.2024 05:48:54
0,149.81,799,713,10.45,70.40,0,0.34,17.05.2024 05:48:57
0,152.81,815,713,10.44,70.39,0,0.57,17.05.2024 05:48:59
0,147.94,789,714,10.43,70.38,0,0.20,17.05.2024 05:49:01
0,151.88,810,713,10.45,70.38,0,0.50,17.05.2024 05:49:03
0,148.31,791,713,10.45,70.40,0,0.23,17.05.2024 05:49:05
0,150.00,800,713,10.45,70.39,0,0.35,17.05.2024 05:49:07
0,149.06,795,712,10.47,70.44,0,0.28,17.05.2024 05:49:11
0,147.75,788,711,10.44,70.39,0,0.19,17.05.2024 05:49:13
0,152.06,811,711,10.45,70.38,0,0.51,17.05.2024 05:49:16
0,148.69,793,711,10.45,70.41,0,0.25,17.05.2024 05:49:18
0,147.56,787,711,10.47,70.42,0,0.17,17.05.2024 05:49:20
0,149.44,797,711,10.44,70.38,0,0.31,17.05.2024 05:49:22
0,149.44,797,710,10.44,70.38,0,0.31,17.05.2024 05:49:24
0,148.50,792,710,10.45,70.40,0,0.24,17.05.2024 05:49:26
0,153.38,818,709,10.44,70.40,0,0.62,17.05.2024 05:49:28
0,147.75,788,709,10.44,70.41,0,0.19,17.05.2024 05:49:30
0,150.56,803,709,10.45,70.41,0,0.39,17.05.2024 05:49:33
0,150.00,800,710,10.47,70.39,0,0.35,17.05.2024 05:49:35
0,147.38,786,710,10.45,70.39,0,0.16,17.05.2024 05:49:37
0,146.06,779,710,10.47,70.40,0,0.06,17.05.2024 05:49:39
0,149.06,795,710,10.45,70.45,0,0.28,17.05.2024 05:49:41
0,150.56,803,710,10.45,70.42,0,0.39,17.05.2024 05:49:43
0,151.13,806,709,10.45,70.43,0,0.44,17.05.2024 05:49:45
0,153.19,817,709,10.45,70.40,0,0.60,17.05.2024 05:49:47
0,150.00,800,709,10.45,70.43,0,0.35,17.05.2024 05:49:50
0,155.63,830,709,10.47,70.44,0,0.79,17.05.2024 05:49:52
0,151.31,807,709,10.45,70.43,0,0.45,17.05.2024 05:49:54
0,149.25,796,709,10.44,70.39,0,0.30,17.05.2024 05:49:56
0,151.69,809,709,10.47,70.41,0,0.48,17.05.2024 05:49:58
0,152.44,813,709,10.45,70.43,0,0.54,17.05.2024 05:50:00
0,154.88,826,709,10.48,70.45,0,0.73,17.05.2024 05:50:02
0,150.94,805,710,10.45,70.43,0,0.42,17.05.2024 05:50:04
0,152.25,812,709,10.45,70.43,0,0.52,17.05.2024 05:50:07
0,156.00,832,709,10.45,70.45,0,0.82,17.05.2024 05:50:09
0,153.94,821,709,10.43,70.42,0,0.66,17.05.2024 05:50:11
0,150.94,805,708,10.47,70.44,0,0.42,17.05.2024 05:50:13
0,150.00,800,708,10.45,70.43,0,0.35,17.05.2024 05:50:15
0,147.38,786,709,10.43,70.45,0,0.16,17.05.2024 05:50:17
0,152.06,811,708,10.44,70.45,0,0.51,17.05.2024 05:50:19
0,150.94,805,708,10.45,70.45,0,0.42,17.05.2024 05:50:21
0,154.13,822,708,10.45,70.46,0,0.67,17.05.2024 05:50:24
0,154.50,824,708,10.47,70.47,0,0.70,17.05.2024 05:50:26
0,149.25,796,709,10.44,70.43,0,0.30,17.05.2024 05:50:28
0,153.94,821,708,10.44,70.44,0,0.66,17.05.2024 05:50:30
0,151.13,806,708,10.45,70.46,0,0.44,17.05.2024 05:50:32
0,150.38,802,708,10.45,70.43,0,0.38,17.05.2024 05:50:34
0,151.69,809,708,10.47,70.47,0,0.48,17.05.2024 05:50:36
0,155.06,827,708,10.45,70.43,0,0.75,17.05.2024 05:50:38
0,150.56,803,709,10.47,70.47,0,0.39,17.05.2024 05:50:41
0,152.81,815,709,10.45,70.43,0,0.57,17.05.2024 05:50:43
0,149.81,799,709,10.48,70.47,0,0.33,17.05.2024 05:50:45
0,151.69,809,709,10.47,70.47,0,0.48,17.05.2024 05:50:47
0,149.25,796,709,10.44,70.48,0,0.30,17.05.2024 05:50:49
0,152.44,813,709,10.44,70.45,0,0.54,17.05.2024 05:50:51
0,152.06,811,709,10.44,70.43,0,0.51,17.05.2024 05:50:53
0,149.63,798,709,10.44,70.46,0,0.32,17.05.2024 05:50:55
0,152.44,813,710,10.45,70.47,0,0.54,17.05.2024 05:50:57
0,150.38,802,710,10.45,70.48,0,0.38,17.05.2024 05:51:00
0,151.69,809,709,10.44,70.43,0,0.48,17.05.2024 05:51:02
0,148.88,794,709,10.45,70.44,0,0.27,17.05.2024 05:51:04
0,150.00,800,709,10.47,70.47,0,0.35,17.05.2024 05:51:06
0,149.81,799,710,10.45,70.43,0,0.34,17.05.2024 05:51:08
0,148.31,791,709,10.47,70.47,0,0.22,17.05.2024 05:51:10
0,150.75,804,710,10.45,70.45,0,0.41,17.05.2024 05:51:12
0,150.19,801,710,10.45,70.46,0,0.36,17.05.2024 05:51:14
0,149.25,796,710,10.44,70.47,0,0.30,17.05.2024 05:51:17
0,153.19,817,710,10.44,70.48,0,0.60,17.05.2024 05:51:19
0,150.75,804,711,10.47,70.48,0,0.40,17.05.2024 05:51:21
0,151.50,808,710,10.47,70.50,0,0.46,17.05.2024 05:51:23
0,153.38,818,710,10.45,70.47,0,0.61,17.05.2024 05:51:25
0,147.56,787,711,10.44,70.46,0,0.17,17.05.2024 05:51:29
0,149.25,796,711,10.44,70.46,0,0.30,17.05.2024 05:51:31
0,148.31,791,711,10.47,70.47,0,0.22,17.05.2024 05:51:33
0,149.81,799,711,10.48,70.46,0,0.33,17.05.2024 05:51:36
0,148.69,793,711,10.44,70.51,0,0.25,17.05.2024 05:51:38
0,145.50,776,711,10.44,70.48,0,0.03,17.05.2024 05:51:40
0,150.38,802,710,10.47,70.49,0,0.37,17.05.2024 05:51:42
0,148.50,792,711,10.45,70.48,0,0.24,17.05.2024 05:51:44
0,148.13,790,711,10.45,70.46,0,0.21,17.05.2024 05:51:46
0,151.50,808,711,10.47,70.49,0,0.46,17.05.2024 05:51:48
0,149.25,796,712,10.47,70.51,0,0.29,17.05.2024 05:51:50
0,152.63,814,712,10.47,70.47,0,0.55,17.05.2024 05:51:53
0,150.56,803,712,10.45,70.49,0,0.39,17.05.2024 05:51:55
0,147.56,787,712,10.49,70.50,0,0.16,17.05.2024 05:51:57
0,150.38,802,712,10.45,70.50,0,0.38,17.05.2024 05:51:59
0,152.06,811,712,10.44,70.47,0,0.51,17.05.2024 05:52:01
0,149.44,797,712,10.47,70.47,0,0.31,17.05.2024 05:52:03
0,152.25,812,712,10.47,70.50,0,0.52,17.05.2024 05:52:05
0,149.06,795,712,10.47,70.50,0,0.28,17.05.2024 05:52:07
0,154.13,822,712,10.45,70.49,0,0.67,17.05.2024 05:52:10
0,153.75,820,712,10.44,70.50,0,0.64,17.05.2024 05:52:12
0,153.19,817,712,10.45,70.51,0,0.59,17.05.2024 05:52:14
0,151.69,809,712,10.45,70.48,0,0.48,17.05.2024 05:52:16
0,149.44,797,712,10.45,70.48,0,0.31,17.05.2024 05:52:18
0,153.75,820,712,10.45,70.51,0,0.64,17.05.2024 05:52:20
0,151.31,807,712,10.45,70.49,0,0.45,17.05.2024 05:52:22
0,155.81,831,712,10.45,70.50,0,0.81,17.05.2024 05:52:24
0,152.63,814,712,10.47,70.50,0,0.55,17.05.2024 05:52:26
0,149.63,798,712,10.45,70.51,0,0.32,17.05.2024 05:52:29
0,148.69,793,711,10.45,70.50,0,0.25,17.05.2024 05:52:31
0,153.38,818,712,10.45,70.51,0,0.61,17.05.2024 05:52:33
0,151.31,807,712,10.43,70.48,0,0.45,17.05.2024 05:52:35
0,152.44,813,712,10.48,70.52,0,0.53,17.05.2024 05:52:37
0,149.25,796,713,10.45,70.54,0,0.29,17.05.2024 05:52:39
0,149.63,798,713,10.48,70.52,0,0.32,17.05.2024 05:52:41
0,151.31,807,713,10.47,70.51,0,0.45,17.05.2024 05:52:43
0,153.19,817,714,10.47,70.52,0,0.59,17.05.2024 05:52:46
0,150.56,803,713,10.47,70.53,0,0.39,17.05.2024 05:52:48
0,150.19,801,714,10.45,70.54,0,0.36,17.05.2024 05:52:50
0,150.19,801,714,10.44,70.53,0,0.36,17.05.2024 05:52:52
0,149.25,796,713,10.45,70.51,0,0.29,17.05.2024 05:52:54
0,153.19,817,714,10.45,70.52,0,0.59,17.05.2024 05:52:56
0,147.38,786,713,10.45,70.53,0,0.15,17.05.2024 05:52:58
0,153.94,821,713,10.47,70.50,0,0.65,17.05.2024 05:53:00
0,153.19,817,714,10.47,70.52,0,0.59,17.05.2024 05:53:03
0,150.94,805,713,10.48,70.53,0,0.41,17.05.2024 05:53:05
0,153.94,821,714,10.45,70.52,0,0.65,17.05.2024 05:53:07
0,152.63,814,714,10.48,70.52,0,0.54,17.05.2024 05:53:09
0,150.75,804,714,10.47,70.51,0,0.40,17.05.2024 05:53:11
0,155.06,827,714,10.47,70.53,0,0.74,17.05.2024 05:53:13
0,150.94,805,714,10.48,70.52,0,0.41,17.05.2024 05:53:15
0,148.88,794,714,10.45,70.50,0,0.26,17.05.2024 05:53:17
0,150.94,805,714,10.44,70.53,0,0.42,17.05.2024 05:53:20
0,153.00,816,714,10.47,70.54,0,0.58,17.05.2024 05:53:22
0,153.75,820,715,10.45,70.50,0,0.64,17.05.2024 05:53:24
0,151.13,806,715,10.45,70.54,0,0.43,17.05.2024 05:53:26
0,151.31,807,715,10.45,70.51,0,0.45,17.05.2024 05:53:28
0,153.38,818,715,10.45,70.54,0,0.61,17.05.2024 05:53:30
0,149.81,799,715,10.45,70.52,0,0.33,17.05.2024 05:53:32
0,150.56,803,715,10.47,70.51,0,0.39,17.05.2024 05:53:34
0,153.94,821,715,10.47,70.48,0,0.65,17.05.2024 05:53:37
0,148.13,790,715,10.47,70.50,0,0.21,17.05.2024 05:53:39
0,148.69,793,715,10.45,70.51,0,0.25,17.05.2024 05:53:41
0,154.13,822,715,10.47,70.53,0,0.67,17.05.2024 05:53:43
0,151.69,809,715,10.47,70.54,0,0.47,17.05.2024 05:53:45
0,147.19,785,716,10.47,70.54,0,0.14,17.05.2024 05:53:47
0,149.44,797,715,10.47,70.56,0,0.30,17.05.2024 05:53:51
0,147.19,785,716,10.47,70.55,0,0.14,17.05.2024 05:53:53
0,147.19,785,716,10.47,70.51,0,0.14,17.05.2024 05:53:56
0,147.56,787,716,10.45,70.51,0,0.17,17.05.2024 05:53:58
0,147.19,785,716,10.47,70.53,0,0.14,17.05.2024 05:54:00
0,148.13,790,716,10.45,70.51,0,0.21,17.05.2024 05:54:02
0,147.94,789,716,10.48,70.54,0,0.19,17.05.2024 05:54:04
0,150.00,800,717,10.47,70.53,0,0.35,17.05.2024 05:54:06
0,148.13,790,716,10.47,70.54,0,0.21,17.05.2024 05:54:08
0,149.06,795,716,10.48,70.50,0,0.27,17.05.2024 05:54:10
0,143.63,766,716,10.47,70.55,0,-0.11,17.05.2024 05:54:13
0,147.56,787,716,10.49,70.53,0,0.16,17.05.2024 05:54:15
0,149.63,798,716,10.47,70.54,0,0.32,17.05.2024 05:54:17
0,148.31,791,715,10.47,70.55,0,0.22,17.05.2024 05:54:19
0,151.13,806,715,10.47,70.55,0,0.43,17.05.2024 05:54:21
0,155.06,827,716,10.44,70.54,0,0.75,17.05.2024 05:54:23
0,156.94,837,715,10.45,70.54,0,0.90,17.05.2024 05:54:25
0,153.56,819,715,10.48,70.53,0,0.62,17.05.2024 05:54:27
0,151.31,807,715,10.47,70.55,0,0.44,17.05.2024 05:54:29
0,151.50,808,715,10.48,70.56,0,0.46,17.05.2024 05:54:32
0,153.38,818,716,10.48,70.59,0,0.60,17.05.2024 05:54:34
0,151.50,808,715,10.45,70.55,0,0.46,17.05.2024 05:54:36
0,153.38,818,715,10.45,70.51,0,0.61,17.05.2024 05:54:38
0,151.88,810,714,10.45,70.54,0,0.49,17.05.2024 05:54:40
0,154.31,823,715,10.45,70.55,0,0.68,17.05.2024 05:54:42
0,151.31,807,715,10.48,70.53,0,0.44,17.05.2024 05:54:44
0,151.50,808,715,10.47,70.54,0,0.46,17.05.2024 05:54:46
0,152.81,815,715,10.45,70.51,0,0.56,17.05.2024 05:54:49
0,153.94,821,715,10.45,70.54,0,0.65,17.05.2024 05:54:51
0,151.69,809,714,10.44,70.57,0,0.48,17.05.2024 05:54:53
0,156.56,835,714,10.47,70.54,0,0.87,17.05.2024 05:54:55
0,153.94,821,715,10.45,70.55,0,0.65,17.05.2024 05:54:57
0,147.56,787,715,10.47,70.57,0,0.16,17.05.2024 05:54:59
0,150.38,802,714,10.47,70.56,0,0.37,17.05.2024 05:55:01
0,154.31,823,714,10.48,70.57,0,0.68,17.05.2024 05:55:03
0,151.88,810,714,10.47,70.54,0,0.49,17.05.2024 05:55:06
0,149.63,798,714,10.45,70.57,0,0.32,17.05.2024 05:55:08
0,151.69,809,714,10.47,70.56,0,0.47,17.05.2024 05:55:10
0,154.50,824,714,10.48,70.58,0,0.69,17.05.2024 05:55:12
0,151.31,807,715,10.47,70.57,0,0.44,17.05.2024 05:55:14
0,150.38,802,715,10.48,70.56,0,0.37,17.05.2024 05:55:16
0,148.31,791,715,10.47,70.55,0,0.22,17.05.2024 05:55:18
0,150.56,803,715,10.48,70.54,0,0.38,17.05.2024 05:55:20
0,152.81,815,714,10.45,70.55,0,0.56,17.05.2024 05:55:23
0,151.88,810,714,10.47,70.56,0,0.49,17.05.2024 05:55:25
0,151.50,808,715,10.45,70.53,0,0.46,17.05.2024 05:55:27
0,152.06,811,714,10.47,70.53,0,0.50,17.05.2024 05:55:29
0,153.00,816,714,10.49,70.55,0,0.57,17.05.2024 05:55:31
0,148.69,793,715,10.47,70.56,0,0.25,17.05.2024 05:55:33
0,151.88,810,715,10.48,70.56,0,0.48,17.05.2024 05:55:35
0,154.69,825,715,10.47,70.57,0,0.71,17.05.2024 05:55:37
0,153.38,818,715,10.47,70.55,0,0.61,17.05.2024 05:55:40
0,152.25,812,715,10.47,70.54,0,0.52,17.05.2024 05:55:42
0,149.06,795,715,10.49,70.55,0,0.27,17.05.2024 05:55:44
0,154.50,824,715,10.48,70.54,0,0.69,17.05.2024 05:55:46
0,151.31,807,716,10.48,70.56,0,0.44,17.05.2024 05:55:48
0,148.88,794,715,10.49,70.58,0,0.26,17.05.2024 05:55:50
0,148.69,793,716,10.48,70.54,0,0.25,17.05.2024 05:55:52
0,151.13,806,715,10.48,70.57,0,0.43,17.05.2024 05:55:54
0,150.19,801,716,10.48,70.57,0,0.36,17.05.2024 05:55:57
0,154.13,822,715,10.48,70.52,0,0.66,17.05.2024 05:55:59
0,150.00,800,715,10.49,70.56,0,0.34,17.05.2024 05:56:01
0,149.25,796,715,10.47,70.54,0,0.29,17.05.2024 05:56:03
0,152.25,812,715,10.48,70.54,0,0.51,17.05.2024 05:56:05
0,152.06,811,715,10.49,70.53,0,0.50,17.05.2024 05:56:09
0,148.88,794,715,10.47,70.51,0,0.26,17.05.2024 05:56:11
0,147.00,784,715,10.48,70.54,0,0.12,17.05.2024 05:56:13
0,153.56,819,716,10.48,70.50,0,0.62,17.05.2024 05:56:16
0,145.31,775,715,10.47,70.55,0,0.01,17.05.2024 05:56:18
0,150.56,803,715,10.47,70.53,0,0.39,17.05.2024 05:56:20
0,144.56,771,715,10.47,70.53,0,-0.04,17.05.2024 05:56:22
0,150.94,805,715,10.48,70.52,0,0.41,17.05.2024 05:56:24
0,146.63,782,715,10.48,70.56,0,0.10,17.05.2024 05:56:26
0,149.63,798,715,10.47,70.53,0,0.32,17.05.2024 05:56:28
0,146.81,783,716,10.48,70.54,0,0.11,17.05.2024 05:56:30
0,145.13,774,716,10.49,70.52,0,-0.01,17.05.2024 05:56:33
0,149.06,795,715,10.47,70.52,0,0.28,17.05.2024 05:56:35
0,150.94,805,716,10.48,70.56,0,0.41,17.05.2024 05:56:37
0,151.31,807,716,10.47,70.55,0,0.44,17.05.2024 05:56:39
0,150.19,801,716,10.49,70.56,0,0.35,17.05.2024 05:56:41
0,150.38,802,716,10.48,70.54,0,0.37,17.05.2024 05:56:43
0,151.31,807,716,10.49,70.57,0,0.44,17.05.2024 05:56:45
0,153.38,818,716,10.48,70.55,0,0.60,17.05.2024 05:56:47
0,151.50,808,716,10.49,70.53,0,0.45,17.05.2024 05:56:49
0,152.63,814,716,10.47,70.55,0,0.55,17.05.2024 05:56:52
0,153.75,820,716,10.47,70.58,0,0.63,17.05.2024 05:56:54
0,147.38,786,716,10.49,70.57,0,0.15,17.05.2024 05:56:56
0,150.75,804,716,10.48,70.54,0,0.40,17.05.2024 05:56:58
0,155.25,828,717,10.49,70.56,0,0.75,17.05.2024 05:57:00
0,150.75,804,717,10.48,70.55,0,0.40,17.05.2024 05:57:02
0,152.63,814,716,10.48,70.54,0,0.54,17.05.2024 05:57:04
0,152.44,813,716,10.47,70.54,0,0.53,17.05.2024 05:57:06
0,153.00,816,716,10.48,70.58,0,0.57,17.05.2024 05:57:09
0,152.06,811,716,10.48,70.55,0,0.50,17.05.2024 05:57:11
0,151.13,806,716,10.48,70.55,0,0.43,17.05.2024 05:57:13
0,150.75,804,716,10.47,70.55,0,0.40,17.05.2024 05:57:15
0,150.56,803,716,10.49,70.54,0,0.38,17.05.2024 05:57:17
0,151.31,807,717,10.48,70.57,0,0.44,17.05.2024 05:57:19
0,156.94,837,717,10.48,70.53,0,0.89,17.05.2024 05:57:21
0,149.81,799,716,10.47,70.54,0,0.33,17.05.2024 05:57:23
0,149.25,796,716,10.49,70.54,0,0.28,17.05.2024 05:57:26
0,151.69,809,716,10.48,70.54,0,0.47,17.05.2024 05:57:28
0,152.44,813,716,10.48,70.54,0,0.53,17.05.2024 05:57:30
0,152.63,814,716,10.48,70.55,0,0.54,17.05.2024 05:57:32
0,153.56,819,716,10.51,70.55,0,0.61,17.05.2024 05:57:34
0,155.81,831,717,10.48,70.54,0,0.80,17.05.2024 05:57:36
0,153.38,818,716,10.49,70.56,0,0.60,17.05.2024 05:57:38
0,153.38,818,716,10.49,70.53,0,0.60,17.05.2024 05:57:40
0,150.38,802,716,10.48,70.52,0,0.37,17.05.2024 05:57:43
0,151.69,809,716,10.51,70.54,0,0.47,17.05.2024 05:57:45
0,152.63,814,715,10.47,70.54,0,0.55,17.05.2024 05:57:47
0,150.94,805,715,10.48,70.57,0,0.41,17.05.2024 05:57:49
0,146.44,781,715,10.48,70.49,0,0.08,17.05.2024 05:57:51
0,150.00,800,715,10.49,70.53,0,0.34,17.05.2024 05:57:53
0,152.25,812,715,10.47,70.54,0,0.52,17.05.2024 05:57:55
0,151.88,810,714,10.48,70.54,0,0.49,17.05.2024 05:57:57
0,150.94,805,715,10.48,70.52,0,0.41,17.05.2024 05:58:00
0,152.44,813,715,10.48,70.52,0,0.53,17.05.2024 05:58:02
0,152.25,812,715,10.47,70.54,0,0.52,17.05.2024 05:58:04
0,150.38,802,715,10.48,70.54,0,0.37,17.05.2024 05:58:06
0,148.50,792,715,10.48,70.52,0,0.23,17.05.2024 05:58:08
0,153.75,820,715,10.48,70.53,0,0.63,17.05.2024 05:58:10
0,150.56,803,715,10.48,70.56,0,0.38,17.05.2024 05:58:12
0,153.00,816,715,10.49,70.52,0,0.57,17.05.2024 05:58:14
0,147.19,785,715,10.47,70.50,0,0.14,17.05.2024 05:58:17
0,149.63,798,714,10.49,70.53,0,0.31,17.05.2024 05:58:19
0,150.75,804,714,10.49,70.53,0,0.40,17.05.2024 05:58:21
0,149.25,796,714,10.48,70.53,0,0.29,17.05.2024 05:58:23
0,149.63,798,714,10.49,70.51,0,0.31,17.05.2024 05:58:25
0,147.94,789,714,10.48,70.53,0,0.19,17.05.2024 05:58:29
0,152.63,814,714,10.51,70.52,0,0.54,17.05.2024 05:58:31
0,148.69,793,714,10.49,70.52,0,0.24,17.05.2024 05:58:33
0,149.06,795,714,10.49,70.50,0,0.27,17.05.2024 05:58:35
0,150.38,802,714,10.48,70.54,0,0.37,17.05.2024 05:58:38
0,149.44,797,715,10.49,70.52,0,0.30,17.05.2024 05:58:40
0,147.56,787,714,10.47,70.49,0,0.17,17.05.2024 05:58:42
0,150.94,805,714,10.48,70.48,0,0.42,17.05.2024 05:58:44
0,148.69,793,714,10.49,70.53,0,0.24,17.05.2024 05:58:46
0,149.63,798,714,10.49,70.52,0,0.31,17.05.2024 05:58:48
0,150.00,800,713,10.49,70.51,0,0.34,17.05.2024 05:58:50
0,146.25,780,713,10.48,70.52,0,0.07,17.05.2024 05:58:52
0,152.63,814,713,10.48,70.50,0,0.55,17.05.2024 05:58:55
0,150.75,804,713,10.51,70.51,0,0.40,17.05.2024 05:58:57
0,150.38,802,713,10.49,70.53,0,0.37,17.05.2024 05:58:59
0,151.31,807,713,10.47,70.51,0,0.45,17.05.2024 05:59:01
0,153.38,818,713,10.48,70.50,0,0.60,17.05.2024 05:59:03
0,151.88,810,713,10.48,70.52,0,0.49,17.05.2024 05:59:05
0,152.81,815,713,10.48,70.52,0,0.56,17.05.2024 05:59:07
0,152.63,814,714,10.49,70.50,0,0.54,17.05.2024 05:59:09
0,151.31,807,714,10.48,70.53,0,0.44,17.05.2024 05:59:12
0,150.94,805,714,10.51,70.53,0,0.41,17.05.2024 05:59:14
0,154.13,822,714,10.48,70.52,0,0.66,17.05.2024 05:59:16
0,151.50,808,714,10.49,70.52,0,0.45,17.05.2024 05:59:18
0,153.75,820,714,10.51,70.54,0,0.63,17.05.2024 05:59:20
0,151.88,810,714,10.49,70.51,0,0.48,17.05.2024 05:59:22
0,151.69,809,714,10.49,70.51,0,0.47,17.05.2024 05:59:24
0,151.50,808,714,10.49,70.55,0,0.45,17.05.2024 05:59:26
0,149.81,799,714,10.48,70.53,0,0.33,17.05.2024 05:59:29
0,152.06,811,714,10.51,70.54,0,0.50,17.05.2024 05:59:31
0,150.19,801,714,10.48,70.50,0,0.36,17.05.2024 05:59:33
0,151.31,807,714,10.49,70.50,0,0.44,17.05.2024 05:59:35
0,153.94,821,714,10.48,70.50,0,0.65,17.05.2024 05:59:37
0,150.19,801,713,10.49,70.49,0,0.36,17.05.2024 05:59:39
0,150.94,805,713,10.48,70.48,0,0.42,17.05.2024 05:59:41
0,151.13,806,713,10.49,70.49,0,0.43,17.05.2024 05:59:43
0,151.50,808,713,10.49,70.50,0,0.46,17.05.2024 05:59:46
0,148.50,792,712,10.48,70.52,0,0.23,17.05.2024 05:59:48
0,152.25,812,712,10.48,70.50,0,0.52,17.05.2024 05:59:50
0,153.56,819,712,10.48,70.52,0,0.62,17.05.2024 05:59:52
0,151.88,810,711,10.48,70.48,0,0.49,17.05.2024 05:59:54
0,152.63,814,712,10.49,70.52,0,0.54,17.05.2024 05:59:56
0,151.88,810,712,10.48,70.49,0,0.49,17.05.2024 05:59:58
